publishedAt,title,description
2018-01-02,新能源汽车行业发展迎拐点将引领新一轮变革(受益股),新能源汽车行业发展迎拐点将引领新一轮变革(受益股)
2018-01-02,2017年1~11月全球新能源车市场分析 中国市场遥遥领先,2017年1~11月全球新能源车市场分析 中国市场遥遥领先
2018-01-02,汽车行业周报：新能车免税政策延续利好行业长期发展,汽车行业周报：新能车免税政策延续利好行业长期发展
2018-01-02,深度*行业*电力设备与新能源行业周报：免征新能源汽车购置税政策延续,深度*行业*电力设备与新能源行业周报：免征新能源汽车购置税政策延续
2018-01-02,电力设备与新能源行业1月第1周周报:免征新能源汽车购置税政策延续,电力设备与新能源行业1月第1周周报:免征新能源汽车购置税政策延续
2018-01-02,汽车：新能源车购置税免征政策延续至2020年荐4股,汽车：新能源车购置税免征政策延续至2020年荐4股
2018-01-02,机械制造：芬兰考虑将核电小堆用于地区供暖,机械制造：芬兰考虑将核电小堆用于地区供暖
2018-01-02,谜一样的比亚迪：新能源客车占销售比到底多大？,谜一样的比亚迪：新能源客车占销售比到底多大？
2018-01-02,比亚迪：2018年将发布唐二代和秦二代等重量级车型,比亚迪：2018年将发布唐二代和秦二代等重量级车型
2018-01-02,比亚迪：今年众多重量级车型将陆续发布，包括唐二代和秦二代,比亚迪：今年众多重量级车型将陆续发布，包括唐二代和秦二代
2018-01-02,"汽车行业周报:2018拒绝悲观,补贴政策或延迟推出短期利好","汽车行业周报:2018拒绝悲观,补贴政策或延迟推出短期利好"
2018-01-02,2017新能源商用车十大事件,2017新能源商用车十大事件
2018-01-02,深圳公示2016年度第二批新能源汽车中央补贴比亚迪或将获22亿元,深圳公示2016年度第二批新能源汽车中央补贴比亚迪或将获22亿元
2018-01-02,【锂电一周大事】2018新年献词 锂电产业进入中国时间,【锂电一周大事】2018新年献词 锂电产业进入中国时间
2018-01-02,谜一样的比亚迪：500亿应收款压顶，股市债市资金输血,谜一样的比亚迪：500亿应收款压顶，股市债市资金输血
2018-01-02,汽车和汽车零部件行业研究周报：重点布局新能源汽车或迎板块性机会,汽车和汽车零部件行业研究周报：重点布局新能源汽车或迎板块性机会
2018-01-02,【G20周刊】比亚迪48亿碳酸锂项目备案远东福斯特50亿锂电池项目开工,【G20周刊】比亚迪48亿碳酸锂项目备案远东福斯特50亿锂电池项目开工
2018-01-02,深圳公示2016年第2批新能源车国补比亚迪将获超22亿元,深圳公示2016年第2批新能源车国补比亚迪将获超22亿元
2018-01-02,韩国慌了？中国锂电池正全面崛起,韩国慌了？中国锂电池正全面崛起
2018-01-02,新能源汽车：疾驰在新兴产业大道上,新能源汽车：疾驰在新兴产业大道上
2018-01-02,谜一样的比亚迪：500亿应收款压顶 股市债市资金输血,谜一样的比亚迪：500亿应收款压顶 股市债市资金输血
2018-01-02,新能源汽车行业周报:新能源车免购置税三年,新能源汽车行业周报:新能源车免购置税三年
2018-01-03,比亚迪：一年补贴可能超100亿应收账款516亿估值却还这么高！,比亚迪：一年补贴可能超100亿应收账款516亿估值却还这么高！
2018-01-03,今天国际新能源电池物流仓储系统供货青海比亚迪,今天国际新能源电池物流仓储系统供货青海比亚迪
2018-01-03,比亚迪今年电池产能增6成 新年将挑战更高销量目标,比亚迪今年电池产能增6成 新年将挑战更高销量目标
2018-01-03,安达科技IPO：年度营收增长逾十倍逾七成来自比亚迪,安达科技IPO：年度营收增长逾十倍逾七成来自比亚迪
2018-01-03,"新能源设备行业第1周周报:免购置税优惠政策延续,新能车高增长趋势不变","新能源设备行业第1周周报:免购置税优惠政策延续,新能车高增长趋势不变"
2018-01-03,深度*行业*汽车行业周报：新能源汽车免征购臵税延期行业龙头有望长期获益,深度*行业*汽车行业周报：新能源汽车免征购臵税延期行业龙头有望长期获益
2018-01-03,新能源行业周报:2018年将是市场化发展的关键一年,新能源行业周报:2018年将是市场化发展的关键一年
2018-01-03,"有色金属行业周报:钴“内外价差”望进一步缩小,锂价平稳运行","有色金属行业周报:钴“内外价差”望进一步缩小,锂价平稳运行"
2018-01-03,出海记｜中国企业2017年出海报告之汽车：建厂和研发“两条腿”走路,出海记｜中国企业2017年出海报告之汽车：建厂和研发“两条腿”走路
2018-01-03,第12批推荐目录新能源乘用车分析：比亚迪元和宝沃BX7均推纯电版，领克01 PHEV上榜,第12批推荐目录新能源乘用车分析：比亚迪元和宝沃BX7均推纯电版，领克01 PHEV上榜
2018-01-03,新能源汽车行业迎拐点六股绝佳布局良机,新能源汽车行业迎拐点六股绝佳布局良机
2018-01-03,11月全球电动车销量Top10：北汽EC冲击年终桂冠,11月全球电动车销量Top10：北汽EC冲击年终桂冠
2018-01-03,SUV沦陷，江淮、江铃获巨额政府补助,SUV沦陷，江淮、江铃获巨额政府补助
2018-01-04,今天国际(300532)：斩获青海比亚迪订单公司逐步转型,今天国际(300532)：斩获青海比亚迪订单公司逐步转型
2018-01-04,2017年上市的14款新能源汽车,2017年上市的14款新能源汽车
2018-01-04,新能源汽车行业周报：2018-2020年新能源汽车免征车辆购置税,新能源汽车行业周报：2018-2020年新能源汽车免征车辆购置税
2018-01-04,年终盘点：2017十大明星锂电企业,年终盘点：2017十大明星锂电企业
2018-01-04,机构研报精选：8股迎掘金良机(名单),机构研报精选：8股迎掘金良机(名单)
2018-01-04,【华泰机械章诚团队】今天国际：BYD大订单落地，龙头地位进一步强化,【华泰机械章诚团队】今天国际：BYD大订单落地，龙头地位进一步强化
2018-01-04,明日股票推荐：1月5日机构强推买入六股成摇钱树,明日股票推荐：1月5日机构强推买入六股成摇钱树
2018-01-04,"汽车行业第1周周报:新能源车免征购置税延至2020年,从需求端引导产业加速发展","汽车行业第1周周报:新能源车免征购置税延至2020年,从需求端引导产业加速发展"
2018-01-04,【光大新三板】四部委发布《关于免征新能源汽车车辆购置税的公告》-跨市场新能源汽车周报（2018年第1期）,【光大新三板】四部委发布《关于免征新能源汽车车辆购置税的公告》-跨市场新能源汽车周报（2018年第1期）
2018-01-04,比亚迪补贴或超100亿应收账款516亿_叶檀财经评论,比亚迪补贴或超100亿应收账款516亿_叶檀财经评论
2018-01-04,[强于大市评级]机械设备行业点评：新能源汽车产业链投资重启：大电池厂招标开启 重视龙头产业链、资源回收和轻量化三大方向 坚定长期布局-[中财网],[强于大市评级]机械设备行业点评：新能源汽车产业链投资重启：大电池厂招标开启 重视龙头产业链、资源回收和轻量化三大方向 坚定长期布局-[中财网]
2018-01-04,今天国际股票行情:新签比亚迪亿元大单锂电行业夯实公司业绩高增,今天国际股票行情:新签比亚迪亿元大单锂电行业夯实公司业绩高增
2018-01-04,低端下滑高端猛增 2017国内MPV销量解读,低端下滑高端猛增 2017国内MPV销量解读
2018-01-04,调查：有钱买不到车！新能源车冰火两重天真相,调查：有钱买不到车！新能源车冰火两重天真相
2018-01-04,"今天国际:新签比亚迪亿元大单,锂电行业夯实公司业绩高增长基调","今天国际:新签比亚迪亿元大单,锂电行业夯实公司业绩高增长基调"
2018-01-04,研究周报|一文看遍八大自主车企新能源汽车产品布局及规划,研究周报|一文看遍八大自主车企新能源汽车产品布局及规划
2018-01-04,今天国际与比亚迪签署9750万物流仓储系统合同,今天国际与比亚迪签署9750万物流仓储系统合同
2018-01-04,今天国际(300532)：比亚迪大单落地验证新能源业务高增长逻辑,今天国际(300532)：比亚迪大单落地验证新能源业务高增长逻辑
2018-01-04,今天国际：将向比亚迪供应新能源电池物流仓储系统,今天国际：将向比亚迪供应新能源电池物流仓储系统
2018-01-04,新能源汽车密集投放 谁才是年度最佳新能源车型,新能源汽车密集投放 谁才是年度最佳新能源车型
2018-01-04,今天国际：新年开门红 大单入手中,今天国际：新年开门红 大单入手中
2018-01-04,午间研报精选：常熟银行等5股受机构关注,午间研报精选：常熟银行等5股受机构关注
2018-01-04,王传福放狠话：2025年营收万亿！比亚迪凭什么？,王传福放狠话：2025年营收万亿！比亚迪凭什么？
2018-01-04,定全年60万辆小目标 汽车圈最会打如意算盘的竟是TA,定全年60万辆小目标 汽车圈最会打如意算盘的竟是TA
2018-01-04,高铁新线年投产里程将大增 五股有望率先发力,高铁新线年投产里程将大增 五股有望率先发力
2018-01-04,资本助力广深科创走廊 四大万亿产业集群崛起,资本助力广深科创走廊 四大万亿产业集群崛起
2018-01-05,[增持评级]电力设备与新能源行业点评：11月电动车抢装 电池加速去库存,[增持评级]电力设备与新能源行业点评：11月电动车抢装 电池加速去库存
2018-01-05,汽车行业2018年策略报告：汽车发展新时代推荐新能源和智能驾驶板块,汽车行业2018年策略报告：汽车发展新时代推荐新能源和智能驾驶板块
2018-01-05,电力设备与新能源行业点评：11月全球电动车销量持续高增长,电力设备与新能源行业点评：11月全球电动车销量持续高增长
2018-01-05,今天国际(300532)：锂电行业再获订单市场开拓效果显著,今天国际(300532)：锂电行业再获订单市场开拓效果显著
2018-01-05,【东吴晨报0105】【行业】机械、计算机【个股】富安娜、今天国际、博世科,【东吴晨报0105】【行业】机械、计算机【个股】富安娜、今天国际、博世科
2018-01-05,1月5日早间机构研报精选 10股值得关注,1月5日早间机构研报精选 10股值得关注
2018-01-05,华为东莞买房低于市价70%！比亚迪深圳房只要一万多,华为东莞买房低于市价70%！比亚迪深圳房只要一万多
2018-01-05,应收账款翻10倍!巴菲特站台的比亚迪 最近也饱受质疑,应收账款翻10倍!巴菲特站台的比亚迪 最近也饱受质疑
2018-01-05,【天风Morning Call】晨会集萃20180105,【天风Morning Call】晨会集萃20180105
2018-01-05,比亚迪欧洲首批纯电动铰接大巴登陆挪威,比亚迪欧洲首批纯电动铰接大巴登陆挪威
2018-01-06,政策红利来袭 新能源汽车有望再度活跃,政策红利来袭 新能源汽车有望再度活跃
2018-01-06,丰田三款车获奖/红旗最受关注 看看2017年什么车最火,丰田三款车获奖/红旗最受关注 看看2017年什么车最火
2018-01-06,比亚迪48.49亿布局动力电池 车企布局产业链闭环,比亚迪48.49亿布局动力电池 车企布局产业链闭环
2018-01-06,比亚迪：在玻璃机壳业务上布局 不断扩充产能满足市场需求,比亚迪：在玻璃机壳业务上布局 不断扩充产能满足市场需求
2018-01-06,赣州对推进云轨建设寄予厚望，比亚迪已经去实地考察,赣州对推进云轨建设寄予厚望，比亚迪已经去实地考察
2018-01-06,比亚迪：自2002年在港上市以来 公司收入年均复合增长率超过30%,比亚迪：自2002年在港上市以来 公司收入年均复合增长率超过30%
2018-01-06,比亚迪：云轨未来将成长为公司主要业务,比亚迪：云轨未来将成长为公司主要业务
2018-01-07,【华创机械李佳团队】机械设备2018第1周周报：全年挖机销量同比翻番，新能车锂电产量未来可期,【华创机械李佳团队】机械设备2018第1周周报：全年挖机销量同比翻番，新能车锂电产量未来可期
2018-01-07,陆家嘴财经早餐2018年1月7日星期日,陆家嘴财经早餐2018年1月7日星期日
2018-01-07,华为和比亚迪1月10日将联合发布云轨无人驾驶系统,华为和比亚迪1月10日将联合发布云轨无人驾驶系统
2018-01-08,汽车：成长与价值共舞 荐20股,汽车：成长与价值共舞 荐20股
2018-01-08,机械制造：12月挖机销量同比翻倍以上 荐10股,机械制造：12月挖机销量同比翻倍以上 荐10股
2018-01-08,【G20周刊】比亚迪2018年规划新增10GWh电池产能,【G20周刊】比亚迪2018年规划新增10GWh电池产能
2018-01-08,明日机构看好的股票：周二机构一致最看好的十大金股（1月9日）,明日机构看好的股票：周二机构一致最看好的十大金股（1月9日）
2018-01-08,[传闻求证]万达电影去年收购一家电视剧板块子公司？,[传闻求证]万达电影去年收购一家电视剧板块子公司？
2018-01-08,新能源行业周报:光伏扶贫将是2018年亮点,新能源行业周报:光伏扶贫将是2018年亮点
2018-01-08,"汽车行业周报第2期:继续推荐银轮股份,未来有望白马化","汽车行业周报第2期:继续推荐银轮股份,未来有望白马化"
2018-01-08,"汽车行业周报:智能汽车发展战略发布,产业发展将加速","汽车行业周报:智能汽车发展战略发布,产业发展将加速"
2018-01-08,[中立评级]深度*行业*汽车行业2018年度投资策略：行业空间依旧广阔 成长与价值共舞,[中立评级]深度*行业*汽车行业2018年度投资策略：行业空间依旧广阔 成长与价值共舞
2018-01-08,9日机构强推买入 六股成摇钱树,9日机构强推买入 六股成摇钱树
2018-01-08,11月全球新能源车企TOP10：比亚迪豪取三连冠,11月全球新能源车企TOP10：比亚迪豪取三连冠
2018-01-08,2017消费者年度关注车型正式揭晓,2017消费者年度关注车型正式揭晓
2018-01-08,开源证券新能源汽车行业周报,开源证券新能源汽车行业周报
2018-01-08,暴雪极寒天 谁家的电动汽车最靠谱！,暴雪极寒天 谁家的电动汽车最靠谱！
2018-01-08,市传华为伙比亚迪本周推无人驾驶云轨,市传华为伙比亚迪本周推无人驾驶云轨
2018-01-08,【化工|杨伟团队太平洋证券】 盐湖股份(000792)：钾肥回暖叠加碳酸锂放量，公司业绩有望反转,【化工|杨伟团队太平洋证券】 盐湖股份(000792)：钾肥回暖叠加碳酸锂放量，公司业绩有望反转
2018-01-08,铁塔基站储能可吸纳2020年80%废旧动力电池,铁塔基站储能可吸纳2020年80%废旧动力电池
2018-01-09,收评：沪指震荡上涨0.13%实现8连阳 白马股强势,收评：沪指震荡上涨0.13%实现8连阳 白马股强势
2018-01-09,高通狂发一波新品和落地案例，手机、汽车、VR无所不及 | CES2018,高通狂发一波新品和落地案例，手机、汽车、VR无所不及 | CES2018
2018-01-09,安达科技IPO蒙尘：“带头大哥”倒戈很致命 实控人疑似内幕交易,安达科技IPO蒙尘：“带头大哥”倒戈很致命 实控人疑似内幕交易
2018-01-09,超过30家主流车厂都采用了高通的车载技术,超过30家主流车厂都采用了高通的车载技术
2018-01-09,技术过硬 比亚迪第30万辆新能源车下线,技术过硬 比亚迪第30万辆新能源车下线
2018-01-09,浙商计算机行业周报：《智能汽车创新发展战略》发布CPU设计漏洞爆出,浙商计算机行业周报：《智能汽车创新发展战略》发布CPU设计漏洞爆出
2018-01-09,比亚迪下线了第30万辆新能源车，但这并不是最重要的,比亚迪下线了第30万辆新能源车，但这并不是最重要的
2018-01-09,比亚迪：今年要卖20万辆新能源车,比亚迪：今年要卖20万辆新能源车
2018-01-09,券商评级:沪指八连阳站稳3400点 9股聚焦,券商评级:沪指八连阳站稳3400点 9股聚焦
2018-01-09,高通总裁阿蒙：2019年要让5G成为现实,高通总裁阿蒙：2019年要让5G成为现实
2018-01-09,收评：沪指涨0.16%收获8连阳 白酒股板块领涨,收评：沪指涨0.16%收获8连阳 白酒股板块领涨
2018-01-09,高通与捷豹路虎BYD合作 推骁龙汽车平台,高通与捷豹路虎BYD合作 推骁龙汽车平台
2018-01-09,高通宣布与本田、路虎以及比亚迪等厂商达成合作,高通宣布与本田、路虎以及比亚迪等厂商达成合作
2018-01-09,8年几千亿！中国电动汽车补贴盘点,8年几千亿！中国电动汽车补贴盘点
2018-01-09,【平安】行业周报*机械*海洋工程装备获政策支持，轨交装备行业迎确定性拐点*强于大市,【平安】行业周报*机械*海洋工程装备获政策支持，轨交装备行业迎确定性拐点*强于大市
2018-01-09,【平安】行业动态跟踪报告*新能源汽车*电动汽车无线充电等4项国标公开征求意见*强于大市,【平安】行业动态跟踪报告*新能源汽车*电动汽车无线充电等4项国标公开征求意见*强于大市
2018-01-09,高通在CES上发布一波新品 与中国企业合作密切,高通在CES上发布一波新品 与中国企业合作密切
2018-01-09,整车厂是否应进军锂电池？,整车厂是否应进军锂电池？
2018-01-09,汽车越来越“像”手机？三大汽车制造商宣布采用高通汽车解决方案,汽车越来越“像”手机？三大汽车制造商宣布采用高通汽车解决方案
2018-01-09,第30万辆电动车下线！比亚迪挑战20万销量目标,第30万辆电动车下线！比亚迪挑战20万销量目标
2018-01-09,西安再投放1900辆比亚迪纯电动公交车,西安再投放1900辆比亚迪纯电动公交车
2018-01-09,高通在CES上提到的5G与未来，都带有中国色彩,高通在CES上提到的5G与未来，都带有中国色彩
2018-01-09,比亚迪选择Qualcomm汽车解决方案 助力推动智能的车载体验,比亚迪选择Qualcomm汽车解决方案 助力推动智能的车载体验
2018-01-10,比亚迪联手华为发布云轨无人驾驶系统：全自动运行 刷脸坐车 高速无线宽带,比亚迪联手华为发布云轨无人驾驶系统：全自动运行 刷脸坐车 高速无线宽带
2018-01-10,比亚迪华为全球首发云轨无人驾驶系统 100%自主产权,比亚迪华为全球首发云轨无人驾驶系统 100%自主产权
2018-01-10,对话解读高通三大汽车业务：一年挣30亿美元如何做到！,对话解读高通三大汽车业务：一年挣30亿美元如何做到！
2018-01-10,燃料消耗量不达标 553款燃油车型被禁产,燃料消耗量不达标 553款燃油车型被禁产
2018-01-10,【光大新三板】12月新能源乘用车销量超10万辆—跨市场新能源汽车周报（2018年第2期）,【光大新三板】12月新能源乘用车销量超10万辆—跨市场新能源汽车周报（2018年第2期）
2018-01-10,博敏电子覆盖客户产品需求全流程,博敏电子覆盖客户产品需求全流程
2018-01-10,全自动运行、刷脸坐车、高速无线宽带……比亚迪联手华为发布无人驾驶系统，这次是用在“云轨”上,全自动运行、刷脸坐车、高速无线宽带……比亚迪联手华为发布无人驾驶系统，这次是用在“云轨”上
2018-01-10,无人驾驶你见的多了，比亚迪和华为今天拿出来了拉人最多的那个,无人驾驶你见的多了，比亚迪和华为今天拿出来了拉人最多的那个
2018-01-10,比亚迪、华为强强联合“组CP” 全球首发云轨eLTE无人驾驶系统,比亚迪、华为强强联合“组CP” 全球首发云轨eLTE无人驾驶系统
2018-01-10,盐湖提锂概念股比亚迪：未来新能源车和云轨业务将助力公司业务大,盐湖提锂概念股比亚迪：未来新能源车和云轨业务将助力公司业务大
2018-01-10,比亚迪携手华为：中国首条无人驾驶跨座式单轨线路正式通车,比亚迪携手华为：中国首条无人驾驶跨座式单轨线路正式通车
2018-01-10,高通宣布与捷豹路虎、本田和比亚迪的三项汽车业务合作,高通宣布与捷豹路虎、本田和比亚迪的三项汽车业务合作
2018-01-10,中国首条无人驾驶的跨座式单轨线路正式通车运行,中国首条无人驾驶的跨座式单轨线路正式通车运行
2018-01-10,CES展再现新物种 A股上市公司各显神通,CES展再现新物种 A股上市公司各显神通
2018-01-10,汽车行业专题报告：2018年新能源汽车销量预测,汽车行业专题报告：2018年新能源汽车销量预测
2018-01-10,新能源汽车行业周报:2017年12月新能源乘用车销量突破10万辆,新能源汽车行业周报:2017年12月新能源乘用车销量突破10万辆
2018-01-10,比亚迪30万辆新能源车下线 龙颜唐二代下半年上市,比亚迪30万辆新能源车下线 龙颜唐二代下半年上市
2018-01-10,预见2018|手机VR将向独立VR全面转型,预见2018|手机VR将向独立VR全面转型
2018-01-10,荷兰公司研发首款四轮驱动的太阳能电动汽车，能在没有充电的情况下行驶数月！,荷兰公司研发首款四轮驱动的太阳能电动汽车，能在没有充电的情况下行驶数月！
2018-01-10,【CES】高通：射频领域获重大突破，超30家主流车厂采用高,【CES】高通：射频领域获重大突破，超30家主流车厂采用高
2018-01-10,坐云轨刷脸进站！比亚迪联手华为发布云轨无人驾驶系统,坐云轨刷脸进站！比亚迪联手华为发布云轨无人驾驶系统
2018-01-10,【机械设备|刘国清团队太平洋证券】拓斯达(300607)：业绩预增符合市场预期，公司极具成长潜力,【机械设备|刘国清团队太平洋证券】拓斯达(300607)：业绩预增符合市场预期，公司极具成长潜力
2018-01-11,汉柏科技助力比亚迪银川云轨正式通车,汉柏科技助力比亚迪银川云轨正式通车
2018-01-11,比亚迪与华为合作 推出云轨无人驾驶系统,比亚迪与华为合作 推出云轨无人驾驶系统
2018-01-11,华为进军美国受挫 却在这件事上扳回一局,华为进军美国受挫 却在这件事上扳回一局
2018-01-11,【AI TOP 10】马化腾点赞搜狗 AI 答题助手，周鸿祎说太流氓；中国首条无人驾驶单轨线路正式通车,【AI TOP 10】马化腾点赞搜狗 AI 答题助手，周鸿祎说太流氓；中国首条无人驾驶单轨线路正式通车
2018-01-11,【华创机械】每日公告速递2018-01-11,【华创机械】每日公告速递2018-01-11
2018-01-11,博敏电子与比亚迪签署新能源战略合作协议,博敏电子与比亚迪签署新能源战略合作协议
2018-01-11,王传福：正与20个城市洽谈云轨项目,王传福：正与20个城市洽谈云轨项目
2018-01-11,比亚迪或推小型电动车 计划明年全部使用三元锂电池,比亚迪或推小型电动车 计划明年全部使用三元锂电池
2018-01-11,全自动无人驾驶的比亚迪云轨正式通车,全自动无人驾驶的比亚迪云轨正式通车
2018-01-11,2017年新能源乘用车销56万辆 北汽EC系列/知豆D2/宋DM前三,2017年新能源乘用车销56万辆 北汽EC系列/知豆D2/宋DM前三
2018-01-11,汽车行业日报:壳牌公司加油站将推出电动车快充服务,汽车行业日报:壳牌公司加油站将推出电动车快充服务
2018-01-11,华为携手比亚迪实现云轨全自动无人驾驶,华为携手比亚迪实现云轨全自动无人驾驶
2018-01-11,比亚迪/重庆长安/国轩高科等17家企业 联手回收新能源电池,比亚迪/重庆长安/国轩高科等17家企业 联手回收新能源电池
2018-01-11,2017年动力电池行业在这一年中飞速扩张与进步,2017年动力电池行业在这一年中飞速扩张与进步
2018-01-11,【电新-长园集团(600525)】邹玲玲：股权之争终解决，估值有望修复-20180110,【电新-长园集团(600525)】邹玲玲：股权之争终解决，估值有望修复-20180110
2018-01-11,2017高工金球奖完美落幕 北汽/奇瑞/比亚迪/吉利等夺得头魁,2017高工金球奖完美落幕 北汽/奇瑞/比亚迪/吉利等夺得头魁
2018-01-11,比亚迪云轨无人驾驶系统发布 智能汽车产业驶入发展黄金期,比亚迪云轨无人驾驶系统发布 智能汽车产业驶入发展黄金期
2018-01-11,余承东愤怒回应华为入美受阻：是美国消费者的损失 | 科技早报,余承东愤怒回应华为入美受阻：是美国消费者的损失 | 科技早报
2018-01-11,全自动运行、刷脸坐车…… 将成云轨标配,全自动运行、刷脸坐车…… 将成云轨标配
2018-01-12,销量连续称冠 比亚迪下一步将如何走？,销量连续称冠 比亚迪下一步将如何走？
2018-01-12,2017年锂电行业十大关键词年终盘点,2017年锂电行业十大关键词年终盘点
2018-01-12,地产钢铁强势领涨，沪指早盘再收阳线,地产钢铁强势领涨，沪指早盘再收阳线
2018-01-12,汽车股表现活跃，一汽轿车涨逾7%,汽车股表现活跃，一汽轿车涨逾7%
2018-01-12,"2017年汽车行业数据点评:传统汽车市场压力大,新能源汽车年底抢装","2017年汽车行业数据点评:传统汽车市场压力大,新能源汽车年底抢装"
2018-01-12,巨丰收评：沪指冲击11连阳 创业板走势低迷,巨丰收评：沪指冲击11连阳 创业板走势低迷
2018-01-12,2017产销同比增长逾50% 新能源汽车成车市新引擎,2017产销同比增长逾50% 新能源汽车成车市新引擎
2018-01-12,CES 2018：联网、智能将成未来汽车标配,CES 2018：联网、智能将成未来汽车标配
2018-01-12,2017年比亚迪新能源大客车销量全国第一,2017年比亚迪新能源大客车销量全国第一
2018-01-12,为什么最近涨幅前几的板块多为老面孔？,为什么最近涨幅前几的板块多为老面孔？
2018-01-12,华为联手比亚迪推云轨eLTE无人驾驶系统 可全自动运行刷脸进站,华为联手比亚迪推云轨eLTE无人驾驶系统 可全自动运行刷脸进站
2018-01-12,新能源汽车系列点评报告：12月延续强势2017年超预期收官,新能源汽车系列点评报告：12月延续强势2017年超预期收官
2018-01-12,比亚迪云轨落户澜湄国家 开建柬埔寨首条单轨,比亚迪云轨落户澜湄国家 开建柬埔寨首条单轨
2018-01-12,淘宝10万级国产SUV最佳车型原来是TA,淘宝10万级国产SUV最佳车型原来是TA
2018-01-12,[买入评级]新能源汽车产业链2018年投资策略：产业升级蔚然成风 合力打造绿色中国,[买入评级]新能源汽车产业链2018年投资策略：产业升级蔚然成风 合力打造绿色中国
2018-01-12,电动汽车：面对质疑算清三笔账,电动汽车：面对质疑算清三笔账
2018-01-12,今年新能源汽车产业整体向好 六股将受益,今年新能源汽车产业整体向好 六股将受益
2018-01-12,你有ADAS炫技 我更关注“交通”，深度解读高通车联网策略,你有ADAS炫技 我更关注“交通”，深度解读高通车联网策略
2018-01-12,【博弈】“双通”并购背后错综复杂的势力博弈,【博弈】“双通”并购背后错综复杂的势力博弈
2018-01-12,电气设备行业动态：新能源车12月销量超预期收官2018年谨慎乐观,电气设备行业动态：新能源车12月销量超预期收官2018年谨慎乐观
2018-01-12,云轨筑起万亿营收梦 王传福放狠话的底气何在,云轨筑起万亿营收梦 王传福放狠话的底气何在
2018-01-12,2017年新能源乘用车市场观察：竞争加剧，微型化加深,2017年新能源乘用车市场观察：竞争加剧，微型化加深
2018-01-12,*摩通：今年应选非主流或落後汽车股 荐北京汽车(01958.HK)比亚迪(01211.HK),*摩通：今年应选非主流或落後汽车股 荐北京汽车(01958.HK)比亚迪(01211.HK)
2018-01-12,综述：中国企业为澜湄合作添砖加瓦,综述：中国企业为澜湄合作添砖加瓦
2018-01-12,比亚迪小型电动车有望在明年推出,比亚迪小型电动车有望在明年推出
2018-01-12,全年56万辆新能源汽车达到历史高点,全年56万辆新能源汽车达到历史高点
2018-01-12,机械设备行业日报：中国铁塔公司联合16家企业联手回收新能源电池,机械设备行业日报：中国铁塔公司联合16家企业联手回收新能源电池
2018-01-13,智能网联汽车周报(1月第二周) | 三大企业签署车联网战略合作协议,智能网联汽车周报(1月第二周) | 三大企业签署车联网战略合作协议
2018-01-13,应新标准要求 比亚迪新能源车加提示音,应新标准要求 比亚迪新能源车加提示音
2018-01-14,【华泰有色李斌团队】新能源汽车产业链短期纠偏近尾声，未来高景气趋势不改！,【华泰有色李斌团队】新能源汽车产业链短期纠偏近尾声，未来高景气趋势不改！
2018-01-14,"汽车行业周报:17年传统乘用车销量+1.3%,新能源汽车超额完成目标","汽车行业周报:17年传统乘用车销量+1.3%,新能源汽车超额完成目标"
2018-01-14,科技界维密秀透露了黑科技题材未来的炒作方向！,科技界维密秀透露了黑科技题材未来的炒作方向！
2018-01-14,汽车：智能化是汽车发展主旋律 荐1股,汽车：智能化是汽车发展主旋律 荐1股
2018-01-14,为什么特斯拉电池的循环寿命不高，但是它跑得久？,为什么特斯拉电池的循环寿命不高，但是它跑得久？
2018-01-14,机械行业周报：板块分化加剧先进制造主线不变,机械行业周报：板块分化加剧先进制造主线不变
2018-01-15,目标完成率113% 比亚迪2017再夺电动车销量冠军,目标完成率113% 比亚迪2017再夺电动车销量冠军
2018-01-15,独木难支：长城SUV停滞不前，销量难达预期,独木难支：长城SUV停滞不前，销量难达预期
2018-01-15,新能源领域称王燃油车领域复苏 比亚迪2018年大有可为,新能源领域称王燃油车领域复苏 比亚迪2018年大有可为
2018-01-15,国轩/先导/天齐等10家上市公司获最佳表现奖,国轩/先导/天齐等10家上市公司获最佳表现奖
2018-01-15,全球首发 比亚迪华为组“CP”发布云轨无人驾驶,全球首发 比亚迪华为组“CP”发布云轨无人驾驶
2018-01-15,收获最佳表现奖 这5家新三板企业强在何处？,收获最佳表现奖 这5家新三板企业强在何处？
2018-01-15,多氟多：六氟磷酸锂销量约全国三分之一 开始研发固态电池,多氟多：六氟磷酸锂销量约全国三分之一 开始研发固态电池
2018-01-15,【G20周刊】宁德时代/北汽/北大先行在电池领域达成合作,【G20周刊】宁德时代/北汽/北大先行在电池领域达成合作
2018-01-15,多氟多：扩充锂离子电池产能 技术优势曝光,多氟多：扩充锂离子电池产能 技术优势曝光
2018-01-15,机构解析：周二热点板块及个股探秘,机构解析：周二热点板块及个股探秘
2018-01-15,汽车和汽车零部件行业周报：新能源汽车销量超预期短期或迎反弹,汽车和汽车零部件行业周报：新能源汽车销量超预期短期或迎反弹
2018-01-15,年度评选投票即将结束，看看您支持的车型得票率如何？,年度评选投票即将结束，看看您支持的车型得票率如何？
2018-01-15,比亚迪新能源车加提示音 保护行人安全,比亚迪新能源车加提示音 保护行人安全
2018-01-15,2017纯电动客车动力电池装机量TOP10 CATL/惠州比亚迪/沃特玛占比超50%,2017纯电动客车动力电池装机量TOP10 CATL/惠州比亚迪/沃特玛占比超50%
2018-01-15,比亚迪新能源车将配行人声音提醒系统,比亚迪新能源车将配行人声音提醒系统
2018-01-15,巨丰早评：大盘构筑平台整理概率大,巨丰早评：大盘构筑平台整理概率大
2018-01-15,中国2017年电动汽车锂电池装机33.55GWh，同比增长21%,中国2017年电动汽车锂电池装机33.55GWh，同比增长21%
2018-01-15,2017年中国动力电池行业十大影响力事件回顾,2017年中国动力电池行业十大影响力事件回顾
2018-01-15,沪指喜现“十一连阳”机构布局忙，215家被调研公司显现三大特征,沪指喜现“十一连阳”机构布局忙，215家被调研公司显现三大特征
2018-01-15,12月汽车销量点评：12月汽车销量YOY+0.11%增速继续回落,12月汽车销量点评：12月汽车销量YOY+0.11%增速继续回落
2018-01-16,江铃汽车豪举：累计现金分红将超90亿元，分红规模达融资额26倍,江铃汽车豪举：累计现金分红将超90亿元，分红规模达融资额26倍
2018-01-16,2017年10大新能源车企销量排行 两车企突破10万,2017年10大新能源车企销量排行 两车企突破10万
2018-01-16,为什么说电动汽车都不值得买,为什么说电动汽车都不值得买
2018-01-16,2017全年新能源汽车产量破80万辆 十二月产量近20万辆,2017全年新能源汽车产量破80万辆 十二月产量近20万辆
2018-01-16,2017年新能源车销量公布 比亚迪再夺魁,2017年新能源车销量公布 比亚迪再夺魁
2018-01-16,长城路在何方：SUV停滞不前 多款车型销量下滑,长城路在何方：SUV停滞不前 多款车型销量下滑
2018-01-16,连续破万 比亚迪迎新能源车年度销量四连冠,连续破万 比亚迪迎新能源车年度销量四连冠
2018-01-16,2017年报业绩轮廓显露，27家增长超100%可提前确定,2017年报业绩轮廓显露，27家增长超100%可提前确定
2018-01-17,比亚迪元EV申报图曝光：采用家族式新外观,比亚迪元EV申报图曝光：采用家族式新外观
2018-01-17,A股共发生64宗大宗交易成交15.16亿元(1月17日),A股共发生64宗大宗交易成交15.16亿元(1月17日)
2018-01-17,【光大新三板】2017年新能源汽车销量77.7万辆，同比增长53.3% ——跨市场新能源汽车周报（2018年第3期）,【光大新三板】2017年新能源汽车销量77.7万辆，同比增长53.3% ——跨市场新能源汽车周报（2018年第3期）
2018-01-17,比亚迪今日大宗交易成交348.43万股，成交价59.0元折价7.45%,比亚迪今日大宗交易成交348.43万股，成交价59.0元折价7.45%
2018-01-17,比亚迪：动力电池两大技术路线 未来成本趋势显现,比亚迪：动力电池两大技术路线 未来成本趋势显现
2018-01-17,数说|盘点2017:跑赢新能源大市 谁主沉浮？,数说|盘点2017:跑赢新能源大市 谁主沉浮？
2018-01-17,比亚迪元电动版实车曝光 外观酷似福特翼搏,比亚迪元电动版实车曝光 外观酷似福特翼搏
2018-01-17,553款不符合燃油消耗标准的停产车型一览,553款不符合燃油消耗标准的停产车型一览
2018-01-17,2017年10大自主车企销量榜单大洗牌 三家破百万,2017年10大自主车企销量榜单大洗牌 三家破百万
2018-01-17,充电桩建设加速助推新能源汽车发展 2018年或破百万辆,充电桩建设加速助推新能源汽车发展 2018年或破百万辆
2018-01-18,跨市场新能源汽车周报:2017年新能源汽车产销79.4万辆和77.7万辆,跨市场新能源汽车周报:2017年新能源汽车产销79.4万辆和77.7万辆
2018-01-18,工信部公示2016年第二批新能源车补助补充清算结果,工信部公示2016年第二批新能源车补助补充清算结果
2018-01-18,相比吉利，比亚迪还缺什么？,相比吉利，比亚迪还缺什么？
2018-01-18,前瞻性研发全面开花，高通业绩反转指日可待,前瞻性研发全面开花，高通业绩反转指日可待
2018-01-18,这样的汽车内饰你喜欢吗？即将上市比亚迪唐内饰图,这样的汽车内饰你喜欢吗？即将上市比亚迪唐内饰图
2018-01-18,【华泰电话会议纪要】“泰”靠谱电动车：新能源车18年一季度展望电话会议,【华泰电话会议纪要】“泰”靠谱电动车：新能源车18年一季度展望电话会议
2018-01-18,65款新能源客车上榜304批公示 比亚迪福田居前三,65款新能源客车上榜304批公示 比亚迪福田居前三
2018-01-18,日媒：中国车企涌入电动汽车领域显示雄厚实力,日媒：中国车企涌入电动汽车领域显示雄厚实力
2018-01-18,大洗牌！10大自主品牌最新排名 三家破100万辆,大洗牌！10大自主品牌最新排名 三家破100万辆
2018-01-19,10万内想买涡轮增压自动挡SUV 看几款车型,10万内想买涡轮增压自动挡SUV 看几款车型
2018-01-19,2018年成为新能源汽车发展的重要时间窗口,2018年成为新能源汽车发展的重要时间窗口
2018-01-19,用全年销售数据说话，哪5款新能源汽车最为畅销,用全年销售数据说话，哪5款新能源汽车最为畅销
2018-01-19,2018年首批推荐目录公示，新能源车企/供应商布局有哪些不一样？,2018年首批推荐目录公示，新能源车企/供应商布局有哪些不一样？
2018-01-19,节能减排首落重锤 500余款油耗超标燃油车被禁产,节能减排首落重锤 500余款油耗超标燃油车被禁产
2018-01-20,比亚迪：将推出A0级的SUV车型 补贴后售价7万元左右,比亚迪：将推出A0级的SUV车型 补贴后售价7万元左右
2018-01-20,【华泰机械章诚团队】周思考：设备板块投资大年，主线先进制造,【华泰机械章诚团队】周思考：设备板块投资大年，主线先进制造
2018-01-20,【电动汽车百人会】比亚迪王传福：插电式混合动力汽车仍是私家车发展主流,【电动汽车百人会】比亚迪王传福：插电式混合动力汽车仍是私家车发展主流
2018-01-20,通往世界汽车巨头的竞技路上，比亚迪还缺什么？,通往世界汽车巨头的竞技路上，比亚迪还缺什么？
2018-01-20,刘斌前瞻新能源板块：能源结构正发生重大变化 数字能源时代将临,刘斌前瞻新能源板块：能源结构正发生重大变化 数字能源时代将临
2018-01-21,比亚迪王传福：建议免除插电混动车消费税,比亚迪王传福：建议免除插电混动车消费税
2018-01-21,比亚迪王传福：建议给予插电式混合动力车更多政策支持,比亚迪王传福：建议给予插电式混合动力车更多政策支持
2018-01-21,【申万能源环保】公用环保电新周观点180121：17全年电力数据出炉火电改善风光装机大增 18年看好风光核等清洁能源发展,【申万能源环保】公用环保电新周观点180121：17全年电力数据出炉火电改善风光装机大增 18年看好风光核等清洁能源发展
2018-01-21,启明星辰保证业绩年均增30% 混沌等明星机构扎堆调研,启明星辰保证业绩年均增30% 混沌等明星机构扎堆调研
2018-01-22,消费白马股午后走强，沪指尾盘站上3500点,消费白马股午后走强，沪指尾盘站上3500点
2018-01-22,福田汽车2017年业绩预降七成至九成 受新能源客车补贴下调所致？,福田汽车2017年业绩预降七成至九成 受新能源客车补贴下调所致？
2018-01-22,院士隔空交锋王传福：插电式混合动力汽车不是真正的电动汽车,院士隔空交锋王传福：插电式混合动力汽车不是真正的电动汽车
2018-01-22,明日热点板块和概念预测 重点关注这些个股（1月22日）,明日热点板块和概念预测 重点关注这些个股（1月22日）
2018-01-22,巨丰复盘：创蓝筹大涨点燃市场 题材概念全面开花,巨丰复盘：创蓝筹大涨点燃市场 题材概念全面开花
2018-01-22,数据王：超级品牌卷土重来 后市将继续带动股指新高,数据王：超级品牌卷土重来 后市将继续带动股指新高
2018-01-22,巨丰资金流向：沪市尾盘站上3500 创业板迎强势反弹,巨丰资金流向：沪市尾盘站上3500 创业板迎强势反弹
2018-01-22,汽车股午后走强，比亚迪大涨5%,汽车股午后走强，比亚迪大涨5%
2018-01-22,港股异动︱预计新产品成股价催化剂 比亚迪(01211)大涨7.33%,港股异动︱预计新产品成股价催化剂 比亚迪(01211)大涨7.33%
2018-01-22,整体表现抢眼 燃油车依然是比亚迪最大“软肋”,整体表现抢眼 燃油车依然是比亚迪最大“软肋”
2018-01-22,【G20周刊】宁德时代摘得行业最高成就奖桂冠,【G20周刊】宁德时代摘得行业最高成就奖桂冠
2018-01-22,比亚迪升幅扩至8% 野村早前看89.5元,比亚迪升幅扩至8% 野村早前看89.5元
2018-01-22,双积分能否成为加快企业转型的鞭子？,双积分能否成为加快企业转型的鞭子？
2018-01-22,汽车板块午后快速走强 比亚迪涨超5%,汽车板块午后快速走强 比亚迪涨超5%
2018-01-22,荣威eRX5以绝对优势登顶“年度最佳新能源车型”榜单,荣威eRX5以绝对优势登顶“年度最佳新能源车型”榜单
2018-01-23,比亚迪：最快今年开始对外销售汽车动力电池，已和整车厂在谈,比亚迪：最快今年开始对外销售汽车动力电池，已和整车厂在谈
2018-01-23,宁波首批比亚迪纯电动公交车投用 支持手机支付,宁波首批比亚迪纯电动公交车投用 支持手机支付
2018-01-23,比亚迪：今年会推出A0级新能源SUV车型，售价具有市场竞争力,比亚迪：今年会推出A0级新能源SUV车型，售价具有市场竞争力
2018-01-23,比亚迪：最快今年就会有部分电池对外销售,比亚迪：最快今年就会有部分电池对外销售
2018-01-23,吉利股价急升 欲追好仓可留意吉利牛证63773,吉利股价急升 欲追好仓可留意吉利牛证63773
2018-01-23,比亚迪：全年销量保持稳健增长 当前纯电动车趋势逐渐显现,比亚迪：全年销量保持稳健增长 当前纯电动车趋势逐渐显现
2018-01-23,【评锂】中小型电池企业靠什么翻身？,【评锂】中小型电池企业靠什么翻身？
2018-01-23,比亚迪要像WEY一样做高端品牌？,比亚迪要像WEY一样做高端品牌？
2018-01-24,券商评级:沪指七阳创两年多新高 9股聚焦,券商评级:沪指七阳创两年多新高 9股聚焦
2018-01-24,【华创机械】康尼机电深度研究报告：被低估的优质标的，“投资+消费”双驱动促增长,【华创机械】康尼机电深度研究报告：被低估的优质标的，“投资+消费”双驱动促增长
2018-01-24,补贴“断奶”之时 新能源车擂台赛才真正开始 | 推本溯源,补贴“断奶”之时 新能源车擂台赛才真正开始 | 推本溯源
2018-01-24,补贴退坡引发新能源汽车行业“阵痛” 多家车企预告称2017年净利润下降,补贴退坡引发新能源汽车行业“阵痛” 多家车企预告称2017年净利润下降
2018-01-24,“混合所有制”助力深圳公交纯电动化,“混合所有制”助力深圳公交纯电动化
2018-01-24,新能源车“自嗨”背后：有钱你也买不到车,新能源车“自嗨”背后：有钱你也买不到车
2018-01-24,联赢激光：龙头有望续写辉煌 买入评级,联赢激光：龙头有望续写辉煌 买入评级
2018-01-24,回天新材服务比亚迪攻坚结硕果,回天新材服务比亚迪攻坚结硕果
2018-01-24,补贴退坡，新能源客车行业洗牌？还是转向氢燃料客车？,补贴退坡，新能源客车行业洗牌？还是转向氢燃料客车？
2018-01-24,南华金融：全球领先市场广大 荐比亚迪,南华金融：全球领先市场广大 荐比亚迪
2018-01-24,燃油车指标缩减 北京新能源车市开战在即,燃油车指标缩减 北京新能源车市开战在即
2018-01-24,车企完成销量目标胜算几何,车企完成销量目标胜算几何
2018-01-24,【7点见】乐视网今天复牌；张朝阳寒冬中裸跑；养娃游戏火了,【7点见】乐视网今天复牌；张朝阳寒冬中裸跑；养娃游戏火了
2018-01-24,"电力设备与新能源行业点评:2017年锂电及材料产量总体高增长,结构开始分化","电力设备与新能源行业点评:2017年锂电及材料产量总体高增长,结构开始分化"
2018-01-24,"电力设备与新能源行业点评:17年装机电量同比增30%,三元增157%,铁锂格局已定,三元大有所为!","电力设备与新能源行业点评:17年装机电量同比增30%,三元增157%,铁锂格局已定,三元大有所为!"
2018-01-24,"电力设备与新能源行业点评:电动车全年销量亮眼,政策将落地有望带来春季抢装","电力设备与新能源行业点评:电动车全年销量亮眼,政策将落地有望带来春季抢装"
2018-01-24,"比亚迪:低谷已过,全面起航","比亚迪:低谷已过,全面起航"
2018-01-24,中外车企纷纷提速 新能源发展呈现新形势,中外车企纷纷提速 新能源发展呈现新形势
2018-01-25,新能源汽车市场风起云涌 比亚迪、北汽新能源谁能笑傲2018？,新能源汽车市场风起云涌 比亚迪、北汽新能源谁能笑傲2018？
2018-01-25,青海：推动盐湖资源开发上升为国家战略 推进比亚迪锂电池等项目,青海：推动盐湖资源开发上升为国家战略 推进比亚迪锂电池等项目
2018-01-25,继云轨之后 比亚迪再助埃及打造史上首支纯电动巴士车队,继云轨之后 比亚迪再助埃及打造史上首支纯电动巴士车队
2018-01-25,券商评级:上证指数终结七连阳 9股引关注,券商评级:上证指数终结七连阳 9股引关注
2018-01-25,"今天国际:业绩预告符合预期,逐步转型锂电物流自动化","今天国际:业绩预告符合预期,逐步转型锂电物流自动化"
2018-01-25,“在一起 更完美”感恩450万 共迎造车新时代 上海站,“在一起 更完美”感恩450万 共迎造车新时代 上海站
2018-01-25,埃及首个电动公交车订单“花落”比亚迪,埃及首个电动公交车订单“花落”比亚迪
2018-01-25,多家车企预告称2017年净利润下降 补贴退坡引发阵痛,多家车企预告称2017年净利润下降 补贴退坡引发阵痛
2018-01-25,2017年乘用车企业销量排行榜：上汽大众蝉联冠军 六家自主品牌跻身TOP15,2017年乘用车企业销量排行榜：上汽大众蝉联冠军 六家自主品牌跻身TOP15
2018-01-25,推出40余款新车，2018年主力新能源乘用车企规划销量超70万台,推出40余款新车，2018年主力新能源乘用车企规划销量超70万台
2018-01-25,"联赢激光:激光焊接领域专家,受益动力电池扩产,龙头有望续写辉煌","联赢激光:激光焊接领域专家,受益动力电池扩产,龙头有望续写辉煌"
2018-01-26,下周一最具爆发力六大牛股一览（1月26日）,下周一最具爆发力六大牛股一览（1月26日）
2018-01-26,今日资金抢入六只强势股一览（1月26日）,今日资金抢入六只强势股一览（1月26日）
2018-01-26,新能源车落子埃及，比亚迪（01211）用15台巴士“征服”撒哈拉,新能源车落子埃及，比亚迪（01211）用15台巴士“征服”撒哈拉
2018-01-26,太钢不锈荣获比亚迪优秀供应商大奖,太钢不锈荣获比亚迪优秀供应商大奖
2018-01-26,百人会比亚迪直谏 政策应惠及插电混动,百人会比亚迪直谏 政策应惠及插电混动
2018-01-26,二手车交易市场延续高增长 六股迎投资正当时,二手车交易市场延续高增长 六股迎投资正当时
2018-01-26,新增30万辆目标 新能源客车行业能否唱响新“凯歌”？,新增30万辆目标 新能源客车行业能否唱响新“凯歌”？
2018-01-26,用硬实力说话，吉利（00175）为何能成为汽车行业的领跑者,用硬实力说话，吉利（00175）为何能成为汽车行业的领跑者
2018-01-26,第30万辆新能源汽车下线 比亚迪开启造车新时代,第30万辆新能源汽车下线 比亚迪开启造车新时代
2018-01-26,王传福呼吁补贴插电式混合动力背后 比亚迪难掩转型焦虑,王传福呼吁补贴插电式混合动力背后 比亚迪难掩转型焦虑
2018-01-26,青海省将大力发展盐湖提锂 六股绝佳布局良机,青海省将大力发展盐湖提锂 六股绝佳布局良机
2018-01-26,长沙将投放逾千辆比亚迪纯电动公交车,长沙将投放逾千辆比亚迪纯电动公交车
2018-01-27,动力电池配套企业数量4年锐减近9成 企业增收不增利,动力电池配套企业数量4年锐减近9成 企业增收不增利
2018-01-27,突然，各地新能源汽车4S店被挤爆了！您已进入补贴退坡“前夜”，再不买就亏了？,突然，各地新能源汽车4S店被挤爆了！您已进入补贴退坡“前夜”，再不买就亏了？
2018-01-27,您已进入新能源汽车补贴退坡“前夜”，再不买就亏了？,您已进入新能源汽车补贴退坡“前夜”，再不买就亏了？
2018-01-28,下周各大机构看好十大金股一览（1月29日-2月2日）,下周各大机构看好十大金股一览（1月29日-2月2日）
2018-01-29,特斯拉或首次涉足锂电池原材料，正与智利锂矿巨头SQM商谈,特斯拉或首次涉足锂电池原材料，正与智利锂矿巨头SQM商谈
2018-01-29,珠海银隆会成为董明珠的“滑铁卢”吗？,珠海银隆会成为董明珠的“滑铁卢”吗？
2018-01-29,小摩：长汽上季盈利见顶 今年首选比亚迪(01221)等4股,小摩：长汽上季盈利见顶 今年首选比亚迪(01221)等4股
2018-01-29,电气设备：风光限电率显著下降,电气设备：风光限电率显著下降
2018-01-29,纯电动客车收官8.9万辆降23% 2018预计将再跌15%,纯电动客车收官8.9万辆降23% 2018预计将再跌15%
2018-01-29,【锂电一周大事】筹划合资设厂 广汽拟涉足动力电池PACK,【锂电一周大事】筹划合资设厂 广汽拟涉足动力电池PACK
2018-01-29,由内而外 汽车设计正被智能化颠覆,由内而外 汽车设计正被智能化颠覆
2018-01-29,能否延续发展势头？ 2018纯电动卡车三大猜想,能否延续发展势头？ 2018纯电动卡车三大猜想
2018-01-29,10万元买车合资品牌是首选？NO！其实自主品牌的这些车也不错！,10万元买车合资品牌是首选？NO！其实自主品牌的这些车也不错！
2018-01-29,销量下滑17.5% 比亚迪难掩转型之难,销量下滑17.5% 比亚迪难掩转型之难
2018-01-29,新能源汽车混合动力技术路线P0-P4构型解析,新能源汽车混合动力技术路线P0-P4构型解析
2018-01-30,比亚迪（01211）：新能源汽车波折后再起航,比亚迪（01211）：新能源汽车波折后再起航
2018-01-30,媲美宝马、LG，比亚迪斩获国际权威机构“品质金奖”！,媲美宝马、LG，比亚迪斩获国际权威机构“品质金奖”！
2018-01-30,专家诊股：中国平安表现较好 腾讯看好长期持有,专家诊股：中国平安表现较好 腾讯看好长期持有
2018-01-30,比亚迪唐二代钥匙、内饰曝光：中控屏支持90度旋转,比亚迪唐二代钥匙、内饰曝光：中控屏支持90度旋转
2018-01-30,20家企业瓜分超8成市场 2018动力电池突围几率多大？,20家企业瓜分超8成市场 2018动力电池突围几率多大？
2018-01-30,辉立证券：荐比亚迪 (1211.HK) 波折后再次启航,辉立证券：荐比亚迪 (1211.HK) 波折后再次启航
2018-01-30,2018年中国新能源汽车电机及控制器行业发展现状及前景分析,2018年中国新能源汽车电机及控制器行业发展现状及前景分析
2018-01-30,2017年动力电池装机量前五企业都卖给了谁？,2017年动力电池装机量前五企业都卖给了谁？
2018-01-30,内外交困，腾势的“高端电动车”之路深陷危局,内外交困，腾势的“高端电动车”之路深陷危局
2018-01-30,比亚迪新能源车全球销量三连冠,比亚迪新能源车全球销量三连冠
2018-01-30,特斯拉或牵手智利锂矿生产商 六股现上车良机,特斯拉或牵手智利锂矿生产商 六股现上车良机
2018-01-31,车市年终盘点,车市年终盘点
2018-01-31,新能源汽车销量迈过70万关口 比亚迪遇北汽新能源最强挑战,新能源汽车销量迈过70万关口 比亚迪遇北汽新能源最强挑战
2018-01-31,全球50个国家汽车销量纵览：中国市场成双料冠军，比亚迪力压特斯拉,全球50个国家汽车销量纵览：中国市场成双料冠军，比亚迪力压特斯拉
2018-01-31,[看好评级]新能源行业周报：中国新能源数据引领全球,[看好评级]新能源行业周报：中国新能源数据引领全球
2018-01-31,全球2017年新能源乘用车销量前20名出炉：北汽EC系列完胜,全球2017年新能源乘用车销量前20名出炉：北汽EC系列完胜
2018-01-31,品牌颜值新标杆 比亚迪宋MAX手动豪华版实拍,品牌颜值新标杆 比亚迪宋MAX手动豪华版实拍
2018-01-31,巴黎采购电动公交车，相关标的受益,巴黎采购电动公交车，相关标的受益
2018-01-31,PVC价格淡季“三连涨” 利好助推 四股受关注,PVC价格淡季“三连涨” 利好助推 四股受关注
2018-01-31,2017年国产新能源乘用车销量再增69%！车企与车型TOP 10都有谁？,2017年国产新能源乘用车销量再增69%！车企与车型TOP 10都有谁？
2018-01-31,吉利“盯紧”上汽通用？细数各车企2018年小目标,吉利“盯紧”上汽通用？细数各车企2018年小目标
2018-01-31,2017全球新能源车销量排行榜：中国车企如何撑起半边天？,2017全球新能源车销量排行榜：中国车企如何撑起半边天？
2018-01-31,比亚迪将使用三元锂电池,比亚迪将使用三元锂电池
2018-02-01,秦、唐北京车展亮相 比亚迪推新车计划,秦、唐北京车展亮相 比亚迪推新车计划
2018-02-01,你以为聪明钱在逃顶，其实他们正在抄底这些个股,你以为聪明钱在逃顶，其实他们正在抄底这些个股
2018-02-01,比亚迪公布2018年产品战略布局 全面换装三元锂电池,比亚迪公布2018年产品战略布局 全面换装三元锂电池
2018-02-01,续航/电池技术全面升级 比亚迪2018年内4款纯电动新车曝光,续航/电池技术全面升级 比亚迪2018年内4款纯电动新车曝光
2018-02-01,深港通十大成交活跃股排名(2月1日),深港通十大成交活跃股排名(2月1日)
2018-02-01,连续4年卫冕新能源冠军 比亚迪再推4款新车,连续4年卫冕新能源冠军 比亚迪再推4款新车
2018-02-01,全系销量突破450万辆之后 比亚迪要大跨步进入北美,全系销量突破450万辆之后 比亚迪要大跨步进入北美
2018-02-01,比亚迪强化电动攻势 全系搭载智能互联系统,比亚迪强化电动攻势 全系搭载智能互联系统
2018-02-01,12.8寸大屏，百公里仅4.5秒，全新比亚迪唐脱胎换骨,12.8寸大屏，百公里仅4.5秒，全新比亚迪唐脱胎换骨
2018-02-01,英首相访华，“炸出”这家中国企业，原来已占英电动大巴50%市场份额！,英首相访华，“炸出”这家中国企业，原来已占英电动大巴50%市场份额！
2018-02-01,比亚迪加入中英“企委会” 王传福：比亚迪占英国纯电动大巴50%以上市场,比亚迪加入中英“企委会” 王传福：比亚迪占英国纯电动大巴50%以上市场
2018-02-01,长安汽车、比亚迪参与新能源汽车和智能网联汽车标准讨论会,长安汽车、比亚迪参与新能源汽车和智能网联汽车标准讨论会
2018-02-01,比亚迪已占英国电动大巴50%市场份额,比亚迪已占英国电动大巴50%市场份额
2018-02-01,中机中心：《公告》内226款新能源客车未按要求整改及审查不通过,中机中心：《公告》内226款新能源客车未按要求整改及审查不通过
2018-02-01,特斯拉“技术光环”即将到期，电池技术究竟哪家强？,特斯拉“技术光环”即将到期，电池技术究竟哪家强？
2018-02-01,巨丰早参：证监会将改革发行上市制度 利好突袭今日3股望冲涨停,巨丰早参：证监会将改革发行上市制度 利好突袭今日3股望冲涨停
2018-02-01,前十电机供应商占据超70%市场份额，新能源乘用车企都用谁家电机？,前十电机供应商占据超70%市场份额，新能源乘用车企都用谁家电机？
2018-02-01,京泉华：公司与比亚迪在新能源领域的合作已处于试生产阶段,京泉华：公司与比亚迪在新能源领域的合作已处于试生产阶段
2018-02-02,2018年首批新能源汽车推荐目录发布，帝豪PHEV/传祺EV等118款车型入选,2018年首批新能源汽车推荐目录发布，帝豪PHEV/传祺EV等118款车型入选
2018-02-02,从整机厂到供应商 比亚迪电池“开闸放水”,从整机厂到供应商 比亚迪电池“开闸放水”
2018-02-02,新车型新续航新电池 比亚迪公布2018纯电动汽车产品战略,新车型新续航新电池 比亚迪公布2018纯电动汽车产品战略
2018-02-02,补贴退坡车企“失血”新能源产业将迎首轮洗牌,补贴退坡车企“失血”新能源产业将迎首轮洗牌
2018-02-02,鞍钢和比亚迪成功研发云轨用钢,鞍钢和比亚迪成功研发云轨用钢
2018-02-02,比亚迪公布2018纯电动汽车战略 将推出四款新车型,比亚迪公布2018纯电动汽车战略 将推出四款新车型
2018-02-02,观察家|日本的“深圳考察热”,观察家|日本的“深圳考察热”
2018-02-02,元EV等四款 比亚迪旗下多款电动车官图,元EV等四款 比亚迪旗下多款电动车官图
2018-02-02,比亚迪将入驻毛豆新车平台,比亚迪将入驻毛豆新车平台
2018-02-02,比亚迪领涨汽车整车板块,比亚迪领涨汽车整车板块
2018-02-02,江淮2018年将推5款电动汽车 欲挑战比亚迪北汽和吉利,江淮2018年将推5款电动汽车 欲挑战比亚迪北汽和吉利
2018-02-02,奇瑞、吉利、长城、比亚迪，自主品牌四巨头谁才是汽车界的华为？,奇瑞、吉利、长城、比亚迪，自主品牌四巨头谁才是汽车界的华为？
2018-02-02,最大客户比亚迪正转向布局三元 安达科技回应：未导致公司销售量下降,最大客户比亚迪正转向布局三元 安达科技回应：未导致公司销售量下降
2018-02-02,新能源汽车行业周报：工信部表示将搭建积分交易平台,新能源汽车行业周报：工信部表示将搭建积分交易平台
2018-02-03,比亚迪将推两款纯电SUV 最大续航400km,比亚迪将推两款纯电SUV 最大续航400km
2018-02-03,北京无人车路测考试大纲公布 VR去年收入增长27%达22亿刀,北京无人车路测考试大纲公布 VR去年收入增长27%达22亿刀
2018-02-03,比亚迪携手青海盐湖集团欲打造中国最大碳酸锂项目,比亚迪携手青海盐湖集团欲打造中国最大碳酸锂项目
2018-02-04,比亚迪王传福：格尔木的盐湖提锂商业化进程将全面提速,比亚迪王传福：格尔木的盐湖提锂商业化进程将全面提速
2018-02-04,电气设备：三元材料价格仍在上涨 荐4股,电气设备：三元材料价格仍在上涨 荐4股
2018-02-04,2017年中国汽车专利统计数据 江淮获专利公开量排名第一,2017年中国汽车专利统计数据 江淮获专利公开量排名第一
2018-02-04,伦敦红色巴士都要换成“中国造”？,伦敦红色巴士都要换成“中国造”？
2018-02-04,比亚迪及盐湖股份参与的国内最大碳酸锂项目正式开工,比亚迪及盐湖股份参与的国内最大碳酸锂项目正式开工
2018-02-05,动力电池专利现双子星座 比亚迪沃特玛为何数一数二？,动力电池专利现双子星座 比亚迪沃特玛为何数一数二？
2018-02-05,【安信汽车】周观点：补贴新政下，从推荐目录看18年车企应对策略,【安信汽车】周观点：补贴新政下，从推荐目录看18年车企应对策略
2018-02-05,多款新车 2018年首批新能源推荐目录,多款新车 2018年首批新能源推荐目录
2018-02-05,[强于大市评级]深度*行业*电力设备与新能源行业周报：2018年第1批新能源汽车推广目录发布,[强于大市评级]深度*行业*电力设备与新能源行业周报：2018年第1批新能源汽车推广目录发布
2018-02-05,[优于大势评级]汽车行业周报：重卡一季度高景气 零部件进入配置区间,[优于大势评级]汽车行业周报：重卡一季度高景气 零部件进入配置区间
2018-02-05,[同步大市-A评级]汽车行业周报：2018年第1批推广目录发布 目录常态化有利于新能源汽车健康稳定发展,[同步大市-A评级]汽车行业周报：2018年第1批推广目录发布 目录常态化有利于新能源汽车健康稳定发展
2018-02-05,从不被看好到全球第一，比亚迪的国际化之路，也是中国质造正在走的路,从不被看好到全球第一，比亚迪的国际化之路，也是中国质造正在走的路
2018-02-05,[增持评级]汽车行业周报：新能车监测平台运行 引导产业规范发展,[增持评级]汽车行业周报：新能车监测平台运行 引导产业规范发展
2018-02-05,吴迎秋：明天，三类车企可以活下来,吴迎秋：明天，三类车企可以活下来
2018-02-05,[买入评级]汽车和汽车零部件行业研究周报：新能源车技术标准提升成趋势 建议关注龙头,[买入评级]汽车和汽车零部件行业研究周报：新能源车技术标准提升成趋势 建议关注龙头
2018-02-05,比亚迪计划推出两款纯电动SUV,比亚迪计划推出两款纯电动SUV
2018-02-05,汽车：车企积极应对 荐1股,汽车：车企积极应对 荐1股
2018-02-05,比亚迪2018规划曝光 元EV360不足10万元,比亚迪2018规划曝光 元EV360不足10万元
2018-02-05,牛散大学堂吴国平与广东鸿图董秘调研访谈实录,牛散大学堂吴国平与广东鸿图董秘调研访谈实录
2018-02-05,电力设备与新能源行业2月第1周周报:2018年第1批新能源汽车推广目录发布,电力设备与新能源行业2月第1周周报:2018年第1批新能源汽车推广目录发布
2018-02-05,汇顶科技收购海外标的布局IoT，海格通信签订3亿元军工合同,汇顶科技收购海外标的布局IoT，海格通信签订3亿元军工合同
2018-02-05,低温真能废掉它？测4款热门电动车冬季续航,低温真能废掉它？测4款热门电动车冬季续航
2018-02-05,【机械设备|刘国清团队太平洋证券】拓斯达(300607)：工业机器人新锐，受益于“机器换人”浪潮,【机械设备|刘国清团队太平洋证券】拓斯达(300607)：工业机器人新锐，受益于“机器换人”浪潮
2018-02-05,鞍钢联手比亚迪研发云轨用钢 打造轨道交通行业“新名片”,鞍钢联手比亚迪研发云轨用钢 打造轨道交通行业“新名片”
2018-02-05,盐湖比亚迪投建国內最大碳酸鋰项目开工,盐湖比亚迪投建国內最大碳酸鋰项目开工
2018-02-05,【平安】宇通客车*600066* 1月销量高增长，产品结构持续优化*强烈推荐,【平安】宇通客车*600066* 1月销量高增长，产品结构持续优化*强烈推荐
2018-02-05,2018首批推荐目录新能源乘用车分析:长城欧拉IQ5上榜;广汽丰田推首款电动车ix4;比亚迪唐二代参数曝光,2018首批推荐目录新能源乘用车分析:长城欧拉IQ5上榜;广汽丰田推首款电动车ix4;比亚迪唐二代参数曝光
2018-02-05,中金TMT大会纪要#1(科技行业)：2018年智能手机看什么?,中金TMT大会纪要#1(科技行业)：2018年智能手机看什么?
2018-02-05,锂电材料及小金属周报：从两个细节 再看“钴牛市”的进一步强化,锂电材料及小金属周报：从两个细节 再看“钴牛市”的进一步强化
2018-02-05,"汽车行业周报:2018年首批新能源推荐目录发布,1月重卡销量破9.8万辆","汽车行业周报:2018年首批新能源推荐目录发布,1月重卡销量破9.8万辆"
2018-02-06,汽车五巨头、互联网四花旦的秘密：研发支出的魔术,汽车五巨头、互联网四花旦的秘密：研发支出的魔术
2018-02-06,深度*行业*新能源汽车2018年第1批目录点评：车企积极应对 产业有序发展,深度*行业*新能源汽车2018年第1批目录点评：车企积极应对 产业有序发展
2018-02-06,布局锂电池供应 比亚迪启动碳酸锂项目,布局锂电池供应 比亚迪启动碳酸锂项目
2018-02-06,[推荐评级]汽车行业周报：上汽广汽销量开门红 新能源1月抢装如期而至,[推荐评级]汽车行业周报：上汽广汽销量开门红 新能源1月抢装如期而至
2018-02-06,2018年首批推荐目录乘用车详解 微型车最高续航达315km！,2018年首批推荐目录乘用车详解 微型车最高续航达315km！
2018-02-06,比亚迪叉车2018年迎春晚会圆满举行,比亚迪叉车2018年迎春晚会圆满举行
2018-02-06,全面转型新能源 北汽自主另觅赛道,全面转型新能源 北汽自主另觅赛道
2018-02-06,毛豆新车网与比亚迪达成合作,毛豆新车网与比亚迪达成合作
2018-02-06,2017国内车企“十宗最”上汽/北汽榜上有名,2017国内车企“十宗最”上汽/北汽榜上有名
2018-02-06,前丰田设计师加盟斯威 自主品牌已成新舞台,前丰田设计师加盟斯威 自主品牌已成新舞台
2018-02-07,滴滴出行与12家汽车生产商在共享汽车平台展开合作,滴滴出行与12家汽车生产商在共享汽车平台展开合作
2018-02-07,今日资金抢入六只强势股一览（2月7日）,今日资金抢入六只强势股一览（2月7日）
2018-02-07,晚间重要公告2018年2月7日星期三,晚间重要公告2018年2月7日星期三
2018-02-07,比亚迪：1月新能源汽车销量7330辆,比亚迪：1月新能源汽车销量7330辆
2018-02-07,化合物半导体的全球投资机会(科技行业)：AI、5G、电动车带动结构性增长,化合物半导体的全球投资机会(科技行业)：AI、5G、电动车带动结构性增长
2018-02-07,新能源车补贴或大幅下滑40%：逐渐走向市场化 行业洗牌加速,新能源车补贴或大幅下滑40%：逐渐走向市场化 行业洗牌加速
2018-02-07,比亚迪电子(00285)增长动力在哪？除了机壳，还有汽车电子,比亚迪电子(00285)增长动力在哪？除了机壳，还有汽车电子
2018-02-07,[看好评级]新能源行业周报：行业景气度仍处于低谷,[看好评级]新能源行业周报：行业景气度仍处于低谷
2018-02-07,加速品牌全球化 吉利或将成为戴姆勒大股东,加速品牌全球化 吉利或将成为戴姆勒大股东
2018-02-07,"汽车周报2018第5期:重卡销售开门红,18年第一批新能源推荐目录发布","汽车周报2018第5期:重卡销售开门红,18年第一批新能源推荐目录发布"
2018-02-07,要做中国汽车界的富士康？解读江淮2018新车计划,要做中国汽车界的富士康？解读江淮2018新车计划
2018-02-07,比亚迪启动碳酸锂项目 年产值将达6万吨,比亚迪启动碳酸锂项目 年产值将达6万吨
2018-02-07,[增持评级]电力设备与新能源行业点评：2017年全球电动乘用车销量120万 增67%,[增持评级]电力设备与新能源行业点评：2017年全球电动乘用车销量120万 增67%
2018-02-07,全球新能源乘用车销量前20名出炉 北汽EC系列完胜,全球新能源乘用车销量前20名出炉 北汽EC系列完胜
2018-02-07,新产品 新目标 新规划 2018众车企如何应战,新产品 新目标 新规划 2018众车企如何应战
2018-02-07,澳门出租车电动化“从0到1” 比亚迪e6成首批纯电动出租车,澳门出租车电动化“从0到1” 比亚迪e6成首批纯电动出租车
2018-02-07,十万完全搞定配置帝 高销量低调自主SUV听我来说,十万完全搞定配置帝 高销量低调自主SUV听我来说
2018-02-07,盐湖比亚迪3万吨及蓝科锂业2万吨碳酸锂项目启动,盐湖比亚迪3万吨及蓝科锂业2万吨碳酸锂项目启动
2018-02-08,电气设备：高能量密度占比提升 荐8股,电气设备：高能量密度占比提升 荐8股
2018-02-08,【光大新三板】2018年首批新能源汽车推荐目录发布 ——跨市场新能源汽车周报（2018年第6期）,【光大新三板】2018年首批新能源汽车推荐目录发布 ——跨市场新能源汽车周报（2018年第6期）
2018-02-08,比亚迪1月销量大涨47% 电动车同比增幅超10倍,比亚迪1月销量大涨47% 电动车同比增幅超10倍
2018-02-08,比亚迪1月销量共计4.23万辆 新能源汽车时隔7个月跌破万辆,比亚迪1月销量共计4.23万辆 新能源汽车时隔7个月跌破万辆
2018-02-08,2018年比亚迪发力三大目标 加速实现新能源车跨越式发展,2018年比亚迪发力三大目标 加速实现新能源车跨越式发展
2018-02-08,比亚迪股份有限公司2018年1月销量快报,比亚迪股份有限公司2018年1月销量快报
2018-02-08,在野蛮人纷纷登场的2017年，比亚迪为何变得低调了？,在野蛮人纷纷登场的2017年，比亚迪为何变得低调了？
2018-02-08,[买入评级]新能源汽车行业2月刊：中游开工率恢复 首批目录亮相,[买入评级]新能源汽车行业2月刊：中游开工率恢复 首批目录亮相
2018-02-08,研究周报 | 2017年动力电池行业五大变化及趋势预判,研究周报 | 2017年动力电池行业五大变化及趋势预判
2018-02-08,[推荐评级]比亚迪(002594/01211.HK)公司动态：1月销量开门红 宋MAX销量亮眼,[推荐评级]比亚迪(002594/01211.HK)公司动态：1月销量开门红 宋MAX销量亮眼
2018-02-08,燃油车稳步增长 比亚迪1月销量同比增长47%,燃油车稳步增长 比亚迪1月销量同比增长47%
2018-02-09,奥特迅：公司与比亚迪有部分业务合作,奥特迅：公司与比亚迪有部分业务合作
2018-02-09,2017年产销同比双降 “中原霸主”宇通客车业绩拐点向下,2017年产销同比双降 “中原霸主”宇通客车业绩拐点向下
2018-02-09,上海新能源车新政调整逻辑：倾向于鼓励纯电动、燃料电池汽车,上海新能源车新政调整逻辑：倾向于鼓励纯电动、燃料电池汽车
2018-02-09,2018年新能源乘用车迎开门红 补贴退坡引发行业“抢装”爆发,2018年新能源乘用车迎开门红 补贴退坡引发行业“抢装”爆发
2018-02-09,北汽新能源备战上市 发改委批复同意戴姆勒入股,北汽新能源备战上市 发改委批复同意戴姆勒入股
2018-02-09,澳媒：比亚迪16台电动出租车澳门启用 当地迎来从0到1的突破,澳媒：比亚迪16台电动出租车澳门启用 当地迎来从0到1的突破
2018-02-09,[买入评级]先导智能(300450)：客户规模、市场份额及产品均有望增长;存在错误定价机会;重申强力买入,[买入评级]先导智能(300450)：客户规模、市场份额及产品均有望增长;存在错误定价机会;重申强力买入
2018-02-09,宋MAX突破一万五，比亚迪1月销量大增47%,宋MAX突破一万五，比亚迪1月销量大增47%
2018-02-09,多家车企1月销售开门红 新能源车销量同比增400%,多家车企1月销售开门红 新能源车销量同比增400%
2018-02-09,2017年新能源乘用车电机供应商装机量排行,2017年新能源乘用车电机供应商装机量排行
2018-02-09,北汽新能源/比亚迪/上汽获1月新能源乘用车销量前三，市场呈均衡性走强特征,北汽新能源/比亚迪/上汽获1月新能源乘用车销量前三，市场呈均衡性走强特征
2018-02-09,化工行业动态：1月销量符合预期 等待补贴政策落地,化工行业动态：1月销量符合预期 等待补贴政策落地
2018-02-09,比亚迪与毛豆新车网达成战略合作,比亚迪与毛豆新车网达成战略合作
2018-02-09,一月同比增长47% 比亚迪官微首晒成绩单,一月同比增长47% 比亚迪官微首晒成绩单
2018-02-10,比亚迪2018款纯电新品北京地区预售调查,比亚迪2018款纯电新品北京地区预售调查
2018-02-10,2018年1月新能源汽车销量同比增长 新能源汽车概念股有哪些？,2018年1月新能源汽车销量同比增长 新能源汽车概念股有哪些？
2018-02-10,新款e5等 比亚迪多款电动车开启预售,新款e5等 比亚迪多款电动车开启预售
2018-02-10,傲视群雄 比亚迪2018款纯电动汽车开启预售,傲视群雄 比亚迪2018款纯电动汽车开启预售
2018-02-10,新能源汽车发展迅猛 锂盐春耕播种正当时,新能源汽车发展迅猛 锂盐春耕播种正当时
2018-02-10,全国产能利用率仅有四成 未来三年90%动力电池企业或被淘汰,全国产能利用率仅有四成 未来三年90%动力电池企业或被淘汰
2018-02-10,2018款e5 450领衔 比亚迪三款纯电动汽车开启预售,2018款e5 450领衔 比亚迪三款纯电动汽车开启预售
2018-02-11,补贴后预售14万起 比亚迪e5 450到店,补贴后预售14万起 比亚迪e5 450到店
2018-02-11,【长江电新-周观点】潮退珍珠见，淡季当布局,【长江电新-周观点】潮退珍珠见，淡季当布局
2018-02-11,电气设备：新能源车1月产销开门红 荐6股,电气设备：新能源车1月产销开门红 荐6股
2018-02-11,[领先大市-A评级]汽车行业周报：补贴新政下 从推荐目录看18年车企应对策略,[领先大市-A评级]汽车行业周报：补贴新政下 从推荐目录看18年车企应对策略
2018-02-11,曝新一代宋效果图 比亚迪2018计划出炉,曝新一代宋效果图 比亚迪2018计划出炉
2018-02-11,[增持评级]汽车行业周报：新能源汽车1月销量开门红,[增持评级]汽车行业周报：新能源汽车1月销量开门红
2018-02-11,比亚迪三款纯电动车预售价曝光 最低14万元起,比亚迪三款纯电动车预售价曝光 最低14万元起
2018-02-11,1月新能源车市销3.2万 互联网造车有销量了,1月新能源车市销3.2万 互联网造车有销量了
2018-02-11,[中性评级]2017年汽车行业年报前瞻：行业继续分化 业绩中规中矩 寻找优质资产,[中性评级]2017年汽车行业年报前瞻：行业继续分化 业绩中规中矩 寻找优质资产
2018-02-11,【华创电新】周观点：1月新能源汽车产销大增，龙头标的引领产业升级,【华创电新】周观点：1月新能源汽车产销大增，龙头标的引领产业升级
2018-02-12,[中性评级]深度*行业*汽车行业周报：车市实现开门红 上海出台新能源补贴政策,[中性评级]深度*行业*汽车行业周报：车市实现开门红 上海出台新能源补贴政策
2018-02-12,有色金属：周五美股反弹有利风险偏好修复 荐3股,有色金属：周五美股反弹有利风险偏好修复 荐3股
2018-02-12,宁德时代IPO：估值1300亿 产能过剩问题严重,宁德时代IPO：估值1300亿 产能过剩问题严重
2018-02-12,"比亚迪:低谷已过,全面起航","比亚迪:低谷已过,全面起航"
2018-02-12,[超配评级]汽车行业17年年报前瞻：增速放缓 增长确定性凸显,[超配评级]汽车行业17年年报前瞻：增速放缓 增长确定性凸显
2018-02-12,南华金融：业务不俗销量理想 荐比亚迪,南华金融：业务不俗销量理想 荐比亚迪
2018-02-12,汽车：喜迎开门红 荐1股,汽车：喜迎开门红 荐1股
2018-02-12,汽车股大幅拉升，安凯客车涨停,汽车股大幅拉升，安凯客车涨停
2018-02-12,方正证券丨一周聚焦0212-0216,方正证券丨一周聚焦0212-0216
2018-02-12,【晨会聚焦】钴和锂的配置时机；银行核心财务指标稳健上行,【晨会聚焦】钴和锂的配置时机；银行核心财务指标稳健上行
2018-02-12,新能源车产销持续放量 六股值得密切留意关注,新能源车产销持续放量 六股值得密切留意关注
2018-02-12,【年终盘点】打造创新协作生态 2017年佛吉亚大事记,【年终盘点】打造创新协作生态 2017年佛吉亚大事记
2018-02-12,广东有效发明专利量突破20万件,广东有效发明专利量突破20万件
2018-02-12,新能源汽车行业点评：夜空中最亮的星！,新能源汽车行业点评：夜空中最亮的星！
2018-02-12,"电力设备与新能源行业:18年1月电动车销量亮眼,实现开门红","电力设备与新能源行业:18年1月电动车销量亮眼,实现开门红"
2018-02-12,2025年全球近半公共汽车将电动化 中国将占99%,2025年全球近半公共汽车将电动化 中国将占99%
2018-02-13,一财研选｜北斗组网全球覆盖加速，应用驱动产业进入黄金期！,一财研选｜北斗组网全球覆盖加速，应用驱动产业进入黄金期！
2018-02-13,2018年锂电池加速扩产 新能源汽车产量将增加,2018年锂电池加速扩产 新能源汽车产量将增加
2018-02-13,[看好评级]新能源汽车行业周报：1月新能源乘用车销量同比增4倍,[看好评级]新能源汽车行业周报：1月新能源乘用车销量同比增4倍
2018-02-13,迈入造车新时代的比亚迪面临的挑战,迈入造车新时代的比亚迪面临的挑战
2018-02-13,[领先大市-A评级]汽车行业周报：汽车1月新能源汽车销量增4.3倍 喜迎开门红,[领先大市-A评级]汽车行业周报：汽车1月新能源汽车销量增4.3倍 喜迎开门红
2018-02-13,机械行业周报：锂电行业转暖回升 工程机械景气延续,机械行业周报：锂电行业转暖回升 工程机械景气延续
2018-02-13,[看好评级]有色金属行业一周回顾：周五美股反弹有利风险偏好修复 商品价格有望反弹 推荐紫金矿业!,[看好评级]有色金属行业一周回顾：周五美股反弹有利风险偏好修复 商品价格有望反弹 推荐紫金矿业!
2018-02-13,北京汽车拟向北京奔驰转让资产 尚未签署任何协议,北京汽车拟向北京奔驰转让资产 尚未签署任何协议
2018-02-13,[看好评级]新能源行业周报：行业处于低谷 可逐步布局,[看好评级]新能源行业周报：行业处于低谷 可逐步布局
2018-02-13,政策东风起，布局正当时【安信王者电车·开讲啦·第16期电话会议纪要】,政策东风起，布局正当时【安信王者电车·开讲啦·第16期电话会议纪要】
2018-02-14,"新能源汽车行业:新能源汽车补贴政策靴子落地,继续看好产业链龙头企业","新能源汽车行业:新能源汽车补贴政策靴子落地,继续看好产业链龙头企业"
2018-02-14,四部门调整新能源汽车补贴政策 四股有望受益,四部门调整新能源汽车补贴政策 四股有望受益
2018-02-14,【汽车】新能源汽车：低估值成长王者归来,【汽车】新能源汽车：低估值成长王者归来
2018-02-14,青海开建年产5万吨碳酸锂项目 四股迎腾飞契机,青海开建年产5万吨碳酸锂项目 四股迎腾飞契机
2018-02-14,盐湖提锂商业化进程提速，龙头企业受益,盐湖提锂商业化进程提速，龙头企业受益
2018-02-14,巨丰热点：新能源汽车补贴新政出炉 受益股走强,巨丰热点：新能源汽车补贴新政出炉 受益股走强
2018-02-14,瑞信降比亚迪(01211.HK)目标价至82元 维持「跑赢大市」评级,瑞信降比亚迪(01211.HK)目标价至82元 维持「跑赢大市」评级
2018-02-14,大和重申比亚迪(01211.HK)「买入」评级 指新能源汽车政策扫除市场忧虑,大和重申比亚迪(01211.HK)「买入」评级 指新能源汽车政策扫除市场忧虑
2018-02-14,1月车市销量开门红 自主品牌成绩单让人羡慕,1月车市销量开门红 自主品牌成绩单让人羡慕
2018-02-15,2018年1月吉利、长城、比亚迪等车企销量情况分析,2018年1月吉利、长城、比亚迪等车企销量情况分析
2018-02-15,全球首个“陆海空”无人展演现身狗年春晚，百度比亚迪等企业亮相,全球首个“陆海空”无人展演现身狗年春晚，百度比亚迪等企业亮相
2018-02-16,比亚迪：青海盐湖碳酸锂项目备案 投资48.49亿,比亚迪：青海盐湖碳酸锂项目备案 投资48.49亿
2018-02-16,电气设备行业洗牌加速 建议关注龙头股,电气设备行业洗牌加速 建议关注龙头股
2018-02-16,2017车市盘点之新能源汽车：并不惊奇的增长,2017车市盘点之新能源汽车：并不惊奇的增长
2018-02-18,智能制造虽处于渗透期，但工业互联网规模扩大,智能制造虽处于渗透期，但工业互联网规模扩大
2018-02-19,比亚迪：玻璃机壳产能扩张迅速 客户订单充裕,比亚迪：玻璃机壳产能扩张迅速 客户订单充裕
2018-02-19,比亚迪：玻璃机壳产能扩张迅速，客户订单充裕,比亚迪：玻璃机壳产能扩张迅速，客户订单充裕
2018-02-19,比亚迪：唐二代预计二季度上市 公司已规划高端车型,比亚迪：唐二代预计二季度上市 公司已规划高端车型
2018-02-20,8大自主车企新年目标 步子较大/最高目标超5成,8大自主车企新年目标 步子较大/最高目标超5成
2018-02-22,[增持评级]新能源汽车补贴政策调整点评(运输设备及零部件制造行业)：补贴政策落地 新能源汽车销量起航,[增持评级]新能源汽车补贴政策调整点评(运输设备及零部件制造行业)：补贴政策落地 新能源汽车销量起航
2018-02-22,【中信建投中小市值】新能源汽车补贴新政影响几何？,【中信建投中小市值】新能源汽车补贴新政影响几何？
2018-02-22,[推荐评级]2018新能源汽车补贴新政解读：补贴新政略高于预期 18年有望实现平稳过渡,[推荐评级]2018新能源汽车补贴新政解读：补贴新政略高于预期 18年有望实现平稳过渡
2018-02-22,[买入评级]汽车行业周报：2018年1月汽车产销实现“开门红”,[买入评级]汽车行业周报：2018年1月汽车产销实现“开门红”
2018-02-22,汽车：2018年将开启产品驱动时代 荐6股,汽车：2018年将开启产品驱动时代 荐6股
2018-02-22,无人驾驶登央视春晚 比亚迪无人驾驶车队亮相港珠澳大桥,无人驾驶登央视春晚 比亚迪无人驾驶车队亮相港珠澳大桥
2018-02-22,新能源汽车行业周报:新能源汽车补贴政策靴子落地,新能源汽车行业周报:新能源汽车补贴政策靴子落地
2018-02-22,[中性评级]汽车与零部件行业动态跟踪：汽车与零部件行业补贴政策落地 继续看好产业链龙头企业,[中性评级]汽车与零部件行业动态跟踪：汽车与零部件行业补贴政策落地 继续看好产业链龙头企业
2018-02-22,新势力集体涌入 无人驾驶为自主弯道超车创造契机,新势力集体涌入 无人驾驶为自主弯道超车创造契机
2018-02-22,停售燃油车前提：电动车足够好 燃油车没人买,停售燃油车前提：电动车足够好 燃油车没人买
2018-02-23,"2018年新能源汽车补贴政策点评:拐点已现,反弹可期","2018年新能源汽车补贴政策点评:拐点已现,反弹可期"
2018-02-23,堵车也不耽误事儿 推荐四款堵车也能刷剧的神车,堵车也不耽误事儿 推荐四款堵车也能刷剧的神车
2018-02-23,新能源汽车产业系列：2018新能源补贴新政落地，预计全年平稳过渡,新能源汽车产业系列：2018新能源补贴新政落地，预计全年平稳过渡
2018-02-23,宇通、比亚迪、中通居前三 2017年公交车市场谁最畅销？,宇通、比亚迪、中通居前三 2017年公交车市场谁最畅销？
2018-02-23,[增持评级]新能源汽车政策动向点评：补贴政策落地 看好产业链龙头,[增持评级]新能源汽车政策动向点评：补贴政策落地 看好产业链龙头
2018-02-23,【风驰电车】新能源汽车：第一枪精准引领，如何乘胜追击！,【风驰电车】新能源汽车：第一枪精准引领，如何乘胜追击！
2018-02-23,2017年动力电池公司排名前十 五维分析特色凸显,2017年动力电池公司排名前十 五维分析特色凸显
2018-02-23,中国软包动力电池龙头“虚位以待” 谁最有资格坐上宝座？,中国软包动力电池龙头“虚位以待” 谁最有资格坐上宝座？
2018-02-23,无人车国家队亮相春晚 百度比亚迪联手助推无人驾驶,无人车国家队亮相春晚 百度比亚迪联手助推无人驾驶
2018-02-23,汽车：补贴新政设过渡期 新能源车稳定增长,汽车：补贴新政设过渡期 新能源车稳定增长
2018-02-24,90亿美元！李书福成奔驰最大股东，问题是钱从哪来？,90亿美元！李书福成奔驰最大股东，问题是钱从哪来？
2018-02-24,吉利收购戴姆勒股份中的几个好奇点,吉利收购戴姆勒股份中的几个好奇点
2018-02-24,2017车市盘点之新能源客车：市场下滑早有预料,2017车市盘点之新能源客车：市场下滑早有预料
2018-02-24,吉利成奔驰最大股东，但这桩中国车企最大海外并购仍存三大谜团,吉利成奔驰最大股东，但这桩中国车企最大海外并购仍存三大谜团
2018-02-24,【最新】工信部制定甲醇汽车领域标准 甲醇汽车概念股有哪些？,【最新】工信部制定甲醇汽车领域标准 甲醇汽车概念股有哪些？
2018-02-24,快评：吉利90亿美金成戴姆勒最大股东,快评：吉利90亿美金成戴姆勒最大股东
2018-02-24,[强于大市评级]新能源汽车行业点评：第一枪精准引领 如何乘胜追击!,[强于大市评级]新能源汽车行业点评：第一枪精准引领 如何乘胜追击!
2018-02-24,305批新车公示 磷酸铁锂电池仍为主流,305批新车公示 磷酸铁锂电池仍为主流
2018-02-24,厚积薄发 比亚迪称霸新年新能源车型市场,厚积薄发 比亚迪称霸新年新能源车型市场
2018-02-24,华东7省各大整车企业产能规划及零部件企业名录,华东7省各大整车企业产能规划及零部件企业名录
2018-02-24,2017车市盘点之新能源汽车：并不惊奇的增长,2017车市盘点之新能源汽车：并不惊奇的增长
2018-02-24,从锂电龙头看2018年市场风云变化,从锂电龙头看2018年市场风云变化
2018-02-24,传特斯拉上海建厂遇阻，工厂所有权结构问题谈不拢,传特斯拉上海建厂遇阻，工厂所有权结构问题谈不拢
2018-02-24,电动汽车产业面临电池危机：需求量暴增、矿产商坐地起价,电动汽车产业面临电池危机：需求量暴增、矿产商坐地起价
2018-02-25,巴菲特10年被动投资赌约大获全胜！千亿现金无处可投,巴菲特10年被动投资赌约大获全胜！千亿现金无处可投
2018-02-25,补贴新政实施 低续航A00级车将逐步退出市场,补贴新政实施 低续航A00级车将逐步退出市场
2018-02-26,【光大海外汽车】比亚迪（1211.HK）业绩预告符合预期，NEV业务增长趋势不变,【光大海外汽车】比亚迪（1211.HK）业绩预告符合预期，NEV业务增长趋势不变
2018-02-26,专家诊股：资源板块可多留意 料3月市况会改善,专家诊股：资源板块可多留意 料3月市况会改善
2018-02-26,"《神州民企》比亚迪去年业绩快报赚40.6亿人民币,倒退近两成","《神州民企》比亚迪去年业绩快报赚40.6亿人民币,倒退近两成"
2018-02-26,中小创三大龙头齐晒业绩：海康威视业绩增长 温氏股份比亚迪下滑,中小创三大龙头齐晒业绩：海康威视业绩增长 温氏股份比亚迪下滑
2018-02-26,比亚迪2017年净利润40.57亿 多家公司发布业绩快报,比亚迪2017年净利润40.57亿 多家公司发布业绩快报
2018-02-26,传统汽车销售疲软 比亚迪2017年净利预降19.70%,传统汽车销售疲软 比亚迪2017年净利预降19.70%
2018-02-26,比亚迪：2017年净利40.57亿元 同比下滑19.7%,比亚迪：2017年净利40.57亿元 同比下滑19.7%
2018-02-26,比亚迪业绩快报：2017年净利同比下降19.7%,比亚迪业绩快报：2017年净利同比下降19.7%
2018-02-26,比亚迪：2017年实现净利润40.57亿元，同比下降19.7%,比亚迪：2017年实现净利润40.57亿元，同比下降19.7%
2018-02-26,比亚迪发布2017年度业绩快报 净利润40.6亿元同比减少19.7%,比亚迪发布2017年度业绩快报 净利润40.6亿元同比减少19.7%
2018-02-26,一文看懂比亚迪/孚能科技/沃特玛2018年锂电业务有哪些大动作,一文看懂比亚迪/孚能科技/沃特玛2018年锂电业务有哪些大动作
2018-02-26,[推荐评级]汽车行业周报：新能源汽车补贴新政终落地 吉利成戴姆勒最大股东,[推荐评级]汽车行业周报：新能源汽车补贴新政终落地 吉利成戴姆勒最大股东
2018-02-26,[中性评级]深度*行业*汽车行业周报：2018年新能源补贴政策发布 新合资浪潮来袭,[中性评级]深度*行业*汽车行业周报：2018年新能源补贴政策发布 新合资浪潮来袭
2018-02-26,88岁巴菲特第53封致股东信国内投资者最关心的在这,88岁巴菲特第53封致股东信国内投资者最关心的在这
2018-02-26,[增持评级]汽车行业周报：新能车补贴新规落地 产销开门红,[增持评级]汽车行业周报：新能车补贴新规落地 产销开门红
2018-02-26,补贴后预售16万起 新款比亚迪秦EV官图,补贴后预售16万起 新款比亚迪秦EV官图
2018-02-26,扩大新能源布局，戴姆勒与北汽出资超百亿建新豪华车生产基地,扩大新能源布局，戴姆勒与北汽出资超百亿建新豪华车生产基地
2018-02-26,吉利集团成戴姆勒大股东 六股将爆发在即,吉利集团成戴姆勒大股东 六股将爆发在即
2018-02-26,汽车行业周报：新政助力 18年新能源销量可期;乘用车市场平稳 自主崛起可待,汽车行业周报：新政助力 18年新能源销量可期;乘用车市场平稳 自主崛起可待
2018-02-26,[看好评级]新能源汽车行业周报：财政部等四部门调整新能源汽车补贴政策,[看好评级]新能源汽车行业周报：财政部等四部门调整新能源汽车补贴政策
2018-02-26,GGII:新能源汽车行业第一季度市场前瞻,GGII:新能源汽车行业第一季度市场前瞻
2018-02-26,比亚迪秦EV450官图 补贴后预售16-19万,比亚迪秦EV450官图 补贴后预售16-19万
2018-02-26,[推荐评级]汽车行业周报：1月销量同比大增12% 新能源1月抢装如期而至,[推荐评级]汽车行业周报：1月销量同比大增12% 新能源1月抢装如期而至
2018-02-27,巴菲特透露最为钦佩的4位CEO 比亚迪王传福名列其中,巴菲特透露最为钦佩的4位CEO 比亚迪王传福名列其中
2018-02-27,比亚迪全新一代唐将于3月6日正式亮相,比亚迪全新一代唐将于3月6日正式亮相
2018-02-27,吉利重金入股戴姆勒 中国汽车行业会受到什么影响？,吉利重金入股戴姆勒 中国汽车行业会受到什么影响？
2018-02-27,比亚迪业绩快报：2017年净利润40.6亿元下跌两成,比亚迪业绩快报：2017年净利润40.6亿元下跌两成
2018-02-27,比亚迪：业绩符合预期，“Dragon Face”开启全新车型周期，维持“买入”评级,比亚迪：业绩符合预期，“Dragon Face”开启全新车型周期，维持“买入”评级
2018-02-27,比亚迪2017年营收1059亿元 新能源车蝉联全球销量冠军,比亚迪2017年营收1059亿元 新能源车蝉联全球销量冠军
2018-02-27,2018年2月产销快讯出炉：上市车企净利润喜忧参半？,2018年2月产销快讯出炉：上市车企净利润喜忧参半？
2018-02-27,比亚迪：2017年净利润下滑近20% 传统汽车业务压力大,比亚迪：2017年净利润下滑近20% 传统汽车业务压力大
2018-02-27,【中金汽车】比亚迪：乘用车一着棋活，比亚迪全盘皆活,【中金汽车】比亚迪：乘用车一着棋活，比亚迪全盘皆活
2018-02-27,晨会聚焦180227：重点关注海康威视、中国国旅、计算机行业、港股、中兴通讯,晨会聚焦180227：重点关注海康威视、中国国旅、计算机行业、港股、中兴通讯
2018-02-27,吉利结缘戴姆勒：北汽苦等多年为何吉利成了大股东,吉利结缘戴姆勒：北汽苦等多年为何吉利成了大股东
2018-02-27,吉利入股戴姆勒持续发酵 汽车板块集体走高,吉利入股戴姆勒持续发酵 汽车板块集体走高
2018-02-27,上市车企业绩分化加剧 长城、江铃利润腰斩,上市车企业绩分化加剧 长城、江铃利润腰斩
2018-02-27,比亚迪(01211.HK)全年赚40.57亿人民币 跌19.7%,比亚迪(01211.HK)全年赚40.57亿人民币 跌19.7%
2018-02-27,续航/电池技术升级 比亚迪EV动力更趋完美,续航/电池技术升级 比亚迪EV动力更趋完美
2018-02-27,电池板块预演业绩浪行情 14只年报预计翻番股吸金4亿,电池板块预演业绩浪行情 14只年报预计翻番股吸金4亿
2018-02-27,"新能源行业周报:新政策落地,开启反弹窗口","新能源行业周报:新政策落地,开启反弹窗口"
2018-02-27,汽车新能源车崛起研究系列二:电动化浪潮催生车企新合资时代,汽车新能源车崛起研究系列二:电动化浪潮催生车企新合资时代
2018-02-27,“双积分”紧箍咒 催生电动车提速,“双积分”紧箍咒 催生电动车提速
2018-02-28,动力电池回收成新风口 巨头打响供应链之战,动力电池回收成新风口 巨头打响供应链之战
2018-02-28,比亚迪宣布新一代唐3月6日发布！颜值惊艳,比亚迪宣布新一代唐3月6日发布！颜值惊艳
2018-02-28,[路演]胜宏科技：目前有接洽CATL和比亚迪等客户,[路演]胜宏科技：目前有接洽CATL和比亚迪等客户
2018-02-28,新能源汽车概念股比亚迪：低谷已过，全面起航,新能源汽车概念股比亚迪：低谷已过，全面起航
2018-02-28,精锻科技（300258）财报点评：2017年利润预计增长约32%，业绩稳增可持续,精锻科技（300258）财报点评：2017年利润预计增长约32%，业绩稳增可持续
2018-02-28,[买入评级]比亚迪(002594)点评：17年业绩符合预期 未来新能源车和云轨将助力公司走出低谷,[买入评级]比亚迪(002594)点评：17年业绩符合预期 未来新能源车和云轨将助力公司走出低谷
2018-02-28,天风 · 月度金股 | 3月,天风 · 月度金股 | 3月
2018-02-28,2月28日你要知道的十大上市公司新闻,2月28日你要知道的十大上市公司新闻
2018-02-28,"【华泰机械章诚团队】今天国际(300532, 增持)：17年盈利增69%，基本符合预期","【华泰机械章诚团队】今天国际(300532, 增持)：17年盈利增69%，基本符合预期"
2018-02-28,汽车行业日报：北京摇号难度加大 新能源车号牌透支,汽车行业日报：北京摇号难度加大 新能源车号牌透支
2018-02-28,从全球动力电池产量排名，看中国电池企业与乘用车主机厂的供应格局,从全球动力电池产量排名，看中国电池企业与乘用车主机厂的供应格局
2018-02-28,利润大幅下降 比亚迪或迎来阵痛期,利润大幅下降 比亚迪或迎来阵痛期
2018-02-28,【招商研究】每日复盘与晨会精要（0227）：大小盘分化较严重,【招商研究】每日复盘与晨会精要（0227）：大小盘分化较严重
2018-02-28,比亚迪宋EV400官图发布 续航达360公里,比亚迪宋EV400官图发布 续航达360公里
2018-03-01,续航提升 比亚迪四款纯电动车官图发布,续航提升 比亚迪四款纯电动车官图发布
2018-03-01,比亚迪速锐焕新上市 车型精简/降幅达2.6万元,比亚迪速锐焕新上市 车型精简/降幅达2.6万元
2018-03-01,新能源蓄电池回收新规出台，触动了谁的神经？,新能源蓄电池回收新规出台，触动了谁的神经？
2018-03-01,官方降价1.2万元！2018款比亚迪F3上市/增新车色,官方降价1.2万元！2018款比亚迪F3上市/增新车色
2018-03-01,售4.39-6.59万元 新款比亚迪F3正式上市,售4.39-6.59万元 新款比亚迪F3正式上市
2018-03-01,售7.99-12.99万元 比亚迪2018款宋上市,售7.99-12.99万元 比亚迪2018款宋上市
2018-03-01,售5.99-6.99万元 比亚迪2018款速锐上市,售5.99-6.99万元 比亚迪2018款速锐上市
2018-03-01,谁才是最赚钱的公司？十家锂电企业业绩快报盘点,谁才是最赚钱的公司？十家锂电企业业绩快报盘点
2018-03-01,2018补贴新政实施 新能源车定价难倒众车企,2018补贴新政实施 新能源车定价难倒众车企
2018-03-01,晨会聚焦180301：重点关注美亚柏科、广联达、石基信息、天虹股份、乐普医疗、扬杰科技,晨会聚焦180301：重点关注美亚柏科、广联达、石基信息、天虹股份、乐普医疗、扬杰科技
2018-03-01,卖一辆车利润有多高？这些车企给你答案,卖一辆车利润有多高？这些车企给你答案
2018-03-01,销量和利润下跌后 2018年留给比亚迪的机遇有哪些,销量和利润下跌后 2018年留给比亚迪的机遇有哪些
2018-03-01,【机械设备|刘国清团队太平洋证券】先导智能(300450)：业绩保持高速增长，高端客户助力公司成长,【机械设备|刘国清团队太平洋证券】先导智能(300450)：业绩保持高速增长，高端客户助力公司成长
2018-03-01,"汽车行业周报:汽车两会前瞻,自主创新、电动化、智能化及央企重组","汽车行业周报:汽车两会前瞻,自主创新、电动化、智能化及央企重组"
2018-03-01,宋MAX“救驾来迟” 比亚迪2017年利润下滑,宋MAX“救驾来迟” 比亚迪2017年利润下滑
2018-03-02,客车企业受新政严重冲击 补贴退坡利空暂无补救措施,客车企业受新政严重冲击 补贴退坡利空暂无补救措施
2018-03-02,胡润全球富豪榜||李书福、鲁伟鼎、魏建军、王传福、李斌——汽车行业扛把子 | 中国汽车报,胡润全球富豪榜||李书福、鲁伟鼎、魏建军、王传福、李斌——汽车行业扛把子 | 中国汽车报
2018-03-02,比亚迪全新一代唐3月6日首发 配12.8英寸中控屏,比亚迪全新一代唐3月6日首发 配12.8英寸中控屏
2018-03-02,比亚迪2018款速锐上市 售5.99-6.99万元,比亚迪2018款速锐上市 售5.99-6.99万元
2018-03-02,比亚迪海外参展首次对外公布电池业务“可持续发展规划”,比亚迪海外参展首次对外公布电池业务“可持续发展规划”
2018-03-02,比亚迪新车要来了，配中控大屏本月6号发布,比亚迪新车要来了，配中控大屏本月6号发布
2018-03-02,自主品牌：上汽、广汽、北汽、比亚迪新能源战略及布局梳理,自主品牌：上汽、广汽、北汽、比亚迪新能源战略及布局梳理
2018-03-02,“补贴”新政6月实施 新能源汽车加速“优胜劣汰”,“补贴”新政6月实施 新能源汽车加速“优胜劣汰”
2018-03-02,[看好评级]汽车行业事件点评：补贴政策落地 新能源汽车稳步发展,[看好评级]汽车行业事件点评：补贴政策落地 新能源汽车稳步发展
2018-03-02,3月6日亮相 全新一代唐内饰官图发布,3月6日亮相 全新一代唐内饰官图发布
2018-03-02,晨会聚焦180302：重点关注游族网络、中国联通、银行业,晨会聚焦180302：重点关注游族网络、中国联通、银行业
2018-03-02,这7个最经典的混动技术，你知道几个？,这7个最经典的混动技术，你知道几个？
2018-03-02,40张图表！详解上汽、广汽、北汽、比亚迪最新电动化策略,40张图表！详解上汽、广汽、北汽、比亚迪最新电动化策略
2018-03-03,2017年产销同比双降 中原霸主宇通客车业绩拐点向下,2017年产销同比双降 中原霸主宇通客车业绩拐点向下
2018-03-03,净利两极分化 新能源客车和乘用车冰火两重天,净利两极分化 新能源客车和乘用车冰火两重天
2018-03-03,新能源车创新中心落户北京，主攻电驱动等七大领域,新能源车创新中心落户北京，主攻电驱动等七大领域
2018-03-03,史上最帅的BYD来了！从此再不用换标：外观赞,史上最帅的BYD来了！从此再不用换标：外观赞
2018-03-04,新能源汽车消费金融风口来了，易鑫、趣店磨刀霍霍,新能源汽车消费金融风口来了，易鑫、趣店磨刀霍霍
2018-03-05,深港通十大成交活跃股排名(3月5日),深港通十大成交活跃股排名(3月5日)
2018-03-05,[同步大市-A评级]汽车行业周报：《上海市智能网联汽车道路测试管理办法(试行)》发布 智能汽车商业化进程提速,[同步大市-A评级]汽车行业周报：《上海市智能网联汽车道路测试管理办法(试行)》发布 智能汽车商业化进程提速
2018-03-05,2018高补贴硬指标 哪些电池企业能做到？,2018高补贴硬指标 哪些电池企业能做到？
2018-03-05,1月全球电动车销量Top10车型：北汽EC高居榜首,1月全球电动车销量Top10车型：北汽EC高居榜首
2018-03-05,新能源电池分类、优势及突破,新能源电池分类、优势及突破
2018-03-05,将于3月上市 比亚迪宋MAX 6座版官图,将于3月上市 比亚迪宋MAX 6座版官图
2018-03-05,主流车企立销量flag 日系集体低调 自主品牌面露微笑,主流车企立销量flag 日系集体低调 自主品牌面露微笑
2018-03-05,新兰德投顾元芳看盘：宁德时代市场估值,新兰德投顾元芳看盘：宁德时代市场估值
2018-03-05,新能源车优惠再延长三年 比亚迪微升0.35%,新能源车优惠再延长三年 比亚迪微升0.35%
2018-03-05,港股异动︱新能源车优惠再延长三年 比亚迪(01211)AH股逆势上涨,港股异动︱新能源车优惠再延长三年 比亚迪(01211)AH股逆势上涨
2018-03-05,选择磷酸铁锂/三元锂电池并行战略，比亚迪海外参展首次透露未来规划,选择磷酸铁锂/三元锂电池并行战略，比亚迪海外参展首次透露未来规划
2018-03-05,晨会聚焦180305：重点关注蓝思科技、游族网络、TCL集团、三孚股份、木林森、锦江股份,晨会聚焦180305：重点关注蓝思科技、游族网络、TCL集团、三孚股份、木林森、锦江股份
2018-03-05,永磁电机终于被特斯拉采用 A股概念股有哪些？,永磁电机终于被特斯拉采用 A股概念股有哪些？
2018-03-05,燃油车拖累，比亚迪2017净利润降低近两成,燃油车拖累，比亚迪2017净利润降低近两成
2018-03-05,【主题研究】汽车S.E.A.变革：电动车之中国纪元,【主题研究】汽车S.E.A.变革：电动车之中国纪元
2018-03-05,锂离子电池全球排行榜：LG化学居首 2026年市场体量将突破231亿美元,锂离子电池全球排行榜：LG化学居首 2026年市场体量将突破231亿美元
2018-03-05,双积分之下 国内十大车企电气化战略规划,双积分之下 国内十大车企电气化战略规划
2018-03-05,【电子-胜宏科技(300476)】 郑震湘、胡杨（联系人）：从显卡板龙头到线路板行业明星-20180303,【电子-胜宏科技(300476)】 郑震湘、胡杨（联系人）：从显卡板龙头到线路板行业明星-20180303
2018-03-05,新能源汽车行业周报:七部委发文明确动力电池回收责任主体,新能源汽车行业周报:七部委发文明确动力电池回收责任主体
2018-03-05,磷酸铁锂/三元锂电池并行 比亚迪提出电池业务“可持续发展规划”,磷酸铁锂/三元锂电池并行 比亚迪提出电池业务“可持续发展规划”
2018-03-06,"比亚迪""换脸""！全新一代唐Dragon Face设计理念发布","比亚迪""换脸""！全新一代唐Dragon Face设计理念发布"
2018-03-06,比亚迪全新一代唐正式发布 百公里加速仅4.5秒,比亚迪全新一代唐正式发布 百公里加速仅4.5秒
2018-03-06,4.5秒破百/7座布局 全新一代唐首发,4.5秒破百/7座布局 全新一代唐首发
2018-03-06,"【北水炒D乜】港股大反弹,北水回升扫腾讯比亚迪,沽汇控港交所","【北水炒D乜】港股大反弹,北水回升扫腾讯比亚迪,沽汇控港交所"
2018-03-06,最新设计语言 元EV 360将3月9日预售,最新设计语言 元EV 360将3月9日预售
2018-03-06,全系7座布局 比亚迪新一代唐今晚发布,全系7座布局 比亚迪新一代唐今晚发布
2018-03-06,比亚迪：公司大部分纯电动乘用车补贴高于去年,比亚迪：公司大部分纯电动乘用车补贴高于去年
2018-03-06,比亚迪全新一代唐官方图片发布，系该公司2018年重量级车型之一,比亚迪全新一代唐官方图片发布，系该公司2018年重量级车型之一
2018-03-06,[互动]松芝股份：为比亚迪大巴提供空调产品较多,[互动]松芝股份：为比亚迪大巴提供空调产品较多
2018-03-06,晨会聚焦180306：重点关注汽车行业、环保行业、港股、安车检测、宇通客车、上汽集团,晨会聚焦180306：重点关注汽车行业、环保行业、港股、安车检测、宇通客车、上汽集团
2018-03-06,全球新能源乘用车1月销量排名：北汽EC系列再度封王,全球新能源乘用车1月销量排名：北汽EC系列再度封王
2018-03-06,一文看懂新能源汽车行业各种“目录”，全面取消将是大势所趋,一文看懂新能源汽车行业各种“目录”，全面取消将是大势所趋
2018-03-06,94岁芒格最新访谈：投资比亚迪是一部风险投资剧,94岁芒格最新访谈：投资比亚迪是一部风险投资剧
2018-03-06,比亚迪宋MAX六座版官图发布 2018年3月上市,比亚迪宋MAX六座版官图发布 2018年3月上市
2018-03-07,“换脸”之后，比亚迪的压力小了吗,“换脸”之后，比亚迪的压力小了吗
2018-03-07,王传福大改比亚迪内部管理架构 切分五大事业群,王传福大改比亚迪内部管理架构 切分五大事业群
2018-03-07,公告汇总：江粉磁材证券简称变为领益智造,公告汇总：江粉磁材证券简称变为领益智造
2018-03-07,晚间重要公告2018年3月7日星期三,晚间重要公告2018年3月7日星期三
2018-03-07,比亚迪新一代唐设计理念发布 将提供三种动力配置,比亚迪新一代唐设计理念发布 将提供三种动力配置
2018-03-07,欢迎“以貌取人” 全新一代唐誓要引领比亚迪进入新时代,欢迎“以貌取人” 全新一代唐誓要引领比亚迪进入新时代
2018-03-07,比亚迪：2月份新能源汽车销量8357辆,比亚迪：2月份新能源汽车销量8357辆
2018-03-07,比亚迪：1-2月累计销售新能源汽车1.56万辆,比亚迪：1-2月累计销售新能源汽车1.56万辆
2018-03-07,新能源车布局近中盘 比亚迪还好吗？,新能源车布局近中盘 比亚迪还好吗？
2018-03-07,新能源汽车何时盈利出爆品？,新能源汽车何时盈利出爆品？
2018-03-07,[原创]比亚迪元 EV360将于3月9日预售 6月上市,[原创]比亚迪元 EV360将于3月9日预售 6月上市
2018-03-07,上海锂电展8月23日举行 发掘产业投资机会,上海锂电展8月23日举行 发掘产业投资机会
2018-03-07,[买入评级]2018年3月新能源汽车产业链观察：过渡期的迷思,[买入评级]2018年3月新能源汽车产业链观察：过渡期的迷思
2018-03-07,用创新践行中国制造2025 比亚迪2018迎黄金拐点,用创新践行中国制造2025 比亚迪2018迎黄金拐点
2018-03-07,新能源车迎来迭代升级 新能源店成为香饽饽,新能源车迎来迭代升级 新能源店成为香饽饽
2018-03-07,汽车消费需求开始回升 六股腾飞在即掘金良机,汽车消费需求开始回升 六股腾飞在即掘金良机
2018-03-07,【机械设备|刘国清团队太平洋证券】拓斯达(300607):与华为云展开合作，布局工业互联网领域,【机械设备|刘国清团队太平洋证券】拓斯达(300607):与华为云展开合作，布局工业互联网领域
2018-03-07,利好推动雄安概念板块走强 4只机构看好股吸金逾4亿,利好推动雄安概念板块走强 4只机构看好股吸金逾4亿
2018-03-07,"电力设备新能源行业周报:新能源汽车继续看好高端三元,光伏需求逐渐复苏","电力设备新能源行业周报:新能源汽车继续看好高端三元,光伏需求逐渐复苏"
2018-03-07,比亚迪F0全新行情限时降0.1万 欢迎垂询,比亚迪F0全新行情限时降0.1万 欢迎垂询
2018-03-08,盛世龙颜再度来袭 比亚迪唐二代开启新能源汽车新时代,盛世龙颜再度来袭 比亚迪唐二代开启新能源汽车新时代
2018-03-08,《外资精点》美林及大和维持比亚迪(01211)买入评级,《外资精点》美林及大和维持比亚迪(01211)买入评级
2018-03-08,比亚迪：新补贴政策下纯电动乘用车补贴比去年更高,比亚迪：新补贴政策下纯电动乘用车补贴比去年更高
2018-03-08,2017年新能源乘用车市场全景分析,2017年新能源乘用车市场全景分析
2018-03-08,【中金汽车】比亚迪2月销量数据点评：插电混表现亮眼,【中金汽车】比亚迪2月销量数据点评：插电混表现亮眼
2018-03-08,滴滴广泛结盟整车企业 助力共享汽车加速发展(受益股),滴滴广泛结盟整车企业 助力共享汽车加速发展(受益股)
2018-03-08,比亚迪股份有限公司2018年2月销量快报,比亚迪股份有限公司2018年2月销量快报
2018-03-09,新一代唐的Dragon face 一副好看的皮囊,新一代唐的Dragon face 一副好看的皮囊
2018-03-09,比亚迪1-2月销量增长超30% 电动车份额扩大,比亚迪1-2月销量增长超30% 电动车份额扩大
2018-03-09,海马汽车销量腰斩遇近10亿亏损 一年亏掉近5年净利润,海马汽车销量腰斩遇近10亿亏损 一年亏掉近5年净利润
2018-03-09,平安-比亚迪供应链金融ABS获批,平安-比亚迪供应链金融ABS获批
2018-03-09,比亚迪(01211-HK)完成发行20亿元第一期超短期融资券,比亚迪(01211-HK)完成发行20亿元第一期超短期融资券
2018-03-09,比亚迪新一代秦专利图公布：Dragon Face造型惊艳,比亚迪新一代秦专利图公布：Dragon Face造型惊艳
2018-03-09,比亚迪全新一代“元EV 360”开启全国预售,比亚迪全新一代“元EV 360”开启全国预售
2018-03-09,购比亚迪S7东莞优惠 降价优惠达1万元,购比亚迪S7东莞优惠 降价优惠达1万元
2018-03-09,下周一最具爆发力六大牛股名单（3月12日）,下周一最具爆发力六大牛股名单（3月12日）
2018-03-09,比亚迪元EV 360预售价公布 补贴后10万,比亚迪元EV 360预售价公布 补贴后10万
2018-03-09,比亚迪2月销售2.6万辆 新能源占比超三成,比亚迪2月销售2.6万辆 新能源占比超三成
2018-03-09,券商强力推荐这5股 已待涨名单,券商强力推荐这5股 已待涨名单
2018-03-09,[强烈推荐评级]中鼎股份(000887)点评：成为东风日产、比亚迪批量供应商 逻辑持续验证,[强烈推荐评级]中鼎股份(000887)点评：成为东风日产、比亚迪批量供应商 逻辑持续验证
2018-03-09,比亚迪:爆款车型带来业绩增量,比亚迪:爆款车型带来业绩增量
2018-03-09,开始认真玩设计的比亚迪，认真得让人惊讶,开始认真玩设计的比亚迪，认真得让人惊讶
2018-03-09,2018年第二批新能源汽车推荐目录发布，传祺PHEV/力帆EV等51款新能源汽车入选,2018年第二批新能源汽车推荐目录发布，传祺PHEV/力帆EV等51款新能源汽车入选
2018-03-09,乘联会：2月新能源乘用车销售2.9万辆，比亚迪/北汽新能源/江淮单月排名前三,乘联会：2月新能源乘用车销售2.9万辆，比亚迪/北汽新能源/江淮单月排名前三
2018-03-09,补贴后10万元起 比亚迪元EV360开启预售,补贴后10万元起 比亚迪元EV360开启预售
2018-03-10,"2018年第二批推荐目录乘用车分析:荣威Marvel X强势入镜,混动沃尔沃XC60曝光","2018年第二批推荐目录乘用车分析:荣威Marvel X强势入镜,混动沃尔沃XC60曝光"
2018-03-10,锂电设备行业迎来发展良机 六股望腾飞在即,锂电设备行业迎来发展良机 六股望腾飞在即
2018-03-10,吉利、长城、上汽、广汽等多家车企2月销量数据分析,吉利、长城、上汽、广汽等多家车企2月销量数据分析
2018-03-10,新能源车2月销2.9万辆 比亚迪北汽江淮分列前三,新能源车2月销2.9万辆 比亚迪北汽江淮分列前三
2018-03-10,第305批新能源汽车推荐目录入选车型锐减,第305批新能源汽车推荐目录入选车型锐减
2018-03-11,天风汽车【2月汽车景气总结】龙头扩张+新能源车！,天风汽车【2月汽车景气总结】龙头扩张+新能源车！
2018-03-11,[推荐评级]电动汽车行业点评报告：乘用车加速高端化 电池马太效应加剧,[推荐评级]电动汽车行业点评报告：乘用车加速高端化 电池马太效应加剧
2018-03-11,2018年2月MPV销量榜:五菱宏光碾压级夺魁,2018年2月MPV销量榜:五菱宏光碾压级夺魁
2018-03-11,疑似比亚迪新一代秦专利图出炉：外观惊艳！,疑似比亚迪新一代秦专利图出炉：外观惊艳！
2018-03-11,【兴证电新】电动汽车第2批目录深度点评,【兴证电新】电动汽车第2批目录深度点评
2018-03-11,双积分之下 国内十大车企如何规划电气化战略？,双积分之下 国内十大车企如何规划电气化战略？
2018-03-12,比亚迪加码云轨业务 旗下公司从新筑股份购买轨道公司股权,比亚迪加码云轨业务 旗下公司从新筑股份购买轨道公司股权
2018-03-12,新能源汽车财政补贴政策出台 四股有飞涨潜力,新能源汽车财政补贴政策出台 四股有飞涨潜力
2018-03-12,安达科技IPO中止审查：业绩依赖比亚迪 毛利大幅下滑,安达科技IPO中止审查：业绩依赖比亚迪 毛利大幅下滑
2018-03-12,[增持评级]新能源乘用车销量点评(新能源Ⅱ/电力设备Ⅱ行业)：2月销量高增长 继续看好板块反弹,[增持评级]新能源乘用车销量点评(新能源Ⅱ/电力设备Ⅱ行业)：2月销量高增长 继续看好板块反弹
2018-03-12,[买入评级]汽车和汽车零部件行业研究周报：新能源汽车销量靓丽 持续看好新能源汽车板块行情,[买入评级]汽车和汽车零部件行业研究周报：新能源汽车销量靓丽 持续看好新能源汽车板块行情
2018-03-12,先导智能：锂电设备龙头增长强劲 买入评级,先导智能：锂电设备龙头增长强劲 买入评级
2018-03-12,十款车型 2018年第2批新能源推广目录,十款车型 2018年第2批新能源推广目录
2018-03-12,比亚迪新能源车2月销量创同期新高 逆势增长303%,比亚迪新能源车2月销量创同期新高 逆势增长303%
2018-03-12,[买入评级]新能源车系列深度之三-动力电池：国之大器 锂电崛起,[买入评级]新能源车系列深度之三-动力电池：国之大器 锂电崛起
2018-03-12,3D玻璃外壳将成手机发展趋势 六股将现上车良机,3D玻璃外壳将成手机发展趋势 六股将现上车良机
2018-03-12,2月销量逆势增长11% 但比亚迪还需再提速,2月销量逆势增长11% 但比亚迪还需再提速
2018-03-12,从新一代秦曝光 看比亚迪外观设计的自我救赎,从新一代秦曝光 看比亚迪外观设计的自我救赎
2018-03-12,晨会聚焦1803012：重点关注新能源车、中洲控股、领益智造、亿联网络、恒力股份、中国联通,晨会聚焦1803012：重点关注新能源车、中洲控股、领益智造、亿联网络、恒力股份、中国联通
2018-03-12,新能源产业系列：新能源汽车比例2020年达10%，政策长短期均向好,新能源产业系列：新能源汽车比例2020年达10%，政策长短期均向好
2018-03-12,2018比亚迪唐报价 优惠高达3.3万元,2018比亚迪唐报价 优惠高达3.3万元
2018-03-12,汽车行业周报：北汽与滴滴战略合作 发力新能源车,汽车行业周报：北汽与滴滴战略合作 发力新能源车
2018-03-12,"2月新能源车下滑7% A00级车型""抢装""符合预期","2月新能源车下滑7% A00级车型""抢装""符合预期"
2018-03-12,2018年第二批推荐目录新能源客车分析:数量少但质量高，90%产品可拿1.1倍新补贴,2018年第二批推荐目录新能源客车分析:数量少但质量高，90%产品可拿1.1倍新补贴
2018-03-12,【安信汽车】新能源车缓冲期部分抢装，18年全年有望继续高增长,【安信汽车】新能源车缓冲期部分抢装，18年全年有望继续高增长
2018-03-13,新能源车再次大涨，因为我们又开会了,新能源车再次大涨，因为我们又开会了
2018-03-13,[买入评级]先导智能(300450)年报点评：行业大趋势向好 锂电设备龙头增长强劲,[买入评级]先导智能(300450)年报点评：行业大趋势向好 锂电设备龙头增长强劲
2018-03-13,燃油消耗管理办法实施倒计时 44家企业油耗未达标,燃油消耗管理办法实施倒计时 44家企业油耗未达标
2018-03-13,“中国速度”再添一丁，小伙伴笑开颜……还有2家IPO,“中国速度”再添一丁，小伙伴笑开颜……还有2家IPO
2018-03-13,专访戴姆勒股份公司董事会主席、梅赛德斯-奔驰汽车集团全球总裁蔡澈：电动车国产比例将占70%,专访戴姆勒股份公司董事会主席、梅赛德斯-奔驰汽车集团全球总裁蔡澈：电动车国产比例将占70%
2018-03-13,比亚迪新一代秦混动汽车申报图曝光，5.9秒破百,比亚迪新一代秦混动汽车申报图曝光，5.9秒破百
2018-03-13,[看好评级]新能源行业周报：数据面和政策面支持继续向好,[看好评级]新能源行业周报：数据面和政策面支持继续向好
2018-03-13,[买入评级]汽车与汽车零部件行业周报：中华全国工商业联合会提案降低动力电池增值税税率,[买入评级]汽车与汽车零部件行业周报：中华全国工商业联合会提案降低动力电池增值税税率
2018-03-13,春节假期“忙用功” 比亚迪2月销量暴增300%,春节假期“忙用功” 比亚迪2月销量暴增300%
2018-03-13,晨会聚焦1803013：重点关注中国中药、纺织日化、医药行业、创新药、海外市场、乐普医疗,晨会聚焦1803013：重点关注中国中药、纺织日化、医药行业、创新药、海外市场、乐普医疗
2018-03-13,新能源车板块大涨原因找到了！,新能源车板块大涨原因找到了！
2018-03-13,【电力设备与新能源|邵晶鑫团队太平洋证券】新能源车：2月销量同比高增长，车型准备已到位,【电力设备与新能源|邵晶鑫团队太平洋证券】新能源车：2月销量同比高增长，车型准备已到位
2018-03-13,新能源汽车投诉关键词,新能源汽车投诉关键词
2018-03-13,比亚迪加码云轨业务收购新途轨道100%股权,比亚迪加码云轨业务收购新途轨道100%股权
2018-03-13,"电气设备行业:量少质优,入围车型升级明显","电气设备行业:量少质优,入围车型升级明显"
2018-03-13,2月新能源车销量点评:新能源乘用车销量保持高速增长,2月新能源车销量点评:新能源乘用车销量保持高速增长
2018-03-13,星星科技副总邵国峰窗口期减持 涉嫌违规交易,星星科技副总邵国峰窗口期减持 涉嫌违规交易
2018-03-14,[中性评级]深度*行业*汽车行业周报：“两会”引领汽车行业新风向 1-2月汽车销量微增,[中性评级]深度*行业*汽车行业周报：“两会”引领汽车行业新风向 1-2月汽车销量微增
2018-03-14,2月中国新能源汽车销售排名,2月中国新能源汽车销售排名
2018-03-14,第306批新车公示，思皓EV/北汽EU5等355款新能源车型入选,第306批新车公示，思皓EV/北汽EU5等355款新能源车型入选
2018-03-14,长城纯电动SUV新申报图曝光，或更名长城EV，对手不多都没它强？,长城纯电动SUV新申报图曝光，或更名长城EV，对手不多都没它强？
2018-03-14,四部委“摸底考试” 比亚迪、北汽、吉利成优等生，长安、长城不及格……,四部委“摸底考试” 比亚迪、北汽、吉利成优等生，长安、长城不及格……
2018-03-14,大众200亿欧元加码电动车研发，新能源汽车风口持续,大众200亿欧元加码电动车研发，新能源汽车风口持续
2018-03-14,比亚迪：已积极革新产品规划 将陆续推出配置领先的系列车型,比亚迪：已积极革新产品规划 将陆续推出配置领先的系列车型
2018-03-14,“北戴合”持续向“北”推进 北汽反向持股为何搁浅？,“北戴合”持续向“北”推进 北汽反向持股为何搁浅？
2018-03-14,[看好评级]2018年2月乘用车市场终端价格监测月报,[看好评级]2018年2月乘用车市场终端价格监测月报
2018-03-14,[推荐评级]汽车行业点评报告：长城长安积分压力大 比亚迪吉利有望受益积分交易,[推荐评级]汽车行业点评报告：长城长安积分压力大 比亚迪吉利有望受益积分交易
2018-03-14,“并购狂人”李书福如何抢占新能源车市场？,“并购狂人”李书福如何抢占新能源车市场？
2018-03-14,汽车：新能源汽车高速增长 荐8股,汽车：新能源汽车高速增长 荐8股
2018-03-14,比亚迪汽车3月上半月大事回顾,比亚迪汽车3月上半月大事回顾
2018-03-14,星星科技副总邵国峰窗口期交易 收到深交所监管函,星星科技副总邵国峰窗口期交易 收到深交所监管函
2018-03-14,"动力电池行业行业研究:宁德时代更新招股说明书,动力锂电“独角兽”进入IPO快速通道","动力电池行业行业研究:宁德时代更新招股说明书,动力锂电“独角兽”进入IPO快速通道"
2018-03-14,宁德时代更新招股书 “独角兽效应” 引IPO排队提速？,宁德时代更新招股书 “独角兽效应” 引IPO排队提速？
2018-03-14,冲刺IPO在即 宁德时代超松下拿下全球动力电池第一,冲刺IPO在即 宁德时代超松下拿下全球动力电池第一
2018-03-14,最美家轿或将易主，全新一代秦申报图曝光,最美家轿或将易主，全新一代秦申报图曝光
2018-03-14,【天风Morning Call】晨会集萃20180314,【天风Morning Call】晨会集萃20180314
2018-03-14,被热捧的新能源汽车，为何在二手车市场进了冷宫？,被热捧的新能源汽车，为何在二手车市场进了冷宫？
2018-03-14,汽车行业周报:CATL进入大众电动车供应链,汽车行业周报:CATL进入大众电动车供应链
2018-03-14,动力电池回收孕育新蓝海,动力电池回收孕育新蓝海
2018-03-14,[强于大市评级]汽车行业点评：“独角兽”CATL上市冲刺 “大国重器”重塑全球产业格局,[强于大市评级]汽车行业点评：“独角兽”CATL上市冲刺 “大国重器”重塑全球产业格局
2018-03-14,锂电池回收行业近期重点事件点评：政策频出 渐入佳境,锂电池回收行业近期重点事件点评：政策频出 渐入佳境
2018-03-14,新能源积分政策实施 比亚迪北汽光卖积分可赚10亿 长城广汽压力大,新能源积分政策实施 比亚迪北汽光卖积分可赚10亿 长城广汽压力大
2018-03-15,比亚迪利润/销量双下滑 2018想要翻靠什么？,比亚迪利润/销量双下滑 2018想要翻靠什么？
2018-03-15,[买入评级]动力电池行业点评：宁德时代更新招股说明书 动力锂电“独角兽”进入IPO快速通道,[买入评级]动力电池行业点评：宁德时代更新招股说明书 动力锂电“独角兽”进入IPO快速通道
2018-03-15,这7款纯电动轻卡将获国家补贴,这7款纯电动轻卡将获国家补贴
2018-03-15,[推荐评级]汽车行业快评：2016年双积分核算结果分析,[推荐评级]汽车行业快评：2016年双积分核算结果分析
2018-03-15,比亚迪、亚星并列榜首 150款新能源客车入选306批新车公告,比亚迪、亚星并列榜首 150款新能源客车入选306批新车公告
2018-03-15,【东吴晨报0315】【宏观】1-2月经济数据【行业】计算机、通信【个股】新城控股、平安银行、汇川技术,【东吴晨报0315】【宏观】1-2月经济数据【行业】计算机、通信【个股】新城控股、平安银行、汇川技术
2018-03-15,国内自主品牌依然靠三菱发动机生存？事实真的如此吗？,国内自主品牌依然靠三菱发动机生存？事实真的如此吗？
2018-03-15,汽车零部件行业研究报告———金准报告,汽车零部件行业研究报告———金准报告
2018-03-15,锂电捷报频传 板块加速上行,锂电捷报频传 板块加速上行
2018-03-15,如何不黑不吹地评价国内动力电池电芯技术水平？,如何不黑不吹地评价国内动力电池电芯技术水平？
2018-03-15,"电气设备行业:2月产销继续“开门红”,新能源车进入“黄金冲刺3个月”","电气设备行业:2月产销继续“开门红”,新能源车进入“黄金冲刺3个月”"
2018-03-15,"汽车行业月报:1-2月汽车销量微增,新能源汽车高速增长","汽车行业月报:1-2月汽车销量微增,新能源汽车高速增长"
2018-03-15,【电新*曾朵红团队】2月电动车销量同比高增长，反转行情延续,【电新*曾朵红团队】2月电动车销量同比高增长，反转行情延续
2018-03-16,比亚迪掀十年来最大变革 王传福打造“安卓式”造车模式,比亚迪掀十年来最大变革 王传福打造“安卓式”造车模式
2018-03-16,特斯拉将迎来首次硬件升级 中控大屏更换新处理芯片,特斯拉将迎来首次硬件升级 中控大屏更换新处理芯片
2018-03-16,科技神回复 | 小米手机终极目标：只换不修，雷军离雷布斯又进一步,科技神回复 | 小米手机终极目标：只换不修，雷军离雷布斯又进一步
2018-03-16,滴滴携手北汽 定制“智能共享”汽车模式,滴滴携手北汽 定制“智能共享”汽车模式
2018-03-16,福布斯2018富豪榜 || 实现赚1个亿的小目标，李书福只需要16个小时 | 中国汽车报,福布斯2018富豪榜 || 实现赚1个亿的小目标，李书福只需要16个小时 | 中国汽车报
2018-03-16,百度入主！智能家居格局生变，市场潜能大爆发……,百度入主！智能家居格局生变，市场潜能大爆发……
2018-03-16,宁德时代去年净利40亿元 更新招股说明书求IPO“放行”,宁德时代去年净利40亿元 更新招股说明书求IPO“放行”
2018-03-16,[强烈推荐评级]机械子行业财务分析系列01：需求+财务二维分析锂电设备,[强烈推荐评级]机械子行业财务分析系列01：需求+财务二维分析锂电设备
2018-03-16,第306批新车公示：前10电池企业配套车型占据60%,第306批新车公示：前10电池企业配套车型占据60%
2018-03-16,平安-比亚迪供应链金融ABS获批,平安-比亚迪供应链金融ABS获批
2018-03-16,跨市场新能源汽车周报：2018年第2批新能源汽车推广目录发布,跨市场新能源汽车周报：2018年第2批新能源汽车推广目录发布
2018-03-16,新能源车企同台论道 谋篇布局占领制高点,新能源车企同台论道 谋篇布局占领制高点
2018-03-16,新能源汽车板块盘中异动，亚星客车两连板,新能源汽车板块盘中异动，亚星客车两连板
2018-03-16,合资品牌无缘前三，五菱宏光/宝骏730/宋MAX已成为MPV界的铁三角,合资品牌无缘前三，五菱宏光/宝骏730/宋MAX已成为MPV界的铁三角
2018-03-16,[增持评级]电力设备与新能源行业点评：1月海外电动车基本保持稳定 静待放量,[增持评级]电力设备与新能源行业点评：1月海外电动车基本保持稳定 静待放量
2018-03-16,李彦宏说吃着火锅唱着歌，奔驰你却要我命！,李彦宏说吃着火锅唱着歌，奔驰你却要我命！
2018-03-16,无惧零下47℃极寒低温 比亚迪纯电动客车勇战海拉尔,无惧零下47℃极寒低温 比亚迪纯电动客车勇战海拉尔
2018-03-17,独家 | 比亚迪经销商爆料宋MAX存在跑偏，或将引发爆胎和车辆失控！,独家 | 比亚迪经销商爆料宋MAX存在跑偏，或将引发爆胎和车辆失控！
2018-03-17,奔驰“定速巡航失控”存疑 智能驾驶安全性引强烈担忧,奔驰“定速巡航失控”存疑 智能驾驶安全性引强烈担忧
2018-03-17,IPO有人欢喜有人愁 宁德火速 迈得徘徊,IPO有人欢喜有人愁 宁德火速 迈得徘徊
2018-03-17,高速增长 新能源汽车售后服务实际续航里程问题凸显,高速增长 新能源汽车售后服务实际续航里程问题凸显
2018-03-18,四部委公布“双积分账单”：长城长安已背上20万分“积分债”,四部委公布“双积分账单”：长城长安已背上20万分“积分债”
2018-03-18,锂电池行业：报废高峰来临 布局长远未当时,锂电池行业：报废高峰来临 布局长远未当时
2018-03-18,26倍PE估值仍哄抢 马云上门求份额 创业板即将迎来“超级独角兽”,26倍PE估值仍哄抢 马云上门求份额 创业板即将迎来“超级独角兽”
2018-03-19,桂林市长：建地铁增加地方债务，三四线城市用比亚迪“云轨”,桂林市长：建地铁增加地方债务，三四线城市用比亚迪“云轨”
2018-03-19,[中性评级]深度*行业*汽车行业周报：2016年双积分核算结果出炉 上汽奥迪加速推进,[中性评级]深度*行业*汽车行业周报：2016年双积分核算结果出炉 上汽奥迪加速推进
2018-03-19,[增持评级]汽车行业周报：批发零售数据回暖 看好龙头整车及经销商,[增持评级]汽车行业周报：批发零售数据回暖 看好龙头整车及经销商
2018-03-19,汽车：上汽奥迪加速推进 荐9股,汽车：上汽奥迪加速推进 荐9股
2018-03-19,[强于大市评级]汽车行业周报：奥迪公告证实 上汽奥迪项目将稳步推进,[强于大市评级]汽车行业周报：奥迪公告证实 上汽奥迪项目将稳步推进
2018-03-19,电力：锂电全球化竞争下价值重估 荐14股,电力：锂电全球化竞争下价值重估 荐14股
2018-03-19,3月20日热点板块及个股探秘解析（附股）,3月20日热点板块及个股探秘解析（附股）
2018-03-19,“囚徒困境”逻辑被验证，风物长宜放眼量【安信王者电车·开讲啦·第20期纪要】,“囚徒困境”逻辑被验证，风物长宜放眼量【安信王者电车·开讲啦·第20期纪要】
2018-03-19,电气设备：电动乘用车市场全面三元化趋势明显 荐5股,电气设备：电动乘用车市场全面三元化趋势明显 荐5股
2018-03-19,比亚迪拟发行规模不超过100亿元资产支持证券 期限不超过3年,比亚迪拟发行规模不超过100亿元资产支持证券 期限不超过3年
2018-03-19,宁德时代IPO提速 未来面临的挑战,宁德时代IPO提速 未来面临的挑战
2018-03-19,汽车等三行业最受机构青睐 六股迎来掘金好机会,汽车等三行业最受机构青睐 六股迎来掘金好机会
2018-03-19,[推荐评级]电气设备行业事件点评报告：从全球电池龙头看当前新能源车产业链,[推荐评级]电气设备行业事件点评报告：从全球电池龙头看当前新能源车产业链
2018-03-19,早安！方正最新观点20180319,早安！方正最新观点20180319
2018-03-19,汽车：2018年第2批新能源汽车推广目录发布 荐9股,汽车：2018年第2批新能源汽车推广目录发布 荐9股
2018-03-20,车企组建安卓式智能驾驶开发平台 间接反击“互联网颠覆”？,车企组建安卓式智能驾驶开发平台 间接反击“互联网颠覆”？
2018-03-20,金股预测晚间版：千山药机等3股后市上涨概率超75%,金股预测晚间版：千山药机等3股后市上涨概率超75%
2018-03-20,戴姆勒牵手吉利腾势前途未卜 入股迫于双积分压力,戴姆勒牵手吉利腾势前途未卜 入股迫于双积分压力
2018-03-20,十点一线：众泰爆出原创设计草图 其他企业会相信么？,十点一线：众泰爆出原创设计草图 其他企业会相信么？
2018-03-20,实现本地化生产 比亚迪纯电动大巴于巴西首都巴西利亚正式运营,实现本地化生产 比亚迪纯电动大巴于巴西首都巴西利亚正式运营
2018-03-20,[增持评级]电力设备新能源行业周报：风电反转迹象已现 锂电全球化竞争下价值重估,[增持评级]电力设备新能源行业周报：风电反转迹象已现 锂电全球化竞争下价值重估
2018-03-20,奥特佳：公司电动压缩机目前已向北汽和比亚迪供货,奥特佳：公司电动压缩机目前已向北汽和比亚迪供货
2018-03-20,[推荐评级]汽车行业周报：大众加速电动车战略 看好新能源汽车高景气度持续,[推荐评级]汽车行业周报：大众加速电动车战略 看好新能源汽车高景气度持续
2018-03-20,比亚迪宋MAX 6座版详细配置 新增5大实用功能,比亚迪宋MAX 6座版详细配置 新增5大实用功能
2018-03-20,首批动力电池将迎“报废潮” 2020年将达17万吨,首批动力电池将迎“报废潮” 2020年将达17万吨
2018-03-20,推2款车型/配置丰富 比亚迪宋MAX 6座版,推2款车型/配置丰富 比亚迪宋MAX 6座版
2018-03-20,比亚迪新能源汽车研发项目新增两实施主体,比亚迪新能源汽车研发项目新增两实施主体
2018-03-20,抛开商业化谈技术都是耍流氓，国内动力电池电芯技术到底什么水平？,抛开商业化谈技术都是耍流氓，国内动力电池电芯技术到底什么水平？
2018-03-20,亚洲CES展迎来“新面孔”，广汽、比亚迪成主角，拜腾首次参会,亚洲CES展迎来“新面孔”，广汽、比亚迪成主角，拜腾首次参会
2018-03-20,供应链金融ABS迎政策风口 券商力拓新经济客户,供应链金融ABS迎政策风口 券商力拓新经济客户
2018-03-20,新欢与旧爱：戴姆勒牵手吉利 腾势前途未卜,新欢与旧爱：戴姆勒牵手吉利 腾势前途未卜
2018-03-20,"新能源行业周报:预期仍将向上修正,龙头价值明显","新能源行业周报:预期仍将向上修正,龙头价值明显"
2018-03-20,"新能源行业周报:光伏领跑者持续推进,平价上网更近一步","新能源行业周报:光伏领跑者持续推进,平价上网更近一步"
2018-03-20,2月SUV卖得最差的10台车 最低月售不到10台,2月SUV卖得最差的10台车 最低月售不到10台
2018-03-21,深圳西湖股份投放3191台比亚迪e6出租车,深圳西湖股份投放3191台比亚迪e6出租车
2018-03-21,北汽新能源销量竟然折半 2018年2月新能源车销量分析,北汽新能源销量竟然折半 2018年2月新能源车销量分析
2018-03-21,[推荐评级]电子制造Ⅱ行业重大事件点评报告：OPPO R15高端机曝光 陶瓷后盖产业迎良机,[推荐评级]电子制造Ⅱ行业重大事件点评报告：OPPO R15高端机曝光 陶瓷后盖产业迎良机
2018-03-21,比亚迪宋MAX 6座版参数配置曝光 首推自动挡车型,比亚迪宋MAX 6座版参数配置曝光 首推自动挡车型
2018-03-21,宁德时代突然崛起 | 钛媒体深度,宁德时代突然崛起 | 钛媒体深度
2018-03-21,[中性评级]汽车行业周报：我国首个乘用车双积分结果公布 2月动力电池装机量同比大增,[中性评级]汽车行业周报：我国首个乘用车双积分结果公布 2月动力电池装机量同比大增
2018-03-21,政策支持+需求驱动 这一板块投资机会显现,政策支持+需求驱动 这一板块投资机会显现
2018-03-21,[看好评级]【万国电车系列深度之五】宁德时代招股说明书解读(电气设备行业)：从独角兽CATL招股书更新看动力电池环节发展趋势,[看好评级]【万国电车系列深度之五】宁德时代招股说明书解读(电气设备行业)：从独角兽CATL招股书更新看动力电池环节发展趋势
2018-03-22,比亚迪研发“云巴” 造价较“云轨”大幅下降,比亚迪研发“云巴” 造价较“云轨”大幅下降
2018-03-22,助力动力电池轻量化 合力泰FPC分享新能源汽车市场盛宴,助力动力电池轻量化 合力泰FPC分享新能源汽车市场盛宴
2018-03-22,十点一线：刚遇见“云轨”又迎来“云巴” 比亚迪这是要上天？,十点一线：刚遇见“云轨”又迎来“云巴” 比亚迪这是要上天？
2018-03-22,山西太原 ：第二批40辆比亚迪纯电动公交投入使用,山西太原 ：第二批40辆比亚迪纯电动公交投入使用
2018-03-22,采用无人驾驶 比亚迪或将推出云巴项目,采用无人驾驶 比亚迪或将推出云巴项目
2018-03-22,深圳成全球纯电动出租车运营规模最大城市 规模已近1.3万辆,深圳成全球纯电动出租车运营规模最大城市 规模已近1.3万辆
2018-03-22,利润缩水新能源遇瓶颈 比亚迪如何破局,利润缩水新能源遇瓶颈 比亚迪如何破局
2018-03-22,解析2018年新能源汽车八大趋势,解析2018年新能源汽车八大趋势
2018-03-22,[优于大势评级]汽车行业周报：汽车零部件板块回调后 我们怎么看?,[优于大势评级]汽车行业周报：汽车零部件板块回调后 我们怎么看?
2018-03-22,比亚迪VS.宁德时代，中国动力电池双巨头的终极对决,比亚迪VS.宁德时代，中国动力电池双巨头的终极对决
2018-03-22,钴价续涨引发并购扩产潮 下游企业“向上游”,钴价续涨引发并购扩产潮 下游企业“向上游”
2018-03-23,“消失”的QQ、奥拓们，新能源概念会成救命稻草吗？,“消失”的QQ、奥拓们，新能源概念会成救命稻草吗？
2018-03-23,新能源汽车“政策市”牵动上下游 动力电池将长期面临供大于求？,新能源汽车“政策市”牵动上下游 动力电池将长期面临供大于求？
2018-03-23,三星、LG、比亚迪等齐聚宁德时代 研讨锂电池国际标准,三星、LG、比亚迪等齐聚宁德时代 研讨锂电池国际标准
2018-03-23,家门口唱大戏！北京车展自主品牌上演“七星高照”,家门口唱大戏！北京车展自主品牌上演“七星高照”
2018-03-23,吉利/比亚迪给造车新势力们上了一课,吉利/比亚迪给造车新势力们上了一课
2018-03-23,新能源车企千亿应收款压顶，小车企惊现零销量,新能源车企千亿应收款压顶，小车企惊现零销量
2018-03-24,大连机床被疑虚构7.6亿债权 中江信托不幸中招,大连机床被疑虚构7.6亿债权 中江信托不幸中招
2018-03-25,传统车企新能源汽车板块研究报告 || 比亚迪：老大的风范 | 中国汽车报,传统车企新能源汽车板块研究报告 || 比亚迪：老大的风范 | 中国汽车报
2018-03-25,半年规划投资1740亿元产能超260万辆 宝能汽车目标超越大众、比亚迪？,半年规划投资1740亿元产能超260万辆 宝能汽车目标超越大众、比亚迪？
2018-03-25,动力电池报废潮到来前夜：多家上市公司股价半年涨幅超五成,动力电池报废潮到来前夜：多家上市公司股价半年涨幅超五成
2018-03-26,补贴后售29.88-32.88万元 腾势500上市,补贴后售29.88-32.88万元 腾势500上市
2018-03-26,腾势500正式上市 新车售价29.88万元起,腾势500正式上市 新车售价29.88万元起
2018-03-26,电气设备：钴资源价格持续攀升 荐5股,电气设备：钴资源价格持续攀升 荐5股
2018-03-26,四万元能买“卡罗拉”你信吗？ 比亚迪F3新老对比,四万元能买“卡罗拉”你信吗？ 比亚迪F3新老对比
2018-03-26,6月11日前新能源车补贴过渡期 这些车要买需趁早,6月11日前新能源车补贴过渡期 这些车要买需趁早
2018-03-26,比亚迪占领低端，特斯拉占领高端，蔚来能否占领中端市场？,比亚迪占领低端，特斯拉占领高端，蔚来能否占领中端市场？
2018-03-26,【G20周刊】研讨锂电池国际标准 三星/LG/比亚迪等齐聚宁德时代,【G20周刊】研讨锂电池国际标准 三星/LG/比亚迪等齐聚宁德时代
2018-03-26,【机械设备|刘国清团队太平洋证券】诺力股份(603611)：签订青海比亚迪大单，锂电行业拓展成效显著,【机械设备|刘国清团队太平洋证券】诺力股份(603611)：签订青海比亚迪大单，锂电行业拓展成效显著
2018-03-27,比亚迪：新能车补贴退坡影响 一季度净利下滑至多92%,比亚迪：新能车补贴退坡影响 一季度净利下滑至多92%
2018-03-27,比亚迪新能源车占比近四成，王传福放言重回高增长轨道,比亚迪新能源车占比近四成，王传福放言重回高增长轨道
2018-03-27,比亚迪：预计一季度新能源乘用车销量增长200%,比亚迪：预计一季度新能源乘用车销量增长200%
2018-03-27,比亚迪营收微增净利润下滑20% 云轨或成业绩新增长点,比亚迪营收微增净利润下滑20% 云轨或成业绩新增长点
2018-03-27,比亚迪预计一季度业绩大幅下降 要重蹈老板电器覆辙？,比亚迪预计一季度业绩大幅下降 要重蹈老板电器覆辙？
2018-03-27,一线|比亚迪2017年度财报：发力新能源 净利润40.66亿,一线|比亚迪2017年度财报：发力新能源 净利润40.66亿
2018-03-27,比亚迪发2017业绩报告：营收1026亿，净利40亿,比亚迪发2017业绩报告：营收1026亿，净利40亿
2018-03-27,比亚迪去年净利降两成至40亿，汽车业务盈利能力受一定影响,比亚迪去年净利降两成至40亿，汽车业务盈利能力受一定影响
2018-03-27,比亚迪：年报净利40.66亿元 拟10派1.41元,比亚迪：年报净利40.66亿元 拟10派1.41元
2018-03-27,一季度新能源车销量增200% 比亚迪年内将推多款车,一季度新能源车销量增200% 比亚迪年内将推多款车
2018-03-27,王传福：比亚迪2018年重回高增长轨道,王传福：比亚迪2018年重回高增长轨道
2018-03-27,比亚迪发布2017年业绩报告：营业额1026亿元人民币，净利润40.66亿元,比亚迪发布2017年业绩报告：营业额1026亿元人民币，净利润40.66亿元
2018-03-27,比亚迪：2017年净利润40.66亿元，同比降19.51%,比亚迪：2017年净利润40.66亿元，同比降19.51%
2018-03-27,一季度新能源乘用车销量暴增200%，比亚迪三大业务前景看好,一季度新能源乘用车销量暴增200%，比亚迪三大业务前景看好
2018-03-27,比亚迪：全年净利润40.7亿元人民币 同比下降19.5%,比亚迪：全年净利润40.7亿元人民币 同比下降19.5%
2018-03-27,比亚迪：2017年净利40.66亿元 同比下降19.51%,比亚迪：2017年净利40.66亿元 同比下降19.51%
2018-03-27,"新能源行业周报:二季度将是行业预期的调整期,光伏政策初落地","新能源行业周报:二季度将是行业预期的调整期,光伏政策初落地"
2018-03-27,新能源布局深入南欧，比亚迪打造葡萄牙首个12米纯电动大巴车队,新能源布局深入南欧，比亚迪打造葡萄牙首个12米纯电动大巴车队
2018-03-27,【电子丨段迎晟】欣旺达(300207)：不仅仅是电池PACK！立志做模组厂产业升级的引领者,【电子丨段迎晟】欣旺达(300207)：不仅仅是电池PACK！立志做模组厂产业升级的引领者
2018-03-27,比亚迪：公司及其控股子公司为销售产品对外提供回购或担保的公告,比亚迪：公司及其控股子公司为销售产品对外提供回购或担保的公告
2018-03-27,比亚迪为葡萄牙建电动大巴车队,比亚迪为葡萄牙建电动大巴车队
2018-03-27,机械行业动态：锂电池装机量、起重机销量持续高增长,机械行业动态：锂电池装机量、起重机销量持续高增长
2018-03-27,[领先大市-A评级]新能源设备行业周报：配额制强制消纳可再生能源 钴资源价格持续攀升,[领先大市-A评级]新能源设备行业周报：配额制强制消纳可再生能源 钴资源价格持续攀升
2018-03-27,[买入评级]新能源汽车行业3月刊：产销兑现高增长 技术升级超预期,[买入评级]新能源汽车行业3月刊：产销兑现高增长 技术升级超预期
2018-03-27,戴姆勒纳宁德时代为全球锂电供应商,戴姆勒纳宁德时代为全球锂电供应商
2018-03-27,[买入评级]汽车与汽车零部件行业周报：电动汽车安全全球技术法规获通过,[买入评级]汽车与汽车零部件行业周报：电动汽车安全全球技术法规获通过
2018-03-27,沪深上市公司18年3月28日重大事项交易提示速递,沪深上市公司18年3月28日重大事项交易提示速递
2018-03-27,比亚迪：2017年净利润同比减两成，拟10派1.41元,比亚迪：2017年净利润同比减两成，拟10派1.41元
2018-03-27,续航里程再提升 腾势能就此“腾势”吗？,续航里程再提升 腾势能就此“腾势”吗？
2018-03-28,比亚迪去年净利减少近20%：A股一度跌停 H股跌超11%,比亚迪去年净利减少近20%：A股一度跌停 H股跌超11%
2018-03-28,比亚迪年报一季报净利双降 老板电器老路是否会再现,比亚迪年报一季报净利双降 老板电器老路是否会再现
2018-03-28,比亚迪2018年一季度利润预计下滑超过7成,比亚迪2018年一季度利润预计下滑超过7成
2018-03-28,战略开放调整获机构长期看好，比亚迪三大业务势头向好,战略开放调整获机构长期看好，比亚迪三大业务势头向好
2018-03-28,从被围剿到被追捧，比亚迪在海外开启订单收割模式,从被围剿到被追捧，比亚迪在海外开启订单收割模式
2018-03-28,[大行评级]花旗：比亚迪(01211.HK)下半年毛利可望复苏 维持“买入”评级,[大行评级]花旗：比亚迪(01211.HK)下半年毛利可望复苏 维持“买入”评级
2018-03-28,比亚迪年报一季报净利遇冷 H股全天走低A股大跌8%,比亚迪年报一季报净利遇冷 H股全天走低A股大跌8%
2018-03-28,比亚迪净利下滑逾七成 百亿市值蒸发,比亚迪净利下滑逾七成 百亿市值蒸发
2018-03-28,锐见财报:比亚迪1/3利润来自补贴 一季度利润暴跌9成,锐见财报:比亚迪1/3利润来自补贴 一季度利润暴跌9成
2018-03-28,一文了解比亚迪2017年度报告：净利润同比下降19.51%,一文了解比亚迪2017年度报告：净利润同比下降19.51%
2018-03-28,[推荐评级]比亚迪(002594/01211.HK)年报点评：手机业务稳健增长;补贴退坡拖累汽车业务,[推荐评级]比亚迪(002594/01211.HK)年报点评：手机业务稳健增长;补贴退坡拖累汽车业务
2018-03-28,比亚迪财报看点：新能源车比传统车赚钱,比亚迪财报看点：新能源车比传统车赚钱
2018-03-28,3月28日异动股点评：比亚迪放量打开跌停板 盘点四牛四熊,3月28日异动股点评：比亚迪放量打开跌停板 盘点四牛四熊
2018-03-28,比亚迪开盘就跌停！王传福坐不住了，紧急回应：二季度会有起色,比亚迪开盘就跌停！王传福坐不住了，紧急回应：二季度会有起色
2018-03-28,【解盘论市】欧美暴跌亚太重挫，春风十里不如看戏,【解盘论市】欧美暴跌亚太重挫，春风十里不如看戏
2018-03-28,电池升级 比亚迪三款电动车3月31日上市,电池升级 比亚迪三款电动车3月31日上市
2018-03-28,比亚迪在澳大利亚签署75MW光伏项目,比亚迪在澳大利亚签署75MW光伏项目
2018-03-28,781家上市公司公布年报，超七成净利增长,781家上市公司公布年报，超七成净利增长
2018-03-28,“萝卜章”坑骗6亿 中江信托陷尽调风波,“萝卜章”坑骗6亿 中江信托陷尽调风波
2018-03-28,比亚迪计划6月开始销售新款唐和秦汽车,比亚迪计划6月开始销售新款唐和秦汽车
2018-03-28,比亚迪公布2017年年报 商用车“逆势上涨”业绩亮眼,比亚迪公布2017年年报 商用车“逆势上涨”业绩亮眼
2018-03-28,比亚迪王传福：考虑将应收账款证券化,比亚迪王传福：考虑将应收账款证券化
2018-03-28,比亚迪秦EV450专利图曝光 续航可达480公里,比亚迪秦EV450专利图曝光 续航可达480公里
2018-03-28,王传福：未来三年乘用车将达年均30%以上增长 双积分的积分收益将抵充补贴下滑影响,王传福：未来三年乘用车将达年均30%以上增长 双积分的积分收益将抵充补贴下滑影响
2018-03-28,出海记｜外媒：比亚迪电动巴士登陆葡萄牙 电动出租车投放曼谷,出海记｜外媒：比亚迪电动巴士登陆葡萄牙 电动出租车投放曼谷
2018-03-28,比亚迪(01211-HK)去年少赚19.51%末期息14.1分,比亚迪(01211-HK)去年少赚19.51%末期息14.1分
2018-03-28,EV晨报 | 工信部明确今年新能源车标准化工作要点;宁德时代成戴姆勒锂电供应商;比亚迪新能源车占比近四成,EV晨报 | 工信部明确今年新能源车标准化工作要点;宁德时代成戴姆勒锂电供应商;比亚迪新能源车占比近四成
2018-03-28,"图解年报:比亚迪2017年净利润40.7亿元,同比下降19.51%","图解年报:比亚迪2017年净利润40.7亿元,同比下降19.51%"
2018-03-28,燃油车全面溃败，新能源车体量小难成大势，比亚迪销量利润双下滑背后,燃油车全面溃败，新能源车体量小难成大势，比亚迪销量利润双下滑背后
2018-03-28,比亚迪2017年净利同比下降19%,比亚迪2017年净利同比下降19%
2018-03-28,早报：从三方面看新能源汽车市场动态,早报：从三方面看新能源汽车市场动态
2018-03-28,比亚迪王传福：二季度后毛利会有大的增长,比亚迪王传福：二季度后毛利会有大的增长
2018-03-28,业绩不及预期 比亚迪A股跌停,业绩不及预期 比亚迪A股跌停
2018-03-28,比亚迪预计一季度业绩下滑 开盘跌停,比亚迪预计一季度业绩下滑 开盘跌停
2018-03-28,比亚迪开盘跌停，一季报预降75.24%-91.75%,比亚迪开盘跌停，一季报预降75.24%-91.75%
2018-03-28,预计一季度业绩大幅下降 比亚迪股价跌停,预计一季度业绩大幅下降 比亚迪股价跌停
2018-03-28,一季度净利预计下降91.75%至75.24% 比亚迪开盘跌停,一季度净利预计下降91.75%至75.24% 比亚迪开盘跌停
2018-03-28,比亚迪开盘跌停，乐视网复牌微涨,比亚迪开盘跌停，乐视网复牌微涨
2018-03-28,比亚迪营收再超吉利长城 今年电池产能够去年77%车企用,比亚迪营收再超吉利长城 今年电池产能够去年77%车企用
2018-03-28,比亚迪绩差及首季盈利料急挫 现价下跌9%A股跌停,比亚迪绩差及首季盈利料急挫 现价下跌9%A股跌停
2018-03-28,比亚迪预计今年第一季度净利润同比下降75.24%至91.75%,比亚迪预计今年第一季度净利润同比下降75.24%至91.75%
2018-03-28,业绩预期竟然下滑七到九成，比亚迪早盘紧急跌停！,业绩预期竟然下滑七到九成，比亚迪早盘紧急跌停！
2018-03-28,港股异动︱比亚迪（01211）跌9% 预计一季度净利润下滑75-92%,港股异动︱比亚迪（01211）跌9% 预计一季度净利润下滑75-92%
2018-03-28,比亚迪2017年电动车营收385亿 同比增长逾13%,比亚迪2017年电动车营收385亿 同比增长逾13%
2018-03-28,比亚迪打开跌停，现跌逾7%,比亚迪打开跌停，现跌逾7%
2018-03-29,一季报业绩地雷不断 警惕这些业绩连续下滑股,一季报业绩地雷不断 警惕这些业绩连续下滑股
2018-03-29,北汽牵手比亚迪 新能源两巨头迎来开放共享,北汽牵手比亚迪 新能源两巨头迎来开放共享
2018-03-29,[审慎增持评级]比亚迪(002594)年报点评：穿越调整期 步入新时代,[审慎增持评级]比亚迪(002594)年报点评：穿越调整期 步入新时代
2018-03-29,3191辆！比亚迪e6纯电动出租车大批量投放深圳！,3191辆！比亚迪e6纯电动出租车大批量投放深圳！
2018-03-29,特斯拉出车祸比亚迪栽了大跟头 350亿市值灰飞烟灭,特斯拉出车祸比亚迪栽了大跟头 350亿市值灰飞烟灭
2018-03-29,补贴生变致比亚迪业绩下滑20%，动力电池欲分拆上市,补贴生变致比亚迪业绩下滑20%，动力电池欲分拆上市
2018-03-29,比亚迪首次官方回应：电池业务独立上市正在酝酿之中,比亚迪首次官方回应：电池业务独立上市正在酝酿之中
2018-03-29,“消失”的QQ、奥拓们，新能源概念会成救命稻草吗？,“消失”的QQ、奥拓们，新能源概念会成救命稻草吗？
2018-03-29,比亚迪：提供多制式交通选择 不竞争地铁市场,比亚迪：提供多制式交通选择 不竞争地铁市场
2018-03-29,淘尽黄沙始见金 A股开启业绩“扫雷”模式,淘尽黄沙始见金 A股开启业绩“扫雷”模式
2018-03-29,比亚迪股票代码是多少？比亚迪股票代码查询,比亚迪股票代码是多少？比亚迪股票代码查询
2018-03-29,比亚迪计划三个月在曼谷投放100辆e6纯电动出租车,比亚迪计划三个月在曼谷投放100辆e6纯电动出租车
2018-03-29,倒计时2天！比亚迪3款电动车将上市/最低14万起,倒计时2天！比亚迪3款电动车将上市/最低14万起
2018-03-29,补贴退坡又遇淡季 比亚迪一季度净利预降近9成,补贴退坡又遇淡季 比亚迪一季度净利预降近9成
2018-03-29,比亚迪：新能源车销量全球居首,比亚迪：新能源车销量全球居首
2018-03-29,王传福：比亚迪将积极采取对策，弥补补贴减少带来的冲击,王传福：比亚迪将积极采取对策，弥补补贴减少带来的冲击
2018-03-29,比亚迪隐忧：一季度利润跌幅超七成,比亚迪隐忧：一季度利润跌幅超七成
2018-03-29,下半年新能源汽车销量及毛利将改善,下半年新能源汽车销量及毛利将改善
2018-03-29,去年净利降近20％一季度净利料降逾75％ 比亚迪暴跌,去年净利降近20％一季度净利料降逾75％ 比亚迪暴跌
2018-03-29,茅台豪爽分红股价却受挫 股息率太低？,茅台豪爽分红股价却受挫 股息率太低？
2018-03-29,比亚迪暴雷！新能源车“出清”钟声响起,比亚迪暴雷！新能源车“出清”钟声响起
2018-03-29,雄安新区一周年渐近资金热捧 六股大胆抢筹,雄安新区一周年渐近资金热捧 六股大胆抢筹
2018-03-29,早报：细看比亚迪/CATL/松下等企业动态,早报：细看比亚迪/CATL/松下等企业动态
2018-03-29,比亚迪一季度净利润或下滑九成 公司高管年薪大降,比亚迪一季度净利润或下滑九成 公司高管年薪大降
2018-03-29,补贴生变致比亚迪业绩下滑20% 动力电池欲分拆上市,补贴生变致比亚迪业绩下滑20% 动力电池欲分拆上市
2018-03-29,北汽新能源-比亚迪最强大脑合体 国创中心迈出开放共享第一步,北汽新能源-比亚迪最强大脑合体 国创中心迈出开放共享第一步
2018-03-29,"比亚迪:补贴退坡影响盈利能力,业绩触底下半年有望反弹","比亚迪:补贴退坡影响盈利能力,业绩触底下半年有望反弹"
2018-03-29,“炸板潮”来袭 高位股风险加剧,“炸板潮”来袭 高位股风险加剧
2018-03-30,一车三省 3款25万插电式混合动力SUV推荐,一车三省 3款25万插电式混合动力SUV推荐
2018-03-30,二手新能源汽车陷交易尴尬 电池寿命评估缺标准是主因,二手新能源汽车陷交易尴尬 电池寿命评估缺标准是主因
2018-03-30,星星科技副总邵国峰违规减持 被浙江证监局警示,星星科技副总邵国峰违规减持 被浙江证监局警示
2018-03-30,新款比亚迪宋EV400明日上市 续航400km,新款比亚迪宋EV400明日上市 续航400km
2018-03-30,比亚迪电力不足 港股大跌超11%,比亚迪电力不足 港股大跌超11%
2018-03-30,比亚迪今日大宗交易成交6万股，成交价50.4元折价10.48%,比亚迪今日大宗交易成交6万股，成交价50.4元折价10.48%
2018-03-30,【新政下 新能源汽车走向与策略】从政策到市场，中国车企如何探索新能源汽车之路,【新政下 新能源汽车走向与策略】从政策到市场，中国车企如何探索新能源汽车之路
2018-03-30,2018年新能源汽车补贴标准实施一个月：政策倒逼技术升级，死亡竞赛开始,2018年新能源汽车补贴标准实施一个月：政策倒逼技术升级，死亡竞赛开始
2018-03-30,销量利润双下滑 比亚迪急需改善燃油车困境,销量利润双下滑 比亚迪急需改善燃油车困境
2018-03-30,吴辰：腾势不做“占号神器” 4大超值政策表诚意,吴辰：腾势不做“占号神器” 4大超值政策表诚意
2018-03-30,理性看待特斯拉电动卡车发展,理性看待特斯拉电动卡车发展
2018-03-30,比亚迪回应业务上市风波 2月动力电池装机量超1Gwh,比亚迪回应业务上市风波 2月动力电池装机量超1Gwh
2018-03-30,新能源客车企业业绩集体暴跌 寡头格局形成部分车企选择放弃,新能源客车企业业绩集体暴跌 寡头格局形成部分车企选择放弃
2018-03-30,"比亚迪:符合预期,短期承压,期待乘用车和云轨","比亚迪:符合预期,短期承压,期待乘用车和云轨"
2018-03-30,比亚迪2017年新能源汽车及动力电池业务回顾,比亚迪2017年新能源汽车及动力电池业务回顾
2018-03-30,比亚迪证实 将拆分电池业务独立上市,比亚迪证实 将拆分电池业务独立上市
2018-03-30,“双积分”影响几何？比亚迪一年可赚10亿,“双积分”影响几何？比亚迪一年可赚10亿
2018-03-30,供给偏紧多公司扩大锂盐产能 六股蓄势待发,供给偏紧多公司扩大锂盐产能 六股蓄势待发
2018-03-30,去伪存真，A股开启业绩扫雷模式,去伪存真，A股开启业绩扫雷模式
2018-03-30,特斯拉被传破产比亚迪业绩下滑 新能源汽车今年要出事？巴菲特这么看！,特斯拉被传破产比亚迪业绩下滑 新能源汽车今年要出事？巴菲特这么看！
2018-03-30,券商首次关注6股并给予买入评级(3月30日),券商首次关注6股并给予买入评级(3月30日)
2018-03-30,比亚迪或将推云巴项目 深圳大鹏新区尝鲜,比亚迪或将推云巴项目 深圳大鹏新区尝鲜
2018-03-30,从电池到积分再到从整车方案 王传福魏建军握手后有“新合作”,从电池到积分再到从整车方案 王传福魏建军握手后有“新合作”
2018-03-30,3月30日股市解盘直播,3月30日股市解盘直播
2018-03-31,比亚迪锂电事业部副总沈晞：比亚迪正在做动力电池的业务剥离工作,比亚迪锂电事业部副总沈晞：比亚迪正在做动力电池的业务剥离工作
2018-03-31,【上市公司一周舆情热评】茅台股价遭重挫 比亚迪利润下滑存隐忧,【上市公司一周舆情热评】茅台股价遭重挫 比亚迪利润下滑存隐忧
2018-03-31,12.99万起 比亚迪宋EV400等三款电动车上市,12.99万起 比亚迪宋EV400等三款电动车上市
2018-03-31,充换电服务中存在的痛点及有哪些解决方案？听听这四位大佬怎么说,充换电服务中存在的痛点及有哪些解决方案？听听这四位大佬怎么说
2018-03-31,比亚迪一大波新车规划：纯电版唐续航超500公里,比亚迪一大波新车规划：纯电版唐续航超500公里
2018-03-31,补贴后12.99万起 新款秦EV/e5/宋EV上市,补贴后12.99万起 新款秦EV/e5/宋EV上市
2018-03-31,逃离北京的雾霾，我们到深圳体验了当地的绿色出行,逃离北京的雾霾，我们到深圳体验了当地的绿色出行
2018-03-31,全新唐将6-7月上市 比亚迪多款新车规划,全新唐将6-7月上市 比亚迪多款新车规划
2018-03-31,比亚迪2017年净利润骤降两成 燃油车销量下滑25%,比亚迪2017年净利润骤降两成 燃油车销量下滑25%
2018-03-31,云度新能源林密：预计中国禁售燃油车时间表是2030年,云度新能源林密：预计中国禁售燃油车时间表是2030年
2018-03-31,【全面】起底方型电池装机量排行“内幕”,【全面】起底方型电池装机量排行“内幕”
2018-03-31,协同创新、驱动未来——2018珠三角未来汽车供应链创新论坛在深圳盛大开幕,协同创新、驱动未来——2018珠三角未来汽车供应链创新论坛在深圳盛大开幕
2018-03-31,比亚迪沈晞：动力电池业务拆分在即，5年后独立上市,比亚迪沈晞：动力电池业务拆分在即，5年后独立上市
2018-04-01,在中国电动汽车市场，究竟谁是领先者？,在中国电动汽车市场，究竟谁是领先者？
2018-04-01,比亚迪或今年拆分完毕动力电池业务 考虑2022年或2023年独立上市,比亚迪或今年拆分完毕动力电池业务 考虑2022年或2023年独立上市
2018-04-01,[E看就知道]宁德时代成为戴姆勒全球锂电供应商,[E看就知道]宁德时代成为戴姆勒全球锂电供应商
2018-04-02,2018年何以成为比亚迪的“改革开放”年？,2018年何以成为比亚迪的“改革开放”年？
2018-04-02,融捷股份坐拥亚洲最大锂矿 却挣扎在盈亏边缘,融捷股份坐拥亚洲最大锂矿 却挣扎在盈亏边缘
2018-04-02,比亚迪：电池业务分拆今年将有积极进展,比亚迪：电池业务分拆今年将有积极进展
2018-04-02,比亚迪燃油车大幅下滑拖累业绩 一季度利润下滑超七成,比亚迪燃油车大幅下滑拖累业绩 一季度利润下滑超七成
2018-04-02,[看好评级]新能源汽车行业周报：9家新能源车企入选2017年中国独角兽榜单,[看好评级]新能源汽车行业周报：9家新能源车企入选2017年中国独角兽榜单
2018-04-02,比亚迪2款新车4月25日首发 全新一代秦9月上市,比亚迪2款新车4月25日首发 全新一代秦9月上市
2018-04-02,【会员资讯】比亚迪三款纯电动汽车北京首发●智领上市,【会员资讯】比亚迪三款纯电动汽车北京首发●智领上市
2018-04-02,2018全球最具价值汽车品牌出炉，自主品牌差点闯入前十！,2018全球最具价值汽车品牌出炉，自主品牌差点闯入前十！
2018-04-02,自主品牌深陷利润暴跌漩涡,自主品牌深陷利润暴跌漩涡
2018-04-02,[推荐评级]增值税改革事件点评(汽车行业)：税改推动行业长期健康发展 建议关注板块性投资机会,[推荐评级]增值税改革事件点评(汽车行业)：税改推动行业长期健康发展 建议关注板块性投资机会
2018-04-02,3家利润下滑 6港股上市车企2017财报都透露什么了,3家利润下滑 6港股上市车企2017财报都透露什么了
2018-04-02,【G20周刊】新宙邦波兰设厂 星源材质建超级涂覆工厂,【G20周刊】新宙邦波兰设厂 星源材质建超级涂覆工厂
2018-04-02,比亚迪EV家族再度领跑秦EV450、e5 450、宋EV400上市,比亚迪EV家族再度领跑秦EV450、e5 450、宋EV400上市
2018-04-02,【大事件】 打破垂直整合闭环 比亚迪“开放应战”,【大事件】 打破垂直整合闭环 比亚迪“开放应战”
2018-04-02,比亚迪新能源业务规划及布局解读,比亚迪新能源业务规划及布局解读
2018-04-02,比亚迪3款纯电动车上市 补贴后售12.99万起,比亚迪3款纯电动车上市 补贴后售12.99万起
2018-04-02,游侠汽车获50亿B轮融资，特斯拉或面临破产,游侠汽车获50亿B轮融资，特斯拉或面临破产
2018-04-02,比亚迪：痛失行业第一 拆分电池业务,比亚迪：痛失行业第一 拆分电池业务
2018-04-02,比亚迪新车计划：2018年三款新车上市 2019年全新小型电动车亮相,比亚迪新车计划：2018年三款新车上市 2019年全新小型电动车亮相
2018-04-02,比亚迪电子日产能20万片3D玻璃供vivoX21,比亚迪电子日产能20万片3D玻璃供vivoX21
2018-04-03,长城汽车的“引进来”与“走出去”战略,长城汽车的“引进来”与“走出去”战略
2018-04-03,多家中国车企晒出2017成绩单 这几家放学后要“补课了”,多家中国车企晒出2017成绩单 这几家放学后要“补课了”
2018-04-03,[增持评级]电力设备与新能源行业周报：PMI超预期利好工控 电动车抢装如火如荼,[增持评级]电力设备与新能源行业周报：PMI超预期利好工控 电动车抢装如火如荼
2018-04-03,总投资30亿元 长沙比亚迪新能源汽车智能工厂开工,总投资30亿元 长沙比亚迪新能源汽车智能工厂开工
2018-04-03,[看好评级]新能源行业周报：静待风险释放 光伏淡季结束,[看好评级]新能源行业周报：静待风险释放 光伏淡季结束
2018-04-03,七大车企去年获新能源补贴超百亿，补贴削减致客车企业营收、净利下滑,七大车企去年获新能源补贴超百亿，补贴削减致客车企业营收、净利下滑
2018-04-03,[推荐评级]汽车行业研究周报：工信部连发两文 引导汽车新技术规范化发展,[推荐评级]汽车行业研究周报：工信部连发两文 引导汽车新技术规范化发展
2018-04-03,[增持评级]新兴能源行业周报：风光四月旺季 电动车春风暖阳,[增持评级]新兴能源行业周报：风光四月旺季 电动车春风暖阳
2018-04-03,补贴滑坡，动力电池企业普遍承压,补贴滑坡，动力电池企业普遍承压
2018-04-03,奇瑞神秘战略代号“雄狮”将发布 五大板块进行全面“改造”,奇瑞神秘战略代号“雄狮”将发布 五大板块进行全面“改造”
2018-04-03,[买入评级]电气设备行业投资策略：新能源车布局加速 工控行业景气持续,[买入评级]电气设备行业投资策略：新能源车布局加速 工控行业景气持续
2018-04-03,[中立评级]深度*行业*汽车行业周报：汽车行业一季报前瞻：行业分化 布局细分高增长,[中立评级]深度*行业*汽车行业周报：汽车行业一季报前瞻：行业分化 布局细分高增长
2018-04-03,不止拆分 比亚迪电池业务还将独立上市,不止拆分 比亚迪电池业务还将独立上市
2018-04-03,券商评级:沪指低开震荡收盘跌近1% 9股掘金,券商评级:沪指低开震荡收盘跌近1% 9股掘金
2018-04-03,现代汽车工会警告 70%员工可能失去工作岗位,现代汽车工会警告 70%员工可能失去工作岗位
2018-04-03,新能源汽车的迷茫与方向,新能源汽车的迷茫与方向
2018-04-03,比亚迪电池业务5年内独立上市 王传福放言2018年重回高增长,比亚迪电池业务5年内独立上市 王传福放言2018年重回高增长
2018-04-03,王传福攘外安内：比亚迪内部大调整 外部寻盟友,王传福攘外安内：比亚迪内部大调整 外部寻盟友
2018-04-03,补贴“断档”拖累业绩下滑： 比亚迪分拆动力电池要提速,补贴“断档”拖累业绩下滑： 比亚迪分拆动力电池要提速
2018-04-03,12家车企负债近8000亿元 上汽集团占近六成,12家车企负债近8000亿元 上汽集团占近六成
2018-04-03,百度无人驾驶再曝新动作 六股腾飞在即掘金良机,百度无人驾驶再曝新动作 六股腾飞在即掘金良机
2018-04-03,国内七大车企2017年业绩：几家欢喜几家愁,国内七大车企2017年业绩：几家欢喜几家愁
2018-04-03,汽车行业周报：网约车市场硝烟再起 美团高德齐加入,汽车行业周报：网约车市场硝烟再起 美团高德齐加入
2018-04-03,比亚迪吹响新车集结号，重拾燃油车全面发展,比亚迪吹响新车集结号，重拾燃油车全面发展
2018-04-03,比亚迪：云轨业务会并入上市公司,比亚迪：云轨业务会并入上市公司
2018-04-03,乘用车双积分新政实施 新能源车上市或有惊喜价,乘用车双积分新政实施 新能源车上市或有惊喜价
2018-04-03,净利润下降近2成 比亚迪在2017年真的赔了？,净利润下降近2成 比亚迪在2017年真的赔了？
2018-04-03,早报：充电桩市场潜力大 新能源客车2月产量大增,早报：充电桩市场潜力大 新能源客车2月产量大增
2018-04-03,双积分不达标车企高达44家，拿什么来平新能源的坑？,双积分不达标车企高达44家，拿什么来平新能源的坑？
2018-04-04,生产元EV等 比亚迪30亿工厂项目开工,生产元EV等 比亚迪30亿工厂项目开工
2018-04-04,补贴退坡车企自掏腰包补差额 新能源汽车要“烧钱”比拼财力了吗？,补贴退坡车企自掏腰包补差额 新能源汽车要“烧钱”比拼财力了吗？
2018-04-04,汽车链上的“保卫战”：反击互联网“掌控”,汽车链上的“保卫战”：反击互联网“掌控”
2018-04-04,[强于大市评级]3月新能源汽车月报：聚焦CATL 中国锂电已具备全球竞争力,[强于大市评级]3月新能源汽车月报：聚焦CATL 中国锂电已具备全球竞争力
2018-04-04,打赢美国“狙击战” 这家商用车企十年破冰多国纯电动市场,打赢美国“狙击战” 这家商用车企十年破冰多国纯电动市场
2018-04-04,比亚迪MES项目顺利验收 宇航股份再证研发实力,比亚迪MES项目顺利验收 宇航股份再证研发实力
2018-04-04,价格不要超过15万的SUV，油耗低的有哪些？,价格不要超过15万的SUV，油耗低的有哪些？
2018-04-04,比亚迪新能源汽车智能工厂改（扩）建项目开工建设,比亚迪新能源汽车智能工厂改（扩）建项目开工建设
2018-04-04,早报：看比亚迪/特斯拉/宇通等企业最新动态,早报：看比亚迪/特斯拉/宇通等企业最新动态
2018-04-04,比亚迪全新一代唐将推出纯电版，工况续航超500km,比亚迪全新一代唐将推出纯电版，工况续航超500km
2018-04-04,比亚迪拟分拆动力电池业务，拼5年内独立上市,比亚迪拟分拆动力电池业务，拼5年内独立上市
2018-04-04,[买入评级]汽车与汽车零部件行业周报：工信部主导 节能与新能源商用车积分管理制度研究课题启动,[买入评级]汽车与汽车零部件行业周报：工信部主导 节能与新能源商用车积分管理制度研究课题启动
2018-04-04,[增持评级]汽车行业周报：工信部发布2018年新能源汽车、智能网联汽车标准化工作要点,[增持评级]汽车行业周报：工信部发布2018年新能源汽车、智能网联汽车标准化工作要点
2018-04-04,2017年车企财报大盘点：吉利、广汽大幅增长 一汽夏利巨额亏损,2017年车企财报大盘点：吉利、广汽大幅增长 一汽夏利巨额亏损
2018-04-04,伟高达创投季淳钧：10年之前的星星之火，终将燎原,伟高达创投季淳钧：10年之前的星星之火，终将燎原
2018-04-05,高颜值与高实用的碰撞 三款主流纯电动汽车静态对比,高颜值与高实用的碰撞 三款主流纯电动汽车静态对比
2018-04-05,比亚迪：3D玻璃机壳已对部分客户批量出货,比亚迪：3D玻璃机壳已对部分客户批量出货
2018-04-05,比亚迪：今年将推出宋MAX新能源版本的车型,比亚迪：今年将推出宋MAX新能源版本的车型
2018-04-05,走进比亚迪 探营公交电动化第一城 | 中国汽车报,走进比亚迪 探营公交电动化第一城 | 中国汽车报
2018-04-05,政策红利激发工业互联网业绩成长 六股受益,政策红利激发工业互联网业绩成长 六股受益
2018-04-05,4.5秒破百！比亚迪新一代唐预售价曝光：35-50万,4.5秒破百！比亚迪新一代唐预售价曝光：35-50万
2018-04-05,【光大新三板】工信部发布《2018年新能源汽车标准化工作要点》 ——跨市场新能源汽车周报（2018年第14期）,【光大新三板】工信部发布《2018年新能源汽车标准化工作要点》 ——跨市场新能源汽车周报（2018年第14期）
2018-04-06,Model成最畅销电动汽车 六股有望迎来腾飞良机,Model成最畅销电动汽车 六股有望迎来腾飞良机
2018-04-06,18万元差价靠什么抹平 宋EV400对比宝马X1插电混,18万元差价靠什么抹平 宋EV400对比宝马X1插电混
2018-04-06,新补贴政策下的大战 秦EV450对比帝豪EV450,新补贴政策下的大战 秦EV450对比帝豪EV450
2018-04-07,中江信托频踩雷：风控遭质疑,中江信托频踩雷：风控遭质疑
2018-04-07,马来西亚生产 比亚迪全新造型C6纯电动中巴亮相泰国,马来西亚生产 比亚迪全新造型C6纯电动中巴亮相泰国
2018-04-08,跨市场新能源汽车周报：工信部发布《2018年新能源汽车标准化工作要点》,跨市场新能源汽车周报：工信部发布《2018年新能源汽车标准化工作要点》
2018-04-08,比亚迪：一季度汽车销量11.18万辆,比亚迪：一季度汽车销量11.18万辆
2018-04-08,3月车企榜 || 新车规划电动汽车打头阵 | 中国汽车报,3月车企榜 || 新车规划电动汽车打头阵 | 中国汽车报
2018-04-08,4月8日晚间上市公司十大重磅公告,4月8日晚间上市公司十大重磅公告
2018-04-08,比亚迪：拓展玻璃机壳等新业务 为长期成长培育新的增长点,比亚迪：拓展玻璃机壳等新业务 为长期成长培育新的增长点
2018-04-08,新能源汽车周报(4月第一周) | 1882款新能源车型被撤销免购置税资格,新能源汽车周报(4月第一周) | 1882款新能源车型被撤销免购置税资格
2018-04-08,新能源补贴退潮 裸泳者弄潮儿立现,新能源补贴退潮 裸泳者弄潮儿立现
2018-04-08,比亚迪：汽车业务占比下滑 主要受传统燃油车销量影响,比亚迪：汽车业务占比下滑 主要受传统燃油车销量影响
2018-04-08,比亚迪：3月新能源车销量1.39万辆,比亚迪：3月新能源车销量1.39万辆
2018-04-08,【G20周刊】锂电细分领域巨头4月都在忙什么？,【G20周刊】锂电细分领域巨头4月都在忙什么？
2018-04-08,比亚迪：今年将推出唐二代和秦二代，目前市场期待度比较高,比亚迪：今年将推出唐二代和秦二代，目前市场期待度比较高
2018-04-08,[优于大势评级]中小市值组新能源汽车周报：量增价稳期待Q2业绩 拓宽海外锁定新空间,[优于大势评级]中小市值组新能源汽车周报：量增价稳期待Q2业绩 拓宽海外锁定新空间
2018-04-08,比亚迪E-SEED概念车曝光：这就是未来的BYD,比亚迪E-SEED概念车曝光：这就是未来的BYD
2018-04-08,补贴收紧加速行业洗牌　比亚迪业绩暴跌转型成后市关键,补贴收紧加速行业洗牌　比亚迪业绩暴跌转型成后市关键
2018-04-08,2018年第三批推荐目录乘用车分析：江淮大众思皓参数曝光;比亚迪腾势切换三元锂电池;沃尔沃S90 T8上榜,2018年第三批推荐目录乘用车分析：江淮大众思皓参数曝光;比亚迪腾势切换三元锂电池;沃尔沃S90 T8上榜
2018-04-08,性价比高的电动汽车有哪些？性价比高的电动汽车推荐,性价比高的电动汽车有哪些？性价比高的电动汽车推荐
2018-04-08,动力电池实时排行榜 一文尽览未来趋势,动力电池实时排行榜 一文尽览未来趋势
2018-04-08,超级独角兽养成记：年轻的宁德时代凭什么超越比亚迪,超级独角兽养成记：年轻的宁德时代凭什么超越比亚迪
2018-04-08,“好看”与“实用”不可得兼？ 大美七座MPV宋MAX产品力如何,“好看”与“实用”不可得兼？ 大美七座MPV宋MAX产品力如何
2018-04-08,【评锂】国际车企不看好三元锂电池？,【评锂】国际车企不看好三元锂电池？
2018-04-09,双积分政策来临 企业淘汰制初显形,双积分政策来临 企业淘汰制初显形
2018-04-09,吉利李书福发飙：‘新能源汽车“生产资质”审批不公平！,吉利李书福发飙：‘新能源汽车“生产资质”审批不公平！
2018-04-09,宁德时代IPO过审，千亿独角兽谁成就？风口、伯乐与对手,宁德时代IPO过审，千亿独角兽谁成就？风口、伯乐与对手
2018-04-09,1季度销11.2万辆 比亚迪如何迈入造车新时代,1季度销11.2万辆 比亚迪如何迈入造车新时代
2018-04-09,比亚迪一季度同比增长超21% 新能源车销量增227%,比亚迪一季度同比增长超21% 新能源车销量增227%
2018-04-09,比亚迪1-3月销量增21.8％ 宋MAX热卖/占比近40%,比亚迪1-3月销量增21.8％ 宋MAX热卖/占比近40%
2018-04-09,[推荐评级]机械设备行业周报：页岩气资源税减征30% 宁德时代光速过会,[推荐评级]机械设备行业周报：页岩气资源税减征30% 宁德时代光速过会
2018-04-09,近50款车型 2018年第3批新能源推广目录,近50款车型 2018年第3批新能源推广目录
2018-04-09,[买入评级]汽车与汽车零部件行业周报：我国对美国商品加征关税涉及汽车,[买入评级]汽车与汽车零部件行业周报：我国对美国商品加征关税涉及汽车
2018-04-09,丢掉江湖大哥地位，比亚迪拆分电池业务谋独立上市 | 中国汽车报,丢掉江湖大哥地位，比亚迪拆分电池业务谋独立上市 | 中国汽车报
2018-04-09,今年或巨亏51亿 蔚来汽车却宣布要在2020年内盈利,今年或巨亏51亿 蔚来汽车却宣布要在2020年内盈利
2018-04-09,3D玻璃战陶瓷：精密结构件产业或迎倒闭潮,3D玻璃战陶瓷：精密结构件产业或迎倒闭潮
2018-04-09,【国泰君安国际】汽车简评：比亚迪(01211.HK)：三月纯电弹射起步，MPV高速巡航,【国泰君安国际】汽车简评：比亚迪(01211.HK)：三月纯电弹射起步，MPV高速巡航
2018-04-09,比亚迪一季度新能源汽车销售2.96万辆,比亚迪一季度新能源汽车销售2.96万辆
2018-04-09,腾势500纯电续航高达451KM 能挑战特斯拉？,腾势500纯电续航高达451KM 能挑战特斯拉？
2018-04-09,上市车企业绩分化加剧(2),上市车企业绩分化加剧(2)
2018-04-09,上市车企业绩分化：江淮利降62.83% 海马亏近10亿,上市车企业绩分化：江淮利降62.83% 海马亏近10亿
2018-04-09,比亚迪：前三月汽车累计销售11.18万辆,比亚迪：前三月汽车累计销售11.18万辆
2018-04-09,比亚迪(01211-HK)首季汽车销量逾11万辆,比亚迪(01211-HK)首季汽车销量逾11万辆
2018-04-09,比亚迪欲分拆电池业务 谋求独立上市,比亚迪欲分拆电池业务 谋求独立上市
2018-04-09,比亚迪股份有限公司2018年3月销量快报,比亚迪股份有限公司2018年3月销量快报
2018-04-09,[推荐评级]电气设备行业点评：车型数创新高 车型加速高端化,[推荐评级]电气设备行业点评：车型数创新高 车型加速高端化
2018-04-09,早报：贾跃亭再掀波澜 比亚迪一季度销量发布,早报：贾跃亭再掀波澜 比亚迪一季度销量发布
2018-04-09,从蒙眼狂奔到三国时代，一文读懂动力电池行业格局,从蒙眼狂奔到三国时代，一文读懂动力电池行业格局
2018-04-09,比亚迪要上天！火箭商标“Biu”都申请了,比亚迪要上天！火箭商标“Biu”都申请了
2018-04-09,【传统车企新能源业务系列研究】比亚迪新能源业务规划及布局,【传统车企新能源业务系列研究】比亚迪新能源业务规划及布局
2018-04-09,产研报告｜比亚迪新能源业务规划及布局分析解读,产研报告｜比亚迪新能源业务规划及布局分析解读
2018-04-10,比亚迪电动巴士登陆韩国 欧美日韩已全面覆盖,比亚迪电动巴士登陆韩国 欧美日韩已全面覆盖
2018-04-10,[推荐评级]电气设备行业周报：CATL过会带动板块热情 分布式持续高增长逻辑延续,[推荐评级]电气设备行业周报：CATL过会带动板块热情 分布式持续高增长逻辑延续
2018-04-10,王传福：与特斯拉相比 比亚迪有更深和更广的产业基础,王传福：与特斯拉相比 比亚迪有更深和更广的产业基础
2018-04-10,[路演]比亚迪王传福：今年是公司的关键一年 多款新车上市,[路演]比亚迪王传福：今年是公司的关键一年 多款新车上市
2018-04-10,王传福：比亚迪没有价格战,王传福：比亚迪没有价格战
2018-04-10,比亚迪：比亚迪电子已积极切入汽车电子领域,比亚迪：比亚迪电子已积极切入汽车电子领域
2018-04-10,全球2月新能源乘用车销量排行：日产聆风杀回冠军,全球2月新能源乘用车销量排行：日产聆风杀回冠军
2018-04-10,比亚迪：在电动大巴和电动出租车领域占据领先地位,比亚迪：在电动大巴和电动出租车领域占据领先地位
2018-04-10,对标宁德时代分拆电池业务 比亚迪能源车王座岌岌可危放大招,对标宁德时代分拆电池业务 比亚迪能源车王座岌岌可危放大招
2018-04-10,20辆纯电动巴士交付济州岛 比亚迪开启韩国攻略,20辆纯电动巴士交付济州岛 比亚迪开启韩国攻略
2018-04-10,[看好评级]新能源行业周报：宁德时代过会 龙头综合优势引领行业发展,[看好评级]新能源行业周报：宁德时代过会 龙头综合优势引领行业发展
2018-04-10,北汽牵手麦格纳 徐和谊打造中欧汽车互动新看点,北汽牵手麦格纳 徐和谊打造中欧汽车互动新看点
2018-04-10,比亚迪新能源车1季度销量超2.8万 大涨2.2倍,比亚迪新能源车1季度销量超2.8万 大涨2.2倍
2018-04-10,电动车营销混战： 腾势、云度、蔚来们的“进与退”,电动车营销混战： 腾势、云度、蔚来们的“进与退”
2018-04-10,宁德时代闪电过会背后： 中国能否再造一个 “超级独角兽” ？,宁德时代闪电过会背后： 中国能否再造一个 “超级独角兽” ？
2018-04-10,与欧美日共同牵头制定全球法规： 中国拿到电动车走出去“通行证”,与欧美日共同牵头制定全球法规： 中国拿到电动车走出去“通行证”
2018-04-10,闭环模式令比亚迪痛失行业第1 欲拆分电池谋独立上市,闭环模式令比亚迪痛失行业第1 欲拆分电池谋独立上市
2018-04-11,[推荐评级]汽车行业2018年一季报业绩预告梳理：30家公司发布Q1业绩预告 其中11家业绩改善,[推荐评级]汽车行业2018年一季报业绩预告梳理：30家公司发布Q1业绩预告 其中11家业绩改善
2018-04-11,宜安科技：公司与比亚迪、国轩等客户建立合作关系,宜安科技：公司与比亚迪、国轩等客户建立合作关系
2018-04-11,比亚迪IGBT获IC产业最高荣誉 “中国芯”助电动客车风靡全球,比亚迪IGBT获IC产业最高荣誉 “中国芯”助电动客车风靡全球
2018-04-11,[中性评级]汽车与汽车零部件行业周报：双积分政策实行 新能源汽车机遇,[中性评级]汽车与汽车零部件行业周报：双积分政策实行 新能源汽车机遇
2018-04-11,[推荐评级]汽车行业快评：2017年双积分核算结果分析,[推荐评级]汽车行业快评：2017年双积分核算结果分析
2018-04-11,【中信建投电新】新能源汽车：一季度销量开门红， 主力车型表现抢眼,【中信建投电新】新能源汽车：一季度销量开门红， 主力车型表现抢眼
2018-04-11,【光大新三板 | 公司深度】杉杉能源(835930.OC)正极龙头，乘势而上,【光大新三板 | 公司深度】杉杉能源(835930.OC)正极龙头，乘势而上
2018-04-11,工信部公示车企2017年双积分情况 长城34万油耗负积分待清,工信部公示车企2017年双积分情况 长城34万油耗负积分待清
2018-04-11,推荐智联畅享型 比亚迪e5 450购车手册,推荐智联畅享型 比亚迪e5 450购车手册
2018-04-11,回收紧迫 车企如何把退役电池变废为宝,回收紧迫 车企如何把退役电池变废为宝
2018-04-11,[增持评级]2018年第三批推广目录点评(电力设备新能源行业)：车型数量众多 高能量密度占比提升明显,[增持评级]2018年第三批推广目录点评(电力设备新能源行业)：车型数量众多 高能量密度占比提升明显
2018-04-11,宁德时代闪电过会 “独角兽”的神话不可复制？,宁德时代闪电过会 “独角兽”的神话不可复制？
2018-04-11,比亚迪(01211-HK)2018年第一期公司债票面利率为5.17%,比亚迪(01211-HK)2018年第一期公司债票面利率为5.17%
2018-04-11,2017年乘用车企积分公布，深度了解双积分制【安信电新】,2017年乘用车企积分公布，深度了解双积分制【安信电新】
2018-04-11,上市在即，宁德时代恐怕难过三道坎,上市在即，宁德时代恐怕难过三道坎
2018-04-11,比亚迪宋MAX突破4万 挑战新能源销量榜,比亚迪宋MAX突破4万 挑战新能源销量榜
2018-04-11,3月这些车卖的最好 中国品牌全面崛起了？,3月这些车卖的最好 中国品牌全面崛起了？
2018-04-11,EV晨报丨中国将尽快放宽汽车行业外资股比限制;44家车企新能源积分为零;深交所问询贾跃亭拿地款,EV晨报丨中国将尽快放宽汽车行业外资股比限制;44家车企新能源积分为零;深交所问询贾跃亭拿地款
2018-04-11,从十大车企2017年财报看新能源汽车的未来,从十大车企2017年财报看新能源汽车的未来
2018-04-11,中国新能源电动客车登陆韩国济州,中国新能源电动客车登陆韩国济州
2018-04-11,车企年报出炉 两极分化严重,车企年报出炉 两极分化严重
2018-04-11,比亚迪在韩国济州道交付２０辆纯电动中巴,比亚迪在韩国济州道交付２０辆纯电动中巴
2018-04-11,乘联会：3月新能源乘用车销售5.6万辆，比亚迪/北汽/上汽位居前三,乘联会：3月新能源乘用车销售5.6万辆，比亚迪/北汽/上汽位居前三
2018-04-11,全新比亚迪唐混动版动力曝光 纯电续航100km,全新比亚迪唐混动版动力曝光 纯电续航100km
2018-04-11,20辆比亚迪纯电动巴士在韩国济州岛交付使用,20辆比亚迪纯电动巴士在韩国济州岛交付使用
2018-04-11,比亚迪电动巴士覆盖到欧美日韩市场,比亚迪电动巴士覆盖到欧美日韩市场
2018-04-11,宋MAX 3月热销15074辆 环比增长超45%,宋MAX 3月热销15074辆 环比增长超45%
2018-04-11,昔日五大再比拼，长安长城吉利奇瑞比亚迪3月销量谁称雄？,昔日五大再比拼，长安长城吉利奇瑞比亚迪3月销量谁称雄？
2018-04-11,4月17日上市 比亚迪宋MAX 6座版消息,4月17日上市 比亚迪宋MAX 6座版消息
2018-04-11,2月全球新能源TOP10 中国新能源车向全球迈进,2月全球新能源TOP10 中国新能源车向全球迈进
2018-04-11,[看好评级]电气设备行业点评报告：2017年乘用车积分情况整体向好 后续压力仍存,[看好评级]电气设备行业点评报告：2017年乘用车积分情况整体向好 后续压力仍存
2018-04-11,[推荐评级]汽车行业研究周报：“独角兽”宁德时代闪电过会 有望五月登陆A股,[推荐评级]汽车行业研究周报：“独角兽”宁德时代闪电过会 有望五月登陆A股
2018-04-11,配置提升！比亚迪宋MAX 6座版4月17日上市,配置提升！比亚迪宋MAX 6座版4月17日上市
2018-04-11,[强于大市评级]汽车行业专题研究：北京国际车展攻略 电动汽车购车指南,[强于大市评级]汽车行业专题研究：北京国际车展攻略 电动汽车购车指南
2018-04-12,近期新能源车国家政策&地方补贴分析,近期新能源车国家政策&地方补贴分析
2018-04-12,新能源汽车1季销量迎开门红 同比增长1.5倍 8大概念股,新能源汽车1季销量迎开门红 同比增长1.5倍 8大概念股
2018-04-12,独角兽宁德时代过会：补贴滑坡加剧 或难维持高估值,独角兽宁德时代过会：补贴滑坡加剧 或难维持高估值
2018-04-12,比亚迪：3D玻璃机壳已批量出货，预计将带来显著收入和盈利贡献,比亚迪：3D玻璃机壳已批量出货，预计将带来显著收入和盈利贡献
2018-04-12,【财通汽车】2017双积分公示情况点评：大集团无忧，部分独立车企或需买分,【财通汽车】2017双积分公示情况点评：大集团无忧，部分独立车企或需买分
2018-04-12,比亚迪以三大战略发展新能源车 这次把车卖到了韩国,比亚迪以三大战略发展新能源车 这次把车卖到了韩国
2018-04-12,（起底亏损王之四） 42亿亏损绊倒白马股 “隐形杀手”袭击盐湖股份,（起底亏损王之四） 42亿亏损绊倒白马股 “隐形杀手”袭击盐湖股份
2018-04-12,深企联手乌鲁木齐甘泉堡开发区 将共同开拓中亚市场,深企联手乌鲁木齐甘泉堡开发区 将共同开拓中亚市场
2018-04-12,观车 · 论势 || 长城和比亚迪的合作，为什么值得看好？ | 中国汽车报,观车 · 论势 || 长城和比亚迪的合作，为什么值得看好？ | 中国汽车报
2018-04-12,[推荐评级]新能源汽车3月数据点评：同环比大增 淡季不淡,[推荐评级]新能源汽车3月数据点评：同环比大增 淡季不淡
2018-04-12,已获得新能源生产资质的15家车企，有谁在浑水摸鱼？！,已获得新能源生产资质的15家车企，有谁在浑水摸鱼？！
2018-04-12,积分定价助力新能源车产业高景气 九股爆发,积分定价助力新能源车产业高景气 九股爆发
2018-04-12,比亚迪：金属渗透率有提升空间 不断拓展新的业务,比亚迪：金属渗透率有提升空间 不断拓展新的业务
2018-04-12,出海记｜比亚迪电动巴士登陆济州岛 成功驶入韩国市场,出海记｜比亚迪电动巴士登陆济州岛 成功驶入韩国市场
2018-04-12,3月新能源市场销量解读，一季度高速增长，A00级意外爆发,3月新能源市场销量解读，一季度高速增长，A00级意外爆发
2018-04-12,3月新能源乘用车市场车企/车型销量排行榜：比亚迪/北汽EC系列摘得冠军,3月新能源乘用车市场车企/车型销量排行榜：比亚迪/北汽EC系列摘得冠军
2018-04-12,沪港通额度上调激发资金布局热潮，三大数据解密外资新动向,沪港通额度上调激发资金布局热潮，三大数据解密外资新动向
2018-04-12,[增持评级]2018年3月新能源汽车销量点评(新兴能源行业)：3月产销翻倍 乘用车消费升级有望爆发,[增持评级]2018年3月新能源汽车销量点评(新兴能源行业)：3月产销翻倍 乘用车消费升级有望爆发
2018-04-12,巴莫股份吴孟涛：中国动力电池表面光鲜整体盈利困难,巴莫股份吴孟涛：中国动力电池表面光鲜整体盈利困难
2018-04-12,补贴下调后，新能源汽车市场怎么样了？,补贴下调后，新能源汽车市场怎么样了？
2018-04-12,汉能薄膜太阳能技术能让汽车再“飞”一会？,汉能薄膜太阳能技术能让汽车再“飞”一会？
2018-04-12,一季度新能源车销量增1.36倍 但还有更重要的,一季度新能源车销量增1.36倍 但还有更重要的
2018-04-13,【钴锂峰会】2025年中国新能源汽车份额将达20% 动力电池格局将先集中后分散,【钴锂峰会】2025年中国新能源汽车份额将达20% 动力电池格局将先集中后分散
2018-04-13,比亚迪(01211-HK)：张金涛因退休辞任副总裁,比亚迪(01211-HK)：张金涛因退休辞任副总裁
2018-04-13,开局火热，比亚迪新能源包揽单月+季度双料冠军,开局火热，比亚迪新能源包揽单月+季度双料冠军
2018-04-13,电池行业一周要闻汇总（4月6日-13日）,电池行业一周要闻汇总（4月6日-13日）
2018-04-13,电池行业洗牌在即，宁德时代闪电过会，沃特玛巨亏200亿,电池行业洗牌在即，宁德时代闪电过会，沃特玛巨亏200亿
2018-04-13,比亚迪携手宇航共建数字化工厂,比亚迪携手宇航共建数字化工厂
2018-04-13,[增持评级]新能源汽车产业跟踪系列01：3月销量环比翻倍 过渡期产销望持续高增,[增持评级]新能源汽车产业跟踪系列01：3月销量环比翻倍 过渡期产销望持续高增
2018-04-13,[看好评级]2018年汽车行业一季度前瞻：行业持续回暖 新能源表现出色 个股持续分化 估值位于历史中枢以下 推荐低估值高增长的成长型标的,[看好评级]2018年汽车行业一季度前瞻：行业持续回暖 新能源表现出色 个股持续分化 估值位于历史中枢以下 推荐低估值高增长的成长型标的
2018-04-13,[增持评级]电力设备新能源行业点评：3月电动车销量6.8万超预期 抢装行情火爆,[增持评级]电力设备新能源行业点评：3月电动车销量6.8万超预期 抢装行情火爆
2018-04-13,哈弗H6夺回冠军 2018年3月汽车销量点评,哈弗H6夺回冠军 2018年3月汽车销量点评
2018-04-13,新能源车烧钱大战:车企自行补贴 车价破10万底线,新能源车烧钱大战:车企自行补贴 车价破10万底线
2018-04-13,北京车展新能源汽车前瞻 重磅车型集体亮相,北京车展新能源汽车前瞻 重磅车型集体亮相
2018-04-13,科力远主业萎靡7年员工持股被套钟发平混动难敌王传福纯电动,科力远主业萎靡7年员工持股被套钟发平混动难敌王传福纯电动
2018-04-13,“双积分”泰山压顶：车企凑积分上演一夜逆转,“双积分”泰山压顶：车企凑积分上演一夜逆转
2018-04-14,订车容易提车难 新上市电动车行情调查,订车容易提车难 新上市电动车行情调查
2018-04-14,补贴潮水退去 动力电池企业发现在裸泳,补贴潮水退去 动力电池企业发现在裸泳
2018-04-14,比亚迪：云轨是中小城市轨道交通的最佳选择,比亚迪：云轨是中小城市轨道交通的最佳选择
2018-04-14,比亚迪：全新一代唐预计在6月份上市,比亚迪：全新一代唐预计在6月份上市
2018-04-15,[推荐评级]汽车行业周报：中低端难行 关注消费升级,[推荐评级]汽车行业周报：中低端难行 关注消费升级
2018-04-15,[增持评级]电力设备新能源行业周报：3月电池装机龙头效应凸显 高增长的用电量拓宽新能源空间,[增持评级]电力设备新能源行业周报：3月电池装机龙头效应凸显 高增长的用电量拓宽新能源空间
2018-04-15,一周热点 | 北京排号已到2023年；44家车企新能源积分为零；2月日产聆风全球销量夺冠；海南将逐步停售燃油车,一周热点 | 北京排号已到2023年；44家车企新能源积分为零；2月日产聆风全球销量夺冠；海南将逐步停售燃油车
2018-04-15,2017年动力电池行业梯队排行出炉啦！行业梯队阵容形成 | 中国汽车报,2017年动力电池行业梯队排行出炉啦！行业梯队阵容形成 | 中国汽车报
2018-04-15,[推荐评级]电气设备行业周报：3月新能源汽车产销持续高增长 短期调整不改新能源发电长期向好趋势,[推荐评级]电气设备行业周报：3月新能源汽车产销持续高增长 短期调整不改新能源发电长期向好趋势
2018-04-15,[推荐评级]汽车行业周报：A股四大乘用车业绩严重分化,[推荐评级]汽车行业周报：A股四大乘用车业绩严重分化
2018-04-16,[强于大市评级]深度*行业*电力设备与新能源行业周报：3月新能源汽车产销同比翻番,[强于大市评级]深度*行业*电力设备与新能源行业周报：3月新能源汽车产销同比翻番
2018-04-16,双积分压力将至，传统车企转身新能源靠什么？,双积分压力将至，传统车企转身新能源靠什么？
2018-04-16,未受补贴新政影响 3月新能源销量分析EV篇,未受补贴新政影响 3月新能源销量分析EV篇
2018-04-16,净利润锐减，锂电上市公司甩锅补贴退坡,净利润锐减，锂电上市公司甩锅补贴退坡
2018-04-16,5款新车本周上市 第10代雅阁领衔/最低不足10万,5款新车本周上市 第10代雅阁领衔/最低不足10万
2018-04-16,为你坚持更好 腾势助力中国排超全明星大赛,为你坚持更好 腾势助力中国排超全明星大赛
2018-04-16,中国前三甲电池企业与主机厂的供应局势,中国前三甲电池企业与主机厂的供应局势
2018-04-16,比亚迪、金龙居前二 3月新能源客车销4498辆翻两番,比亚迪、金龙居前二 3月新能源客车销4498辆翻两番
2018-04-16,比亚迪(01211-HK)电动巴士登陆韩国 全面覆盖欧美日韩汽车强国,比亚迪(01211-HK)电动巴士登陆韩国 全面覆盖欧美日韩汽车强国
2018-04-16,比亚迪(01211-HK)发行票面利率5.17% 30亿人民幣公司债,比亚迪(01211-HK)发行票面利率5.17% 30亿人民幣公司债
2018-04-16,多家新能源电池上市企业利润骤减,多家新能源电池上市企业利润骤减
2018-04-16,车企自掏腰包“输血”新能源车补贴,车企自掏腰包“输血”新能源车补贴
2018-04-17,【盘点】比亚迪汽车4月上半月大事回顾,【盘点】比亚迪汽车4月上半月大事回顾
2018-04-17,[看好评级]新能源汽车行业周报：三月新能源汽车产销量增长迅猛,[看好评级]新能源汽车行业周报：三月新能源汽车产销量增长迅猛
2018-04-17,长安汽车牵手比亚迪 共推新能源绿色出行,长安汽车牵手比亚迪 共推新能源绿色出行
2018-04-17,[看好评级]2018年3月乘用车市场终端价格监测月报,[看好评级]2018年3月乘用车市场终端价格监测月报
2018-04-17,比亚迪牵手长安汽车 中国车企强强联合应对外资竞争,比亚迪牵手长安汽车 中国车企强强联合应对外资竞争
2018-04-17,牵手比亚迪，长安汽车又要搞事了！,牵手比亚迪，长安汽车又要搞事了！
2018-04-17,[看好评级]新能源行业周报：抢装行情持续 光伏扶贫模式落地,[看好评级]新能源行业周报：抢装行情持续 光伏扶贫模式落地
2018-04-17,明年量产 长安/比亚迪合作开发电驱系统,明年量产 长安/比亚迪合作开发电驱系统
2018-04-17,新能源汽车露出皇帝的新装 重大缺陷都闭口不谈,新能源汽车露出皇帝的新装 重大缺陷都闭口不谈
2018-04-17,[强于大市评级]新能源汽车行业点评：Q1销量如期淡季不淡 Q2预计供需两旺,[强于大市评级]新能源汽车行业点评：Q1销量如期淡季不淡 Q2预计供需两旺
2018-04-17,汽车：重卡销量增长强劲 荐3股,汽车：重卡销量增长强劲 荐3股
2018-04-17,比亚迪动力电池业务对外开放 东风汽车成第一家,比亚迪动力电池业务对外开放 东风汽车成第一家
2018-04-17,进步看得见 2018二手纯电动车市场调查,进步看得见 2018二手纯电动车市场调查
2018-04-17,3月5米以上客车销1.3万辆环比大涨120%,3月5米以上客车销1.3万辆环比大涨120%
2018-04-17,【港股解码】动力电池洗牌期将至，沃特玛会应声而落吗？,【港股解码】动力电池洗牌期将至，沃特玛会应声而落吗？
2018-04-17,比亚迪在新西兰交付首批电动巴士,比亚迪在新西兰交付首批电动巴士
2018-04-17,创始人承认错判市场环境 主要精力解决债务问题 电池巨头沃特玛深陷资金危局,创始人承认错判市场环境 主要精力解决债务问题 电池巨头沃特玛深陷资金危局
2018-04-17,从宋MAX的成功看比亚迪的自我觉醒,从宋MAX的成功看比亚迪的自我觉醒
2018-04-17,新能源汽车行业简评：一季度销量开门红 主力车型表现抢眼,新能源汽车行业简评：一季度销量开门红 主力车型表现抢眼
2018-04-17,[买入评级]新能源汽车行业4月刊：一季度产销两旺 新车型打开增量市场,[买入评级]新能源汽车行业4月刊：一季度产销两旺 新车型打开增量市场
2018-04-17,售7.99-12.99万 比亚迪宋MAX新车型上市,售7.99-12.99万 比亚迪宋MAX新车型上市
2018-04-17,天津巴莫吴孟涛：中国动力电池表面光鲜整体盈利困难,天津巴莫吴孟涛：中国动力电池表面光鲜整体盈利困难
2018-04-17,[买入评级]科达利(002850)年报点评：补贴缺口让利毛利下滑 绑定下游厂商未来发展稳定,[买入评级]科达利(002850)年报点评：补贴缺口让利毛利下滑 绑定下游厂商未来发展稳定
2018-04-18,加速快过奔驰C级AMG！比亚迪全新唐将揭晓价格,加速快过奔驰C级AMG！比亚迪全新唐将揭晓价格
2018-04-18,长安汽车去年净利润同比降三成 与比亚迪签署合作协议加码转型,长安汽车去年净利润同比降三成 与比亚迪签署合作协议加码转型
2018-04-18,[看好评级]汽车与汽车零部件行业点评报告：放开股比速评：以更加开放的心态成就中国汽车产业的未来,[看好评级]汽车与汽车零部件行业点评报告：放开股比速评：以更加开放的心态成就中国汽车产业的未来
2018-04-18,比亚迪回应动力电池首次对外装机：此事属实,比亚迪回应动力电池首次对外装机：此事属实
2018-04-18,比亚迪：将推出燃油车版本 助力传统燃油车销量增长,比亚迪：将推出燃油车版本 助力传统燃油车销量增长
2018-04-18,中国将取消汽车股比限制 相关概念股有望迎利好,中国将取消汽车股比限制 相关概念股有望迎利好
2018-04-18,新能源汽车一季度市场剖析：私人充电桩共享模式渐成规模,新能源汽车一季度市场剖析：私人充电桩共享模式渐成规模
2018-04-18,自主品牌新能源上演“三国杀” 谁是当打之将？,自主品牌新能源上演“三国杀” 谁是当打之将？
2018-04-18,这里有你想要的车！ 工信部最新申报重点新车汇总,这里有你想要的车！ 工信部最新申报重点新车汇总
2018-04-18,东风首次采用比亚迪电池 比亚迪动力电池预独立上市,东风首次采用比亚迪电池 比亚迪动力电池预独立上市
2018-04-18,"电力设备与新能源周报:新能源汽车需求启动淡季不淡,产业链进入二季度黄金投资期","电力设备与新能源周报:新能源汽车需求启动淡季不淡,产业链进入二季度黄金投资期"
2018-04-18,比亚迪预计3D/2.5D 玻璃至少30亿收入,比亚迪预计3D/2.5D 玻璃至少30亿收入
2018-04-19,比亚迪：2020年推出L3级自动驾驶电动车,比亚迪：2020年推出L3级自动驾驶电动车
2018-04-19,百度Apollo发布2.5版，新增重卡无人驾驶，尚未落地量产 | 钛快讯,百度Apollo发布2.5版，新增重卡无人驾驶，尚未落地量产 | 钛快讯
2018-04-19,"电气设备行业2018年3月新能源汽车产销数据点评:3月新能源汽车产销大幅增长,需求启动淡季不淡","电气设备行业2018年3月新能源汽车产销数据点评:3月新能源汽车产销大幅增长,需求启动淡季不淡"
2018-04-19,百度Apollo开放平台发布Apollo2.5版本，解锁高速卡车物流自动驾驶场景,百度Apollo开放平台发布Apollo2.5版本，解锁高速卡车物流自动驾驶场景
2018-04-19,[增持评级]分步放开外资股比政策对汽车行业影响分析：分步放开外资股比 优秀自主竞争中前进,[增持评级]分步放开外资股比政策对汽车行业影响分析：分步放开外资股比 优秀自主竞争中前进
2018-04-19,百度推出Apollo2.5版本 比亚迪成为第100位合作伙伴,百度推出Apollo2.5版本 比亚迪成为第100位合作伙伴
2018-04-19,比亚迪秦Pro设计草图曝光 将于9月上市,比亚迪秦Pro设计草图曝光 将于9月上市
2018-04-19,揭开私募面纱：喜欢小而美、青睐中小创，增持这些股,揭开私募面纱：喜欢小而美、青睐中小创，增持这些股
2018-04-19,跨市场新能源汽车周报：工信部公示2017年车企双积分情况,跨市场新能源汽车周报：工信部公示2017年车企双积分情况
2018-04-19,从爆款宋MAX看比亚迪造车新思路,从爆款宋MAX看比亚迪造车新思路
2018-04-19,比亚迪纯电动大巴登陆新西兰,比亚迪纯电动大巴登陆新西兰
2018-04-19,新能源汽车失去政策补贴 销量大幅跳水？,新能源汽车失去政策补贴 销量大幅跳水？
2018-04-19,补贴退坡导致新能源物流车大调整 新车申报暴露几大市场风向,补贴退坡导致新能源物流车大调整 新车申报暴露几大市场风向
2018-04-19,[增持评级]机械工业/新能源板块行业周报：销量、积分、海外因素三重催化 看好18年新能源汽车销量,[增持评级]机械工业/新能源板块行业周报：销量、积分、海外因素三重催化 看好18年新能源汽车销量
2018-04-19,[推荐评级]汽车行业股比开放事件点评：有序开放股比 自主汽车进入腾飞新五年,[推荐评级]汽车行业股比开放事件点评：有序开放股比 自主汽车进入腾飞新五年
2018-04-19,[增持评级]新兴能源行业事件快评：电动车股比放开、中游全球输出开启,[增持评级]新兴能源行业事件快评：电动车股比放开、中游全球输出开启
2018-04-20,补贴前售16.65-29.88万元 威马EX5上市,补贴前售16.65-29.88万元 威马EX5上市
2018-04-20,百度Apollo的365天 | 中国汽车报,百度Apollo的365天 | 中国汽车报
2018-04-20,高端科技成就行业标杆 比亚迪商用车亮相天津客车展,高端科技成就行业标杆 比亚迪商用车亮相天津客车展
2018-04-20,瞄准印度市场，比亚迪计划两年内在印实现电动巴士零部件50%本土化,瞄准印度市场，比亚迪计划两年内在印实现电动巴士零部件50%本土化
2018-04-20,[路演]星云股份：时代新能源和比亚迪均为重要客户,[路演]星云股份：时代新能源和比亚迪均为重要客户
2018-04-20,新能源车“集结号” 21款新车亮剑北京车展,新能源车“集结号” 21款新车亮剑北京车展
2018-04-20,款款都是吸睛神器！4月25日12款全新轿车强势来袭,款款都是吸睛神器！4月25日12款全新轿车强势来袭
2018-04-20,百度Apollo2.5自动驾驶发布 比亚迪加盟,百度Apollo2.5自动驾驶发布 比亚迪加盟
2018-04-20,比亚迪入伙 聊百度最新Apollo2.5平台,比亚迪入伙 聊百度最新Apollo2.5平台
2018-04-20,车圈：一汽大众SUV取名“探歌” 有点意思,车圈：一汽大众SUV取名“探歌” 有点意思
2018-04-20,[增持评级]电力设备新能源行业点评：1季度装机电量4.4GWH 同比大增2.5倍,[增持评级]电力设备新能源行业点评：1季度装机电量4.4GWH 同比大增2.5倍
2018-04-20,比亚迪成第100位合作伙伴 Apollo2.5全球首发,比亚迪成第100位合作伙伴 Apollo2.5全球首发
2018-04-20,"电力设备与新能源行业周报:智能光伏行动计划发布,利好光伏技术领先企业","电力设备与新能源行业周报:智能光伏行动计划发布,利好光伏技术领先企业"
2018-04-20,科达利上市首年经营质量全面下滑 实控人已5次质押股权,科达利上市首年经营质量全面下滑 实控人已5次质押股权
2018-04-21,埃及新首都建设助力中企淘金 科企投资迎来新机遇,埃及新首都建设助力中企淘金 科企投资迎来新机遇
2018-04-21,废旧动力电池拆解再利用市场前景看好,废旧动力电池拆解再利用市场前景看好
2018-04-21,一季度新能源客车销量同比增长超3倍 宇通/比亚迪/厦门金旅排前三,一季度新能源客车销量同比增长超3倍 宇通/比亚迪/厦门金旅排前三
2018-04-21,《盖世汽车周报》视频栏目开播，每周一期，看记者来为你说新闻！,《盖世汽车周报》视频栏目开播，每周一期，看记者来为你说新闻！
2018-04-21,全新秦领衔 比亚迪2018北京车展阵容,全新秦领衔 比亚迪2018北京车展阵容
2018-04-21,威马EX5“螃蟹卖出白菜价”，北京车展10款颠覆历史的电动车,威马EX5“螃蟹卖出白菜价”，北京车展10款颠覆历史的电动车
2018-04-22,预计明年上市 比亚迪秦Pro官图正式发布,预计明年上市 比亚迪秦Pro官图正式发布
2018-04-22,新能源汽车周报(4月第三周) | 今年取消新能源汽车外资股比限制,新能源汽车周报(4月第三周) | 今年取消新能源汽车外资股比限制
2018-04-23,悬浮 比亚迪全新唐,悬浮 比亚迪全新唐
2018-04-23,[买入评级]汽车及汽车零部件行业跟踪：18年1-3月份新能源汽车积分比例为6.5%,[买入评级]汽车及汽车零部件行业跟踪：18年1-3月份新能源汽车积分比例为6.5%
2018-04-23,比亚迪南欧再传捷报 助力西班牙绿色未来,比亚迪南欧再传捷报 助力西班牙绿色未来
2018-04-23,科达利上市首年扣非净利润“腰斩” 实控人已多次质押股权,科达利上市首年扣非净利润“腰斩” 实控人已多次质押股权
2018-04-23,2018北京车展探馆:比亚迪唐汽油版曝光,2018北京车展探馆:比亚迪唐汽油版曝光
2018-04-23,北京车展探馆：疑似比亚迪全新概念车,北京车展探馆：疑似比亚迪全新概念车
2018-04-23,北京公示首批新能源车补贴名单，北汽/比亚迪/吉利等14家车企将分4591万元,北京公示首批新能源车补贴名单，北汽/比亚迪/吉利等14家车企将分4591万元
2018-04-23,绿色南粤任我行 比亚迪e6出租车拉力赛见证强劲续航,绿色南粤任我行 比亚迪e6出租车拉力赛见证强劲续航
2018-04-23,北京车展探馆：比亚迪宋MAX插电混动版,北京车展探馆：比亚迪宋MAX插电混动版
2018-04-23,大连市政府与万科签署战略合作协议,大连市政府与万科签署战略合作协议
2018-04-23,【G20周刊】从307批公告看宁德时代/比亚迪争锋,【G20周刊】从307批公告看宁德时代/比亚迪争锋
2018-04-23,外资股比开放导致汽车股连续下跌？这是误读,外资股比开放导致汽车股连续下跌？这是误读
2018-04-23,动力电池实时排行：产能集中现象明显,动力电池实时排行：产能集中现象明显
2018-04-23,东莞强制环卫车电动化，新能源环卫车时代说来就来,东莞强制环卫车电动化，新能源环卫车时代说来就来
2018-04-23,智能升级助力光伏行业健康发展 六股享大餐,智能升级助力光伏行业健康发展 六股享大餐
2018-04-23,"涛涛不绝:""鲶鱼""初显 ""自主三强""以合作应""开放""?","涛涛不绝:""鲶鱼""初显 ""自主三强""以合作应""开放""?"
2018-04-23,专家预计2018年动力电池企业毛利率将下滑约10%,专家预计2018年动力电池企业毛利率将下滑约10%
2018-04-23,全新家族式设计 长安新逸动EV正式亮相,全新家族式设计 长安新逸动EV正式亮相
2018-04-24,比亚迪王传福：充电网络建设要有先锋部队,比亚迪王传福：充电网络建设要有先锋部队
2018-04-24,[增持评级]汽车行业周报：放开新能源车外资股比 产业链发展望提速,[增持评级]汽车行业周报：放开新能源车外资股比 产业链发展望提速
2018-04-24,比亚迪成为阿森纳官方全球独家汽车和巴士合作伙伴,比亚迪成为阿森纳官方全球独家汽车和巴士合作伙伴
2018-04-24,新能源行业周报：行业结构分化 降价压力犹存,新能源行业周报：行业结构分化 降价压力犹存
2018-04-24,[同步大市-A评级]汽车行业周报：外资股比逐步放开 有利于加快新能源和智能汽车产业的发展,[同步大市-A评级]汽车行业周报：外资股比逐步放开 有利于加快新能源和智能汽车产业的发展
2018-04-24,[增持评级]机械行业周报：寻找先进制造业的“自主可控”,[增持评级]机械行业周报：寻找先进制造业的“自主可控”
2018-04-24,动力电池企业洗牌加剧 比亚迪等市场份额遭巨头挤压,动力电池企业洗牌加剧 比亚迪等市场份额遭巨头挤压
2018-04-24,[推荐评级]汽车行业周报：3月份乘用车交强险负增长 北京车展关注造车新势力,[推荐评级]汽车行业周报：3月份乘用车交强险负增长 北京车展关注造车新势力
2018-04-24,[看好评级]电力设备新能源行业周报：一季度风电光伏数据符合预期 电动车继续看好零部件厂商国际化以及三元高镍化的趋势,[看好评级]电力设备新能源行业周报：一季度风电光伏数据符合预期 电动车继续看好零部件厂商国际化以及三元高镍化的趋势
2018-04-24,动力电池企业洗牌加剧 宁德时代一家独大,动力电池企业洗牌加剧 宁德时代一家独大
2018-04-24,新能源汽车扎堆北京车展 跨国车企吹响集结号,新能源汽车扎堆北京车展 跨国车企吹响集结号
2018-04-24,北京车展“风水学”：展馆这么大，金角银边都归谁了？,北京车展“风水学”：展馆这么大，金角银边都归谁了？
2018-04-24,中外车企混战 插电混动市场,中外车企混战 插电混动市场
2018-04-24,造车“新旧势力”交锋：两股力量一再融合,造车“新旧势力”交锋：两股力量一再融合
2018-04-24,贵州拟IPO企业样本： “独苗”兼“优等生”遭双重冲击 安达科技IPO遇尴尬,贵州拟IPO企业样本： “独苗”兼“优等生”遭双重冲击 安达科技IPO遇尴尬
2018-04-24,中小公司动态：不容忽视的蓝海-电化学储能市场,中小公司动态：不容忽视的蓝海-电化学储能市场
2018-04-25,专访：中国企业已准备好参与工业４．０竞争——访比亚迪高管哈维尔·孔蒂约赫,专访：中国企业已准备好参与工业４．０竞争——访比亚迪高管哈维尔·孔蒂约赫
2018-04-25,全面进入造车新时代 比亚迪汽车强势出击北京车展,全面进入造车新时代 比亚迪汽车强势出击北京车展
2018-04-25,2018北京车展：比亚迪秦Pro正式发布,2018北京车展：比亚迪秦Pro正式发布
2018-04-25,2018北京车展：比亚迪E-SEED概念车亮相,2018北京车展：比亚迪E-SEED概念车亮相
2018-04-25,2017年营收占比达47% 道氏技术拟15亿加码锂电材料,2017年营收占比达47% 道氏技术拟15亿加码锂电材料
2018-04-25,2018北京车展：比亚迪元EV360正式亮相,2018北京车展：比亚迪元EV360正式亮相
2018-04-25,比亚迪秦Pro正式发布：龙脸惊艳 5.9秒破百,比亚迪秦Pro正式发布：龙脸惊艳 5.9秒破百
2018-04-25,将投1000万辆电动车 滴滴组建洪流联盟,将投1000万辆电动车 滴滴组建洪流联盟
2018-04-25,[看好评级]新能源汽车行业周报：锂电正极材料价格上涨第17批目录发布,[看好评级]新能源汽车行业周报：锂电正极材料价格上涨第17批目录发布
2018-04-26,剑指中级轿车市场 比亚迪秦Pro全球首发,剑指中级轿车市场 比亚迪秦Pro全球首发
2018-04-26,[推荐评级]汽车行业研究周报：汽车股比放开三步走 自主品牌当自强,[推荐评级]汽车行业研究周报：汽车股比放开三步走 自主品牌当自强
2018-04-26,比亚迪发布DiLink智能系统，亮点丝毫不输全新一代唐,比亚迪发布DiLink智能系统，亮点丝毫不输全新一代唐
2018-04-26,2017年手机概念股净利润排行榜：京东方翻3倍 中兴扭亏为盈,2017年手机概念股净利润排行榜：京东方翻3倍 中兴扭亏为盈
2018-04-26,2018北京车展第二天，百度陆奇“面基”比亚迪王传福 | 图说,2018北京车展第二天，百度陆奇“面基”比亚迪王传福 | 图说
2018-04-26,以梦想和责任塑造比亚迪品牌,以梦想和责任塑造比亚迪品牌
2018-04-26,EV晨报丨工信部：今年取消新能源车股比限制;北京新能源指标申请破23万;北汽EU5起售价12.9万,EV晨报丨工信部：今年取消新能源车股比限制;北京新能源指标申请破23万;北汽EU5起售价12.9万
2018-04-26,2018北京车展开幕　新能源汽车遍地开花-中国已成世界智能新能源车创新基地,2018北京车展开幕　新能源汽车遍地开花-中国已成世界智能新能源车创新基地
2018-04-26,巨变前夜攻守之间 新能源汽车谁执牛耳,巨变前夜攻守之间 新能源汽车谁执牛耳
2018-04-26,比亚迪杜国忠：全新一代唐正式公布预售价,比亚迪杜国忠：全新一代唐正式公布预售价
2018-04-27,比亚迪净利下跌超八成 新能源车补贴退坡令腰包瘪了,比亚迪净利下跌超八成 新能源车补贴退坡令腰包瘪了
2018-04-27,比亚迪20一季度净利润同比下降83.09%至1.02亿,比亚迪20一季度净利润同比下降83.09%至1.02亿
2018-04-27,比亚迪：一季度净利下滑83% 半年报净利预减超七成,比亚迪：一季度净利下滑83% 半年报净利预减超七成
2018-04-27,比亚迪：一季度净利降83% 预计二季较去年同期仍下滑,比亚迪：一季度净利降83% 预计二季较去年同期仍下滑
2018-04-27,比亚迪：一季度净利润1.02亿元，同比下降83.09%,比亚迪：一季度净利润1.02亿元，同比下降83.09%
2018-04-27,全明星阵容亮相北京车展 比亚迪纯电动车型迎来最强产品矩阵,全明星阵容亮相北京车展 比亚迪纯电动车型迎来最强产品矩阵
2018-04-27,用比亚迪电动汽车的车载屏幕玩吃鸡是怎样的体验？,用比亚迪电动汽车的车载屏幕玩吃鸡是怎样的体验？
2018-04-27,比亚迪电动叉车重磅亮相2018德国汉诺威国际物流展,比亚迪电动叉车重磅亮相2018德国汉诺威国际物流展
2018-04-27,比亚迪发智能网联DiLink系统 首创智能自动旋转大屏,比亚迪发智能网联DiLink系统 首创智能自动旋转大屏
2018-04-27,"002594比亚迪股票行情分析:17年业绩符合预期,未来新能源车有望提振","002594比亚迪股票行情分析:17年业绩符合预期,未来新能源车有望提振"
2018-04-27,"汽车""欢乐""总动员!造新势力抢滩电动车","汽车""欢乐""总动员!造新势力抢滩电动车"
2018-04-27,布局国际化，比亚迪发布DiLink智慧生态系统,布局国际化，比亚迪发布DiLink智慧生态系统
2018-04-27,摇不到号怎么办？不妨来车展看这些车,摇不到号怎么办？不妨来车展看这些车
2018-04-27,北京车展凸显电动化趋势 六股绝佳布局良机,北京车展凸显电动化趋势 六股绝佳布局良机
2018-04-27,【聚焦】动力电池梯次利用为何越来越受重视？,【聚焦】动力电池梯次利用为何越来越受重视？
2018-04-27,全球首创智能自动旋转大屏 比亚迪震撼发布“DiLink系统”,全球首创智能自动旋转大屏 比亚迪震撼发布“DiLink系统”
2018-04-28,比亚迪宣布进入“造车新时代” 王传福：在变革的关口要成为引领者,比亚迪宣布进入“造车新时代” 王传福：在变革的关口要成为引领者
2018-04-28,【SMM盘点】锂电板块一季度普遍营利双增 二季度预期向好,【SMM盘点】锂电板块一季度普遍营利双增 二季度预期向好
2018-04-28,比亚迪2018一季度营收247.38亿同比增18% 新能源汽车销量继续高速增长,比亚迪2018一季度营收247.38亿同比增18% 新能源汽车销量继续高速增长
2018-04-28,比亚迪(01211-HK)首季少赚83% 第二季发盈警,比亚迪(01211-HK)首季少赚83% 第二季发盈警
2018-04-28,比亚迪预计今年上半年净利润同比减少70.98%至82.59%,比亚迪预计今年上半年净利润同比减少70.98%至82.59%
2018-04-28,比亚迪2018年一季度实现净利润1.02亿元,比亚迪2018年一季度实现净利润1.02亿元
2018-04-28,净利润大降83.09% 比亚迪二季度新能源汽车将继续走俏,净利润大降83.09% 比亚迪二季度新能源汽车将继续走俏
2018-04-28,汽车告别信息孤岛：比亚迪发布“DiLink系统”打造“超级汽车生态”,汽车告别信息孤岛：比亚迪发布“DiLink系统”打造“超级汽车生态”
2018-04-28,比亚迪一季度净利润骤降83%至1亿元：受财政补贴减少影响,比亚迪一季度净利润骤降83%至1亿元：受财政补贴减少影响
2018-04-28,北京车展上演“智能科技大秀”，比亚迪DiLink独显神通,北京车展上演“智能科技大秀”，比亚迪DiLink独显神通
2018-04-28,北京车展|智能化抛却犹疑 看新晋与传统的排兵布阵,北京车展|智能化抛却犹疑 看新晋与传统的排兵布阵
2018-04-28,人工智能领航北京车展 创新科技重塑汽车产业格局,人工智能领航北京车展 创新科技重塑汽车产业格局
2018-04-28,汽车品牌不做中兴！这些发动机确保我们不会受制于人！,汽车品牌不做中兴！这些发动机确保我们不会受制于人！
2018-04-28,EV晨报丨SST前锋重组过审北汽新能源将上市;小鹏汽车G3首批售罄;交通部公示客车安全达标车型,EV晨报丨SST前锋重组过审北汽新能源将上市;小鹏汽车G3首批售罄;交通部公示客车安全达标车型
2018-04-28,注意，无人驾驶汽车正在大批驶来,注意，无人驾驶汽车正在大批驶来
2018-04-29,【深度剖析】十张图了解比亚迪2017年报四大看点,【深度剖析】十张图了解比亚迪2017年报四大看点
2018-04-29,就问一句，香车美女你看不看？,就问一句，香车美女你看不看？
2018-04-30,比亚迪股份香港跌逾7% 第一季净利下滑83%,比亚迪股份香港跌逾7% 第一季净利下滑83%
2018-04-30,美银：下调港股比亚迪评级至“中性” 目标价59.3元,美银：下调港股比亚迪评级至“中性” 目标价59.3元
2018-04-30,港股异动︱丢了补贴首季净利下滑超八成 比亚迪(01211)跌7%,港股异动︱丢了补贴首季净利下滑超八成 比亚迪(01211)跌7%
2018-04-30,同股不同权今日起生效：恒指大涨1.5% 比亚迪下挫近7%,同股不同权今日起生效：恒指大涨1.5% 比亚迪下挫近7%
2018-04-30,香港恒生指数涨幅扩大至1% 比亚迪跌逾4%,香港恒生指数涨幅扩大至1% 比亚迪跌逾4%
2018-04-30,比亚迪一季度业绩下滑超八成 在港跌大跌5%,比亚迪一季度业绩下滑超八成 在港跌大跌5%
2018-04-30,比亚迪一季度净利同比下降83% 在香港大跌5%,比亚迪一季度净利同比下降83% 在香港大跌5%
2018-04-30,车展观察：我们很难找到没有大屏的新车,车展观察：我们很难找到没有大屏的新车
2018-04-30,港股开市：恒指高开249点中资金融股造高比亚迪受压,港股开市：恒指高开249点中资金融股造高比亚迪受压
2018-05-01,巨变前夜攻守之间 新能源汽车谁执牛耳,巨变前夜攻守之间 新能源汽车谁执牛耳
2018-05-01,别只盯着SUV看 北京车展年内将上市轿车,别只盯着SUV看 北京车展年内将上市轿车
2018-05-01,比亚迪一季度净利同比下降83%，盈利下滑与三星挂钩,比亚迪一季度净利同比下降83%，盈利下滑与三星挂钩
2018-05-02,盐湖股份：蓝科锂业碳酸锂产品还未直接销售给比亚迪,盐湖股份：蓝科锂业碳酸锂产品还未直接销售给比亚迪
2018-05-02,【解盘论市】创业板季度级别KDJ居然金叉了！这是走牛的征兆哇,【解盘论市】创业板季度级别KDJ居然金叉了！这是走牛的征兆哇
2018-05-02,"新能源行业周报:行业结构分化,降价压力犹存","新能源行业周报:行业结构分化,降价压力犹存"
2018-05-02,智能车企争奇斗艳,智能车企争奇斗艳
2018-05-02,三星电子将与比亚迪召开会议,三星电子将与比亚迪召开会议
2018-05-02,蔡澈：精诚合作是奔驰在华取得成功的坚实基础,蔡澈：精诚合作是奔驰在华取得成功的坚实基础
2018-05-02,新能源补贴退坡 比亚迪一季度净利跌8成股价大跌近7%,新能源补贴退坡 比亚迪一季度净利跌8成股价大跌近7%
2018-05-02,一季度国内动力电池装机量前10企业重点分析,一季度国内动力电池装机量前10企业重点分析
2018-05-02,透过越来越拥挤的北京车展，看行业未来发展,透过越来越拥挤的北京车展，看行业未来发展
2018-05-02,港股异动︱比亚迪(01211)跌4% 预计中期净利最少下滑71%,港股异动︱比亚迪(01211)跌4% 预计中期净利最少下滑71%
2018-05-02,比亚迪低开5%,比亚迪低开5%
2018-05-02,新旧“势力”碰撞 滴滴联手大众瞄准用车新玩法,新旧“势力”碰撞 滴滴联手大众瞄准用车新玩法
2018-05-02,A股创业板进入宁德时代,A股创业板进入宁德时代
2018-05-02,领克02等 北京车展后将上市中国品牌SUV,领克02等 北京车展后将上市中国品牌SUV
2018-05-02,【大行报告】中金公司：将比亚迪(01211-HK)评级降至持有 目标价61元,【大行报告】中金公司：将比亚迪(01211-HK)评级降至持有 目标价61元
2018-05-03,3月全球新能源乘用车销量榜出炉 特斯拉回来了,3月全球新能源乘用车销量榜出炉 特斯拉回来了
2018-05-03,这年头，续航里程没个500+还好意思在车展上打招呼？,这年头，续航里程没个500+还好意思在车展上打招呼？
2018-05-03,比亚迪一季度车型销量排行榜分析,比亚迪一季度车型销量排行榜分析
2018-05-03,18年1-3月的新能源乘用车的世界份额达到39%,18年1-3月的新能源乘用车的世界份额达到39%
2018-05-03,巨丰早评：筑底之路不平坦,巨丰早评：筑底之路不平坦
2018-05-03,对话四大车企全球CEO：如何定义汽车的未来？,对话四大车企全球CEO：如何定义汽车的未来？
2018-05-03,比亚迪MichaelAustin：卡车和公交车是污染优化重点,比亚迪MichaelAustin：卡车和公交车是污染优化重点
2018-05-04,比亚迪之殇:千亿投资营收难增 举债投资财务稳健渐失,比亚迪之殇:千亿投资营收难增 举债投资财务稳健渐失
2018-05-04,安凯、比亚迪业绩悬崖式暴跌，新能源汽车成“亏损王”,安凯、比亚迪业绩悬崖式暴跌，新能源汽车成“亏损王”
2018-05-04,首届“金融界之夜”在美国上演 价值投资知易行难,首届“金融界之夜”在美国上演 价值投资知易行难
2018-05-04,巴菲特商业帝国：伯克希尔哈撒韦2017年财报速读,巴菲特商业帝国：伯克希尔哈撒韦2017年财报速读
2018-05-04,短续航都是耍流氓？扒一扒北京车展狠角的“航价比”,短续航都是耍流氓？扒一扒北京车展狠角的“航价比”
2018-05-04,二天涨15倍！裸眼3D，A股小伙伴要和你做朋友,二天涨15倍！裸眼3D，A股小伙伴要和你做朋友
2018-05-04,港股异动︱比亚迪(01211)跌3% 机构指下半年传统车盈利能力或受竞争拖累,港股异动︱比亚迪(01211)跌3% 机构指下半年传统车盈利能力或受竞争拖累
2018-05-04,比亚迪进军东南亚 将建新能源-未来3.0立体出行,比亚迪进军东南亚 将建新能源-未来3.0立体出行
2018-05-04,新能源销量的“三连庄” 比亚迪营收破千亿!,新能源销量的“三连庄” 比亚迪营收破千亿!
2018-05-04,比亚迪8个月将推出5款新车 最快于本月上市,比亚迪8个月将推出5款新车 最快于本月上市
2018-05-04,今天，汽车进入iPhone时代！五大车厂血拼车内大屏边吃鸡边抖音,今天，汽车进入iPhone时代！五大车厂血拼车内大屏边吃鸡边抖音
2018-05-04,Link Transit推出大功率无线充电大巴,Link Transit推出大功率无线充电大巴
2018-05-05,巴菲特去年最爱15股解密：坚定持有可口可乐，继续加仓苹果,巴菲特去年最爱15股解密：坚定持有可口可乐，继续加仓苹果
2018-05-05,除了颜值 你看懂比亚迪的新大招了吗？,除了颜值 你看懂比亚迪的新大招了吗？
2018-05-06,百人口碑评新车:比亚迪颜值担当宋MAX,百人口碑评新车:比亚迪颜值担当宋MAX
2018-05-06,韶关比亚迪曾石生：中国叉车市场现状与未来,韶关比亚迪曾石生：中国叉车市场现状与未来
2018-05-06,自动驾驶出租车临近落地，谁是最大受益者？,自动驾驶出租车临近落地，谁是最大受益者？
2018-05-07,[强于大市评级]深度*行业*电力设备与新能源行业周报：3月全球新能源汽车销量排行榜出炉,[强于大市评级]深度*行业*电力设备与新能源行业周报：3月全球新能源汽车销量排行榜出炉
2018-05-07,9.99万！比亚迪宋1.5TID智联豪华型上市：配置大升级,9.99万！比亚迪宋1.5TID智联豪华型上市：配置大升级
2018-05-07,比亚迪李柯：比亚迪生意不好时巴菲特表示不会卖股票,比亚迪李柯：比亚迪生意不好时巴菲特表示不会卖股票
2018-05-07,比亚迪：今年将会推出一款紧凑型SUV车型,比亚迪：今年将会推出一款紧凑型SUV车型
2018-05-07,江苏淮安淮涟专线新投放10辆比亚迪纯电动公交,江苏淮安淮涟专线新投放10辆比亚迪纯电动公交
2018-05-07,宁德时代凭什么迅速成为创业板之王？,宁德时代凭什么迅速成为创业板之王？
2018-05-07,比亚迪与美国混合动力合作研发氢燃料电池车,比亚迪与美国混合动力合作研发氢燃料电池车
2018-05-07,车企押宝电动车战略大跃进 激进全面电动化没问题？,车企押宝电动车战略大跃进 激进全面电动化没问题？
2018-05-07,政策调整 进化的低价策略战能打好新能源汽车这一仗吗？,政策调整 进化的低价策略战能打好新能源汽车这一仗吗？
2018-05-07,巴菲特股东大会：看多中国股市,巴菲特股东大会：看多中国股市
2018-05-07,"新能源汽车行业周报:锂电正极材料价格下调,关注龙头标的","新能源汽车行业周报:锂电正极材料价格下调,关注龙头标的"
2018-05-07,对话比亚迪北美总裁李柯:市场证明我们预判是正确的,对话比亚迪北美总裁李柯:市场证明我们预判是正确的
2018-05-08,独角兽宁德时代不能说的秘密：竞争恶化 收入靠补贴,独角兽宁德时代不能说的秘密：竞争恶化 收入靠补贴
2018-05-08,5月8日晚间上市公司十大重磅公告,5月8日晚间上市公司十大重磅公告
2018-05-08,比亚迪：1-4月新能源汽车销量4.36万辆,比亚迪：1-4月新能源汽车销量4.36万辆
2018-05-08,"比亚迪:丢市场份额因""太高端"" 业绩差回款慢全赖补贴","比亚迪:丢市场份额因""太高端"" 业绩差回款慢全赖补贴"
2018-05-08,比亚迪全球首批500辆纯电动智能泥头车订单落地,比亚迪全球首批500辆纯电动智能泥头车订单落地
2018-05-08,补贴退坡影响业绩 比亚迪提应对措施,补贴退坡影响业绩 比亚迪提应对措施
2018-05-08,宁德时代24天闪电过会 背后存补贴退坡等三大行业难题,宁德时代24天闪电过会 背后存补贴退坡等三大行业难题
2018-05-08,男子花18万余元买油电混合动力汽车接连出故障,男子花18万余元买油电混合动力汽车接连出故障
2018-05-08,[看好评级]新能源汽车行业一季报回顾：冰与火 继续看好非降价和行业出清标的!,[看好评级]新能源汽车行业一季报回顾：冰与火 继续看好非降价和行业出清标的!
2018-05-08,[买入评级]汽车与汽车零部件行业周报：北京国际汽车展览会开幕 新能源车成为亮点,[买入评级]汽车与汽车零部件行业周报：北京国际汽车展览会开幕 新能源车成为亮点
2018-05-08,补贴即将退坡 新能源物流车日子不好过,补贴即将退坡 新能源物流车日子不好过
2018-05-08,自主品牌 向上挑战未来战略制高点,自主品牌 向上挑战未来战略制高点
2018-05-08,3月全球电动车销量前十车型 北汽EC为第三,3月全球电动车销量前十车型 北汽EC为第三
2018-05-08,比亚迪的能量密度小目标：两年内磷酸铁锂180wh/kg 三元260wh/kg,比亚迪的能量密度小目标：两年内磷酸铁锂180wh/kg 三元260wh/kg
2018-05-09,[看好评级]新能源行业周报：5月份是过渡期 行业环境在改善,[看好评级]新能源行业周报：5月份是过渡期 行业环境在改善
2018-05-09,美机场购买比亚迪大巴，组建全美最大纯电动机场大巴车队,美机场购买比亚迪大巴，组建全美最大纯电动机场大巴车队
2018-05-09,赛米控屡获2017年度供货商奖项殊荣,赛米控屡获2017年度供货商奖项殊荣
2018-05-09,比亚迪4月销量环比下滑13.4% 燃油车业务又拖后腿,比亚迪4月销量环比下滑13.4% 燃油车业务又拖后腿
2018-05-09,[买入评级]汽车行业周报：工信部将起草并出台智能汽车产业发展指导意见,[买入评级]汽车行业周报：工信部将起草并出台智能汽车产业发展指导意见
2018-05-09,被巴菲特怒怼，马斯克“气不过”自掏腰包做了这件事,被巴菲特怒怼，马斯克“气不过”自掏腰包做了这件事
2018-05-09,布局智能出行市场，国内自主品牌如何八仙过海？,布局智能出行市场，国内自主品牌如何八仙过海？
2018-05-09,储能产品获英国市场青睐 比亚迪让低碳持续走进英国,储能产品获英国市场青睐 比亚迪让低碳持续走进英国
2018-05-09,华科创智喻东旭：纳米银线最终将带来移动终端的革命,华科创智喻东旭：纳米银线最终将带来移动终端的革命
2018-05-09,比亚迪4月销量增两成 新能源车同比翻倍,比亚迪4月销量增两成 新能源车同比翻倍
2018-05-09,比亚迪：还在持续推广云轨项目，市场需求依然很大,比亚迪：还在持续推广云轨项目，市场需求依然很大
2018-05-09,全球首批全密闭式智能纯电动泥头车在深圳试运营,全球首批全密闭式智能纯电动泥头车在深圳试运营
2018-05-09,睿能科技：比亚迪、大疆创新是公司客户,睿能科技：比亚迪、大疆创新是公司客户
2018-05-09,学会凹造型的比亚迪为何一季度业绩大降？,学会凹造型的比亚迪为何一季度业绩大降？
2018-05-09,在车里做个可旋转大屏，真的有必要吗？,在车里做个可旋转大屏，真的有必要吗？
2018-05-09,比亚迪签约全球首批电动泥头车 行业领域再拓展,比亚迪签约全球首批电动泥头车 行业领域再拓展
2018-05-09,EV晨报 | 工信部暂停58家企业新产品申报;比亚迪1-4月新能源车销4.36万辆;英国拟2040年禁售多数混动车,EV晨报 | 工信部暂停58家企业新产品申报;比亚迪1-4月新能源车销4.36万辆;英国拟2040年禁售多数混动车
2018-05-09,轿车行业深度研究：关注成长 重视新能源+自动变速器,轿车行业深度研究：关注成长 重视新能源+自动变速器
2018-05-09,[推荐评级]汽车行业周报：18Q1行业淡季盈利承压 建议关注优质个股,[推荐评级]汽车行业周报：18Q1行业淡季盈利承压 建议关注优质个股
2018-05-09,【财通汽车】比 亚 迪(002594):新能源销量复苏，下半年新产品可期,【财通汽车】比 亚 迪(002594):新能源销量复苏，下半年新产品可期
2018-05-09,续航300km+的小车 体验比亚迪元EV360,续航300km+的小车 体验比亚迪元EV360
2018-05-09,比亚迪新能源车4月销售数据公布 秦销4134辆,比亚迪新能源车4月销售数据公布 秦销4134辆
2018-05-10,【安信机械】公司深度分析-诺力股份：深耕大物流智能装备集成，迎锂电&物流智能化浪潮,【安信机械】公司深度分析-诺力股份：深耕大物流智能装备集成，迎锂电&物流智能化浪潮
2018-05-10,固态电池大战在即，日本要当霸主，中国如何应对,固态电池大战在即，日本要当霸主，中国如何应对
2018-05-10,比亚迪1季度净利润下滑超8成 新能源补贴退坡惹的祸?,比亚迪1季度净利润下滑超8成 新能源补贴退坡惹的祸?
2018-05-10,新能源补贴退坡形势下 宁德时代牵手戴姆勒,新能源补贴退坡形势下 宁德时代牵手戴姆勒
2018-05-10,销量同比翻倍，比亚迪新能源销量4月依旧强势,销量同比翻倍，比亚迪新能源销量4月依旧强势
2018-05-10,比亚迪有可能成为第二个乐视吗？,比亚迪有可能成为第二个乐视吗？
2018-05-10,[同步大市-A评级]汽车行业动态分析：2018Q1新能源大中客市场回顾,[同步大市-A评级]汽车行业动态分析：2018Q1新能源大中客市场回顾
2018-05-10,天津清源/比亚迪/国宏等4家车企将获新能源汽车国补超5亿元,天津清源/比亚迪/国宏等4家车企将获新能源汽车国补超5亿元
2018-05-10,4月汽车销量快报：主流车企集体回归，上汽长安吉利长城比亚迪均增两位数,4月汽车销量快报：主流车企集体回归，上汽长安吉利长城比亚迪均增两位数
2018-05-10,天津公示2015-2017年5.3亿推广补贴 比亚迪一家占据4.8亿,天津公示2015-2017年5.3亿推广补贴 比亚迪一家占据4.8亿
2018-05-10,新旧造车势力首次交锋 4月购车热度排行,新旧造车势力首次交锋 4月购车热度排行
2018-05-10,4月汽车销量数据 | 长城哈弗H6销量疲软 比亚迪增两成 长安同比增长15.33%,4月汽车销量数据 | 长城哈弗H6销量疲软 比亚迪增两成 长安同比增长15.33%
2018-05-10,乘联会：4月新能源乘用车销售7.3万辆，比亚迪/北汽/上汽包揽前三,乘联会：4月新能源乘用车销售7.3万辆，比亚迪/北汽/上汽包揽前三
2018-05-10,戴姆勒牵手宁德时代 比亚迪:与前者电池合作洽谈中,戴姆勒牵手宁德时代 比亚迪:与前者电池合作洽谈中
2018-05-10,自主首轮竞赛拉开差距，吉利、上汽目标达成领跑市场,自主首轮竞赛拉开差距，吉利、上汽目标达成领跑市场
2018-05-10,4月销售13105辆 比亚迪用销量“回应”亏损3.9亿的传言,4月销售13105辆 比亚迪用销量“回应”亏损3.9亿的传言
2018-05-10,宋MAX月销量直追神车，没挡住比亚迪一季度净利大跌八成,宋MAX月销量直追神车，没挡住比亚迪一季度净利大跌八成
2018-05-10,汽车行业日报：四大车企组建最大区块链联盟 打造出行新生态,汽车行业日报：四大车企组建最大区块链联盟 打造出行新生态
2018-05-10,[买入评级]比亚迪(002594/1211.HK)4月销量点评：新能源持续向好 新车上市见成效,[买入评级]比亚迪(002594/1211.HK)4月销量点评：新能源持续向好 新车上市见成效
2018-05-11,[增持评级]新能源汽车行业动态点评：新能源车持续高增长 龙头配置机遇显现,[增持评级]新能源汽车行业动态点评：新能源车持续高增长 龙头配置机遇显现
2018-05-11,特斯拉车主爱去美术店，北汽新能源、比亚迪车主总在飞,特斯拉车主爱去美术店，北汽新能源、比亚迪车主总在飞
2018-05-11,A股共发生40宗大宗交易成交24.31亿元（5月11日）,A股共发生40宗大宗交易成交24.31亿元（5月11日）
2018-05-11,恒指本周大涨4%站上31000点关口，吉利汽车领涨蓝筹,恒指本周大涨4%站上31000点关口，吉利汽车领涨蓝筹
2018-05-11,[增持评级]【联讯汽车行业研究】2017年及2018Q1行业年报点评,[增持评级]【联讯汽车行业研究】2017年及2018Q1行业年报点评
2018-05-11,十万个为什么，让秦给你十万个神回复,十万个为什么，让秦给你十万个神回复
2018-05-11,香港恒生指数涨1.3% 吉利、比亚迪大涨超3%,香港恒生指数涨1.3% 吉利、比亚迪大涨超3%
2018-05-11,[推荐评级]4月新能源汽车销量点评：龙头表现优异 A0级以上表现抢眼,[推荐评级]4月新能源汽车销量点评：龙头表现优异 A0级以上表现抢眼
2018-05-11,比亚迪叉车与佛朗斯股份达成重大战略合作,比亚迪叉车与佛朗斯股份达成重大战略合作
2018-05-11,向左的唐/向右的宋MAX 哪个是比亚迪的未来,向左的唐/向右的宋MAX 哪个是比亚迪的未来
2018-05-11,比亚迪全面进入“造车新时代”,比亚迪全面进入“造车新时代”
2018-05-11,比亚迪新能源4月销量增117% 超1.31万辆,比亚迪新能源4月销量增117% 超1.31万辆
2018-05-11,[推荐评级]中小盘新能源汽车行业专题二：新能源热管理系统：大爆发的前夜 细分领域龙头崛起,[推荐评级]中小盘新能源汽车行业专题二：新能源热管理系统：大爆发的前夜 细分领域龙头崛起
2018-05-11,[推荐评级]中小盘新能源汽车行业专题四：车载电源：国内专业制造商崛起 绑定下游抢占先发优势,[推荐评级]中小盘新能源汽车行业专题四：车载电源：国内专业制造商崛起 绑定下游抢占先发优势
2018-05-11,插混市场刀光剑影 4月新能源汽车销量解读,插混市场刀光剑影 4月新能源汽车销量解读
2018-05-11,宋MAX稳坐4月MPV销量第二 宝骏730无缘前三,宋MAX稳坐4月MPV销量第二 宝骏730无缘前三
2018-05-11,北京第7批环保车型目录发布，北汽EU5/比亚迪元/电咖EV10等54款电动车型入选,北京第7批环保车型目录发布，北汽EU5/比亚迪元/电咖EV10等54款电动车型入选
2018-05-12,4月最全467款新车销量排行榜 帝豪进了前五 哈弗H6还是第一 比亚迪宋MAX反超宝骏730,4月最全467款新车销量排行榜 帝豪进了前五 哈弗H6还是第一 比亚迪宋MAX反超宝骏730
2018-05-12,MSCI成分股即将敲定，金融+汽车+白酒再迎新风口,MSCI成分股即将敲定，金融+汽车+白酒再迎新风口
2018-05-13,一周热点丨中汽协4月新能源车销售8.2万辆；4月新增公共充电桩8984个；58家整车企业面临劝退,一周热点丨中汽协4月新能源车销售8.2万辆；4月新增公共充电桩8984个；58家整车企业面临劝退
2018-05-14,腾讯获首张智能网联汽车路测牌照 四股或立风口,腾讯获首张智能网联汽车路测牌照 四股或立风口
2018-05-14,[强于大市评级]海外汽车及零部件行业一周回顾：4月新能源汽车产销量同比大幅增长,[强于大市评级]海外汽车及零部件行业一周回顾：4月新能源汽车产销量同比大幅增长
2018-05-14,[强于大市评级]深度*行业*电力设备与新能源行业周报：新能源汽车产业升级加速,[强于大市评级]深度*行业*电力设备与新能源行业周报：新能源汽车产业升级加速
2018-05-14,华泰证券：新能源车产业链热度回升 配置细分领域龙头,华泰证券：新能源车产业链热度回升 配置细分领域龙头
2018-05-14,[推荐评级]汽车行业周报：新能源汽车销量大幅增长 强装期产业链配置价值凸显,[推荐评级]汽车行业周报：新能源汽车销量大幅增长 强装期产业链配置价值凸显
2018-05-14,掀起星城购车热潮 湖南车展完美落幕,掀起星城购车热潮 湖南车展完美落幕
2018-05-14,【天风汽车】新能源车总量走强，结构更超预期！,【天风汽车】新能源车总量走强，结构更超预期！
2018-05-14,【G20周刊】新宙邦海外业绩占比超30%,【G20周刊】新宙邦海外业绩占比超30%
2018-05-14,[优于大势评级]汽车行业周报：6月11日补贴过渡期结束 4月新能源乘用车销量超预期,[优于大势评级]汽车行业周报：6月11日补贴过渡期结束 4月新能源乘用车销量超预期
2018-05-14,2018年4月汽车销量排行 市场反弹势头明显 SUV增速迅猛,2018年4月汽车销量排行 市场反弹势头明显 SUV增速迅猛
2018-05-14,汽车及零部件行业动态：4月新能源产销量翻倍增长 利好上汽集团和宇通客车,汽车及零部件行业动态：4月新能源产销量翻倍增长 利好上汽集团和宇通客车
2018-05-14,[买入评级]新能源汽车行业简评：4月抢装行情持续火爆 车型格局开始分化,[买入评级]新能源汽车行业简评：4月抢装行情持续火爆 车型格局开始分化
2018-05-14,汽车行业周报：4月新能源乘用车销量持续高增长,汽车行业周报：4月新能源乘用车销量持续高增长
2018-05-14,销量回升明显 国内3月新能源车销量分析,销量回升明显 国内3月新能源车销量分析
2018-05-15,[买入-A评级]比亚迪(002594)公司深度分析：改革开放 扬帆起航,[买入-A评级]比亚迪(002594)公司深度分析：改革开放 扬帆起航
2018-05-15,比亚迪的困局不是一个奥迪设计师就能解决的?,比亚迪的困局不是一个奥迪设计师就能解决的?
2018-05-15,比亚迪：丢市场份额因“太高端“ 业绩差回款慢全赖补贴,比亚迪：丢市场份额因“太高端“ 业绩差回款慢全赖补贴
2018-05-15,放弃自产自销 比亚迪能重新做回市场老大吗？,放弃自产自销 比亚迪能重新做回市场老大吗？
2018-05-15,比亚迪1季度净利润下滑超8成 新能源补贴退坡惹的祸?,比亚迪1季度净利润下滑超8成 新能源补贴退坡惹的祸?
2018-05-15,无人驾驶成“蓝海”，BAT布局初现，这些值得一看,无人驾驶成“蓝海”，BAT布局初现，这些值得一看
2018-05-15,[增持评级]电力设备新能源行业周报：4月新能源车销量再创新高 推进发电权交易继续改善新能源电力消纳水平,[增持评级]电力设备新能源行业周报：4月新能源车销量再创新高 推进发电权交易继续改善新能源电力消纳水平
2018-05-15,汽车行业研究报告：从汽车百年历史角度看新能源汽车发展 消费元年开启 趋势不可阻挡,汽车行业研究报告：从汽车百年历史角度看新能源汽车发展 消费元年开启 趋势不可阻挡
2018-05-15,4月新能源汽车市场分析：倍数增长，排名逆转，合资布局，京城式微,4月新能源汽车市场分析：倍数增长，排名逆转，合资布局，京城式微
2018-05-15,增收不增利 车企重新瓜分市场份额新一轮竞争料展开,增收不增利 车企重新瓜分市场份额新一轮竞争料展开
2018-05-15,汽车召回股价跳水，全球两大电动汽车巨头遭遇大危机,汽车召回股价跳水，全球两大电动汽车巨头遭遇大危机
2018-05-15,比亚迪造车新时代 宋MAX带动燃油车强势回归,比亚迪造车新时代 宋MAX带动燃油车强势回归
2018-05-15,特斯拉中国本土化步步紧逼 比亚迪如何迎战？,特斯拉中国本土化步步紧逼 比亚迪如何迎战？
2018-05-15,中国4月新能源汽车锂电池装车377万度 同比增3倍,中国4月新能源汽车锂电池装车377万度 同比增3倍
2018-05-15,比亚迪欲夺回燃油车市场份额,比亚迪欲夺回燃油车市场份额
2018-05-15,新能源电池企业出海 宁德时代比亚迪争夺王座,新能源电池企业出海 宁德时代比亚迪争夺王座
2018-05-15,汽车板块：新能源车提供增长新动能,汽车板块：新能源车提供增长新动能
2018-05-15,4月乘用车销量“放榜” 吉利/长安等增长率领跑,4月乘用车销量“放榜” 吉利/长安等增长率领跑
2018-05-15,跨市场新能源汽车产业链2017年年报总结：上游量价齐升 中下游毛利率承压,跨市场新能源汽车产业链2017年年报总结：上游量价齐升 中下游毛利率承压
2018-05-15,中兴通讯、比亚迪等公司被纳入MSCI指数体系,中兴通讯、比亚迪等公司被纳入MSCI指数体系
2018-05-15,比亚迪被低估56%，但只要“动动手指”就能破解,比亚迪被低估56%，但只要“动动手指”就能破解
2018-05-15,宋家族与新能源车双箭齐发 比亚迪再放异彩,宋家族与新能源车双箭齐发 比亚迪再放异彩
2018-05-15,[看好评级]新能源行业周报：行业数据向好 过渡期持续,[看好评级]新能源行业周报：行业数据向好 过渡期持续
2018-05-15,颜值增配置高比亚迪全新唐新能源到店,颜值增配置高比亚迪全新唐新能源到店
2018-05-15,陕西速度！“300万辆整车”异军突起,陕西速度！“300万辆整车”异军突起
2018-05-15,49股获券商买入评级 凯乐科技目标涨幅达80.16%,49股获券商买入评级 凯乐科技目标涨幅达80.16%
2018-05-16,[同步大市评级]汽车行业A股纳入MSCI点评：增量资金提前入场 优质个股性价比提升,[同步大市评级]汽车行业A股纳入MSCI点评：增量资金提前入场 优质个股性价比提升
2018-05-16,比亚迪纯电动秦 Pro 申报图曝光,比亚迪纯电动秦 Pro 申报图曝光
2018-05-16,比亚迪一季度净利润狂泻83%，四大质疑请回答！,比亚迪一季度净利润狂泻83%，四大质疑请回答！
2018-05-16,第308批新车公示，前途K50/威马威阔/云度ππ等460款新能源车型入选,第308批新车公示，前途K50/威马威阔/云度ππ等460款新能源车型入选
2018-05-16,【财通汽车】纳入MSCI的11支汽车股对比分析：细分龙头纷纷入围，未来估值有望提升,【财通汽车】纳入MSCI的11支汽车股对比分析：细分龙头纷纷入围，未来估值有望提升
2018-05-16,[推荐评级]汽车行业周报：4月车企销量集体复苏 新能源汽车同比增长138%,[推荐评级]汽车行业周报：4月车企销量集体复苏 新能源汽车同比增长138%
2018-05-16,上汽新能源缘何实现北京逆袭，北京市场下一仗怎么打？,上汽新能源缘何实现北京逆袭，北京市场下一仗怎么打？
2018-05-16,《普法栏目剧》 20180508 十集迷你剧集·秀豆花（二）,《普法栏目剧》 20180508 十集迷你剧集·秀豆花（二）
2018-05-16,[增持评级]2018年4月新能源汽车销量点评：乘用车中高端化快速 电动车景气攀升,[增持评级]2018年4月新能源汽车销量点评：乘用车中高端化快速 电动车景气攀升
2018-05-16,一文看尽电动车充电时长，我们离10分钟快充还有多远？,一文看尽电动车充电时长，我们离10分钟快充还有多远？
2018-05-16,火箭导航技术为无人驾驶列车指路,火箭导航技术为无人驾驶列车指路
2018-05-16,比亚迪5辆之差险胜金旅排第二 4月新能源客车销售冠军再爆冷,比亚迪5辆之差险胜金旅排第二 4月新能源客车销售冠军再爆冷
2018-05-16,7.99-12.99万元 比亚迪宋MAX六座版上海上市,7.99-12.99万元 比亚迪宋MAX六座版上海上市
2018-05-16,从美国退出伊核协议看我国汽车产业转型,从美国退出伊核协议看我国汽车产业转型
2018-05-16,4月MPV销量榜出炉：五菱宝骏下滑，比亚迪宋MAX强势，大众这款进榜,4月MPV销量榜出炉：五菱宝骏下滑，比亚迪宋MAX强势，大众这款进榜
2018-05-17,有望6月26日上市 曝新比亚迪唐更多信息,有望6月26日上市 曝新比亚迪唐更多信息
2018-05-17,比亚迪软逾1％ 当局拟从免税名单剔除多款新能源车,比亚迪软逾1％ 当局拟从免税名单剔除多款新能源车
2018-05-17,[推荐评级]汽车行业研究周报：SUV市场增长趋缓 新能源汽车持续火热,[推荐评级]汽车行业研究周报：SUV市场增长趋缓 新能源汽车持续火热
2018-05-17,神似丰田汉兰达！比亚迪新一代宋EV SUV曝光,神似丰田汉兰达！比亚迪新一代宋EV SUV曝光
2018-05-17,大湾区规划呼之欲出粤港澳大湾区概念股或迎利好,大湾区规划呼之欲出粤港澳大湾区概念股或迎利好
2018-05-17,新能源汽车产业发展入快车道 4月动力电池装机量增三倍,新能源汽车产业发展入快车道 4月动力电池装机量增三倍
2018-05-17,[买入评级]汽车及汽车零部件行业跟踪：18年1-4月份新能源汽车积分比例为8.2%,[买入评级]汽车及汽车零部件行业跟踪：18年1-4月份新能源汽车积分比例为8.2%
2018-05-17,[看好评级]2018年4月乘用车市场终端价格监测月报,[看好评级]2018年4月乘用车市场终端价格监测月报
2018-05-17,[强于大市评级]汽车行业点评：海南汽车电动化!市场有什么深远影响?,[强于大市评级]汽车行业点评：海南汽车电动化!市场有什么深远影响?
2018-05-17,比亚迪唐二代 vs WEY P8：混动系统哪家强？,比亚迪唐二代 vs WEY P8：混动系统哪家强？
2018-05-17,11支汽车股纳入MSCI 细分龙头未来估值有望提升,11支汽车股纳入MSCI 细分龙头未来估值有望提升
2018-05-18,2201个新能源车型将被撤销购置税优惠，动态管理机制不是说说而已 | 中国汽车报,2201个新能源车型将被撤销购置税优惠，动态管理机制不是说说而已 | 中国汽车报
2018-05-18,蓝思科技周群飞：比亚迪3D玻璃要一两年赶上我们很难,蓝思科技周群飞：比亚迪3D玻璃要一两年赶上我们很难
2018-05-18,【光大新三板】热管理篇：价值增长+需求放量，本土企业机遇显现 ——新能源汽车行业跨市场系列报告之三,【光大新三板】热管理篇：价值增长+需求放量，本土企业机遇显现 ——新能源汽车行业跨市场系列报告之三
2018-05-18,将于5月27日上市 曝比亚迪元EV360消息,将于5月27日上市 曝比亚迪元EV360消息
2018-05-18,25款新能源乘用车将被撤销免购置税资格,25款新能源乘用车将被撤销免购置税资格
2018-05-18,政策保护到期日韩系“休眠期”结束 日韩动力电池“血战”将至,政策保护到期日韩系“休眠期”结束 日韩动力电池“血战”将至
2018-05-18,或将 6 月 26 日上市 比亚迪全新一代唐上市信息曝光,或将 6 月 26 日上市 比亚迪全新一代唐上市信息曝光
2018-05-18,手把手教你新能源新补贴政策，下半年该买什么车？,手把手教你新能源新补贴政策，下半年该买什么车？
2018-05-18,比亚迪54759辆新能源车将获16.48亿国家补贴,比亚迪54759辆新能源车将获16.48亿国家补贴
2018-05-19,新能源汽车销售超预期 装备与下游龙头将崛起,新能源汽车销售超预期 装备与下游龙头将崛起
2018-05-19,209款新能源客车配套分析：宁德时代强势五连冠,209款新能源客车配套分析：宁德时代强势五连冠
2018-05-20,比亚迪元EV360沟通会 技术改变出行体验,比亚迪元EV360沟通会 技术改变出行体验
2018-05-20,全新比亚迪唐有望6月26日上市：混动版补贴后25-30万元,全新比亚迪唐有望6月26日上市：混动版补贴后25-30万元
2018-05-21,【港股解码】一季度利润暴跌83%，新能源汽车“一哥”比亚迪遭遇危机,【港股解码】一季度利润暴跌83%，新能源汽车“一哥”比亚迪遭遇危机
2018-05-21,虽然有了银团支持，但是动力电池市场竞争已白热化，日韩企业也蠢蠢欲动。沃特玛前路堪忧,虽然有了银团支持，但是动力电池市场竞争已白热化，日韩企业也蠢蠢欲动。沃特玛前路堪忧
2018-05-21,李云飞：宋MAX 开启比亚迪造车新时代,李云飞：宋MAX 开启比亚迪造车新时代
2018-05-21,"汽车周报2018第11期:4月车企销量集体复苏,新能源汽车同比增长138%","汽车周报2018第11期:4月车企销量集体复苏,新能源汽车同比增长138%"
2018-05-21,比亚迪一季度利润暴跌 补贴减少彻底揭了谁的短？,比亚迪一季度利润暴跌 补贴减少彻底揭了谁的短？
2018-05-21,"中国24家上市车企年报出炉:""尖子生""一辆赚5万元","中国24家上市车企年报出炉:""尖子生""一辆赚5万元"
2018-05-21,数说丨没有EC系列，北汽新能源的另一个支点在哪？,数说丨没有EC系列，北汽新能源的另一个支点在哪？
2018-05-21,一季度利润暴跌83% 比亚迪危机四伏,一季度利润暴跌83% 比亚迪危机四伏
2018-05-21,混动汽车的E-CVT其实早已不是变速箱了，只是厂家没告诉你,混动汽车的E-CVT其实早已不是变速箱了，只是厂家没告诉你
2018-05-21,新能源汽车行业周报:工信部拟撤销多款新能源车免征购置税,新能源汽车行业周报:工信部拟撤销多款新能源车免征购置税
2018-05-21,第308批新车公示新能源汽车电池配套解析,第308批新车公示新能源汽车电池配套解析
2018-05-22,工信部撤销部分新能源车免购置税资格江淮/比亚迪在列,工信部撤销部分新能源车免购置税资格江淮/比亚迪在列
2018-05-22,近350款车型 第4/5批新能源推广目录,近350款车型 第4/5批新能源推广目录
2018-05-22,100款新能源乘用车被撤销免购置税资格,100款新能源乘用车被撤销免购置税资格
2018-05-22,中国电池企业走向国际市场应对日韩电池企业的竞争,中国电池企业走向国际市场应对日韩电池企业的竞争
2018-05-22,品牌价值媲美科技公司，这8家汽车上市公司的“含金量”你知道多少,品牌价值媲美科技公司，这8家汽车上市公司的“含金量”你知道多少
2018-05-22,养猪的温氏股份、造电池的宁德时代 谁将成创业板第一,养猪的温氏股份、造电池的宁德时代 谁将成创业板第一
2018-05-22,工信部发布第4、5批新能源车推荐目录，1987款车型入选,工信部发布第4、5批新能源车推荐目录，1987款车型入选
2018-05-22,动力锂电池行业竞争趋势分析 龙头企业终将脱颖而出,动力锂电池行业竞争趋势分析 龙头企业终将脱颖而出
2018-05-22,入摩整车公司总市值7878亿元 去年分红271亿元,入摩整车公司总市值7878亿元 去年分红271亿元
2018-05-22,[看好评级]新能源行业周报：线区域电动化持续 关注供应链匹配情况,[看好评级]新能源行业周报：线区域电动化持续 关注供应链匹配情况
2018-05-22,HEV/PHEV/48V轻混 哪种混动系统更靠谱？,HEV/PHEV/48V轻混 哪种混动系统更靠谱？
2018-05-22,比亚迪获海外最大卡车订单,比亚迪获海外最大卡车订单
2018-05-22,电动汽车锂电池装机4月同比增261.56% 宁德时代丢“第一”,电动汽车锂电池装机4月同比增261.56% 宁德时代丢“第一”
2018-05-22,比亚迪获拉美地区最大纯电动卡车订单,比亚迪获拉美地区最大纯电动卡车订单
2018-05-22,机械行业动态：油价上行利好油气装备 半导体设备景气持续,机械行业动态：油价上行利好油气装备 半导体设备景气持续
2018-05-22,中国智造再出海 比亚迪斩获拉美超大纯电动卡车订单,中国智造再出海 比亚迪斩获拉美超大纯电动卡车订单
2018-05-22,比亚迪在海外获最大卡车订单,比亚迪在海外获最大卡车订单
2018-05-22,福田联手银隆 苏州绿控再霸榜 第308批客车配套还有哪些看点？,福田联手银隆 苏州绿控再霸榜 第308批客车配套还有哪些看点？
2018-05-22,上汽领衔 八车企跻身2018中国上市公司品牌价值榜TOP100,上汽领衔 八车企跻身2018中国上市公司品牌价值榜TOP100
2018-05-22,[增持评级]锂电设备行业点评：宁德时代IPO获批 开启全球龙头扩产时代,[增持评级]锂电设备行业点评：宁德时代IPO获批 开启全球龙头扩产时代
2018-05-23,[中性评级]汽车行业外资股比放开点评：合资股比放开 行业影响有限,[中性评级]汽车行业外资股比放开点评：合资股比放开 行业影响有限
2018-05-23,电气设备：4单月装机电量3.76GWH 荐11股,电气设备：4单月装机电量3.76GWH 荐11股
2018-05-23,比亚迪：3D玻璃机壳已实现对部分客户的批量出货,比亚迪：3D玻璃机壳已实现对部分客户的批量出货
2018-05-23,汽车：关注新能源汽车高端化 荐12股,汽车：关注新能源汽车高端化 荐12股
2018-05-23,燃油车强势回归后 比亚迪的“诗和远方”,燃油车强势回归后 比亚迪的“诗和远方”
2018-05-23,比亚迪：国家收紧对轨道交通的审核 公司云轨项目需申报发改委审批,比亚迪：国家收紧对轨道交通的审核 公司云轨项目需申报发改委审批
2018-05-23,宇通比亚迪金旅三强鼎立 纯电动客车前四月增长11倍,宇通比亚迪金旅三强鼎立 纯电动客车前四月增长11倍
2018-05-23,【电新*曾朵红团队】4月电动车结构优化超预期，电动车反转正当时,【电新*曾朵红团队】4月电动车结构优化超预期，电动车反转正当时
2018-05-23,中国Top9动力电池企业技术、产能和客户图谱,中国Top9动力电池企业技术、产能和客户图谱
2018-05-24,机构密集调研MSCI成份股曝光，部分个股被北上资金大举加仓,机构密集调研MSCI成份股曝光，部分个股被北上资金大举加仓
2018-05-24,最前线｜比亚迪获6.89亿美元巴西云轨订单，能否解救依赖补贴的业绩？,最前线｜比亚迪获6.89亿美元巴西云轨订单，能否解救依赖补贴的业绩？
2018-05-24,跨市场新能源汽车周报：第308批《道路机动车辆生产企业及产品公告》发布,跨市场新能源汽车周报：第308批《道路机动车辆生产企业及产品公告》发布
2018-05-24,特斯拉减价 比亚迪跌近2％最差国指股,特斯拉减价 比亚迪跌近2％最差国指股
2018-05-24,比亚迪获得6.89亿美元巴西云轨订单,比亚迪获得6.89亿美元巴西云轨订单
2018-05-24,苹果无人车或明年发布：被奔驰、比亚迪拒绝后，大众面包车终成接盘侠,苹果无人车或明年发布：被奔驰、比亚迪拒绝后，大众面包车终成接盘侠
2018-05-24,[推荐评级]汽车行业周报：特斯拉在华注册全资子公司 关注新能源汽车高端化,[推荐评级]汽车行业周报：特斯拉在华注册全资子公司 关注新能源汽车高端化
2018-05-24,比亚迪全新C7&K7纯电动客车将于5月28日发布,比亚迪全新C7&K7纯电动客车将于5月28日发布
2018-05-24,巨丰热点：海南自贸再度活跃 海汽集团涨停,巨丰热点：海南自贸再度活跃 海汽集团涨停
2018-05-24,深度*行业*汽车及零部件降低关税点评：靴子落地 好于预期,深度*行业*汽车及零部件降低关税点评：靴子落地 好于预期
2018-05-24,海南省将在全岛高速公路上铺设充电桩,海南省将在全岛高速公路上铺设充电桩
2018-05-24,国内外轮边电机驱动桥高清大图及技术对比分析研究,国内外轮边电机驱动桥高清大图及技术对比分析研究
2018-05-24,宇航股份：比亚迪BMS工厂MES项目成功验收,宇航股份：比亚迪BMS工厂MES项目成功验收
2018-05-25,广发证券汽车行业新车数据库,广发证券汽车行业新车数据库
2018-05-25,千亿补贴换来数70万销量，国产新能源汽车眼看要黄？,千亿补贴换来数70万销量，国产新能源汽车眼看要黄？
2018-05-25,比亚迪中标巴西轨道交通项目,比亚迪中标巴西轨道交通项目
2018-05-25,6月上市新车抢先看 这两款车注定会成为爆款？,6月上市新车抢先看 这两款车注定会成为爆款？
2018-05-25,投资界快讯| 比亚迪在巴西赢得6.89亿美元“首标”，将建全球首条跨海云轨,投资界快讯| 比亚迪在巴西赢得6.89亿美元“首标”，将建全球首条跨海云轨
2018-05-25,颜值、个性、智能一个都不能少 年轻人的新能源车怎么选？,颜值、个性、智能一个都不能少 年轻人的新能源车怎么选？
2018-05-25,比亚迪巴西拿下6.89亿美元全球首条跨海云轨订单,比亚迪巴西拿下6.89亿美元全球首条跨海云轨订单
2018-05-25,中德或加强自动驾驶合作 六股腾飞在即掘金良机,中德或加强自动驾驶合作 六股腾飞在即掘金良机
2018-05-25,[推荐评级]电气设备行业点评报告：4月锂电装机持续爆发 乘用车最先放量,[推荐评级]电气设备行业点评报告：4月锂电装机持续爆发 乘用车最先放量
2018-05-26,荣威MARVEL X设计解析：新造车企业轮番轰炸，传统车企是这样反击的,荣威MARVEL X设计解析：新造车企业轮番轰炸，传统车企是这样反击的
2018-05-26,2018年4月新能源乘用车及客车产量分析：产量同比大幅增长,2018年4月新能源乘用车及客车产量分析：产量同比大幅增长
2018-05-27,新能源车企迎来近190亿补贴 3重因素保障产业中期成长,新能源车企迎来近190亿补贴 3重因素保障产业中期成长
2018-05-27,发改委城轨产能调控令“威力”显现：中国铁建叫停磁悬浮生产线 比亚迪云轨海外抢订单,发改委城轨产能调控令“威力”显现：中国铁建叫停磁悬浮生产线 比亚迪云轨海外抢订单
2018-05-27,比亚迪元电动SUV 补贴后7.99万起售 值不值？,比亚迪元电动SUV 补贴后7.99万起售 值不值？
2018-05-27,不到十万元可入手顶配车型，比亚迪元EV360能否破局小型SUV市场？,不到十万元可入手顶配车型，比亚迪元EV360能否破局小型SUV市场？
2018-05-27,补贴后7.99-9.99万 比亚迪元EV360上市,补贴后7.99-9.99万 比亚迪元EV360上市
2018-05-27,电动车里的“小钢炮” 比亚迪元EV360今日上市,电动车里的“小钢炮” 比亚迪元EV360今日上市
2018-05-27,在巴西拿下全球首条跨海云轨的比亚迪，给老城交通升级找到了新方案,在巴西拿下全球首条跨海云轨的比亚迪，给老城交通升级找到了新方案
2018-05-27,综合续航305km 元EV360将于今日上市,综合续航305km 元EV360将于今日上市
2018-05-27,比亚迪手捧6.89亿美金 海外云轨订单再次刷屏,比亚迪手捧6.89亿美金 海外云轨订单再次刷屏
2018-05-27,[推荐评级]电动汽车行业点评：申报数创新高 中游产业链格局重构,[推荐评级]电动汽车行业点评：申报数创新高 中游产业链格局重构
2018-05-28,比亚迪控股子公司4亿增资腾势新能源,比亚迪控股子公司4亿增资腾势新能源
2018-05-28,比亚迪2019年推高性能轿跑 首搭三擎四驱动力,比亚迪2019年推高性能轿跑 首搭三擎四驱动力
2018-05-28,比亚迪：比亚迪汽车工业及戴姆勒向腾势新能源增资8亿元,比亚迪：比亚迪汽车工业及戴姆勒向腾势新能源增资8亿元
2018-05-28,大连机床董事长被通缉或因虚构债务伪造比亚迪证章,大连机床董事长被通缉或因虚构债务伪造比亚迪证章
2018-05-28,[买入评级]新能源汽车行业跟踪：延续择优扶强政策思路 关注高端化投资机会,[买入评级]新能源汽车行业跟踪：延续择优扶强政策思路 关注高端化投资机会
2018-05-28,比亚迪全新纯电动客车首发上市 发力中型客车市场,比亚迪全新纯电动客车首发上市 发力中型客车市场
2018-05-28,比亚迪向汕头市交付400台纯电动公交车,比亚迪向汕头市交付400台纯电动公交车
2018-05-28,[增持评级]汽车行业2018年中期策略报告：把握细分龙头 布局长期成长,[增持评级]汽车行业2018年中期策略报告：把握细分龙头 布局长期成长
2018-05-28,发力中型客车市场，比亚迪全新C7、K7纯电动客车首发上市,发力中型客车市场，比亚迪全新C7、K7纯电动客车首发上市
2018-05-28,比亚迪：元EV360震撼上市，新品周期正式开启【安信汽车】,比亚迪：元EV360震撼上市，新品周期正式开启【安信汽车】
2018-05-28,5月28日晚间上市公司十大重磅公告,5月28日晚间上市公司十大重磅公告
2018-05-28,比亚迪获6.89亿美元大单 拿下巴西云轨项目,比亚迪获6.89亿美元大单 拿下巴西云轨项目
2018-05-28,新能源乘用车销量数据 知豆累计同比变化下滑,新能源乘用车销量数据 知豆累计同比变化下滑
2018-05-28,"汽车行业周报:关税下降好于预期,汽车板块估值短期回升","汽车行业周报:关税下降好于预期,汽车板块估值短期回升"
2018-05-28,中国铁建叫停磁悬浮产线 比亚迪转向海外抢单,中国铁建叫停磁悬浮产线 比亚迪转向海外抢单
2018-05-28,新能源车企迎来近190亿元补贴 6股迎来上车良机,新能源车企迎来近190亿元补贴 6股迎来上车良机
2018-05-28,"电力设备与新能源行业周报:锂电旺季在即迎反转,风光龙头强者恒强","电力设备与新能源行业周报:锂电旺季在即迎反转,风光龙头强者恒强"
2018-05-28,呈“雨后春笋”之势 电动卡车规模化应用越来越近,呈“雨后春笋”之势 电动卡车规模化应用越来越近
2018-05-28,电话会议：宏发股份（600885）投资价值分析报告—淡能致远，历久弥香,电话会议：宏发股份（600885）投资价值分析报告—淡能致远，历久弥香
2018-05-28,新能源汽车:产销四月增长强劲 关注产业链龙头,新能源汽车:产销四月增长强劲 关注产业链龙头
2018-05-28,"002594比亚迪:改革开放,扬帆起航","002594比亚迪:改革开放,扬帆起航"
2018-05-28,【太平洋证券?今日早读】比亚迪：爆款潜力股来袭，元EV360正式上市|策略：行业景气度观察|机械行业追踪（20180528）,【太平洋证券?今日早读】比亚迪：爆款潜力股来袭，元EV360正式上市|策略：行业景气度观察|机械行业追踪（20180528）
2018-05-29,比亚迪李巍：比亚迪成全球唯一能提供3.0交通解决方案车企,比亚迪李巍：比亚迪成全球唯一能提供3.0交通解决方案车企
2018-05-29,拓斯达(300607)：机器人新锐，18-20年高成长可期,拓斯达(300607)：机器人新锐，18-20年高成长可期
2018-05-29,【锂电设备】动力电池新规对锂电设备影响解读【东吴机械陈显帆】,【锂电设备】动力电池新规对锂电设备影响解读【东吴机械陈显帆】
2018-05-29,丰富9米座位客车产品线 比亚迪C7纯电动客车产品解析,丰富9米座位客车产品线 比亚迪C7纯电动客车产品解析
2018-05-29,比亚迪刘学亮：比亚迪电动大巴已成多国、地区“标准”,比亚迪刘学亮：比亚迪电动大巴已成多国、地区“标准”
2018-05-29,相互渗透，从日韩电池重返中国看全球电池供应格局,相互渗透，从日韩电池重返中国看全球电池供应格局
2018-05-29,2018新能源乘用车大数据研究报告：关于新能源汽车及车主的那些趣事儿,2018新能源乘用车大数据研究报告：关于新能源汽车及车主的那些趣事儿
2018-05-29,比亚迪拟对参股公司腾势新能源增资4亿元 后者去年亏损4.8亿元,比亚迪拟对参股公司腾势新能源增资4亿元 后者去年亏损4.8亿元
2018-05-29,合盘金服重塑网约车标准化，科技赋能汽车金融新生态,合盘金服重塑网约车标准化，科技赋能汽车金融新生态
2018-05-29,比亚迪首款电动卡车到达加州奥克兰港,比亚迪首款电动卡车到达加州奥克兰港
2018-05-29,腾势1-4月亏损1.2亿元 股东双方再次“输血”增资8亿,腾势1-4月亏损1.2亿元 股东双方再次“输血”增资8亿
2018-05-29,宁德时代公布发行价每股25.14元，拟募资53.52亿元 | 钛快讯,宁德时代公布发行价每股25.14元，拟募资53.52亿元 | 钛快讯
2018-05-29,五洲龙纯电动公交车被指动力电池续航不足,五洲龙纯电动公交车被指动力电池续航不足
2018-05-29,盘前必读公告：这些股不容错过！,盘前必读公告：这些股不容错过！
2018-05-29,细观2018道路运输展14款新车 公路客车超7成 纯电动份额大,细观2018道路运输展14款新车 公路客车超7成 纯电动份额大
2018-05-29,补贴新政实施前夜： 新能源商用车龙头企业 净利齐下滑,补贴新政实施前夜： 新能源商用车龙头企业 净利齐下滑
2018-05-29,世界首条跨海云轨花落比亚迪 海外布局将引领全球交通变革,世界首条跨海云轨花落比亚迪 海外布局将引领全球交通变革
2018-05-29,腾讯参投 蔚来汽车或赴美上市 5股风暴核心,腾讯参投 蔚来汽车或赴美上市 5股风暴核心
2018-05-30,后装产品卖出数万套之后，MINIEYE又进入前装领域，获得比亚迪、众泰等9款车型定点,后装产品卖出数万套之后，MINIEYE又进入前装领域，获得比亚迪、众泰等9款车型定点
2018-05-30,腾势亏损严重 比亚迪和奔驰却仍一往情深继续增资8个亿！,腾势亏损严重 比亚迪和奔驰却仍一往情深继续增资8个亿！
2018-05-30,比亚迪将在菲律宾巴丹省修建“云轨”线路,比亚迪将在菲律宾巴丹省修建“云轨”线路
2018-05-30,北汽新能源+腾势+奔驰EQ系列新能源汽车,北汽新能源+腾势+奔驰EQ系列新能源汽车
2018-05-30,MINIEYE宣布前装获比亚迪等定点 明年落地L3自动驾驶,MINIEYE宣布前装获比亚迪等定点 明年落地L3自动驾驶
2018-05-30,再获菲律宾近40亿元大订单 比亚迪加速全球输出电动车战略和标准,再获菲律宾近40亿元大订单 比亚迪加速全球输出电动车战略和标准
2018-05-30,[强于大市评级]汽车行业动态跟踪报告：政策助力优胜劣汰、扶优扶强 头部企业价值稀缺,[强于大市评级]汽车行业动态跟踪报告：政策助力优胜劣汰、扶优扶强 头部企业价值稀缺
2018-05-30,新能源汽车迎“普及元年”，李书福与王传福的野心边界,新能源汽车迎“普及元年”，李书福与王传福的野心边界
2018-05-30,37股获券商买入评级 青松股份目标涨幅达72.73%,37股获券商买入评级 青松股份目标涨幅达72.73%
2018-05-30,宇通、比亚迪等发力中客市场 4款纯电动公路客车你更看好谁？,宇通、比亚迪等发力中客市场 4款纯电动公路客车你更看好谁？
2018-05-30,汽车行业日报：福田欧辉斩获全球首批氢燃料电池城市客车订单,汽车行业日报：福田欧辉斩获全球首批氢燃料电池城市客车订单
2018-05-30,新能源客车涨势喜人 1～4月客车市场稳中有升,新能源客车涨势喜人 1～4月客车市场稳中有升
2018-05-30,助力菲律宾低碳时尚出行：比亚迪3.0交通解决方案首次在海外落地,助力菲律宾低碳时尚出行：比亚迪3.0交通解决方案首次在海外落地
2018-05-31,今日已收盘 明天这5股将亮眼,今日已收盘 明天这5股将亮眼
2018-05-31,引领出行变革 比亚迪3.0交通解决方案首次走出国门,引领出行变革 比亚迪3.0交通解决方案首次走出国门
2018-05-31,4月国内动力电池装机量分析：超越CATL 比亚迪重回第一,4月国内动力电池装机量分析：超越CATL 比亚迪重回第一
2018-05-31,比亚迪电动化、立体化、智能化3.0交通解决方案落地菲律宾,比亚迪电动化、立体化、智能化3.0交通解决方案落地菲律宾
2018-05-31,腾势又被增资8亿元 里子不对再多虎皮膏药都没用,腾势又被增资8亿元 里子不对再多虎皮膏药都没用
2018-05-31,特斯拉拟建1万个超级充电桩 四股借势腾飞,特斯拉拟建1万个超级充电桩 四股借势腾飞
2018-05-31,感受“人性” 比亚迪C7纯电动客车解析,感受“人性” 比亚迪C7纯电动客车解析
2018-05-31,比亚迪在菲迎“回头客”：与菲律宾巴丹省签署合作协议,比亚迪在菲迎“回头客”：与菲律宾巴丹省签署合作协议
2018-05-31,比亚迪：打造高端品牌 战略再投资,比亚迪：打造高端品牌 战略再投资
2018-05-31,腾势8年亏损超27亿，比亚迪戴姆勒不离不弃再“输血”,腾势8年亏损超27亿，比亚迪戴姆勒不离不弃再“输血”
2018-05-31,4月国内动力电池装机量3.8GWh，比亚迪超越CATL重回第一,4月国内动力电池装机量3.8GWh，比亚迪超越CATL重回第一
2018-05-31,领克02/传祺GS4/比亚迪唐接连上阵！6月热门SUV新车抢先看,领克02/传祺GS4/比亚迪唐接连上阵！6月热门SUV新车抢先看
2018-05-31,"汽车产业投资管理规定(征求意见稿)点评:控制产能扩张,推动行业整合","汽车产业投资管理规定(征求意见稿)点评:控制产能扩张,推动行业整合"
2018-05-31,新能源汽车行业周报:工信部发布第4批和第5批新能源车推荐目录,新能源汽车行业周报:工信部发布第4批和第5批新能源车推荐目录
2018-06-01,[互动]睿能科技：代理英飞凌等IC产品 拥有比亚迪等客户,[互动]睿能科技：代理英飞凌等IC产品 拥有比亚迪等客户
2018-06-01,比亚迪携3.0交通解决方案落地菲律宾，贡献“中国智慧”,比亚迪携3.0交通解决方案落地菲律宾，贡献“中国智慧”
2018-06-01,2017中国汽车年度人物&年度企业获奖榜单出炉,2017中国汽车年度人物&年度企业获奖榜单出炉
2018-06-01,2018中国汽车新创峰会圆满落幕｜汽车大变局：政策和新技术推动行业洗牌,2018中国汽车新创峰会圆满落幕｜汽车大变局：政策和新技术推动行业洗牌
2018-06-01,宁德时代资本市场大热背后：净利润增长率从1609.94%到35.98%,宁德时代资本市场大热背后：净利润增长率从1609.94%到35.98%
2018-06-01,机构一致看好哪些股票？2018年6月1日机构一致看好10金股,机构一致看好哪些股票？2018年6月1日机构一致看好10金股
2018-06-01,一级踏步 比亚迪2018款K8纯电动公交车亮点解析,一级踏步 比亚迪2018款K8纯电动公交车亮点解析
2018-06-01,新能源客车4月产出7162辆，同比增132.8%,新能源客车4月产出7162辆，同比增132.8%
2018-06-01,[买入评级]新能源汽车5月刊：二季度不改高增速 下半年期待新车型,[买入评级]新能源汽车5月刊：二季度不改高增速 下半年期待新车型
2018-06-01,第一季度业绩下滑 宁德时代能超越药明康德吗？,第一季度业绩下滑 宁德时代能超越药明康德吗？
2018-06-01,阿里宣布建设国家智慧物流骨干网 四股布局良机,阿里宣布建设国家智慧物流骨干网 四股布局良机
2018-06-01,新能源客车电机进化调查：中央直驱是主流 轮边电机前景看好,新能源客车电机进化调查：中央直驱是主流 轮边电机前景看好
2018-06-01,李云飞：宋MAX开启比亚迪造车新时代,李云飞：宋MAX开启比亚迪造车新时代
2018-06-02,苹果无人车或明年发布：被奔驰、比亚迪拒绝后，大众面包车终成接盘侠,苹果无人车或明年发布：被奔驰、比亚迪拒绝后，大众面包车终成接盘侠
2018-06-02,2018深港澳国际车展开幕 超千款车型登场,2018深港澳国际车展开幕 超千款车型登场
2018-06-02,通讯：比亚迪为巴西新能源市场注入新动力,通讯：比亚迪为巴西新能源市场注入新动力
2018-06-02,戴姆勒比亚迪增资8亿 就解读为腾势缺钱是不是太阴谋论了？,戴姆勒比亚迪增资8亿 就解读为腾势缺钱是不是太阴谋论了？
2018-06-03,新能源汽车“暗战”：动力电池的“远东时代”谁最焦虑？,新能源汽车“暗战”：动力电池的“远东时代”谁最焦虑？
2018-06-04,奔驰摊上大事儿了，或因造假被罚37.5亿欧元,奔驰摊上大事儿了，或因造假被罚37.5亿欧元
2018-06-04,鱼和熊掌难兼得 比亚迪电池业务将走向独立,鱼和熊掌难兼得 比亚迪电池业务将走向独立
2018-06-04,【港股解码】腾势亏损严重，比亚迪联合奔驰依旧不离不弃,【港股解码】腾势亏损严重，比亚迪联合奔驰依旧不离不弃
2018-06-04,[强于大市评级]海外汽车及零部件行业一周回顾：5月重卡销量再超市场预期 持续关注重卡产业链龙头,[强于大市评级]海外汽车及零部件行业一周回顾：5月重卡销量再超市场预期 持续关注重卡产业链龙头
2018-06-04,[强于大市评级]深度*行业*电力设备与新能源行业周报：国内光伏新政严厉 欧盟双反即将到期,[强于大市评级]深度*行业*电力设备与新能源行业周报：国内光伏新政严厉 欧盟双反即将到期
2018-06-04,产能大跃进 产品单价下降：创新股份和上海恩捷的锂电隔膜梦,产能大跃进 产品单价下降：创新股份和上海恩捷的锂电隔膜梦
2018-06-04,[买入评级]汽车及汽车零部件行业周报：汽车板块整体下跌2.77% 跑输沪深300指数1.29个百分点,[买入评级]汽车及汽车零部件行业周报：汽车板块整体下跌2.77% 跑输沪深300指数1.29个百分点
2018-06-04,比亚迪推出3.0交通解决方案的深意是什么？,比亚迪推出3.0交通解决方案的深意是什么？
2018-06-04,解密比亚迪动力电池管理系统,解密比亚迪动力电池管理系统
2018-06-04,城市公交客车纯电动化已经不可逆转,城市公交客车纯电动化已经不可逆转
2018-06-04,[强于大市评级]机械设备行业研究周报：六月继续重视成长 工业机器人与锂电设备的盛夏将至,[强于大市评级]机械设备行业研究周报：六月继续重视成长 工业机器人与锂电设备的盛夏将至
2018-06-04,一周E车评：蔚来在美提交上市，百度无人车7月量产,一周E车评：蔚来在美提交上市，百度无人车7月量产
2018-06-04,2018年4月新能源乘用车零售市场分析报告出炉，果断收藏！,2018年4月新能源乘用车零售市场分析报告出炉，果断收藏！
2018-06-04,从展会新车，看中国客车安全成色几何,从展会新车，看中国客车安全成色几何
2018-06-04,新能源汽车行业周报:工信部公示2016和2017年新能源汽车补贴情况,新能源汽车行业周报:工信部公示2016和2017年新能源汽车补贴情况
2018-06-05,苹果开发者大会无甚新意，概念股却依然大涨，实际情况是…,苹果开发者大会无甚新意，概念股却依然大涨，实际情况是…
2018-06-05,动力电池行业淘汰赛进入下半场,动力电池行业淘汰赛进入下半场
2018-06-05,中外电动汽车，关键技术对比研究,中外电动汽车，关键技术对比研究
2018-06-05,新能源汽车行业调控趋紧 车企积极备战2020,新能源汽车行业调控趋紧 车企积极备战2020
2018-06-05,4月全球电动车销量 比亚迪再次夺冠,4月全球电动车销量 比亚迪再次夺冠
2018-06-05,主流混动家轿大PK，谁的技术最过硬？,主流混动家轿大PK，谁的技术最过硬？
2018-06-05,BYD电池2022年独立上市 CATL中签率0.093%,BYD电池2022年独立上市 CATL中签率0.093%
2018-06-06,[买入评级]跨市场新能源汽车行业2018年下半年投资策略：市场驱动新时代 全球化竞争大幕拉开,[买入评级]跨市场新能源汽车行业2018年下半年投资策略：市场驱动新时代 全球化竞争大幕拉开
2018-06-06,比亚迪：5月销量环比增长，新能源和宋MAX持续热销【安信汽车】,比亚迪：5月销量环比增长，新能源和宋MAX持续热销【安信汽车】
2018-06-06,晚间重要公告2018年6月6日星期三,晚间重要公告2018年6月6日星期三
2018-06-06,比亚迪：5月新能源汽车销量14241辆,比亚迪：5月新能源汽车销量14241辆
2018-06-06,比亚迪、百度Apollo、大道用车三方达成战略合作，探创新共享汽车新模式,比亚迪、百度Apollo、大道用车三方达成战略合作，探创新共享汽车新模式
2018-06-06,携手比亚迪、百度 大道用车创新共享汽车模式,携手比亚迪、百度 大道用车创新共享汽车模式
2018-06-06,比亚迪 百度 大道用车“结义”钻研无人驾驶,比亚迪 百度 大道用车“结义”钻研无人驾驶
2018-06-06,绿色出行又进步！纯电动双层巴士下月与西安市民见面,绿色出行又进步！纯电动双层巴士下月与西安市民见面
2018-06-06,比亚迪和戴姆勒都急了 8亿元“续命”腾势,比亚迪和戴姆勒都急了 8亿元“续命”腾势
2018-06-06,[推荐评级]汽车行业周报：新能源过渡期即将结束 预计下半年实现平稳过渡,[推荐评级]汽车行业周报：新能源过渡期即将结束 预计下半年实现平稳过渡
2018-06-06,王洪军：比亚迪将从6个方向发展新能源技术,王洪军：比亚迪将从6个方向发展新能源技术
2018-06-06,[推荐评级]电气设备行业深度研究：新政之后 再无周期,[推荐评级]电气设备行业深度研究：新政之后 再无周期
2018-06-06,安信消费群英汇·第十一期,安信消费群英汇·第十一期
2018-06-06,破解机动车污染关键在核心技术,破解机动车污染关键在核心技术
2018-06-06,比亚迪签拉美市场最大纯电动卡车订单,比亚迪签拉美市场最大纯电动卡车订单
2018-06-06,全球4月新能源乘用车销量排行：北汽EC系列重返王座,全球4月新能源乘用车销量排行：北汽EC系列重返王座
2018-06-06,[推荐评级]汽车行业周报：吉利宣布博瑞GE上市 竞争一触即发,[推荐评级]汽车行业周报：吉利宣布博瑞GE上市 竞争一触即发
2018-06-07,比亚迪：变更募资用途 10亿元投建青海锂电池项目,比亚迪：变更募资用途 10亿元投建青海锂电池项目
2018-06-07,[审慎推荐-A评级]比亚迪(002594)：5月销量保持高增速 下半年多重因素带来盈利改善,[审慎推荐-A评级]比亚迪(002594)：5月销量保持高增速 下半年多重因素带来盈利改善
2018-06-07,比亚迪 沦落为亏损股,比亚迪 沦落为亏损股
2018-06-07,有望继续登顶1-5月新能源销量榜单，比亚迪强势领衔,有望继续登顶1-5月新能源销量榜单，比亚迪强势领衔
2018-06-07,比亚迪衡阳云轨项目被国家发改委叫停,比亚迪衡阳云轨项目被国家发改委叫停
2018-06-07,[买入评级]新能源汽车产业趋势系列报告之二：特斯拉 技术制高点协同爆款车型,[买入评级]新能源汽车产业趋势系列报告之二：特斯拉 技术制高点协同爆款车型
2018-06-07,6月8日利好公告待爆发,6月8日利好公告待爆发
2018-06-07,比亚迪创始人吕向阳再度觊觎A股公司：举牌乐金健康,比亚迪创始人吕向阳再度觊觎A股公司：举牌乐金健康
2018-06-07,融捷集团2.4亿举牌乐金健康 比亚迪创始人吕向阳再度围猎A股公司,融捷集团2.4亿举牌乐金健康 比亚迪创始人吕向阳再度围猎A股公司
2018-06-07,股市藏宝图：多家巨无霸将登陆A股，比亚迪创始人举牌按摩椅公司,股市藏宝图：多家巨无霸将登陆A股，比亚迪创始人举牌按摩椅公司
2018-06-07,晚间重要公告2018年6月7日星期四,晚间重要公告2018年6月7日星期四
2018-06-07,除了打望车模，这些重庆车展上市的新车你不瞧一瞧？,除了打望车模，这些重庆车展上市的新车你不瞧一瞧？
2018-06-07,比亚迪10亿募投资金转投青海项目 预期收益率27%,比亚迪10亿募投资金转投青海项目 预期收益率27%
2018-06-07,共52款车型 第6批新能源车推广目录,共52款车型 第6批新能源车推广目录
2018-06-07,比亚迪1-5月新能源车累计销量57796辆 20万年目标恐难达成,比亚迪1-5月新能源车累计销量57796辆 20万年目标恐难达成
2018-06-07,汽车行业周报第22期:如何看待6月11日之后新能源乘用车销量走势?,汽车行业周报第22期:如何看待6月11日之后新能源乘用车销量走势?
2018-06-07,4月全球新能源车销量出炉，三款国产车杀进前五,4月全球新能源车销量出炉，三款国产车杀进前五
2018-06-07,【比亚迪（002594.SZ、01211.HK）】新能源持续靓丽，销量符合预期,【比亚迪（002594.SZ、01211.HK）】新能源持续靓丽，销量符合预期
2018-06-07,第6批新能源汽车推荐目录发布，云度ππ/北汽EU5等353款车型入榜,第6批新能源汽车推荐目录发布，云度ππ/北汽EU5等353款车型入榜
2018-06-07,腾势新能源优势渐失 恐被边缘化,腾势新能源优势渐失 恐被边缘化
2018-06-07,[看好评级]新能源汽车行业周报：特斯拉公布上海建厂计划,[看好评级]新能源汽车行业周报：特斯拉公布上海建厂计划
2018-06-07,[买入评级]比亚迪(002594/01211.HK)2018年5月销量点评：新能源持续靓丽 销量符合预期,[买入评级]比亚迪(002594/01211.HK)2018年5月销量点评：新能源持续靓丽 销量符合预期
2018-06-07,与众多车企大佬合作 揭开宁德时代的“神秘面纱”,与众多车企大佬合作 揭开宁德时代的“神秘面纱”
2018-06-07,百度/比亚迪战略合作 启动新能源无人驾驶技术,百度/比亚迪战略合作 启动新能源无人驾驶技术
2018-06-07,[买入评级]汽车行业动态：特斯拉：产能释放有望开足马力 在华建厂“无畏舰”待起航,[买入评级]汽车行业动态：特斯拉：产能释放有望开足马力 在华建厂“无畏舰”待起航
2018-06-07,比亚迪及戴姆勒向腾势增资8亿元,比亚迪及戴姆勒向腾势增资8亿元
2018-06-08,乐金健康放量涨停 获比亚迪创始人举牌,乐金健康放量涨停 获比亚迪创始人举牌
2018-06-08,第6批推荐目录新能源乘用车分析：69%车型搭载三元锂电池,第6批推荐目录新能源乘用车分析：69%车型搭载三元锂电池
2018-06-08,5月汽车销量快报：上市车企“新三强”，东强西弱，南分北散，中间不平,5月汽车销量快报：上市车企“新三强”，东强西弱，南分北散，中间不平
2018-06-08,“新能源整车第一股”获批 北汽新能源承压待考,“新能源整车第一股”获批 北汽新能源承压待考
2018-06-08,[看好评级]新能源车行业点评报告：粮草备齐 决战2018,[看好评级]新能源车行业点评报告：粮草备齐 决战2018
2018-06-08,比亚迪回应衡阳云轨项目被叫停：积极配合报批程序，并未施工,比亚迪回应衡阳云轨项目被叫停：积极配合报批程序，并未施工
2018-06-08,华为造车梦暗流涌动，能获得“隐退”的任正非点头吗？,华为造车梦暗流涌动，能获得“隐退”的任正非点头吗？
2018-06-08,比亚迪云轨海外积极“治堵”：让世界爱上中国造轨道交通,比亚迪云轨海外积极“治堵”：让世界爱上中国造轨道交通
2018-06-08,A股破净股两个月增近9成，机构调研个股偏向五大行业,A股破净股两个月增近9成，机构调研个股偏向五大行业
2018-06-08,前16批目录全部作废 新一批目录配套电池分析,前16批目录全部作废 新一批目录配套电池分析
2018-06-08,腾势获增资8亿元 渠道与服务将成重点,腾势获增资8亿元 渠道与服务将成重点
2018-06-08,墙内开花墙外香：比亚迪云轨落地海外多国,墙内开花墙外香：比亚迪云轨落地海外多国
2018-06-08,付于武：汽车行业绝对不是升级，而是转移,付于武：汽车行业绝对不是升级，而是转移
2018-06-08,电动汽车行业动态：迎新政目录提速 高端化趋势向上,电动汽车行业动态：迎新政目录提速 高端化趋势向上
2018-06-08,4月国内动力电池装机量3.8GWh，比亚迪超越CATL重回第一,4月国内动力电池装机量3.8GWh，比亚迪超越CATL重回第一
2018-06-08,8日公告透露利好 19只个股有望爆发,8日公告透露利好 19只个股有望爆发
2018-06-08,锂云母提锂技术获重大突破 四股有望借势腾飞,锂云母提锂技术获重大突破 四股有望借势腾飞
2018-06-08,传小米将在7月16日上市，比特大陆将赴港IPO,传小米将在7月16日上市，比特大陆将赴港IPO
2018-06-08,比亚迪5月新能源销量增5成 宋MAX连续破万,比亚迪5月新能源销量增5成 宋MAX连续破万
2018-06-09,近期各大车企陆续公布了5月份汽车销量数据，盖世汽车根据已公布的几家自主企业：上汽、吉利、广汽、比亚迪的数据及发布的销量快报进行了盘点，供参考。,近期各大车企陆续公布了5月份汽车销量数据，盖世汽车根据已公布的几家自主企业：上汽、吉利、广汽、比亚迪的数据及发布的销量快报进行了盘点，供参考。
2018-06-09,腾势新能源进退两难 亏损成常态起点定位或过高,腾势新能源进退两难 亏损成常态起点定位或过高
2018-06-09,青海锂电项目获10亿元增资 比亚迪深耕动力电池或外销,青海锂电项目获10亿元增资 比亚迪深耕动力电池或外销
2018-06-09,比亚迪创始人竟然举牌乐金健康，一个转型干细胞的桑拿房？,比亚迪创始人竟然举牌乐金健康，一个转型干细胞的桑拿房？
2018-06-10,A股市场策略周报20180610—对CDR战略配售基金的正面思考,A股市场策略周报20180610—对CDR战略配售基金的正面思考
2018-06-10,许多新能源企业人士认为，“双积分”政策就是平衡补贴退坡给新能源车企带来的不利影响。,许多新能源企业人士认为，“双积分”政策就是平衡补贴退坡给新能源车企带来的不利影响。
2018-06-10,插电混动车逐渐增多 盘点国产紧凑级插电混车,插电混动车逐渐增多 盘点国产紧凑级插电混车
2018-06-10,百年厮杀仍不过瘾，宝马奔驰奥迪重磅加码新能源大战,百年厮杀仍不过瘾，宝马奔驰奥迪重磅加码新能源大战
2018-06-10,一周热点 | 广州/海南/河南出台地补政策；北汽新能源借壳上市；特斯拉公布上海建厂计划,一周热点 | 广州/海南/河南出台地补政策；北汽新能源借壳上市；特斯拉公布上海建厂计划
2018-06-10,紧凑级“身躯”配小型车价格 吉利帝豪GSe超值入市,紧凑级“身躯”配小型车价格 吉利帝豪GSe超值入市
2018-06-11,5月新能源乘用车大涨140% 前三甲北汽新能源/比亚迪/上汽乘用车月销均破万,5月新能源乘用车大涨140% 前三甲北汽新能源/比亚迪/上汽乘用车月销均破万
2018-06-11,宁德时代深交所挂牌上市，比亚迪要抓紧了,宁德时代深交所挂牌上市，比亚迪要抓紧了
2018-06-11,190亿新能源补贴 宇通、福田、中通、比亚迪等企业拿了多少？,190亿新能源补贴 宇通、福田、中通、比亚迪等企业拿了多少？
2018-06-11,盐湖提锂概念股盐湖股份：电池级碳酸锂试产成功,盐湖提锂概念股盐湖股份：电池级碳酸锂试产成功
2018-06-11,宁德时代IPO：估值1300亿 产能过剩问题严重,宁德时代IPO：估值1300亿 产能过剩问题严重
2018-06-11,不受补贴但价格优势还在 低端新能源车不会轻言退市,不受补贴但价格优势还在 低端新能源车不会轻言退市
2018-06-11,[增持评级]汽车行业周报：自主品牌分化显著 新能车增速喜人,[增持评级]汽车行业周报：自主品牌分化显著 新能车增速喜人
2018-06-11,宁德时代成为全球车载电池老大用了7年,宁德时代成为全球车载电池老大用了7年
2018-06-11,宝骏730腰斩宋MAX扛起半边天，5月MPV市场有看点,宝骏730腰斩宋MAX扛起半边天，5月MPV市场有看点
2018-06-11,五月销量数据出炉：合资车企笑傲江湖，吉利继续领跑自主品牌,五月销量数据出炉：合资车企笑傲江湖，吉利继续领跑自主品牌
2018-06-11,时评|宁德时代的钟声,时评|宁德时代的钟声
2018-06-11,从独角兽到动力电池一哥：宁德时代，霸主的崛起与隐忧,从独角兽到动力电池一哥：宁德时代，霸主的崛起与隐忧
2018-06-11,比亚迪：2018年5月销量快报,比亚迪：2018年5月销量快报
2018-06-11,【国君电新】5月乘用车9.2万台环比大增，中游排产提升拉动上游高景气,【国君电新】5月乘用车9.2万台环比大增，中游排产提升拉动上游高景气
2018-06-11,宁德时代今日上市半小时涨停，动力电池独角兽后劲如何？,宁德时代今日上市半小时涨停，动力电池独角兽后劲如何？
2018-06-11,【G20周刊】新宙邦1000万元波兰设立子公司,【G20周刊】新宙邦1000万元波兰设立子公司
2018-06-11,[优于大势评级]汽车行业周报：新能源新车型推动需求快速增长 重卡预期差仍然存在,[优于大势评级]汽车行业周报：新能源新车型推动需求快速增长 重卡预期差仍然存在
2018-06-11,"新能源与电力设备行业研究:光伏政策影响快速显现,工业互联网迎发展元年","新能源与电力设备行业研究:光伏政策影响快速显现,工业互联网迎发展元年"
2018-06-11,"电力设备与新能源行业周报:5月电动车销售超预期,旺季和升级元年带来反转行情","电力设备与新能源行业周报:5月电动车销售超预期,旺季和升级元年带来反转行情"
2018-06-11,A股万亿科技股时代，终于来了,A股万亿科技股时代，终于来了
2018-06-11,比亚迪5月份销量过3万，新能源同比增长54%，宋MAX七度销量过万,比亚迪5月份销量过3万，新能源同比增长54%，宋MAX七度销量过万
2018-06-11,SUV要凉了？ 5月全国汽车销量点评,SUV要凉了？ 5月全国汽车销量点评
2018-06-11,乘联会：5月新能源乘用车销售9.2万辆，北汽新能源/比亚迪/上汽包揽前三,乘联会：5月新能源乘用车销售9.2万辆，北汽新能源/比亚迪/上汽包揽前三
2018-06-11,宁德时代来了，新能源产业集群效应凸显｜深交所打造“新经济主场”系列报道之四,宁德时代来了，新能源产业集群效应凸显｜深交所打造“新经济主场”系列报道之四
2018-06-11,天风汽车|新能源汽车：A级车竞技时代大小厂差距拉开,天风汽车|新能源汽车：A级车竞技时代大小厂差距拉开
2018-06-11,比亚迪建年产12GWh电池项目 将对外销售,比亚迪建年产12GWh电池项目 将对外销售
2018-06-11,应对政策变化 高续航里程车型产量同比大涨,应对政策变化 高续航里程车型产量同比大涨
2018-06-11,比亚迪：秦Pro三电和轻量化技术水平大幅提升，综合性能同级别最优【安信汽车】,比亚迪：秦Pro三电和轻量化技术水平大幅提升，综合性能同级别最优【安信汽车】
2018-06-11,变更10亿募资用途 比亚迪备战“开放”,变更10亿募资用途 比亚迪备战“开放”
2018-06-11,集中度提升中小企业遇窘 动力电池行业淘汰赛进入下半场,集中度提升中小企业遇窘 动力电池行业淘汰赛进入下半场
2018-06-12,焦点解毒 | 宁德时代市值逼近800亿元：光环之下的远虑与近忧,焦点解毒 | 宁德时代市值逼近800亿元：光环之下的远虑与近忧
2018-06-12,比亚迪今日大宗交易成交130万股，成交价44.48元折价11.09%,比亚迪今日大宗交易成交130万股，成交价44.48元折价11.09%
2018-06-12,吉利打价格战/上汽和比亚迪玩设计 传统车企终于向新势力宣战！,吉利打价格战/上汽和比亚迪玩设计 传统车企终于向新势力宣战！
2018-06-12,[增持评级]电力设备新能源行业周报：新能源乘用车5月销量靓丽 新能源发电第七批补贴目录或将近期发布,[增持评级]电力设备新能源行业周报：新能源乘用车5月销量靓丽 新能源发电第七批补贴目录或将近期发布
2018-06-12,[增持评级]电力设备新能源行业点评：4月海外电动车同比增27% 环比有所回落 符合预期,[增持评级]电力设备新能源行业点评：4月海外电动车同比增27% 环比有所回落 符合预期
2018-06-12,[增持评级]新兴能源行业事件快评：5月销量稳步增长 中游排产提升高景气,[增持评级]新兴能源行业事件快评：5月销量稳步增长 中游排产提升高景气
2018-06-12,[传闻求证]宁德时代等公司赴东方电热考察并签署采购合同？,[传闻求证]宁德时代等公司赴东方电热考察并签署采购合同？
2018-06-12,[看好评级]汽车行业周报：新能源汽车成为拉动车市增长的主要增量 下半年汽车板块非常大概率有一波行情 优质公司可实现30%-50%的收益,[看好评级]汽车行业周报：新能源汽车成为拉动车市增长的主要增量 下半年汽车板块非常大概率有一波行情 优质公司可实现30%-50%的收益
2018-06-12,5月新能源销量分析：细分市场变化/购车更舍得花钱,5月新能源销量分析：细分市场变化/购车更舍得花钱
2018-06-12,24股获券商买入评级 神州数码目标涨幅达54.02%,24股获券商买入评级 神州数码目标涨幅达54.02%
2018-06-12,新能源车 补贴退坡 销量上坡,新能源车 补贴退坡 销量上坡
2018-06-12,新能源车补贴新政 今日正式实施,新能源车补贴新政 今日正式实施
2018-06-12,戴姆勒心切 豪赌中国新能源汽车市场,戴姆勒心切 豪赌中国新能源汽车市场
2018-06-12,出海记｜电池大战胜负已定？ 日媒:中企份额占全球六成以上,出海记｜电池大战胜负已定？ 日媒:中企份额占全球六成以上
2018-06-12,"汽车行业《新能源汽车推广应用推荐车型目录》(2018年第6批)点评:2018年第6批新能源推荐车型目录发布,性能全面提升","汽车行业《新能源汽车推广应用推荐车型目录》(2018年第6批)点评:2018年第6批新能源推荐车型目录发布,性能全面提升"
2018-06-12,涨幅达43.99% 宁德时代于今日敲钟上市,涨幅达43.99% 宁德时代于今日敲钟上市
2018-06-13,详解中国储能行业及梯次利用推广缓慢因素,详解中国储能行业及梯次利用推广缓慢因素
2018-06-13,[买入评级]比亚迪(002594)点评：秦PRO纯电版“黑科技”加持 工况续航420KM系统能量密度超160WH/KG,[买入评级]比亚迪(002594)点评：秦PRO纯电版“黑科技”加持 工况续航420KM系统能量密度超160WH/KG
2018-06-13,[买入评级]汽车行业动态周报：乘联会数据显示 我国5月乘用车销量180.3万辆 同比增长3.9%,[买入评级]汽车行业动态周报：乘联会数据显示 我国5月乘用车销量180.3万辆 同比增长3.9%
2018-06-13,[领先大市-A评级]新能源设备行业快报：多方利好消息共振 新能源车产业链景气度有望持续提升,[领先大市-A评级]新能源设备行业快报：多方利好消息共振 新能源车产业链景气度有望持续提升
2018-06-13,[看好评级]新能源汽车行业周观点：5月乘联会零售数据9.2万表现亮眼 CATL6.11上市 看好板块夏季攻势!,[看好评级]新能源汽车行业周观点：5月乘联会零售数据9.2万表现亮眼 CATL6.11上市 看好板块夏季攻势!
2018-06-13,签订18MW！比亚迪储能英国再传捷报,签订18MW！比亚迪储能英国再传捷报
2018-06-13,5月新能源销9.2万辆 离开政策走向市场,5月新能源销9.2万辆 离开政策走向市场
2018-06-13,汽车及零部件行业动态：5月新能源行情延续 利好上汽集团和吉利汽车,汽车及零部件行业动态：5月新能源行情延续 利好上汽集团和吉利汽车
2018-06-13,5月动力电池装机量 宁德时代第一 市场份额超40%,5月动力电池装机量 宁德时代第一 市场份额超40%
2018-06-13,编辑有话说：看未来插电混动发展之路,编辑有话说：看未来插电混动发展之路
2018-06-13,汽车行业日报：5月我国新增公共类充电桩4173个,汽车行业日报：5月我国新增公共类充电桩4173个
2018-06-13,新能源车补贴新规正式实施 四股有望再接再厉,新能源车补贴新规正式实施 四股有望再接再厉
2018-06-13,上市市值高达786.42亿 宁德时代凭什么？,上市市值高达786.42亿 宁德时代凭什么？
2018-06-14,中国最具影响力的国产汽车品牌，长城还是吉利？奇瑞还是传祺？,中国最具影响力的国产汽车品牌，长城还是吉利？奇瑞还是传祺？
2018-06-14,比亚迪全新一代唐将于6月26日上市 预售价15万起,比亚迪全新一代唐将于6月26日上市 预售价15万起
2018-06-14,临近期满 比亚迪宣布员工持股计划延期三年,临近期满 比亚迪宣布员工持股计划延期三年
2018-06-14,新旧势力车企扎堆CES Asia展 不秀车却秀黑科技,新旧势力车企扎堆CES Asia展 不秀车却秀黑科技
2018-06-14,宁德时代会加入造车新势力大军吗？,宁德时代会加入造车新势力大军吗？
2018-06-14,新战场 比亚迪/宝马等企业布局储能市场,新战场 比亚迪/宝马等企业布局储能市场
2018-06-14,[推荐评级]新能源汽车系列深度报告第七卷：产品升级势渐明 消费风起正当时,[推荐评级]新能源汽车系列深度报告第七卷：产品升级势渐明 消费风起正当时
2018-06-14,均可享最高补贴！这6款长续航电动车你心动没？,均可享最高补贴！这6款长续航电动车你心动没？
2018-06-14,跨市场新能源汽车周报：5月新能源汽车销售10.2万辆 同比增长125.6%,跨市场新能源汽车周报：5月新能源汽车销售10.2万辆 同比增长125.6%
2018-06-14,宁德时代募资金额缩减过半　产业竞争促其加快业务布局,宁德时代募资金额缩减过半　产业竞争促其加快业务布局
2018-06-14,2018 CES Asia：比亚迪唐及新多媒体系统亮相,2018 CES Asia：比亚迪唐及新多媒体系统亮相
2018-06-14,8亿补血，有奔驰做后台的腾势是鸡肋还是拖油瓶？,8亿补血，有奔驰做后台的腾势是鸡肋还是拖油瓶？
2018-06-14,[看好评级]电力设备及新能源行业动态跟踪：新能源乘用车高速增长 未来空间可期,[看好评级]电力设备及新能源行业动态跟踪：新能源乘用车高速增长 未来空间可期
2018-06-14,动力电池企业利润承压 争夺战升级,动力电池企业利润承压 争夺战升级
2018-06-14,新能源新政实施，比亚迪上汽笑弯了腰，这几家却惨的直跺脚,新能源新政实施，比亚迪上汽笑弯了腰，这几家却惨的直跺脚
2018-06-14,属于宁德时代的“七年之痒”！,属于宁德时代的“七年之痒”！
2018-06-14,比亚迪储能获签英国18MW集装箱储能项目,比亚迪储能获签英国18MW集装箱储能项目
2018-06-14,宁德时代新能源上市会连板多少,宁德时代新能源上市会连板多少
2018-06-14,[看好评级]汽车与汽车零部件行业点评：新能源车：5月销量创新高 612盛宴即将开启,[看好评级]汽车与汽车零部件行业点评：新能源车：5月销量创新高 612盛宴即将开启
2018-06-15,比亚迪召回超万辆腾势汽车，将更换前排乘员正面安全气囊模块,比亚迪召回超万辆腾势汽车，将更换前排乘员正面安全气囊模块
2018-06-15,比亚迪戴姆勒再输血，腾势迎来新时代,比亚迪戴姆勒再输血，腾势迎来新时代
2018-06-15,比亚迪宋PHEV曝光 龙颜设计/尺寸加大,比亚迪宋PHEV曝光 龙颜设计/尺寸加大
2018-06-15,比亚迪召回10064辆腾势电动车：高田气囊存安全隐患,比亚迪召回10064辆腾势电动车：高田气囊存安全隐患
2018-06-15,新能源车指标困惑 北上广遥遥无期中签路,新能源车指标困惑 北上广遥遥无期中签路
2018-06-15,"印度本土化更进一层 比亚迪携手Goldstone每年生产5,000辆电动巴士","印度本土化更进一层 比亚迪携手Goldstone每年生产5,000辆电动巴士"
2018-06-15,【锂电G20】新宙邦开发高镍电解液添加剂 宁德时代市值破千亿,【锂电G20】新宙邦开发高镍电解液添加剂 宁德时代市值破千亿
2018-06-15,寻找废旧电池利用方法 比亚迪布局储能市场,寻找废旧电池利用方法 比亚迪布局储能市场
2018-06-15,车圈：特斯拉进入中国在即 国产新能源车却一点不慌,车圈：特斯拉进入中国在即 国产新能源车却一点不慌
2018-06-15,广东2018-2020年给予新能源汽车贴息支持 最高补贴限额为1亿元,广东2018-2020年给予新能源汽车贴息支持 最高补贴限额为1亿元
2018-06-15,又见“筷子悬架”？浅析比亚迪新一代唐后悬结构,又见“筷子悬架”？浅析比亚迪新一代唐后悬结构
2018-06-15,5月客车市场格局生变 公交车大涨192%,5月客车市场格局生变 公交车大涨192%
2018-06-15,比亚迪召回部分腾势汽车 安全气囊存在安全隐患,比亚迪召回部分腾势汽车 安全气囊存在安全隐患
2018-06-15,新能源汽车行业周报:5月新能源汽车销量达10.2万辆,新能源汽车行业周报:5月新能源汽车销量达10.2万辆
2018-06-16,中国动力电池市场竞争加剧 70家公司仅占三成份额,中国动力电池市场竞争加剧 70家公司仅占三成份额
2018-06-17,比亚迪秦Pro汽油版曝光 尺寸超帝豪GL 8万起售,比亚迪秦Pro汽油版曝光 尺寸超帝豪GL 8万起售
2018-06-17,中国动力电池市场竞争加剧 三股有望率先受益,中国动力电池市场竞争加剧 三股有望率先受益
2018-06-17,创业板迎来首只“独角兽” 锂电巨头宁德时代成功上市,创业板迎来首只“独角兽” 锂电巨头宁德时代成功上市
2018-06-17,利润不到4千万，借壳上市只是北汽新能源自我救赎的开始,利润不到4千万，借壳上市只是北汽新能源自我救赎的开始
2018-06-17,新能源汽车疯抢合作，取代比亚迪成老大，宁德时代真的“封神”？,新能源汽车疯抢合作，取代比亚迪成老大，宁德时代真的“封神”？
2018-06-19,乐金健康：实控人筹划股权转让 比亚迪创始人或入主,乐金健康：实控人筹划股权转让 比亚迪创始人或入主
2018-06-19,广东惠州到2020年实现公交电动化，新能源汽车推广总量突破万辆,广东惠州到2020年实现公交电动化，新能源汽车推广总量突破万辆
2018-06-19,比亚迪创始人吕向阳拟入主乐金健康 举牌转为受让控股权,比亚迪创始人吕向阳拟入主乐金健康 举牌转为受让控股权
2018-06-19,乐金健康控制权恐生变 比亚迪创始人之一吕向阳将接盘,乐金健康控制权恐生变 比亚迪创始人之一吕向阳将接盘
2018-06-19,比亚迪指纹识别芯片占指纹锁市场60%份额，稳居第一,比亚迪指纹识别芯片占指纹锁市场60%份额，稳居第一
2018-06-19,比亚迪大改款宋混动版 尺寸升级/百公里油耗1.4L,比亚迪大改款宋混动版 尺寸升级/百公里油耗1.4L
2018-06-19,[增持评级]电力设备新能源行业周报：电动车升级趋势明确 第七批可再生能源补贴目录公布,[增持评级]电力设备新能源行业周报：电动车升级趋势明确 第七批可再生能源补贴目录公布
2018-06-19,【FCEV周报】比亚迪研发氢燃料大巴 7-11采用燃料电池卡车配送,【FCEV周报】比亚迪研发氢燃料大巴 7-11采用燃料电池卡车配送
2018-06-19,中国5月锂电装机4.5GWh，前5月累计装机12.7GWh,中国5月锂电装机4.5GWh，前5月累计装机12.7GWh
2018-06-19,6个月并购超30宗 动力电池行业洗牌加剧,6个月并购超30宗 动力电池行业洗牌加剧
2018-06-19,汽车零部件企业 热衷换“发动机” 新业务成倍增长,汽车零部件企业 热衷换“发动机” 新业务成倍增长
2018-06-19,宁德时代连续6个涨停后，市值创业板第一,宁德时代连续6个涨停后，市值创业板第一
2018-06-20,乐金健康实控人转让股权 融捷集团吕向阳或将入主,乐金健康实控人转让股权 融捷集团吕向阳或将入主
2018-06-20,比亚迪董事长王传福：智能汽车只有开放，才能真正创新,比亚迪董事长王传福：智能汽车只有开放，才能真正创新
2018-06-20,王传福：大巴/出租车先行到2030年私家车将全面电动化,王传福：大巴/出租车先行到2030年私家车将全面电动化
2018-06-20,第309批新车公示新能源汽车电池配套解析 比亚迪又添新用户,第309批新车公示新能源汽车电池配套解析 比亚迪又添新用户
2018-06-20,梯次利用 比亚迪签约欧洲布局储能市场,梯次利用 比亚迪签约欧洲布局储能市场
2018-06-20,比亚迪王传福：新能源车进入强者恒强时代,比亚迪王传福：新能源车进入强者恒强时代
2018-06-20,广州38亿元纯电动公交采购订单 比亚迪独占97%,广州38亿元纯电动公交采购订单 比亚迪独占97%
2018-06-20,工信部公告第十八批免征车辆购置税的新能源汽车车型目录,工信部公告第十八批免征车辆购置税的新能源汽车车型目录
2018-06-20,盘前必读公告：这些股不容错过！,盘前必读公告：这些股不容错过！
2018-06-20,纯电动客车破1.4万辆暴增782% 还有百辆燃料电池车来助阵,纯电动客车破1.4万辆暴增782% 还有百辆燃料电池车来助阵
2018-06-20,汽车之家电动汽车挑战赛开场哨即将吹响,汽车之家电动汽车挑战赛开场哨即将吹响
2018-06-20,"电力设备行业:风光久旱逢甘露,电车破浪会有时","电力设备行业:风光久旱逢甘露,电车破浪会有时"
2018-06-20,青海6Gwh产能即将投产 比亚迪动力电池对外新突破,青海6Gwh产能即将投产 比亚迪动力电池对外新突破
2018-06-21,敌退我进，锂电池产业链的中日韩大战,敌退我进，锂电池产业链的中日韩大战
2018-06-21,比亚迪助力伦敦打造首个纯电动双层大巴车队,比亚迪助力伦敦打造首个纯电动双层大巴车队
2018-06-21,海通国际将比亚迪H股评级上调至中性：目标价47港元,海通国际将比亚迪H股评级上调至中性：目标价47港元
2018-06-21,全面覆盖公交物流，比亚迪纯电动商用车亮相国际电动车技术展,全面覆盖公交物流，比亚迪纯电动商用车亮相国际电动车技术展
2018-06-21,回顾特斯拉成长史，他的中国造车信徒并不能承受这样的轮盘赌,回顾特斯拉成长史，他的中国造车信徒并不能承受这样的轮盘赌
2018-06-21,更懂你的智能出行伙伴 比亚迪DiLink智能网联系统领航登场,更懂你的智能出行伙伴 比亚迪DiLink智能网联系统领航登场
2018-06-21,通用联合本田、比亚迪在美签署合作协议,通用联合本田、比亚迪在美签署合作协议
2018-06-21,王传福：比亚迪将构建智能汽车平台，开放控制和通信协议,王传福：比亚迪将构建智能汽车平台，开放控制和通信协议
2018-06-21,309批新能源客车配套分析：宁德时代摘下“三车”桂冠 蝉联“六冠王”,309批新能源客车配套分析：宁德时代摘下“三车”桂冠 蝉联“六冠王”
2018-06-21,王传福：比亚迪三四季度将现业绩拐点,王传福：比亚迪三四季度将现业绩拐点
2018-06-21,高田气囊持续发酵，比亚迪召回10064辆腾势汽车,高田气囊持续发酵，比亚迪召回10064辆腾势汽车
2018-06-21,比亚迪交付全球首辆纯电动双层旅游大巴,比亚迪交付全球首辆纯电动双层旅游大巴
2018-06-21,再获“比戴”增资，腾势能否腾飞依然是问号,再获“比戴”增资，腾势能否腾飞依然是问号
2018-06-21,比亚迪董事长王传福：汽车电动化是智能化的基础,比亚迪董事长王传福：汽车电动化是智能化的基础
2018-06-21,王传福：注重长期愿景与短期效益结合,王传福：注重长期愿景与短期效益结合
2018-06-21,新能源汽车行业动态跟踪第136期:中日拟协商统一充电标准,新能源汽车行业动态跟踪第136期:中日拟协商统一充电标准
2018-06-21,快评：开放拥抱的比亚迪有着更大的梦想,快评：开放拥抱的比亚迪有着更大的梦想
2018-06-21,比亚迪举办DiLink公开课：6月份全系标配,比亚迪举办DiLink公开课：6月份全系标配
2018-06-21,改革开放40年 看中国汽车市场“72变”,改革开放40年 看中国汽车市场“72变”
2018-06-22,龙虎榜：上市第九个交易日开板独角兽获多家主力接盘,龙虎榜：上市第九个交易日开板独角兽获多家主力接盘
2018-06-22,惊魂6小时:宁德时代开盘10分钟跌停 总裁没了25亿,惊魂6小时:宁德时代开盘10分钟跌停 总裁没了25亿
2018-06-22,预计6月26日上市比亚迪全新一代唐到店,预计6月26日上市比亚迪全新一代唐到店
2018-06-22,车载智能终端的权力交接，车企BYD如何破题这场行业困局？,车载智能终端的权力交接，车企BYD如何破题这场行业困局？
2018-06-22,[推荐评级]电力设备与新能源行业周报：5月新能源汽车高景气度 A0级车占比提升,[推荐评级]电力设备与新能源行业周报：5月新能源汽车高景气度 A0级车占比提升
2018-06-22,[中性评级]电力设备行业周报：中电联发布《中国电力行业年度发展报告2018》,[中性评级]电力设备行业周报：中电联发布《中国电力行业年度发展报告2018》
2018-06-22,612新能源汽车补贴新政：动力电池分水岭,612新能源汽车补贴新政：动力电池分水岭
2018-06-22,电动车续航提升 为何价格却在下探？,电动车续航提升 为何价格却在下探？
2018-06-22,新能源乘用车5月销9.2万增1.4倍,新能源乘用车5月销9.2万增1.4倍
2018-06-22,超大屏幕海量应用 深度体验比亚迪 DiLink 系统,超大屏幕海量应用 深度体验比亚迪 DiLink 系统
2018-06-22,宁德时代Vs比亚迪：谁是最后大赢家？,宁德时代Vs比亚迪：谁是最后大赢家？
2018-06-22,福田、宇通、比亚迪悉数到场 客车卡车轻客全是新能源,福田、宇通、比亚迪悉数到场 客车卡车轻客全是新能源
2018-06-22,新能源汽车技术21-比亚迪宋DM双模混动全时电四驱构造原理,新能源汽车技术21-比亚迪宋DM双模混动全时电四驱构造原理
2018-06-23,欢笑背后也有没落身影，中国500强车企几家欢喜几家愁,欢笑背后也有没落身影，中国500强车企几家欢喜几家愁
2018-06-23,电气设备：4单月装机电量3.76GWH 荐11股,电气设备：4单月装机电量3.76GWH 荐11股
2018-06-23,三四季度业绩出现拐点 比亚迪发力新能源汽车和电池业务,三四季度业绩出现拐点 比亚迪发力新能源汽车和电池业务
2018-06-24,【风驰电车】电动汽车：此时不买，更待何时,【风驰电车】电动汽车：此时不买，更待何时
2018-06-24,中日企业抢购锂矿，这会是新能源车引发的下一个泡沫吗？,中日企业抢购锂矿，这会是新能源车引发的下一个泡沫吗？
2018-06-24,深度|从深圳走向全球 比亚迪大巴靠技术赢得信赖,深度|从深圳走向全球 比亚迪大巴靠技术赢得信赖
2018-06-24,比亚迪指纹识别占智能锁市场60%,比亚迪指纹识别占智能锁市场60%
2018-06-25,【国金电子】每日资讯&行情（2018-06-25樊志远）,【国金电子】每日资讯&行情（2018-06-25樊志远）
2018-06-25,[推荐评级]乘用车交强险数据点评：5月份乘用车上险数170万辆 同比下滑2.4%,[推荐评级]乘用车交强险数据点评：5月份乘用车上险数170万辆 同比下滑2.4%
2018-06-25,交通运输部定2020年污染防治目标 四股可以关注,交通运输部定2020年污染防治目标 四股可以关注
2018-06-25,比亚迪回应利润下滑 三季度是业绩拐点,比亚迪回应利润下滑 三季度是业绩拐点
2018-06-25,比亚迪新能源解决方案惊艳亮相IntersolarEurope2018,比亚迪新能源解决方案惊艳亮相IntersolarEurope2018
2018-06-25,“云端”上的绿色行， 比亚迪C7首登黄山试运行,“云端”上的绿色行， 比亚迪C7首登黄山试运行
2018-06-25,共筑电气化时代 通用、本田联合比亚迪等签署合作协议,共筑电气化时代 通用、本田联合比亚迪等签署合作协议
2018-06-25,比亚迪上半年电池产能不足 将增资投建22GWH动力电池项目,比亚迪上半年电池产能不足 将增资投建22GWH动力电池项目
2018-06-25,续航向上、价格向下，电动车企是乱定价的吗,续航向上、价格向下，电动车企是乱定价的吗
2018-06-25,比亚迪赢得首笔伦敦全电动双层巴士订单,比亚迪赢得首笔伦敦全电动双层巴士订单
2018-06-25,"电力设备与新能源行业周报:电动车旺季在即龙头迎反转,制造业投资加速显示工控高景气","电力设备与新能源行业周报:电动车旺季在即龙头迎反转,制造业投资加速显示工控高景气"
2018-06-25,程安采购比亚迪2000辆电动投放网约车市场,程安采购比亚迪2000辆电动投放网约车市场
2018-06-26,共计37辆 比亚迪获伦敦首保双层电动巴士订单,共计37辆 比亚迪获伦敦首保双层电动巴士订单
2018-06-26,最大续航500km/双电机 新一代唐EV发布,最大续航500km/双电机 新一代唐EV发布
2018-06-26,“地产大佬”也造车！产业帝国已形成，回A步伐加快,“地产大佬”也造车！产业帝国已形成，回A步伐加快
2018-06-26,投入新能源车研发 比亚迪借款给子公司,投入新能源车研发 比亚迪借款给子公司
2018-06-26,[增持评级]机械制造业行业周报：OPEC协议名义增产100万桶/日 1至5月工业机器人同增35.4%,[增持评级]机械制造业行业周报：OPEC协议名义增产100万桶/日 1至5月工业机器人同增35.4%
2018-06-26,电力设备与新能源行业深度报告：电动车升级元年、工控新周期 优质龙头成长空间开启,电力设备与新能源行业深度报告：电动车升级元年、工控新周期 优质龙头成长空间开启
2018-06-26,[推荐评级]有色金属行业周报：钴锡涨价逻辑并未改变 重视错杀标的投资机会,[推荐评级]有色金属行业周报：钴锡涨价逻辑并未改变 重视错杀标的投资机会
2018-06-26,营收保持40-50%增长 比亚迪将迎来业绩拐点,营收保持40-50%增长 比亚迪将迎来业绩拐点
2018-06-26,动了厂家的奶酪 18年补贴政策对于市场的影响,动了厂家的奶酪 18年补贴政策对于市场的影响
2018-06-26,"电力设备行业:动力全开,新周期新成长","电力设备行业:动力全开,新周期新成长"
2018-06-26,比亚迪5月销量超3.6万辆 同比增长24%,比亚迪5月销量超3.6万辆 同比增长24%
2018-06-26,补贴缩水 低里程车型停摆,补贴缩水 低里程车型停摆
2018-06-26,比亚迪全新一代唐今日上市 预售价15万元起,比亚迪全新一代唐今日上市 预售价15万元起
2018-06-26,5月新能源汽车销量高歌猛进 两股受益大,5月新能源汽车销量高歌猛进 两股受益大
2018-06-26,比亚迪唐DM正式开启预售 补贴后售25-30万,比亚迪唐DM正式开启预售 补贴后售25-30万
2018-06-26,智能汽车赛道挤满了玩家,智能汽车赛道挤满了玩家
2018-06-26,五款重磅新车扎堆上市，折射出车企的焦虑与野心,五款重磅新车扎堆上市，折射出车企的焦虑与野心
2018-06-26,集群效应助推“尖刀力量”： 粤港澳大湾区全面布局智能汽车,集群效应助推“尖刀力量”： 粤港澳大湾区全面布局智能汽车
2018-06-26,预售15-18万 比亚迪新一代唐今晚上市,预售15-18万 比亚迪新一代唐今晚上市
2018-06-26,巨丰热点：新能源汽车概念呈现活跃 安凯客车涨停,巨丰热点：新能源汽车概念呈现活跃 安凯客车涨停
2018-06-27,[强于大市评级]电力设备及新能源行业周报之电动车篇：比亚迪拿下广州纯电动公交采购大单 奥迪现代合作研发氢燃料汽车,[强于大市评级]电力设备及新能源行业周报之电动车篇：比亚迪拿下广州纯电动公交采购大单 奥迪现代合作研发氢燃料汽车
2018-06-27,[买入评级]汽车及汽车零部件行业周报：汽车板块整体下跌7.56% 跑输沪深300指数2.78个百分点,[买入评级]汽车及汽车零部件行业周报：汽车板块整体下跌7.56% 跑输沪深300指数2.78个百分点
2018-06-27,豪华质感不输百万级豪车 比亚迪全新一代唐撼世驾临,豪华质感不输百万级豪车 比亚迪全新一代唐撼世驾临
2018-06-27,比亚迪建造大型汽车电池工厂 致力于把产能提升三倍,比亚迪建造大型汽车电池工厂 致力于把产能提升三倍
2018-06-27,比亚迪青海工厂12GWh动力电池项目投产,比亚迪青海工厂12GWh动力电池项目投产
2018-06-27,锂电材料及小金属周报：钴锂：“消费电子+动力电池”共振回暖看好Q3行情,锂电材料及小金属周报：钴锂：“消费电子+动力电池”共振回暖看好Q3行情
2018-06-27,比亚迪想要以开放求创新：开放341个汽车传感器和66项控制权，共享“e平台”,比亚迪想要以开放求创新：开放341个汽车传感器和66项控制权，共享“e平台”
2018-06-27,比亚迪：唐二代震撼上市，再造现象级爆款！【安信汽车】,比亚迪：唐二代震撼上市，再造现象级爆款！【安信汽车】
2018-06-27,【会员资讯】售12.99万-32.99万元 比亚迪全新一代唐上市,【会员资讯】售12.99万-32.99万元 比亚迪全新一代唐上市
2018-06-27,花2亿买的资产，两折卖回去？还不止一次！这家公司为何连做赔本买卖,花2亿买的资产，两折卖回去？还不止一次！这家公司为何连做赔本买卖
2018-06-27,比亚迪要做造车实力派 表现真正领军者姿态,比亚迪要做造车实力派 表现真正领军者姿态
2018-06-27,助力“深圳援疆” 比亚迪首批纯电动公交车交付喀什,助力“深圳援疆” 比亚迪首批纯电动公交车交付喀什
2018-06-27,比亚迪动力电池工厂一期10吉瓦时项目投产下线,比亚迪动力电池工厂一期10吉瓦时项目投产下线
2018-06-27,比亚迪巨型电池工厂青海下线：年产能可供120万台唐,比亚迪巨型电池工厂青海下线：年产能可供120万台唐
2018-06-27,数千台！比亚迪叉车赋能京东绿色物流新未来,数千台！比亚迪叉车赋能京东绿色物流新未来
2018-06-27,宁德时代VS比亚迪 为什么不看好比亚迪,宁德时代VS比亚迪 为什么不看好比亚迪
2018-06-27,比亚迪新一代“唐”上市，王传福：技术与全球共享进入造车新时代,比亚迪新一代“唐”上市，王传福：技术与全球共享进入造车新时代
2018-06-27,"电力设备行业动态周报:5月全国用电量稳定增长,插电混合动力车型发力","电力设备行业动态周报:5月全国用电量稳定增长,插电混合动力车型发力"
2018-06-27,比亚迪全球最大规模动力电池厂投产 电力来源100%清洁能源,比亚迪全球最大规模动力电池厂投产 电力来源100%清洁能源
2018-06-27,中国新能源客车5月产出1.49万辆，暴增6.5倍创今年新高,中国新能源客车5月产出1.49万辆，暴增6.5倍创今年新高
2018-06-27,比亚迪全新一代唐开卖！ 售12.99万-32.99万元,比亚迪全新一代唐开卖！ 售12.99万-32.99万元
2018-06-27,12.99万元起！比亚迪新一代唐正式上市,12.99万元起！比亚迪新一代唐正式上市
2018-06-27,比亚迪全新一代唐上市，值得关注的五点信息,比亚迪全新一代唐上市，值得关注的五点信息
2018-06-27,【华泰证券研究所】每日晨会启明星20180627,【华泰证券研究所】每日晨会启明星20180627
2018-06-27,补贴过渡期　车市不平静,补贴过渡期　车市不平静
2018-06-27,比亚迪：今日全球规模最大动力电池工厂将投产,比亚迪：今日全球规模最大动力电池工厂将投产
2018-06-27,比亚迪全球规模最大动力电池工厂将投产,比亚迪全球规模最大动力电池工厂将投产
2018-06-27,【财通汽车】比 亚 迪(002594):高颜值爆款上市，新一代唐开启新时代,【财通汽车】比 亚 迪(002594):高颜值爆款上市，新一代唐开启新时代
2018-06-27,在车里“吃鸡”刷抖音，比亚迪新一代唐上市,在车里“吃鸡”刷抖音，比亚迪新一代唐上市
2018-06-27,造汽车的比亚迪，芯片实力到底几斤几两？,造汽车的比亚迪，芯片实力到底几斤几两？
2018-06-27,【晨会0627】电新：电池回收高峰将至；债券：松货币与紧信用组合；比亚迪,【晨会0627】电新：电池回收高峰将至；债券：松货币与紧信用组合；比亚迪
2018-06-27,"新能源与电力设备行业2018年中期投资策略:周期性调整,市场化前夜","新能源与电力设备行业2018年中期投资策略:周期性调整,市场化前夜"
2018-06-28,比亚迪巨型电池工厂 昨在青海投产,比亚迪巨型电池工厂 昨在青海投产
2018-06-28,【中金电子与通信】每日科技讯息快递：比亚迪青海工厂12GWh电池项目投产,【中金电子与通信】每日科技讯息快递：比亚迪青海工厂12GWh电池项目投产
2018-06-28,比亚迪巨型电池工厂青海下线 将成全球规模最大,比亚迪巨型电池工厂青海下线 将成全球规模最大
2018-06-28,瞄准新能源储能领域 比亚迪展示家庭和商用储能解决方案,瞄准新能源储能领域 比亚迪展示家庭和商用储能解决方案
2018-06-28,燃油车还是很重要，比亚迪纠偏产品路线重拾燃油车再加码纯电动,燃油车还是很重要，比亚迪纠偏产品路线重拾燃油车再加码纯电动
2018-06-28,全球最大动力电池工厂投产 比亚迪扩充产能应对内外需求,全球最大动力电池工厂投产 比亚迪扩充产能应对内外需求
2018-06-28,BYD比亚迪打入苹果充电器供应链,BYD比亚迪打入苹果充电器供应链
2018-06-28,【SMM编译】动力电池争霸赛 谁将成为“电池”一哥？,【SMM编译】动力电池争霸赛 谁将成为“电池”一哥？
2018-06-28,在比亚迪全新一代唐的“龙脸”外表下，我们看到了这家车企成为汽车界“安卓”的野心,在比亚迪全新一代唐的“龙脸”外表下，我们看到了这家车企成为汽车界“安卓”的野心
2018-06-28,比亚迪建成全球最大规模电池工厂 面积相当于140个足球场 可供120万台唐电池需求,比亚迪建成全球最大规模电池工厂 面积相当于140个足球场 可供120万台唐电池需求
2018-06-28,比亚迪新一代唐部分车型将使用Dirac Live技术,比亚迪新一代唐部分车型将使用Dirac Live技术
2018-06-28,新一代比亚迪唐的“一大步” 能否成为新能源汽车向前的“一小步”？,新一代比亚迪唐的“一大步” 能否成为新能源汽车向前的“一小步”？
2018-06-28,宁德时代比亚迪酣战电池“一哥” 日韩电池“黄雀在后”存危机,宁德时代比亚迪酣战电池“一哥” 日韩电池“黄雀在后”存危机
2018-06-28,中国5月新能源车电机装机量超9万台，比亚迪/北汽新能源/联合电子包揽前三,中国5月新能源车电机装机量超9万台，比亚迪/北汽新能源/联合电子包揽前三
2018-06-28,从比亚迪谈起 说说光伏产业的垂直整合,从比亚迪谈起 说说光伏产业的垂直整合
2018-06-28,[优大于势评级]中小市值组新能源汽车行业周报：5月新能源汽车产量8.6台 继续看多中游龙头,[优大于势评级]中小市值组新能源汽车行业周报：5月新能源汽车产量8.6台 继续看多中游龙头
2018-06-28,年产能达24GWh 比亚迪南川电池工厂投产下线,年产能达24GWh 比亚迪南川电池工厂投产下线
2018-06-28,短期压力所致 日产与戴姆勒、福特“分手”,短期压力所致 日产与戴姆勒、福特“分手”
2018-06-28,强化与比亚迪等巨头合作 青海加速发展锂电产业链,强化与比亚迪等巨头合作 青海加速发展锂电产业链
2018-06-28,[买入评级]比亚迪(002594/01211.HK)重大事项点评：新一代唐发布 电动爆款可期,[买入评级]比亚迪(002594/01211.HK)重大事项点评：新一代唐发布 电动爆款可期
2018-06-28,低续驶里程电动车正式“断奶” 新能源去补贴第一刀落下,低续驶里程电动车正式“断奶” 新能源去补贴第一刀落下
2018-06-28,【SMM金属早餐】特朗普强硬态度转变 内盘金属普涨*大型锌尾矿坝正在重启,【SMM金属早餐】特朗普强硬态度转变 内盘金属普涨*大型锌尾矿坝正在重启
2018-06-28,国内自主品牌的1.5T发动机数据对比,国内自主品牌的1.5T发动机数据对比
2018-06-28,首推尊荣型/创睿型 比亚迪唐购车手册,首推尊荣型/创睿型 比亚迪唐购车手册
2018-06-28,EV晨报 | 蔚来ES8今日交付;比亚迪年产24GWh动力电池工厂下线;力帆召回6431辆电动汽车,EV晨报 | 蔚来ES8今日交付;比亚迪年产24GWh动力电池工厂下线;力帆召回6431辆电动汽车
2018-06-28,新能源车上游竞争愈烈，比亚迪携手中冶控钴,新能源车上游竞争愈烈，比亚迪携手中冶控钴
2018-06-29,比亚迪“唐二代”上市冲销量 誓保全球新能源汽车冠军宝座,比亚迪“唐二代”上市冲销量 誓保全球新能源汽车冠军宝座
2018-06-29,140个足球场大小，比亚迪全球最大规模动力电池工厂投产 | 中国汽车报,140个足球场大小，比亚迪全球最大规模动力电池工厂投产 | 中国汽车报
2018-06-29,特斯拉用三元锂电池和比亚迪用“铁电池”的对比分析,特斯拉用三元锂电池和比亚迪用“铁电池”的对比分析
2018-06-29,比亚迪“唐二代”开启汽车竞争新格局,比亚迪“唐二代”开启汽车竞争新格局
2018-06-29,比亚迪要和宁德时代争做车载电池王者,比亚迪要和宁德时代争做车载电池王者
2018-06-29,车圈：合资小型SUV相继上市 比国产中型SUV还贵 你买谁？,车圈：合资小型SUV相继上市 比国产中型SUV还贵 你买谁？
2018-06-29,2018 年新的补贴政策下 在上海买插电混动车会变贵吗？,2018 年新的补贴政策下 在上海买插电混动车会变贵吗？
2018-06-29,汽车行业日报：比亚迪大型动力电池项目投产,汽车行业日报：比亚迪大型动力电池项目投产
2018-06-29,[中性评级]深度*行业*汽车行业2018年中期策略：行业分化 龙头崛起,[中性评级]深度*行业*汽车行业2018年中期策略：行业分化 龙头崛起
2018-06-30,新能源补贴缩水 北汽江淮奇瑞旗下新能源车型临大考,新能源补贴缩水 北汽江淮奇瑞旗下新能源车型临大考
2018-06-30,2018年5月新能源乘用车及客车产量分析：客车月度产量破万同比增长7倍,2018年5月新能源乘用车及客车产量分析：客车月度产量破万同比增长7倍
2018-06-30,第一个“牺牲”的电池巨头,第一个“牺牲”的电池巨头
2018-06-30,为满足全球需求 比亚迪新建大型电池工厂,为满足全球需求 比亚迪新建大型电池工厂
2018-06-30,为答谢新老客户，比亚迪汽车新能源节能大赛（北京站）打响！,为答谢新老客户，比亚迪汽车新能源节能大赛（北京站）打响！
2018-07-01,【国金电新周观点】储能电池国家标准发布，电网电车外资股比放开,【国金电新周观点】储能电池国家标准发布，电网电车外资股比放开
2018-07-01,一周新车：比亚迪唐与领克02，谁更火？,一周新车：比亚迪唐与领克02，谁更火？
2018-07-01,立足全球，感受中国芯力量【安信电新·周观察·0631】,立足全球，感受中国芯力量【安信电新·周观察·0631】
2018-07-02,以“锂”相邀 青海锂电产业初具规模,以“锂”相邀 青海锂电产业初具规模
2018-07-02,[领先大市-A评级]机械行业周报：聚焦中报增长超预期 关注工程机械及高端自主设备,[领先大市-A评级]机械行业周报：聚焦中报增长超预期 关注工程机械及高端自主设备
2018-07-02,以“锂”相邀　青海锂电产业初具规模,以“锂”相邀　青海锂电产业初具规模
2018-07-02,有色金属行业周报：钴锂又一强催化：新能源车外资股比限制取消,有色金属行业周报：钴锂又一强催化：新能源车外资股比限制取消
2018-07-02,[增持评级]汽车行业周报：新能源汽车高端化趋势明显 国内龙头企业有望获得卡位优势,[增持评级]汽车行业周报：新能源汽车高端化趋势明显 国内龙头企业有望获得卡位优势
2018-07-02,[增持评级]电气设备行业周报：三代核电并网有望助力核准松绑 持续看好新能源车中游旺季行情,[增持评级]电气设备行业周报：三代核电并网有望助力核准松绑 持续看好新能源车中游旺季行情
2018-07-02,5月全球电动车销量：Model 3销量创新高 北汽超比亚迪、特斯拉再次夺冠,5月全球电动车销量：Model 3销量创新高 北汽超比亚迪、特斯拉再次夺冠
2018-07-02,[推荐评级]2018年新能源乘用车新车型分析：迎放量 选结构 看平价,[推荐评级]2018年新能源乘用车新车型分析：迎放量 选结构 看平价
2018-07-02,[增持评级]电气设备行业周报：电动车边际改善 Q3旺季开启,[增持评级]电气设备行业周报：电动车边际改善 Q3旺季开启
2018-07-02,【G20周刊】天赐材料竞拍江西攀森固定资产 比亚迪青海超级工厂下线,【G20周刊】天赐材料竞拍江西攀森固定资产 比亚迪青海超级工厂下线
2018-07-02,"电气设备行业周报:“630”结束,组件市场分化拉大,海外布局企业经营良好","电气设备行业周报:“630”结束,组件市场分化拉大,海外布局企业经营良好"
2018-07-02,中国5月动力电池装机量4.4GWh，宁德时代加速领跑,中国5月动力电池装机量4.4GWh，宁德时代加速领跑
2018-07-02,[买入评级]汽车及汽车零部件行业周报：汽车板块整体上涨1.72% 跑赢沪深300指数4个百分点,[买入评级]汽车及汽车零部件行业周报：汽车板块整体上涨1.72% 跑赢沪深300指数4个百分点
2018-07-02,"汽车行业周报:乘用车零售市场观望气氛延续,厂家批发销量同比增速有所回落","汽车行业周报:乘用车零售市场观望气氛延续,厂家批发销量同比增速有所回落"
2018-07-02,锂电巨头沃特玛两年市值缩水超200亿 给员工放假半年,锂电巨头沃特玛两年市值缩水超200亿 给员工放假半年
2018-07-02,比亚迪全新一代唐(燃油版)和唐DM(插电式混动版)正式上市,比亚迪全新一代唐(燃油版)和唐DM(插电式混动版)正式上市
2018-07-02,解密：什么是比亚迪e平台的“33111”？,解密：什么是比亚迪e平台的“33111”？
2018-07-02,每日热点题材：投资机会都在这里！,每日热点题材：投资机会都在这里！
2018-07-02,王传福称“汽车行业史无前例的突破” 比亚迪实行“开放”欲衍生“超级汽车生态”,王传福称“汽车行业史无前例的突破” 比亚迪实行“开放”欲衍生“超级汽车生态”
2018-07-02,比亚迪重塑汽车业务：从“唐”开始,比亚迪重塑汽车业务：从“唐”开始
2018-07-02,[增持评级]电力设备与新能源行业周报：升级元年和旺季开始 电动车龙头持续反转,[增持评级]电力设备与新能源行业周报：升级元年和旺季开始 电动车龙头持续反转
2018-07-02,汽车行业周报：新能源汽车外资股比限制将正式取消,汽车行业周报：新能源汽车外资股比限制将正式取消
2018-07-03,[优大于势评级]中小市值组新能源汽车周报：强烈看多本轮趋势性行情 优选中游优势龙头,[优大于势评级]中小市值组新能源汽车周报：强烈看多本轮趋势性行情 优选中游优势龙头
2018-07-03,比亚迪在智利获100台纯电动大巴订单,比亚迪在智利获100台纯电动大巴订单
2018-07-03,中国动力电池新时刻：锂电池征战日韩，谁是下一代电池王者,中国动力电池新时刻：锂电池征战日韩，谁是下一代电池王者
2018-07-03,比亚迪全力打造智能汽车新生态,比亚迪全力打造智能汽车新生态
2018-07-03,【挖题材】5月新能源汽车产量8.6万台 继续看多中游龙头,【挖题材】5月新能源汽车产量8.6万台 继续看多中游龙头
2018-07-03,[中性评级]新能源行业周报：降价压力犹存 关注增速好的优势环节,[中性评级]新能源行业周报：降价压力犹存 关注增速好的优势环节
2018-07-03,[看好评级]万国电车系列报告之八：看好三季度钴价企稳回升 碳酸锂价格底部10万/吨,[看好评级]万国电车系列报告之八：看好三季度钴价企稳回升 碳酸锂价格底部10万/吨
2018-07-03,我们体验市面上主流的三种车机系统 看到了这些不同,我们体验市面上主流的三种车机系统 看到了这些不同
2018-07-03,长信科技：独供比亚迪唐、宋、秦车型中控屏,长信科技：独供比亚迪唐、宋、秦车型中控屏
2018-07-03,双积分交易启动 比亚迪领头油耗正积分榜首,双积分交易启动 比亚迪领头油耗正积分榜首
2018-07-03,[看好评级]电新行业2018年重点公司半年报前瞻：新能源发电增速放缓 新能源汽车看好龙头表现,[看好评级]电新行业2018年重点公司半年报前瞻：新能源发电增速放缓 新能源汽车看好龙头表现
2018-07-03,[公司]比亚迪：目前公司已给多个客户供应3D玻璃,[公司]比亚迪：目前公司已给多个客户供应3D玻璃
2018-07-03,长安携手比亚迪 在动力电池方面展开合作,长安携手比亚迪 在动力电池方面展开合作
2018-07-03,昔日电池巨头陷困境：沃特玛停工欲重组、比亚迪亏损忙转向,昔日电池巨头陷困境：沃特玛停工欲重组、比亚迪亏损忙转向
2018-07-03,巨丰热点前瞻：市场近期分化格局望延续 关注结构性机会,巨丰热点前瞻：市场近期分化格局望延续 关注结构性机会
2018-07-03,"汽车与汽车零部件行业:电池电机双增长,新能源汽车持续向好","汽车与汽车零部件行业:电池电机双增长,新能源汽车持续向好"
2018-07-03,日媒：电动车将助中国成汽车强国 但须注意这个问题——,日媒：电动车将助中国成汽车强国 但须注意这个问题——
2018-07-04,比亚迪获美洲最大纯电动大巴订单,比亚迪获美洲最大纯电动大巴订单
2018-07-04,比亚迪：新一代唐上市首周订单销量超1.5万台,比亚迪：新一代唐上市首周订单销量超1.5万台
2018-07-04,王传福对话张亚勤：百度和比亚迪将共同打造开放车辆认证平台,王传福对话张亚勤：百度和比亚迪将共同打造开放车辆认证平台
2018-07-04,百度与比亚迪打造开放车辆认证平台，张亚勤与王传福畅谈自动驾驶未来,百度与比亚迪打造开放车辆认证平台，张亚勤与王传福畅谈自动驾驶未来
2018-07-04,比亚迪：预计下半年公司新能源车业务将显著改善,比亚迪：预计下半年公司新能源车业务将显著改善
2018-07-04,打造“开放+融合”新生态 比亚迪抢先布局产业变革“下半场”,打造“开放+融合”新生态 比亚迪抢先布局产业变革“下半场”
2018-07-04,比亚迪：不会因为提升电池充电速度而过度牺牲其他性能,比亚迪：不会因为提升电池充电速度而过度牺牲其他性能
2018-07-04,2018年全球最畅销十大新能源车，第1名是自主，丰田日产屈居其后,2018年全球最畅销十大新能源车，第1名是自主，丰田日产屈居其后
2018-07-04,李彦宏首交转型AI成绩单：抢先谷歌量产无人车，还不能在大街上“撒欢”,李彦宏首交转型AI成绩单：抢先谷歌量产无人车，还不能在大街上“撒欢”
2018-07-04,发改委积极推动新能源汽车发展 三方面关注投资机会,发改委积极推动新能源汽车发展 三方面关注投资机会
2018-07-04,百度发国内首个自动驾驶量产安全报告 为量产保驾护航,百度发国内首个自动驾驶量产安全报告 为量产保驾护航
2018-07-04,比亚迪(01211-HK)董事夏佐全完成A股减持计划,比亚迪(01211-HK)董事夏佐全完成A股减持计划
2018-07-04,李彦宏直播无人车量产下线！王传福站台 解密百度Apollo 3.0,李彦宏直播无人车量产下线！王传福站台 解密百度Apollo 3.0
2018-07-04,百度发布Apollo3.0 将与比亚迪联合打造车辆平台,百度发布Apollo3.0 将与比亚迪联合打造车辆平台
2018-07-04,积分考核启动 长城该如何补缺口,积分考核启动 长城该如何补缺口
2018-07-04,比亚迪全新一代唐性能新高度,比亚迪全新一代唐性能新高度
2018-07-04,[增持评级]电力设备与新能源行业点评：5月海外电动车销量5.23万辆 稳步增长,[增持评级]电力设备与新能源行业点评：5月海外电动车销量5.23万辆 稳步增长
2018-07-04,[增持评级]电气设备与新能源行业点评：5月单月装机电量4.49GWH 同比增加214% 商用车抢装亮眼,[增持评级]电气设备与新能源行业点评：5月单月装机电量4.49GWH 同比增加214% 商用车抢装亮眼
2018-07-04,汽车及零部件行业动态：国六：各地有望提前实施 轻型加速电气化 重型集中度提升,汽车及零部件行业动态：国六：各地有望提前实施 轻型加速电气化 重型集中度提升
2018-07-04,双积分交易启动，我国车市真正的厮杀即将到来,双积分交易启动，我国车市真正的厮杀即将到来
2018-07-04,比亚迪成为百度Apollo计划第一百位合作伙伴,比亚迪成为百度Apollo计划第一百位合作伙伴
2018-07-04,[强于大市评级]电力设备及新能源行业周报之电动车篇：2020年重点城市公交全部更换为新能源汽车 比亚迪增资投建动力电池项目,[强于大市评级]电力设备及新能源行业周报之电动车篇：2020年重点城市公交全部更换为新能源汽车 比亚迪增资投建动力电池项目
2018-07-04,王传福：未来汽车就像是长了腿的超级智能手机,王传福：未来汽车就像是长了腿的超级智能手机
2018-07-04,[增持评级]18年第6批推广目录点评(电力设备与新能源行业)：前16批目录废止 高能量密度、高续航趋势显著,[增持评级]18年第6批推广目录点评(电力设备与新能源行业)：前16批目录废止 高能量密度、高续航趋势显著
2018-07-04,又是这家!华为小米的独供商将独供比亚迪唐、宋、秦车型中控屏,又是这家!华为小米的独供商将独供比亚迪唐、宋、秦车型中控屏
2018-07-05,长安汽车与比亚迪宣布共同成立动力电池合资公司,长安汽车与比亚迪宣布共同成立动力电池合资公司
2018-07-05,7月5日有44家公司获重要股东增减持 通威股份已被连续增持143次,7月5日有44家公司获重要股东增减持 通威股份已被连续增持143次
2018-07-05,重磅！落地！比亚迪：牵手长安和佛吉亚，全面开放供销体系【安信汽车】,重磅！落地！比亚迪：牵手长安和佛吉亚，全面开放供销体系【安信汽车】
2018-07-05,比亚迪加速电池外供 与长安组动力电池合资公司,比亚迪加速电池外供 与长安组动力电池合资公司
2018-07-05,比亚迪联手长安对抗宁德时代 动力电池战场硝烟弥漫,比亚迪联手长安对抗宁德时代 动力电池战场硝烟弥漫
2018-07-05,王传福朱华荣同框 比亚迪长安汽车斥50亿建电池公司,王传福朱华荣同框 比亚迪长安汽车斥50亿建电池公司
2018-07-05,长安汽车与比亚迪达成战略合作 拟成立动力电池合资公司,长安汽车与比亚迪达成战略合作 拟成立动力电池合资公司
2018-07-05,比亚迪佛吉亚合资公司今日正式揭牌,比亚迪佛吉亚合资公司今日正式揭牌
2018-07-05,与长安汽车签署战略合作，比亚迪外供电池开始接单了！,与长安汽车签署战略合作，比亚迪外供电池开始接单了！
2018-07-05,长安与比亚迪签署战略合作协议 将成立动力电池合资公司,长安与比亚迪签署战略合作协议 将成立动力电池合资公司
2018-07-05,中日固态电池进展对比，谁能成为一哥？,中日固态电池进展对比，谁能成为一哥？
2018-07-05,联手长安 比亚迪吹起反攻号角比亚迪要小心了,联手长安 比亚迪吹起反攻号角比亚迪要小心了
2018-07-05,发改委《意见稿》优化动力电池产业 四股可关注,发改委《意见稿》优化动力电池产业 四股可关注
2018-07-05,比亚迪助力“阿波罗计划” 王传福用开放赢取朋友圈,比亚迪助力“阿波罗计划” 王传福用开放赢取朋友圈
2018-07-05,比亚迪与长安汽车展开合作 成立动力电池公司,比亚迪与长安汽车展开合作 成立动力电池公司
2018-07-05,李彦宏吐槽贾跃亭：造车跟PPT不同 我们吹的牛实现了,李彦宏吐槽贾跃亭：造车跟PPT不同 我们吹的牛实现了
2018-07-05,EV晨报 | 比亚迪预计下半年新能源业务改善；百度L4级自动驾驶巴士量产；上汽新能源车6月销售13162辆,EV晨报 | 比亚迪预计下半年新能源业务改善；百度L4级自动驾驶巴士量产；上汽新能源车6月销售13162辆
2018-07-05,头部效应凸显 动力电池产业将现变局,头部效应凸显 动力电池产业将现变局
2018-07-05,动力电池巨头沃特玛陷资金危局,动力电池巨头沃特玛陷资金危局
2018-07-05,长安汽车与比亚迪电池合资合作正式签约,长安汽车与比亚迪电池合资合作正式签约
2018-07-06,周一机构一致最看好的6只个股（07.06）,周一机构一致最看好的6只个股（07.06）
2018-07-06,比亚迪：6月新能源汽车销量17088辆,比亚迪：6月新能源汽车销量17088辆
2018-07-06,张子峰：独立型储能电站在国内市场更具优势,张子峰：独立型储能电站在国内市场更具优势
2018-07-06,上市公司半年报业绩汇总：苏宁易购净利预增超19倍,上市公司半年报业绩汇总：苏宁易购净利预增超19倍
2018-07-06,小米新款充电器曝光：比亚迪制造 更小巧时尚,小米新款充电器曝光：比亚迪制造 更小巧时尚
2018-07-06,比亚迪：上半年新能源汽车销量7.49万辆,比亚迪：上半年新能源汽车销量7.49万辆
2018-07-06,晚间重要公告2018年7月6日星期五,晚间重要公告2018年7月6日星期五
2018-07-06,百度智能驾驶进入量产之年，李彦宏更新 AI 战略回击质疑,百度智能驾驶进入量产之年，李彦宏更新 AI 战略回击质疑
2018-07-06,采购发动机“换”电池订单 比亚迪长安相互“绑定”成同盟,采购发动机“换”电池订单 比亚迪长安相互“绑定”成同盟
2018-07-06,比亚迪与长安汽车达成全面战略合作伙伴关系,比亚迪与长安汽车达成全面战略合作伙伴关系
2018-07-06,汽车行业日报：汽车产业投资管理规定将出,汽车行业日报：汽车产业投资管理规定将出
2018-07-06,调整战略中的比亚迪正持续向外界开放它的资源,调整战略中的比亚迪正持续向外界开放它的资源
2018-07-06,剥离座椅业务 比亚迪与佛吉亚成立合资公司,剥离座椅业务 比亚迪与佛吉亚成立合资公司
2018-07-06,[买入评级]比亚迪(002594/01211.HK)重大事项点评：携手长安汽车 突破电池外供,[买入评级]比亚迪(002594/01211.HK)重大事项点评：携手长安汽车 突破电池外供
2018-07-06,【财通汽车】比亚迪牵手长安，动力电池外供取得重大突破,【财通汽车】比亚迪牵手长安，动力电池外供取得重大突破
2018-07-06,长安与比亚迪强强联合 将在重庆生产动力电池,长安与比亚迪强强联合 将在重庆生产动力电池
2018-07-06,长安/比亚迪合作研发电池 将推出首款产品,长安/比亚迪合作研发电池 将推出首款产品
2018-07-06,深度解读百度 Apollo 3.0：如何更加开放？如何走向量产？,深度解读百度 Apollo 3.0：如何更加开放？如何走向量产？
2018-07-06,[强于大市评级]6月新能源汽车月报：中高端车新纪元 领衔成长,[强于大市评级]6月新能源汽车月报：中高端车新纪元 领衔成长
2018-07-06,【中金汽车】比亚迪股份：携手长安汽车，动力电池中性化取得实质突破,【中金汽车】比亚迪股份：携手长安汽车，动力电池中性化取得实质突破
2018-07-06,佛吉亚比亚迪合资公司揭牌，落户深圳,佛吉亚比亚迪合资公司揭牌，落户深圳
2018-07-06,共建电池厂 长安与比亚迪各打什么算盘？,共建电池厂 长安与比亚迪各打什么算盘？
2018-07-07,“双积分”可以转让和交易了！比亚迪、北汽新能源或成最大赢家,“双积分”可以转让和交易了！比亚迪、北汽新能源或成最大赢家
2018-07-08,[买入评级]比亚迪(002594)简评：比亚迪与长安汽车成立动力电池合资公司 电池外供空间广阔,[买入评级]比亚迪(002594)简评：比亚迪与长安汽车成立动力电池合资公司 电池外供空间广阔
2018-07-08,比亚迪6月销量及补贴退坡预期深度解读【安信汽车】,比亚迪6月销量及补贴退坡预期深度解读【安信汽车】
2018-07-08,锂电池中国即将突破日韩！低毛利暗藏风险,锂电池中国即将突破日韩！低毛利暗藏风险
2018-07-08,一周热点 | 乘用车企业启动双积分交易;国务院《打赢蓝天保卫战三年行动计划》;长城和宝马即将正式签约,一周热点 | 乘用车企业启动双积分交易;国务院《打赢蓝天保卫战三年行动计划》;长城和宝马即将正式签约
2018-07-08,比亚迪1-6月新能源销量大涨 加速推新车,比亚迪1-6月新能源销量大涨 加速推新车
2018-07-08,1-6月销量增两成，比亚迪蓄势发力“下半场”,1-6月销量增两成，比亚迪蓄势发力“下半场”
2018-07-08,第二代逸动EV预售11.99万起，长安新能源3款新车公布售价,第二代逸动EV预售11.99万起，长安新能源3款新车公布售价
2018-07-08,【天风有色杨诚笑团队】小金属周报：6月环保导致钴盐产量下滑1500吨，电池企业开工率回升至8成,【天风有色杨诚笑团队】小金属周报：6月环保导致钴盐产量下滑1500吨，电池企业开工率回升至8成
2018-07-09,长安汽车与比亚迪二度牵手的“内幕” | 中国汽车报,长安汽车与比亚迪二度牵手的“内幕” | 中国汽车报
2018-07-09,[优大于势评级]中小市值组新能源汽车周报：比亚迪电池外供实现突破 执行期高续航车型表现良好,[优大于势评级]中小市值组新能源汽车周报：比亚迪电池外供实现突破 执行期高续航车型表现良好
2018-07-09,跨市场新能源汽车行业周报：携手长安签署战略合作协议 比亚迪电池迈出对外第一步,跨市场新能源汽车行业周报：携手长安签署战略合作协议 比亚迪电池迈出对外第一步
2018-07-09,[增持评级]钴锂周报：内外盘钴价分化 氢氧化锂企稳,[增持评级]钴锂周报：内外盘钴价分化 氢氧化锂企稳
2018-07-09,EV品类强势C位 助力比亚迪新能源“半年考”再次霸榜,EV品类强势C位 助力比亚迪新能源“半年考”再次霸榜
2018-07-09,从单枪匹马到抱团作战，长安、比亚迪的牵手为哪般？,从单枪匹马到抱团作战，长安、比亚迪的牵手为哪般？
2018-07-09,[买入评级]比亚迪(002594/1211.HK)6月销量点评：销量符合预期 新能源创新高,[买入评级]比亚迪(002594/1211.HK)6月销量点评：销量符合预期 新能源创新高
2018-07-09,比亚迪/宁德时代争相与车企“联姻”为哪般？,比亚迪/宁德时代争相与车企“联姻”为哪般？
2018-07-09,4.3秒破百、百公里油耗1.6L 比亚迪DM3定义混动新时代,4.3秒破百、百公里油耗1.6L 比亚迪DM3定义混动新时代
2018-07-09,中航锂电配套长安逸动EV460 续航510公里,中航锂电配套长安逸动EV460 续航510公里
2018-07-09,与宇通比高下 这家企业上半年累计销售新能源客车3607辆,与宇通比高下 这家企业上半年累计销售新能源客车3607辆
2018-07-09,2018年全球最畅销新能源车 自主品牌排第1,2018年全球最畅销新能源车 自主品牌排第1
2018-07-09,长安与比亚迪“握手言欢”，这背后的深意是什么？,长安与比亚迪“握手言欢”，这背后的深意是什么？
2018-07-09,【中金汽车】周报：工信部公布车企双积分；对美正式加征关税,【中金汽车】周报：工信部公布车企双积分；对美正式加征关税
2018-07-09,深评：如何看待比亚迪长安合作电池业务,深评：如何看待比亚迪长安合作电池业务
2018-07-09,"22018年机械行业周报7月第2期:2028年全球光纤激光器达89亿美元,加强环境治理利好检测行业","22018年机械行业周报7月第2期:2028年全球光纤激光器达89亿美元,加强环境治理利好检测行业"
2018-07-09,新能源汽车行业周报:正极材料价格继续下调,新能源汽车行业周报:正极材料价格继续下调
2018-07-09,前5月全球EV销量TOP10配套电池企业起底,前5月全球EV销量TOP10配套电池企业起底
2018-07-10,[强于大市评级]海外汽车及零部件行业一周回顾：工信部披露2017年度新能源汽车积分情况,[强于大市评级]海外汽车及零部件行业一周回顾：工信部披露2017年度新能源汽车积分情况
2018-07-10,[中性评级]新能源行业周报：双积分交易启动 预期差中布局龙头,[中性评级]新能源行业周报：双积分交易启动 预期差中布局龙头
2018-07-10,涨停！大众汽车砸出近160亿，A股两公司飙涨，新能源车行业变局陡生,涨停！大众汽车砸出近160亿，A股两公司飙涨，新能源车行业变局陡生
2018-07-10,上半年新能源销量突破7万台，比亚迪向新而行攀高不止,上半年新能源销量突破7万台，比亚迪向新而行攀高不止
2018-07-10,百度自动驾驶任重而道远 阿波龙量产迈出坚实一步,百度自动驾驶任重而道远 阿波龙量产迈出坚实一步
2018-07-10,[传闻求证]宝通科技子公司发行的游戏单日流水破百万美金？,[传闻求证]宝通科技子公司发行的游戏单日流水破百万美金？
2018-07-10,比亚迪半年销量破22万 宋MAX“8连胜C位出线”,比亚迪半年销量破22万 宋MAX“8连胜C位出线”
2018-07-10,乘联会：6月新能源乘用车销售7.17万辆， 较上月下跌22%,乘联会：6月新能源乘用车销售7.17万辆， 较上月下跌22%
2018-07-10,【平安】行业动态跟踪报告*新能源汽车*比亚迪与长安成立动力电池合资公司*强于大市,【平安】行业动态跟踪报告*新能源汽车*比亚迪与长安成立动力电池合资公司*强于大市
2018-07-10,固体电池商业化“大战” 为时尚早,固体电池商业化“大战” 为时尚早
2018-07-10,[领先大市-A评级]机械行业周报：上半年挖机增长60% 聚焦工程机械及核心设备自主,[领先大市-A评级]机械行业周报：上半年挖机增长60% 聚焦工程机械及核心设备自主
2018-07-10,定位为智能汽车供应商，比亚迪的“整车开放”策略开发者会买单吗？,定位为智能汽车供应商，比亚迪的“整车开放”策略开发者会买单吗？
2018-07-10,有色金属行业周报：钴锂：国内价格或正逐步筑底,有色金属行业周报：钴锂：国内价格或正逐步筑底
2018-07-10,新能源汽车行业周报:工信部启动乘用车企业“双积分”交易,新能源汽车行业周报:工信部启动乘用车企业“双积分”交易
2018-07-10,"电力设备行业:迎电车浪潮,享智造盛宴","电力设备行业:迎电车浪潮,享智造盛宴"
2018-07-10,比亚迪毁誉参半 难敌后来居上的宁德时代？,比亚迪毁誉参半 难敌后来居上的宁德时代？
2018-07-10,自主品牌进入“圈层”战：长安、比亚迪全链条结盟,自主品牌进入“圈层”战：长安、比亚迪全链条结盟
2018-07-10,上半年拿下超80万辆业绩，长安守住自主品牌“销冠”宝座,上半年拿下超80万辆业绩，长安守住自主品牌“销冠”宝座
2018-07-10,比亚迪半年考递交完美答卷,比亚迪半年考递交完美答卷
2018-07-10,[强于大市评级]新能源汽车行业动态跟踪第139期：比亚迪与长安成立动力电池合资公司,[强于大市评级]新能源汽车行业动态跟踪第139期：比亚迪与长安成立动力电池合资公司
2018-07-10,我们体验了市面上主流的三种车机系统，看到了这些不同,我们体验了市面上主流的三种车机系统，看到了这些不同
2018-07-10,喜讯连连！比亚迪打造北欧最大纯电动铰接大巴车队,喜讯连连！比亚迪打造北欧最大纯电动铰接大巴车队
2018-07-10,比亚迪上半年销量超22万 新能源车同比暴增,比亚迪上半年销量超22万 新能源车同比暴增
2018-07-10,[超配评级]电气设备及新能源行业周报：双积分逐步落地 倒逼车企提档加速,[超配评级]电气设备及新能源行业周报：双积分逐步落地 倒逼车企提档加速
2018-07-11,"在低端市场徘徊?高颜值手机拍照背后,高端国产CIS不能缺位","在低端市场徘徊?高颜值手机拍照背后,高端国产CIS不能缺位"
2018-07-11,鼎盛新材：与比亚迪、国轩高科及宁德时代合作稳定,鼎盛新材：与比亚迪、国轩高科及宁德时代合作稳定
2018-07-11,[增持评级]新兴能源行业事件快评：6月消费中高端化 排产密集持续景气,[增持评级]新兴能源行业事件快评：6月消费中高端化 排产密集持续景气
2018-07-11,回望宁德时代和比亚迪的上半年,回望宁德时代和比亚迪的上半年
2018-07-11,[看好评级]汽车行业周报：关注逆势增长企业 新能源与轻量化将加速,[看好评级]汽车行业周报：关注逆势增长企业 新能源与轻量化将加速
2018-07-11,[增持评级]电气设备与新能源行业周报：光伏价格企稳 动力电池回收步入快车道,[增持评级]电气设备与新能源行业周报：光伏价格企稳 动力电池回收步入快车道
2018-07-11,共49款车型 第7批新能源车推广目录,共49款车型 第7批新能源车推广目录
2018-07-11,百度和比亚迪将共同打造开放车辆认证平台,百度和比亚迪将共同打造开放车辆认证平台
2018-07-11,剥离座椅业务 比亚迪“开放”战略落地,剥离座椅业务 比亚迪“开放”战略落地
2018-07-11,东风、解放、重汽、陕汽暗自较劲儿 上半年卡车出口有望持续增长,东风、解放、重汽、陕汽暗自较劲儿 上半年卡车出口有望持续增长
2018-07-11,巴菲特支持的比亚迪组建合资企业 在美试水电动巴士,巴菲特支持的比亚迪组建合资企业 在美试水电动巴士
2018-07-11,2018年6月汽车销量排行榜： SUV同比微跌 增速持续低于轿车,2018年6月汽车销量排行榜： SUV同比微跌 增速持续低于轿车
2018-07-11,比亚迪1-6月新能源销量超7万 增长106%,比亚迪1-6月新能源销量超7万 增长106%
2018-07-11,双积分首次交易供小于求 比亚迪卖积分比卖车赚钱,双积分首次交易供小于求 比亚迪卖积分比卖车赚钱
2018-07-11,汽车产业日报：磷酸铁锂电池市场竞争将进一步加剧,汽车产业日报：磷酸铁锂电池市场竞争将进一步加剧
2018-07-11,与蔚来、腾讯合资后，再与华为、比亚迪联手，长安究竟要干啥？,与蔚来、腾讯合资后，再与华为、比亚迪联手，长安究竟要干啥？
2018-07-12,比亚迪重卡电动化再成样本 油电差价可省8.6万元,比亚迪重卡电动化再成样本 油电差价可省8.6万元
2018-07-12,3年残值跌一半 纯电汽车无奈的硬伤,3年残值跌一半 纯电汽车无奈的硬伤
2018-07-12,中国汽车：2018年6月份乘用车市场销量同比下降3.4% 为两年来首次出现月度同比负增长,中国汽车：2018年6月份乘用车市场销量同比下降3.4% 为两年来首次出现月度同比负增长
2018-07-12,十点一线：华晨稳住！宝马在华晨宝马中持股或增持至75%,十点一线：华晨稳住！宝马在华晨宝马中持股或增持至75%
2018-07-12,比亚迪在美成立合资公司 推出首个电动大巴租赁项目,比亚迪在美成立合资公司 推出首个电动大巴租赁项目
2018-07-12,比亚迪：有人冒用公司名义开展业务，目前已报案,比亚迪：有人冒用公司名义开展业务，目前已报案
2018-07-12,全球首批比亚迪纯电动智能泥头车开启规模化示范运营,全球首批比亚迪纯电动智能泥头车开启规模化示范运营
2018-07-12,充电站样板工程竣工 比亚迪纯电动泥头车开启规模化运营,充电站样板工程竣工 比亚迪纯电动泥头车开启规模化运营
2018-07-12,[增持评级]新能源乘用车销量点评：新能源A级车增速显著 强者恒强,[增持评级]新能源乘用车销量点评：新能源A级车增速显著 强者恒强
2018-07-12,比亚迪：李娟等人冒用公司名义开展业务 已向警方报案,比亚迪：李娟等人冒用公司名义开展业务 已向警方报案
2018-07-12,[买入评级]汽车整车行业动态分析：工信部发布《新能源汽车推广应用推荐车型目录(2018年第7批)》 车型车型技术含量提升,[买入评级]汽车整车行业动态分析：工信部发布《新能源汽车推广应用推荐车型目录(2018年第7批)》 车型车型技术含量提升
2018-07-12,上半年7家隔膜企业新建产能 投资规模超90亿,上半年7家隔膜企业新建产能 投资规模超90亿
2018-07-12,[买入评级]工信部第7批目录及乘联会厂家数据：6月销售结构显著改善 乘用车高端化趋势不改,[买入评级]工信部第7批目录及乘联会厂家数据：6月销售结构显著改善 乘用车高端化趋势不改
2018-07-12,出海记｜比亚迪在美国组建合资公司 试水电动巴士租赁市场,出海记｜比亚迪在美国组建合资公司 试水电动巴士租赁市场
2018-07-12,今时不同往日 新能源合资潮将会热多久,今时不同往日 新能源合资潮将会热多久
2018-07-12,整合新能源产业链资源 “抱团取暖”成潮流,整合新能源产业链资源 “抱团取暖”成潮流
2018-07-12,【中金汽车】6月新能源补贴退坡落地，助推纯电车型结构化升级,【中金汽车】6月新能源补贴退坡落地，助推纯电车型结构化升级
2018-07-12,第7批新能源目录130款物流车分析 慢充路线仍称霸 比亚迪获最高补贴,第7批新能源目录130款物流车分析 慢充路线仍称霸 比亚迪获最高补贴
2018-07-12,淡季背后斗争仍在继续 6月购车热度排行,淡季背后斗争仍在继续 6月购车热度排行
2018-07-12,动力电池竞争向上游环节转移,动力电池竞争向上游环节转移
2018-07-12,1-5月全国动力电池实现装机总电量12.67GWh，动力电池产业的狂欢,1-5月全国动力电池实现装机总电量12.67GWh，动力电池产业的狂欢
2018-07-12,[看好评级]新能源乘用车行业点评报告：新国补首月 结构优化 换道增长,[看好评级]新能源乘用车行业点评报告：新国补首月 结构优化 换道增长
2018-07-12,比亚迪1-6月新能源车销量公布 同比增106%,比亚迪1-6月新能源车销量公布 同比增106%
2018-07-13,致比亚迪：我从未见过有如此厚颜无耻之人！,致比亚迪：我从未见过有如此厚颜无耻之人！
2018-07-13,供应商回怼比亚迪：人BY脸，天下无D！,供应商回怼比亚迪：人BY脸，天下无D！
2018-07-13,一线|阿森纳就比亚迪“广告门”发声，称正调查事件现况,一线|阿森纳就比亚迪“广告门”发声，称正调查事件现况
2018-07-13,比亚迪与广告公司掐架 官微已无与阿森纳合作信息,比亚迪与广告公司掐架 官微已无与阿森纳合作信息
2018-07-13,比亚迪因“老赖”被广告公司发文怒怼？代理商欠款11亿冲突事件再升级,比亚迪因“老赖”被广告公司发文怒怼？代理商欠款11亿冲突事件再升级
2018-07-13,比亚迪被广告公司手撕，到底怎么回事？,比亚迪被广告公司手撕，到底怎么回事？
2018-07-13,用科技创新 比亚迪DiLink系统成汽车最强智能大脑,用科技创新 比亚迪DiLink系统成汽车最强智能大脑
2018-07-13,广告商回应比亚迪声明：自己打脸 令国产品牌蒙羞,广告商回应比亚迪声明：自己打脸 令国产品牌蒙羞
2018-07-13,25家比亚迪的供应商被骗近11亿元 比亚迪能撇清吗？,25家比亚迪的供应商被骗近11亿元 比亚迪能撇清吗？
2018-07-13,6月新能源销7.2万辆 插混持续走强成焦点,6月新能源销7.2万辆 插混持续走强成焦点
2018-07-13,新能源汽车电池回收 市场巨大却面临难题,新能源汽车电池回收 市场巨大却面临难题
2018-07-13,[强于大市评级]稀有金属行业点评：钴价继续大涨 强有力的补库存周期即将开启,[强于大市评级]稀有金属行业点评：钴价继续大涨 强有力的补库存周期即将开启
2018-07-13,汽车产业日报：三元锂电池前景向好,汽车产业日报：三元锂电池前景向好
2018-07-13,"中国动力电池企业实力迅速增强,宁德时代在德国设厂提升竞争力","中国动力电池企业实力迅速增强,宁德时代在德国设厂提升竞争力"
2018-07-14,阿森纳就比亚迪“广告门”发声，称正调查事件现况,阿森纳就比亚迪“广告门”发声，称正调查事件现况
2018-07-14,获默克尔点赞股价却下跌，宁德时代怎么了？,获默克尔点赞股价却下跌，宁德时代怎么了？
2018-07-14,比亚迪合同诈骗案供应商亲述：李娟是因为1200万元的房子进去的,比亚迪合同诈骗案供应商亲述：李娟是因为1200万元的房子进去的
2018-07-15,冒名比亚迪高管诈骗疑点重重 广告商垫款潜规则显露,冒名比亚迪高管诈骗疑点重重 广告商垫款潜规则显露
2018-07-15,“比亚迪”亿级广告诈骗奇案：神秘中间人李娟和她的隐秘上线,“比亚迪”亿级广告诈骗奇案：神秘中间人李娟和她的隐秘上线
2018-07-15,比亚迪身陷巨额合同诈骗案 谁在说谎？,比亚迪身陷巨额合同诈骗案 谁在说谎？
2018-07-15,因1200万自首，李娟揭开迷雾重重的比亚迪广告门,因1200万自首，李娟揭开迷雾重重的比亚迪广告门
2018-07-15,【方正电新·周报】产销拐点显现，龙头标杆助推消费崛起,【方正电新·周报】产销拐点显现，龙头标杆助推消费崛起
2018-07-16,一线|比亚迪广告门供应商竞智广告：和比亚迪已签署17份合同,一线|比亚迪广告门供应商竞智广告：和比亚迪已签署17份合同
2018-07-16,【一周微评】宁德时代VS比亚迪 必将迎来一战,【一周微评】宁德时代VS比亚迪 必将迎来一战
2018-07-16,漫画|比亚迪年产24GWh的工厂有什么牛X之处？,漫画|比亚迪年产24GWh的工厂有什么牛X之处？
2018-07-16,多公司发布午间重要公告 午后走势或将反转,多公司发布午间重要公告 午后走势或将反转
2018-07-16,比亚迪发公告回应“李娟事件”：非比亚迪员工 合同所用印章系伪造,比亚迪发公告回应“李娟事件”：非比亚迪员工 合同所用印章系伪造
2018-07-16,业绩预告来袭 谁将是最出彩的汽车股？,业绩预告来袭 谁将是最出彩的汽车股？
2018-07-16,比亚迪2017年广告花费11.75亿 占营收比低于平均水平,比亚迪2017年广告花费11.75亿 占营收比低于平均水平
2018-07-16,尺寸远超比亚迪宋MAX！汉腾首款MPV年内上市,尺寸远超比亚迪宋MAX！汉腾首款MPV年内上市
2018-07-16,比亚迪要如何追赶“开挂”的宁德时代？,比亚迪要如何追赶“开挂”的宁德时代？
2018-07-16,受“天价广告诈骗”事件影响 比亚迪A股港股双下跌,受“天价广告诈骗”事件影响 比亚迪A股港股双下跌
2018-07-16,十点一线：比亚迪“广告门” 真真假假谁在说谎？,十点一线：比亚迪“广告门” 真真假假谁在说谎？
2018-07-16,科达利：宁德时代、比亚迪、广汽等为公司客户,科达利：宁德时代、比亚迪、广汽等为公司客户
2018-07-16,新能源汽车销量涨势喜人 比亚迪/北汽新能源谁能成为新科冠军？,新能源汽车销量涨势喜人 比亚迪/北汽新能源谁能成为新科冠军？
2018-07-16,比亚迪广告牵出财报疑云 财务数据失真盈利或被高估,比亚迪广告牵出财报疑云 财务数据失真盈利或被高估
2018-07-16,今日资金抢入六只强势股一览（2018年7月16日）,今日资金抢入六只强势股一览（2018年7月16日）
2018-07-16,总结比亚迪“李娟门”中的判断和疑问：内部腐败造成的损失无法估量,总结比亚迪“李娟门”中的判断和疑问：内部腐败造成的损失无法估量
2018-07-16,李娟双重员工身份遭否认 比亚迪称愿与广告公司商讨解决方案,李娟双重员工身份遭否认 比亚迪称愿与广告公司商讨解决方案
2018-07-16,比亚迪亿级广告诈骗：“双面人”李娟到底是谁？,比亚迪亿级广告诈骗：“双面人”李娟到底是谁？
2018-07-16,比亚迪亿级广告诈骗案刷屏:双面李娟和她背后的大佬,比亚迪亿级广告诈骗案刷屏:双面李娟和她背后的大佬
2018-07-16,整车厂与电池厂商合资合作成未来趋势,整车厂与电池厂商合资合作成未来趋势
2018-07-16,冒名比亚迪高管作骗 疑点重重 广告商垫款潜规则浮出水面,冒名比亚迪高管作骗 疑点重重 广告商垫款潜规则浮出水面
2018-07-16,钟观 | “马太效应”下，自主品牌正走向两极分化！,钟观 | “马太效应”下，自主品牌正走向两极分化！
2018-07-16,比亚迪：李娟及网传的“陈振宇”非在职或离职员工 公司已报案,比亚迪：李娟及网传的“陈振宇”非在职或离职员工 公司已报案
2018-07-16,比亚迪：比亚迪及子公司印章并未出借给李娟或遗失,比亚迪：比亚迪及子公司印章并未出借给李娟或遗失
2018-07-16,早间公告：长生生物对有效期内所有批次冻干人用狂犬病疫苗全部实施召回,早间公告：长生生物对有效期内所有批次冻干人用狂犬病疫苗全部实施召回
2018-07-16,"电气设备行业:特斯拉“落户”上海,一线动力电池厂商订单饱满","电气设备行业:特斯拉“落户”上海,一线动力电池厂商订单饱满"
2018-07-16,比亚迪再谈广告诈骗奇案：李娟非公司员工，比亚迪也是受害方,比亚迪再谈广告诈骗奇案：李娟非公司员工，比亚迪也是受害方
2018-07-16,比亚迪:李娟冒用比亚迪员工身份 被警方采取强制措施,比亚迪:李娟冒用比亚迪员工身份 被警方采取强制措施
2018-07-16,比亚迪称部分媒体报道不实 股价低开2.5%,比亚迪称部分媒体报道不实 股价低开2.5%
2018-07-16,合格证数量持续增长，6月锂电池装车6.6万台达290万度,合格证数量持续增长，6月锂电池装车6.6万台达290万度
2018-07-16,比亚迪股份一度跌逾5%，为4月30日以来最大单日跌幅,比亚迪股份一度跌逾5%，为4月30日以来最大单日跌幅
2018-07-16,7月16日早间公告:比亚迪澄清称李娟非比亚迪在职或离职员工,7月16日早间公告:比亚迪澄清称李娟非比亚迪在职或离职员工
2018-07-16,“双面”李娟被抓！比亚迪身陷巨额合同诈骗案 引爆广告圈,“双面”李娟被抓！比亚迪身陷巨额合同诈骗案 引爆广告圈
2018-07-16,7月16日早间公告集锦,7月16日早间公告集锦
2018-07-17,宁德时代获华晨宝马8亿元电池产能建设项目订单,宁德时代获华晨宝马8亿元电池产能建设项目订单
2018-07-17,补贴退坡让新能源汽车行业闪了几下腰 多家公司上半年净利润预降,补贴退坡让新能源汽车行业闪了几下腰 多家公司上半年净利润预降
2018-07-17,是真是假，且看“比亚迪广告门”局中局,是真是假，且看“比亚迪广告门”局中局
2018-07-17,贾跃亭PPT造车被吐槽，李彦宏：百度是真造车,贾跃亭PPT造车被吐槽，李彦宏：百度是真造车
2018-07-17,【东吴电新】电动车点评：6 月电动车结构优化，全球电动化取得实质 性进展，反转正当时,【东吴电新】电动车点评：6 月电动车结构优化，全球电动化取得实质 性进展，反转正当时
2018-07-17,"比亚迪A股H股双下跌 ""诈骗案""广告商被曝赴总部协商","比亚迪A股H股双下跌 ""诈骗案""广告商被曝赴总部协商"
2018-07-17,比亚迪“广告门”局中局：背后利益链条揭秘 谁是神秘幕后人？,比亚迪“广告门”局中局：背后利益链条揭秘 谁是神秘幕后人？
2018-07-17,比亚迪“广告门”涉事广告商将赴深圳总部协商,比亚迪“广告门”涉事广告商将赴深圳总部协商
2018-07-17,比亚迪开盘跌1.11% 此前被曝陷“天价广告诈骗案”,比亚迪开盘跌1.11% 此前被曝陷“天价广告诈骗案”
2018-07-17,欣锐科技：与比亚迪有项目合作,欣锐科技：与比亚迪有项目合作
2018-07-17,[领先大市-A评级]工业机器人行业深度分析：*智造升级趋势已立 国产工业机器人乘风破浪,[领先大市-A评级]工业机器人行业深度分析：*智造升级趋势已立 国产工业机器人乘风破浪
2018-07-17,比亚迪称有人签定虚假营销协议 英超阿森纳或成受害者,比亚迪称有人签定虚假营销协议 英超阿森纳或成受害者
2018-07-17,[看好评级]2018年6月乘用车市场终端价格监测月报,[看好评级]2018年6月乘用车市场终端价格监测月报
2018-07-17,新能源汽车行业周报:6月新能源汽车销售8.4万辆,新能源汽车行业周报:6月新能源汽车销售8.4万辆
2018-07-17,"电力设备与新能源行业点评:6月电动车结构优化,全球电动化取得实质性进展,反转正当时","电力设备与新能源行业点评:6月电动车结构优化,全球电动化取得实质性进展,反转正当时"
2018-07-17,"机械行业2018年周报7月第3期:第三方检测延续高成长趋势,半导体设备迎来历史发展机遇","机械行业2018年周报7月第3期:第三方检测延续高成长趋势,半导体设备迎来历史发展机遇"
2018-07-17,[增持评级]电力设备与新能源行业点评：6月单月装机电量2.86GWH 同比增加33% 纯电乘用车带电量大幅提升,[增持评级]电力设备与新能源行业点评：6月单月装机电量2.86GWH 同比增加33% 纯电乘用车带电量大幅提升
2018-07-17,上半年新能源车销量同比翻番 六股蓄势待发,上半年新能源车销量同比翻番 六股蓄势待发
2018-07-17,比亚迪陷入“广告门”,比亚迪陷入“广告门”
2018-07-17,南京金龙进前三 12米以上销量为何逆增长？6月新能源客车市场分析,南京金龙进前三 12米以上销量为何逆增长？6月新能源客车市场分析
2018-07-17,比亚迪亿级广告骗案：比亚迪愿谈解决方案，广告商无意追责李娟,比亚迪亿级广告骗案：比亚迪愿谈解决方案，广告商无意追责李娟
2018-07-17,年中谈|多方面调整空前剧烈，最近车企如此“折腾”为哪般？,年中谈|多方面调整空前剧烈，最近车企如此“折腾”为哪般？
2018-07-17,SUV篇：限购城市买插电混动好还是纯电动好？,SUV篇：限购城市买插电混动好还是纯电动好？
2018-07-17,十大最赚钱汽车企业出炉：上汽集团第一，吉利利润超百亿,十大最赚钱汽车企业出炉：上汽集团第一，吉利利润超百亿
2018-07-17,纯电动客车环比大降7成 同比跌2成 行业前三甲变局,纯电动客车环比大降7成 同比跌2成 行业前三甲变局
2018-07-18,比亚迪合同门:李娟公司因欠租搬走 办公室月租数十万,比亚迪合同门:李娟公司因欠租搬走 办公室月租数十万
2018-07-18,补贴退坡新能源汽车产业链效益大分化：整车下滑，中游艰难，上游资源风景独好,补贴退坡新能源汽车产业链效益大分化：整车下滑，中游艰难，上游资源风景独好
2018-07-18,汽车行业数据库,汽车行业数据库
2018-07-18,[推荐评级]绿色交通专题二：聚焦货运行业污染防治 绿色物流板块投资机遇凸显,[推荐评级]绿色交通专题二：聚焦货运行业污染防治 绿色物流板块投资机遇凸显
2018-07-18,越来越火，盘点近期上市的6款新能源车型,越来越火，盘点近期上市的6款新能源车型
2018-07-18,上半年销量 35 万台 插混车是拉动增速主力,上半年销量 35 万台 插混车是拉动增速主力
2018-07-18,电动车废旧电池行业将井喷 车企设法对其再利用,电动车废旧电池行业将井喷 车企设法对其再利用
2018-07-18,第一家自主品牌倒闭？曾经的销量黑马如今濒临停产,第一家自主品牌倒闭？曾经的销量黑马如今濒临停产
2018-07-18,深评：心脏之战 车企深入布局动力电池,深评：心脏之战 车企深入布局动力电池
2018-07-18,动力电池行业迎来新高峰 电机电控市场格局尚未明晰,动力电池行业迎来新高峰 电机电控市场格局尚未明晰
2018-07-19,【新时代机械郭泰团队】华工科技：实现能量激光全产业链布局，发力3C领域和新能源汽车传感器,【新时代机械郭泰团队】华工科技：实现能量激光全产业链布局，发力3C领域和新能源汽车传感器
2018-07-19,比亚迪(01211-HK)中标共55亿元广州纯电动客车招标项目,比亚迪(01211-HK)中标共55亿元广州纯电动客车招标项目
2018-07-19,或影响20日股价的重要公告（更新中）,或影响20日股价的重要公告（更新中）
2018-07-19,晚间重要公告2018年7月19日星期四,晚间重要公告2018年7月19日星期四
2018-07-19,2018上市新车销量成绩单：朗逸宝来表现优秀 传祺GA4刚及格,2018上市新车销量成绩单：朗逸宝来表现优秀 传祺GA4刚及格
2018-07-19,比亚迪：子公司中标逾55亿元纯电动客车项目,比亚迪：子公司中标逾55亿元纯电动客车项目
2018-07-19,比亚迪：合计中标55亿广州公交车招标项目,比亚迪：合计中标55亿广州公交车招标项目
2018-07-19,[增持评级]锂电设备行业点评：LG南京20亿美元动力电池项目落地 全球电动化趋势加速,[增持评级]锂电设备行业点评：LG南京20亿美元动力电池项目落地 全球电动化趋势加速
2018-07-19,[增持评级]电力设备与新能源行业点评：2018年上半年电池与车企配套情况,[增持评级]电力设备与新能源行业点评：2018年上半年电池与车企配套情况
2018-07-19,电动汽车补贴削减 动力电池行业面临重组,电动汽车补贴削减 动力电池行业面临重组
2018-07-19,比亚迪青海动力电池工厂投产,比亚迪青海动力电池工厂投产
2018-07-19,上半年销量吉利“镇场”自主品牌有个“好榜样”,上半年销量吉利“镇场”自主品牌有个“好榜样”
2018-07-19,证券研究院|“广告门”事件折射出比亚迪营销费用或被低估,证券研究院|“广告门”事件折射出比亚迪营销费用或被低估
2018-07-19,比亚迪11亿欺诈门主角陈振宇：失联还是被失联？,比亚迪11亿欺诈门主角陈振宇：失联还是被失联？
2018-07-19,全球5月新能源乘用车市场：市场份额达5%，北汽EC系列蝉联冠军,全球5月新能源乘用车市场：市场份额达5%，北汽EC系列蝉联冠军
2018-07-19,【高工快讯】宁德时代与广汽拟设动力电池合资公司,【高工快讯】宁德时代与广汽拟设动力电池合资公司
2018-07-19,北京备案小目录确定取消，新能源汽车监控平台上线,北京备案小目录确定取消，新能源汽车监控平台上线
2018-07-19,“双积分”交易正式启动 车企几家欢喜几家愁,“双积分”交易正式启动 车企几家欢喜几家愁
2018-07-19,从垂直整合到全面开放，比亚迪的逻辑是什么,从垂直整合到全面开放，比亚迪的逻辑是什么
2018-07-20,广汽牵手宁德时代！最近，电池厂商们有点火……| 中国汽车报,广汽牵手宁德时代！最近，电池厂商们有点火……| 中国汽车报
2018-07-20,【国泰君安国际策略速评】汽车行业：比亚迪(01211.HK)：中标广州52亿客车订单,【国泰君安国际策略速评】汽车行业：比亚迪(01211.HK)：中标广州52亿客车订单
2018-07-20,数说|微型轿车严重缩水 新能源市场或重新洗牌,数说|微型轿车严重缩水 新能源市场或重新洗牌
2018-07-20,插混优势将爆发 下半年新能源市场分析,插混优势将爆发 下半年新能源市场分析
2018-07-20,20日公告透露利好 10只个股有望爆发,20日公告透露利好 10只个股有望爆发
2018-07-20,从通用三电外包看LG和比亚迪的多元布局,从通用三电外包看LG和比亚迪的多元布局
2018-07-20,相似度高 缺乏亮点 7款主流纯电动汽车底盘解析,相似度高 缺乏亮点 7款主流纯电动汽车底盘解析
2018-07-20,不输造车新势力，传统自主车企上半年大事件汇总 | 年中盘点,不输造车新势力，传统自主车企上半年大事件汇总 | 年中盘点
2018-07-22,动力电池市场迎来大洗牌，下一个超级电池工厂会由谁来建造？,动力电池市场迎来大洗牌，下一个超级电池工厂会由谁来建造？
2018-07-23,新能源汽车产业链呈高景气度 核心技术提升推动普及加速,新能源汽车产业链呈高景气度 核心技术提升推动普及加速
2018-07-23,比亚迪与CMI将合作调试能源管理系统、开发储能项目,比亚迪与CMI将合作调试能源管理系统、开发储能项目
2018-07-23,红芯高婧：让每个人工作的第一件事就是打开红芯,红芯高婧：让每个人工作的第一件事就是打开红芯
2018-07-23,中国新能源客车6月上牌量排行：上牌总量10669辆，宇通、中通、比亚迪领先,中国新能源客车6月上牌量排行：上牌总量10669辆，宇通、中通、比亚迪领先
2018-07-23,上汽PK比亚迪，上半年国内插电式混合动力汽车市场盘点,上汽PK比亚迪，上半年国内插电式混合动力汽车市场盘点
2018-07-23,造车3.0时代 智能网联新能源就是一个多维度整合,造车3.0时代 智能网联新能源就是一个多维度整合
2018-07-23,[推荐评级]有色金属行业周报：海内外价差逐步修复 钴价有望再次上涨,[推荐评级]有色金属行业周报：海内外价差逐步修复 钴价有望再次上涨
2018-07-23,加拿大最大交通运营商采购比亚迪纯电动大巴,加拿大最大交通运营商采购比亚迪纯电动大巴
2018-07-23,[增持评级]汽车行业周报：广汽携手宁德时代 整车厂纷纷布局动力电池领域,[增持评级]汽车行业周报：广汽携手宁德时代 整车厂纷纷布局动力电池领域
2018-07-23,电池企业决赛2020年量产300wh/kg,电池企业决赛2020年量产300wh/kg
2018-07-23,中国2018年6月新能源乘用车分类销量排行榜,中国2018年6月新能源乘用车分类销量排行榜
2018-07-23,比亚迪局中局：隐藏在“广告门”背后的利益链条,比亚迪局中局：隐藏在“广告门”背后的利益链条
2018-07-23,开源证券新能源汽车行业周报,开源证券新能源汽车行业周报
2018-07-23,"汽车行业:宁德时代连下两城,电动车市场加速洗牌","汽车行业:宁德时代连下两城,电动车市场加速洗牌"
2018-07-23,四年后重返比亚迪，见证汽车电动智能新时代,四年后重返比亚迪，见证汽车电动智能新时代
2018-07-23,中国新能源汽车保有量达199万辆！这些新车值得你关注！,中国新能源汽车保有量达199万辆！这些新车值得你关注！
2018-07-23,车企中考榜单公布，有人欢喜有人忧,车企中考榜单公布，有人欢喜有人忧
2018-07-23,比亚迪汽车工程研究院获德国莱茵TUV认证,比亚迪汽车工程研究院获德国莱茵TUV认证
2018-07-23,【G20周刊】CATL获华晨宝马超8亿订单 BYD中标55亿广州公交项目,【G20周刊】CATL获华晨宝马超8亿订单 BYD中标55亿广州公交项目
2018-07-23,汽车及零部件行业动态：车市承压 广汽、华晨宝马牵手宁德时代,汽车及零部件行业动态：车市承压 广汽、华晨宝马牵手宁德时代
2018-07-24,比亚迪在瑞典斩获24台12米纯电动大巴订单,比亚迪在瑞典斩获24台12米纯电动大巴订单
2018-07-24,一线|独家对话比亚迪广告门事件神秘人陈振宇：我没有失联,一线|独家对话比亚迪广告门事件神秘人陈振宇：我没有失联
2018-07-24,“绿色革命”席卷北欧 比亚迪再获瑞典订单,“绿色革命”席卷北欧 比亚迪再获瑞典订单
2018-07-24,[超配评级]电气设备及新能源周报：动力电池市场逐步回暖 风电利用小时数持续超预期增长,[超配评级]电气设备及新能源周报：动力电池市场逐步回暖 风电利用小时数持续超预期增长
2018-07-24,[推荐评级]汽车服务行业周报：后SUV时代 重新定义产品,[推荐评级]汽车服务行业周报：后SUV时代 重新定义产品
2018-07-24,谁绊倒了比亚迪？净利润或猛降超7成 下半年压力巨大,谁绊倒了比亚迪？净利润或猛降超7成 下半年压力巨大
2018-07-24,【东吴电新】电动汽车行业点评：2018年上半年电池与车企配套情况,【东吴电新】电动汽车行业点评：2018年上半年电池与车企配套情况
2018-07-24,[看好评级]汽车行业周报：新产品周期优势凸显 轻量化板块走强,[看好评级]汽车行业周报：新产品周期优势凸显 轻量化板块走强
2018-07-24,PHEV市场销量翻倍增长 比亚迪荣威迎来劲敌,PHEV市场销量翻倍增长 比亚迪荣威迎来劲敌
2018-07-24,比亚迪 “DiLink系统”：未来的汽车不仅有躯壳，还有灵魂！,比亚迪 “DiLink系统”：未来的汽车不仅有躯壳，还有灵魂！
2018-07-24,[中性评级]新能源行业周报：地方政策陆续落地 旺季将临推升景气度,[中性评级]新能源行业周报：地方政策陆续落地 旺季将临推升景气度
2018-07-24,与车企联姻，动力电池前两强扩张步调一致,与车企联姻，动力电池前两强扩张步调一致
2018-07-24,辣评6月MPV销量：合资品牌罕见下滑 自主高端MPV崛起了？,辣评6月MPV销量：合资品牌罕见下滑 自主高端MPV崛起了？
2018-07-24,插电混车型增长迅速 2018上半年新能源汽车总销35万辆,插电混车型增长迅速 2018上半年新能源汽车总销35万辆
2018-07-24,比亚迪电动叉车从无到有、从有到强的演变,比亚迪电动叉车从无到有、从有到强的演变
2018-07-24,[强于大市评级]电气设备行业下半年度策略：不忘初心 守得云开,[强于大市评级]电气设备行业下半年度策略：不忘初心 守得云开
2018-07-24,自主车企五年三任擂主 战场逐渐往新能源车转移,自主车企五年三任擂主 战场逐渐往新能源车转移
2018-07-24,"电力设备与新能源行业周报:升级元年和旺季在即,电动车龙头成长行情发酵","电力设备与新能源行业周报:升级元年和旺季在即,电动车龙头成长行情发酵"
2018-07-24,"电力设备与新能源行业研究:整车与电池厂合作掀高潮,龙头优势继续扩大","电力设备与新能源行业研究:整车与电池厂合作掀高潮,龙头优势继续扩大"
2018-07-24,新能源汽车行业周报:我国新能源汽车保有量已达199万辆,新能源汽车行业周报:我国新能源汽车保有量已达199万辆
2018-07-24,国产新能源乘用车6月上牌数排行榜，北汽EC/江铃E200/比亚迪E5上牌量大幅下,国产新能源乘用车6月上牌数排行榜，北汽EC/江铃E200/比亚迪E5上牌量大幅下
2018-07-25,40亿成交 宁德时代首跌停创业板第一股未来怎么走？,40亿成交 宁德时代首跌停创业板第一股未来怎么走？
2018-07-25,零壹新金融日报：北京金融局要求网贷机构合规整改检查前披露相关信息；礼德财富老板失联引千人维权,零壹新金融日报：北京金融局要求网贷机构合规整改检查前披露相关信息；礼德财富老板失联引千人维权
2018-07-25,[谨慎推荐评级]汽车行业研究报告：新能源汽车需求端向好 龙头白马受益明显,[谨慎推荐评级]汽车行业研究报告：新能源汽车需求端向好 龙头白马受益明显
2018-07-25,最快一年、最慢七年，车企纷纷亮出“脱油”时间表,最快一年、最慢七年，车企纷纷亮出“脱油”时间表
2018-07-25,比亚迪电控最新技术进展：将加大IGBT模块研究力度,比亚迪电控最新技术进展：将加大IGBT模块研究力度
2018-07-25,5家锂电池企业入围中国500强 比亚迪动力占比最高,5家锂电池企业入围中国500强 比亚迪动力占比最高
2018-07-25,为何车企“钟爱”宁德时代？,为何车企“钟爱”宁德时代？
2018-07-25,汕头比亚迪二期 3D玻璃工厂试产,汕头比亚迪二期 3D玻璃工厂试产
2018-07-26,宁德时代布局国外市场，动力电池行业的深度较量才刚刚开始,宁德时代布局国外市场，动力电池行业的深度较量才刚刚开始
2018-07-26,[推荐评级]动力电池月度装机专题报告(电力设备与新能源行业)：6月补贴政策切换 高端化需求显现,[推荐评级]动力电池月度装机专题报告(电力设备与新能源行业)：6月补贴政策切换 高端化需求显现
2018-07-26,比亚迪广告门：如果污蔑我能帮你们要到钱，这锅我背,比亚迪广告门：如果污蔑我能帮你们要到钱，这锅我背
2018-07-26,交通部第一批运输车辆达标车型：41款纯电动客车达标，上汽大通燃料电池客车进入,交通部第一批运输车辆达标车型：41款纯电动客车达标，上汽大通燃料电池客车进入
2018-07-26,在补贴政策的冲击下，新能源市场现有格局将彻底改变,在补贴政策的冲击下，新能源市场现有格局将彻底改变
2018-07-26,20款全新纯电动车即将开卖！ 补贴最高可达近9万,20款全新纯电动车即将开卖！ 补贴最高可达近9万
2018-07-26,GGII：2018年H1国内新车装机量15.5GWh,GGII：2018年H1国内新车装机量15.5GWh
2018-07-26,《半年盘点系列》中国品牌车企销量解读,《半年盘点系列》中国品牌车企销量解读
2018-07-26,[中性评级]新能源车热管理系统之竞争格局分析(汽车与零部件行业)：国际技术领先 国内企业通过部件、客户抢占市场,[中性评级]新能源车热管理系统之竞争格局分析(汽车与零部件行业)：国际技术领先 国内企业通过部件、客户抢占市场
2018-07-26,国内电动汽车市场分析，看看究竟谁的销量最多？,国内电动汽车市场分析，看看究竟谁的销量最多？
2018-07-27,2018年7月27日新闻发布会,2018年7月27日新闻发布会
2018-07-27,宇通客车暂渡难关,宇通客车暂渡难关
2018-07-27,汽车与汽车零部件行业周报：新能源汽车全球占比高增长 中德汽车合作增加,汽车与汽车零部件行业周报：新能源汽车全球占比高增长 中德汽车合作增加
2018-07-27,深交所固收产品持续创新 助力绿色产业加速发展,深交所固收产品持续创新 助力绿色产业加速发展
2018-07-27,车企的坎： 50万、100万与1000万辆,车企的坎： 50万、100万与1000万辆
2018-07-27,重塑15万级SUV价值观 全新一代唐5大杀手锏能否横扫同级对手？,重塑15万级SUV价值观 全新一代唐5大杀手锏能否横扫同级对手？
2018-07-27,总投资13亿元的比亚迪3D玻璃项目进入试产阶段,总投资13亿元的比亚迪3D玻璃项目进入试产阶段
2018-07-27,一“名”惊人！这些不走寻常路的车型命名 究竟有何讲究？,一“名”惊人！这些不走寻常路的车型命名 究竟有何讲究？
2018-07-27,341个传感器开放 比亚迪唐的Dilink技术解析,341个传感器开放 比亚迪唐的Dilink技术解析
2018-07-29,2018年上半年新能源乘用车销量分析：纯电动仍是主力 插混增长迅猛,2018年上半年新能源乘用车销量分析：纯电动仍是主力 插混增长迅猛
2018-07-29,比亚迪：公司三元电池能量密度达160wh/kg 为国内最领先水平,比亚迪：公司三元电池能量密度达160wh/kg 为国内最领先水平
2018-07-29,数说|6月新能源汽车最大“黑马”竟然是它！,数说|6月新能源汽车最大“黑马”竟然是它！
2018-07-29,比亚迪：正积极配合警方调查广告门事件,比亚迪：正积极配合警方调查广告门事件
2018-07-29,6月新能源乘用车零售市场分析报告出炉：插电混动车份额提升至30%！,6月新能源乘用车零售市场分析报告出炉：插电混动车份额提升至30%！
2018-07-29,比亚迪：青海的动力电池厂预计2019年全部投产,比亚迪：青海的动力电池厂预计2019年全部投产
2018-07-29,智能汽车竞争系统为王，比亚迪Dilink领先在哪？,智能汽车竞争系统为王，比亚迪Dilink领先在哪？
2018-07-30,【行业现状】技术、资金跟不上就被踢出局！ 动力电池行业“马太效应”凸显,【行业现状】技术、资金跟不上就被踢出局！ 动力电池行业“马太效应”凸显
2018-07-30,比亚迪“广告门”： 李娟编织了一张扑朔迷离的网,比亚迪“广告门”： 李娟编织了一张扑朔迷离的网
2018-07-30,一月五单 宁德时代频繁签单仍要警惕业绩下滑,一月五单 宁德时代频繁签单仍要警惕业绩下滑
2018-07-30,告别三年强劲增长股价蒸发超40% 比亚迪掣肘模式困局,告别三年强劲增长股价蒸发超40% 比亚迪掣肘模式困局
2018-07-30,零跑汽车：电驱总成自研，电池包自研，自动驾驶自研,零跑汽车：电驱总成自研，电池包自研，自动驾驶自研
2018-07-30,"电力设备与新能源行业周报:电动车龙头继续看反转,风光龙头估值开始修复","电力设备与新能源行业周报:电动车龙头继续看反转,风光龙头估值开始修复"
2018-07-30,2017中国电池品牌排行榜:宁德时代超比亚迪,2017中国电池品牌排行榜:宁德时代超比亚迪
2018-07-30,供货CATL/BYD 这家上市公司锂电材料布局逻辑,供货CATL/BYD 这家上市公司锂电材料布局逻辑
2018-07-30,[互动]比亚迪：连续三年新能源汽车销量全球第一,[互动]比亚迪：连续三年新能源汽车销量全球第一
2018-07-30,动力电池行业发展现状报告：寡头格局已定,动力电池行业发展现状报告：寡头格局已定
2018-07-31,安达科技终止IPO背后： 最大客户比亚迪渐变竞争者,安达科技终止IPO背后： 最大客户比亚迪渐变竞争者
2018-07-31,比亚迪加入充电接口倡议CharIN 推进全球电动汽车充电系统标准化,比亚迪加入充电接口倡议CharIN 推进全球电动汽车充电系统标准化
2018-07-31,[领先大市-A评级]机械行业周报：聚焦业绩超预期 国常会定调积极助于设备需求延续,[领先大市-A评级]机械行业周报：聚焦业绩超预期 国常会定调积极助于设备需求延续
2018-07-31,[看好评级]新能源汽车行业点评：多地与中国铁塔将开展动力电池回收利用试点,[看好评级]新能源汽车行业点评：多地与中国铁塔将开展动力电池回收利用试点
2018-07-31,[超配评级]电气设备及新能源周报：配额制或将年内出台 动力电池市场逐步回暖但低于预期,[超配评级]电气设备及新能源周报：配额制或将年内出台 动力电池市场逐步回暖但低于预期
2018-07-31,上半年上市近20款新能源汽车，总有一款是你的菜！,上半年上市近20款新能源汽车，总有一款是你的菜！
2018-07-31,新能源去补贴第一刀落下,新能源去补贴第一刀落下
2018-07-31,[中性评级]新能源周报：回收等政策逐步完善 行业降成本仍是关键,[中性评级]新能源周报：回收等政策逐步完善 行业降成本仍是关键
2018-07-31,[看好评级]新能源汽车行业周报：工信部再提2020年新能源汽车产销200万辆目标,[看好评级]新能源汽车行业周报：工信部再提2020年新能源汽车产销200万辆目标
2018-07-31,沃特玛前车之鉴教训惨痛 中利集团百亿收购前景难料,沃特玛前车之鉴教训惨痛 中利集团百亿收购前景难料
2018-08-01,日韩企业欲再来 动力电池版图迎巨变？,日韩企业欲再来 动力电池版图迎巨变？
2018-08-01,谁说插电式混合动力只有丰田强？ P8 VS 唐DM 你一定要看看！,谁说插电式混合动力只有丰田强？ P8 VS 唐DM 你一定要看看！
2018-08-01,全球6月新能源乘用车销量排行：特斯拉第一，比亚迪第二，上汽荣威第三,全球6月新能源乘用车销量排行：特斯拉第一，比亚迪第二，上汽荣威第三
2018-08-01,推动充电标准化 比亚迪加入CharIN联盟,推动充电标准化 比亚迪加入CharIN联盟
2018-08-01,巴西政府官方宣布：比亚迪中标萨尔瓦多轨道交通项目，将建全球首条跨海云轨,巴西政府官方宣布：比亚迪中标萨尔瓦多轨道交通项目，将建全球首条跨海云轨
2018-08-01,车企半年考 晒晒成绩单,车企半年考 晒晒成绩单
2018-08-01,机械行业：聚焦四条投资主线,机械行业：聚焦四条投资主线
2018-08-01,[同步大市-A评级]汽车行业周报：2018H1新能源大中客市场回顾,[同步大市-A评级]汽车行业周报：2018H1新能源大中客市场回顾
2018-08-01,锂电材料及小金属周报：钴价企稳需要多强的“消费电子回暖”?,锂电材料及小金属周报：钴价企稳需要多强的“消费电子回暖”?
2018-08-01,燃油车、新能源齐头并进比亚迪刷爆朋友圈,燃油车、新能源齐头并进比亚迪刷爆朋友圈
2018-08-01,中大型SUV市场竞争加剧，全新一代唐如何“突围”？,中大型SUV市场竞争加剧，全新一代唐如何“突围”？
2018-08-01,新能源客车大幅增长 纯电动重卡始受追捧,新能源客车大幅增长 纯电动重卡始受追捧
2018-08-01,动力电池行业产能过剩 强者恒强局面逐渐加剧,动力电池行业产能过剩 强者恒强局面逐渐加剧
2018-08-02,杭州：2000余辆公交车已实现 比亚迪作出巨大贡献,杭州：2000余辆公交车已实现 比亚迪作出巨大贡献
2018-08-02,增速下滑这个坎，SUV能跃过吗？| 中国汽车报,增速下滑这个坎，SUV能跃过吗？| 中国汽车报
2018-08-02,7月大数据：SUV包揽各车型保值率前三,7月大数据：SUV包揽各车型保值率前三
2018-08-02,2018上半年全球电动车销量：比亚迪再次夺冠 特斯拉超北汽斩获银牌,2018上半年全球电动车销量：比亚迪再次夺冠 特斯拉超北汽斩获银牌
2018-08-02,内外设计大变革 新老比亚迪唐对比,内外设计大变革 新老比亚迪唐对比
2018-08-03,一路飙升的数字代表啥 盘点汽车尾标新套路,一路飙升的数字代表啥 盘点汽车尾标新套路
2018-08-03,合资品牌溢价虚高 全新一代唐引领SUV消费价值回归,合资品牌溢价虚高 全新一代唐引领SUV消费价值回归
2018-08-03,十款车型 2018年第2批新能源推广目录,十款车型 2018年第2批新能源推广目录
2018-08-03,第8批新能源推荐目录乘用车分析：广汽三菱/野马/比亚迪/俊风获1.32倍补贴,第8批新能源推荐目录乘用车分析：广汽三菱/野马/比亚迪/俊风获1.32倍补贴
2018-08-04,畅销之下引来同行“揭短”，全新一代唐热销背后还有这种操作,畅销之下引来同行“揭短”，全新一代唐热销背后还有这种操作
2018-08-04,插电混这么火究竟怎么选 要配置还是要动力你更看好谁？,插电混这么火究竟怎么选 要配置还是要动力你更看好谁？
2018-08-04,比亚迪业绩“变脸”背后,比亚迪业绩“变脸”背后
2018-08-05,比亚迪“广告门”牵出行业潜规则,比亚迪“广告门”牵出行业潜规则
2018-08-05,电气设备：风电向上趋势确立 荐5股,电气设备：风电向上趋势确立 荐5股
2018-08-06,比亚迪秦Pro有望9月底上市：龙脸惊艳、5.9秒破百,比亚迪秦Pro有望9月底上市：龙脸惊艳、5.9秒破百
2018-08-06,有望9月底上市 曝比亚迪秦Pro最新消息,有望9月底上市 曝比亚迪秦Pro最新消息
2018-08-06,"比亚迪7月销量达37,315辆 新能源车销量超出燃油车","比亚迪7月销量达37,315辆 新能源车销量超出燃油车"
2018-08-06,未来有望命名“燕”“夏”：比亚迪全新电动汽车专利图流出,未来有望命名“燕”“夏”：比亚迪全新电动汽车专利图流出
2018-08-06,C位出道，全新一代唐如何树立15万级SUV价值新标杆？,C位出道，全新一代唐如何树立15万级SUV价值新标杆？
2018-08-06,[公司]比亚迪前7月新能源汽车销量9.37万辆,[公司]比亚迪前7月新能源汽车销量9.37万辆
2018-08-06,比亚迪：7月新能源汽车销量18793辆,比亚迪：7月新能源汽车销量18793辆
2018-08-06,网友投稿 比亚迪高度伪装的神秘车型曝光,网友投稿 比亚迪高度伪装的神秘车型曝光
2018-08-06,比亚迪将在巴西建全球首条跨海云轨,比亚迪将在巴西建全球首条跨海云轨
2018-08-06,7月汽车销量快报：生逢淡季，降多增少，民企分化，国家队放缓，吉利已顶两个长城,7月汽车销量快报：生逢淡季，降多增少，民企分化，国家队放缓，吉利已顶两个长城
2018-08-07,比亚迪新款宋8月31日正式上市 续航预超500公里,比亚迪新款宋8月31日正式上市 续航预超500公里
2018-08-07,钉子户变身独角兽！股改“盛宴”还有一席,钉子户变身独角兽！股改“盛宴”还有一席
2018-08-07,新能源客车6月产量排行：宇通比亚迪中通包揽前三,新能源客车6月产量排行：宇通比亚迪中通包揽前三
2018-08-07,动力电池6月装机量2.9GWh，宁德时代继续领跑,动力电池6月装机量2.9GWh，宁德时代继续领跑
2018-08-07,用“芯”创未来，我是比亚迪5吨平衡重叉车,用“芯”创未来，我是比亚迪5吨平衡重叉车
2018-08-07,比亚迪：销量保持高增速 看好唐下半年放量,比亚迪：销量保持高增速 看好唐下半年放量
2018-08-07,比亚迪7月销量达3.73万辆,比亚迪7月销量达3.73万辆
2018-08-07,解析第8批《推荐车型目录》：坚定看好销量爆发,解析第8批《推荐车型目录》：坚定看好销量爆发
2018-08-07,【比亚迪（002594、01211.HK）】电动销量显著向好，业绩边际改善可期,【比亚迪（002594、01211.HK）】电动销量显著向好，业绩边际改善可期
2018-08-07,【中金汽车】比亚迪：7月新能源乘用车逆势增长，三季度或将迎来拐点,【中金汽车】比亚迪：7月新能源乘用车逆势增长，三季度或将迎来拐点
2018-08-07,7月汽车销量数据 | 吉利博越跌下2万 上汽乘用车大涨五成,7月汽车销量数据 | 吉利博越跌下2万 上汽乘用车大涨五成
2018-08-07,比亚迪全新电动车专利图曝光 或将命名为“燕”“夏”,比亚迪全新电动车专利图曝光 或将命名为“燕”“夏”
2018-08-07,比亚迪：新能源龙头地位难以撼动，燃油车蓄势待发【安信汽车】,比亚迪：新能源龙头地位难以撼动，燃油车蓄势待发【安信汽车】
2018-08-07,"汽车行业周报2018第21期:龙头企业销售势头良好,18年第八批新能源车推广目录公布","汽车行业周报2018第21期:龙头企业销售势头良好,18年第八批新能源车推广目录公布"
2018-08-08,比亚迪子公司使用6.2亿元闲置募集金补充流动资金 支持青海锂电池项目,比亚迪子公司使用6.2亿元闲置募集金补充流动资金 支持青海锂电池项目
2018-08-08,富瀚微发布首款汽车前装芯片 已在比亚迪唐二代上量产,富瀚微发布首款汽车前装芯片 已在比亚迪唐二代上量产
2018-08-08,比亚迪：全新一代唐和元EV360很受市场欢迎，订单数很充足,比亚迪：全新一代唐和元EV360很受市场欢迎，订单数很充足
2018-08-08,长城、比亚迪未能幸免！中金公司密集下调汽车股估值,长城、比亚迪未能幸免！中金公司密集下调汽车股估值
2018-08-08,新能源乘用车6月产量排行：北汽新能源跌出前三，A00级车优势消退,新能源乘用车6月产量排行：北汽新能源跌出前三，A00级车优势消退
2018-08-08,比亚迪7月销量增3成 宋MAX成10万级MPV九冠王,比亚迪7月销量增3成 宋MAX成10万级MPV九冠王
2018-08-08,比亚迪宋将于8月31日上市 换装家族式设计/推三种动力车型,比亚迪宋将于8月31日上市 换装家族式设计/推三种动力车型
2018-08-08,中国6月新能源车电机装机量近7万台，比亚迪/联合电子/巨一包揽前三,中国6月新能源车电机装机量近7万台，比亚迪/联合电子/巨一包揽前三
2018-08-08,"比亚迪:新能源汽车销量持续高增长,业绩恢复可期","比亚迪:新能源汽车销量持续高增长,业绩恢复可期"
2018-08-08,比亚迪全新电动汽车专利图 或为E-SEED量产车,比亚迪全新电动汽车专利图 或为E-SEED量产车
2018-08-09,比亚迪年报推10派1.41元 股权登记8月16日,比亚迪年报推10派1.41元 股权登记8月16日
2018-08-09,富瀚微首款车规级ISP芯片已在唐2代中出现量产,富瀚微首款车规级ISP芯片已在唐2代中出现量产
2018-08-09,比亚迪唐在毛豆新车网独家首发 首月月销进前三表现惊艳,比亚迪唐在毛豆新车网独家首发 首月月销进前三表现惊艳
2018-08-09,几家欢喜几家愁，7月自主品牌销量出炉,几家欢喜几家愁，7月自主品牌销量出炉
2018-08-09,7月踏“火”行歌再引吭 大众下半年开局破30万,7月踏“火”行歌再引吭 大众下半年开局破30万
2018-08-09,[中性评级]新能源行业周报：价格有望企稳反弹 行业全球共振发展,[中性评级]新能源行业周报：价格有望企稳反弹 行业全球共振发展
2018-08-10,借壳上市 北汽新能源能否撑起千亿估值,借壳上市 北汽新能源能否撑起千亿估值
2018-08-10,加拿大经济最发达的4个省，有3个选择比亚迪,加拿大经济最发达的4个省，有3个选择比亚迪
2018-08-10,盘点|新能源品牌高端角力 自主车企如何排兵布阵？,盘点|新能源品牌高端角力 自主车企如何排兵布阵？
2018-08-10,【光大证券 | 新能源汽车】7月新能源汽车销量8.4万辆，同比+47.7%——跨市场新能源汽车行业观察之七,【光大证券 | 新能源汽车】7月新能源汽车销量8.4万辆，同比+47.7%——跨市场新能源汽车行业观察之七
2018-08-10,港股异动︱ 比亚迪(01211)派末期息 股价反弹5%,港股异动︱ 比亚迪(01211)派末期息 股价反弹5%
2018-08-10,7月新能源乘用车销售7.1万台 同比增长7成,7月新能源乘用车销售7.1万台 同比增长7成
2018-08-10,比亚迪 “DiLink系统”：未来的汽车不仅有躯壳，还有灵魂！,比亚迪 “DiLink系统”：未来的汽车不仅有躯壳，还有灵魂！
2018-08-10,比亚迪与先进半导体合作 现升3%,比亚迪与先进半导体合作 现升3%
2018-08-10,国产新能源汽车品质排行榜，金彭新能源实力领跑,国产新能源汽车品质排行榜，金彭新能源实力领跑
2018-08-10,乘联会：7月新能源乘用车销售7.1万辆，比亚迪包揽纯电插混双料冠军,乘联会：7月新能源乘用车销售7.1万辆，比亚迪包揽纯电插混双料冠军
2018-08-10,它们从动力电池领域走向汽车制造,它们从动力电池领域走向汽车制造
2018-08-10,重卡市场主力军！解放、重汽、红岩等5款智能渣土车大PK！,重卡市场主力军！解放、重汽、红岩等5款智能渣土车大PK！
2018-08-10,6月动力电池装机量增一成,6月动力电池装机量增一成
2018-08-10,比亚迪与长安汽车签署战略合作协议,比亚迪与长安汽车签署战略合作协议
2018-08-12,电气设备：电动车7月销量符合预期 荐5股,电气设备：电动车7月销量符合预期 荐5股
2018-08-12,一周热点 | 中汽协7月新能源车销售增47.7%;京新能源指标申请近36万;苹果汽车月底小批量送样,一周热点 | 中汽协7月新能源车销售增47.7%;京新能源指标申请近36万;苹果汽车月底小批量送样
2018-08-12,比亚迪7月份销量：新能源车首超燃油车,比亚迪7月份销量：新能源车首超燃油车
2018-08-13,新能源汽车行业周报:7月新能源汽车销量同比增加47%,新能源汽车行业周报:7月新能源汽车销量同比增加47%
2018-08-13,深港通十大成交活跃股排名（8月13日）,深港通十大成交活跃股排名（8月13日）
2018-08-13,汽车：补贴换挡后趋势平稳 荐6股,汽车：补贴换挡后趋势平稳 荐6股
2018-08-13,电气设备：7月电动乘用车销量7.1万辆 荐14股,电气设备：7月电动乘用车销量7.1万辆 荐14股
2018-08-13,2018年前7月新能源汽车累计销售49.6万辆 同比增长97.1%,2018年前7月新能源汽车累计销售49.6万辆 同比增长97.1%
2018-08-13,比亚迪广告门背后:海外工厂被指拿走纳税人大笔钱财,比亚迪广告门背后:海外工厂被指拿走纳税人大笔钱财
2018-08-13,比亚迪新能源车销量破纪录 焦点问题需注意,比亚迪新能源车销量破纪录 焦点问题需注意
2018-08-13,下一个停产燃油车的会不会是比亚迪？,下一个停产燃油车的会不会是比亚迪？
2018-08-13,【G20周刊】星源材质上半年净利1.53亿 同比增长115%,【G20周刊】星源材质上半年净利1.53亿 同比增长115%
2018-08-13,AESC的漫漫中国路,AESC的漫漫中国路
2018-08-13,比亚迪强势大涨,比亚迪强势大涨
2018-08-13,[买入评级]电力设备与新能源行业研究周报：十三五电力规划启动调整 造车新势力开始放量,[买入评级]电力设备与新能源行业研究周报：十三五电力规划启动调整 造车新势力开始放量
2018-08-14,比亚迪联手百度破局 汽车行业首次“软硬兼施”能带来什么？,比亚迪联手百度破局 汽车行业首次“软硬兼施”能带来什么？
2018-08-14,【东吴电新】7月电动乘用车销量7.1万辆，结构持续优化,【东吴电新】7月电动乘用车销量7.1万辆，结构持续优化
2018-08-14,7月汽车销量排行榜 | 汽油车销量持续走低 新能源市场风景独好,7月汽车销量排行榜 | 汽油车销量持续走低 新能源市场风景独好
2018-08-14,7月动力电池装机量解读：宁德时代、比亚迪地位无可撼动,7月动力电池装机量解读：宁德时代、比亚迪地位无可撼动
2018-08-14,汽车：关注龙头车企及配套 荐6股,汽车：关注龙头车企及配套 荐6股
2018-08-14,【一周数据】星源材质H1净利1.53亿 比亚迪储能出货量近600MWh,【一周数据】星源材质H1净利1.53亿 比亚迪储能出货量近600MWh
2018-08-14,"跨市场新能源汽车周报(2018年第33期):7月新能源汽车销售8.4万辆,同比增长47.7%","跨市场新能源汽车周报(2018年第33期):7月新能源汽车销售8.4万辆,同比增长47.7%"
2018-08-14,18年7月新能源车销量出炉 市场平稳/插电混动车成重要支柱,18年7月新能源车销量出炉 市场平稳/插电混动车成重要支柱
2018-08-14,64股获券商买入评级 海源机械目标涨幅达130.65%,64股获券商买入评级 海源机械目标涨幅达130.65%
2018-08-14,7月汽车销量榜出炉 帕萨特销量大涨151%/宝骏510不复往日荣光,7月汽车销量榜出炉 帕萨特销量大涨151%/宝骏510不复往日荣光
2018-08-14,创新技术，助力全新一代唐成“经济适用型男”,创新技术，助力全新一代唐成“经济适用型男”
2018-08-15,比亚迪秦Pro 9月5日预售 家族式外观/翻转大屏幕,比亚迪秦Pro 9月5日预售 家族式外观/翻转大屏幕
2018-08-15,7月新能源汽车逆势增长，这几款车功不可没丨车业杂谈,7月新能源汽车逆势增长，这几款车功不可没丨车业杂谈
2018-08-15,[看好评级]汽车行业周报：车市走弱 关注龙头车企及配套,[看好评级]汽车行业周报：车市走弱 关注龙头车企及配套
2018-08-15,专访宇航股份董事长袁良：工业互联网的行业意义,专访宇航股份董事长袁良：工业互联网的行业意义
2018-08-15,[看好评级]新能源汽车行业点评：18年7月数据亮眼 调高全年新能源汽车产销预测,[看好评级]新能源汽车行业点评：18年7月数据亮眼 调高全年新能源汽车产销预测
2018-08-15,7月新能源销量同比激增67% 为何比亚迪的情况仍不乐观？,7月新能源销量同比激增67% 为何比亚迪的情况仍不乐观？
2018-08-15,【电新*曾朵红】7月电动乘用车销量7.1万辆，结构持续优化,【电新*曾朵红】7月电动乘用车销量7.1万辆，结构持续优化
2018-08-15,EV榜单 | 新能源乘用车7月销量排行：比亚迪、吉利表现优异,EV榜单 | 新能源乘用车7月销量排行：比亚迪、吉利表现优异
2018-08-15,EV调查 | 消费者喜欢谁家电动车？6成偏好传统车企，3成愿买新势力,EV调查 | 消费者喜欢谁家电动车？6成偏好传统车企，3成愿买新势力
2018-08-15,比亚迪夺冠 银隆升第二 7月新能源客车前10排名“大换血”,比亚迪夺冠 银隆升第二 7月新能源客车前10排名“大换血”
2018-08-15,比亚迪子公司再使用闲置资金补血 两家合计不超19亿,比亚迪子公司再使用闲置资金补血 两家合计不超19亿
2018-08-16,百余辆中国新能源汽车将在泰国投入运营,百余辆中国新能源汽车将在泰国投入运营
2018-08-16,7月新能源汽车市场分析：新政影响渐弱，比亚迪高居两榜之首，城市排名刷新,7月新能源汽车市场分析：新政影响渐弱，比亚迪高居两榜之首，城市排名刷新
2018-08-16,比亚迪完成泰国最大规模电动车交付 签1000台电动车合作协议,比亚迪完成泰国最大规模电动车交付 签1000台电动车合作协议
2018-08-16,换装家族“龙颜” 全新比亚迪宋将于8月底上市,换装家族“龙颜” 全新比亚迪宋将于8月底上市
2018-08-16,比亚迪宋8月30日开卖 动力/尺寸超博越 才卖7万,比亚迪宋8月30日开卖 动力/尺寸超博越 才卖7万
2018-08-16,新政发威 7月新能源客车继续向下俯冲,新政发威 7月新能源客车继续向下俯冲
2018-08-16,新款比亚迪宋官图发布 或本月30日上市,新款比亚迪宋官图发布 或本月30日上市
2018-08-16,上半年全球电动车市全扫描：中国继续领跑,上半年全球电动车市全扫描：中国继续领跑
2018-08-16,前7月客车销8.9万辆涨8% 宇通份额超30% 两匹黑马闯入,前7月客车销8.9万辆涨8% 宇通份额超30% 两匹黑马闯入
2018-08-16,浙商·电气新能源 |18年7月数据亮眼，调高全年新能源汽车产销预测,浙商·电气新能源 |18年7月数据亮眼，调高全年新能源汽车产销预测
2018-08-16,途观L PHEV接受预定 大众的攻坚战开始,途观L PHEV接受预定 大众的攻坚战开始
2018-08-17,用事实说实话 终于找到恒大投资FF的原因了！,用事实说实话 终于找到恒大投资FF的原因了！
2018-08-17,比亚迪全新宋EV500官图 配12.8英寸旋转屏,比亚迪全新宋EV500官图 配12.8英寸旋转屏
2018-08-17,2018比亚迪全球开发者大会缔造智联新高度,2018比亚迪全球开发者大会缔造智联新高度
2018-08-17,今日资金抢入六只强势股一览（2018年8月17日）,今日资金抢入六只强势股一览（2018年8月17日）
2018-08-17,专家诊股：大市氛围未见明显转向 比亚迪可适量建仓,专家诊股：大市氛围未见明显转向 比亚迪可适量建仓
2018-08-17,新能源月销首超燃油车 比亚迪销量同比增长,新能源月销首超燃油车 比亚迪销量同比增长
2018-08-17,比亚迪e6交付曼谷 欲加速布局海外市场,比亚迪e6交付曼谷 欲加速布局海外市场
2018-08-17,车圈：小鹏沦为车圈笑柄 法拉第未来语出惊人 这思路你跟得上吗,车圈：小鹏沦为车圈笑柄 法拉第未来语出惊人 这思路你跟得上吗
2018-08-17,[强于大市评级]电力设备行业专题报告：消费锂电三十年 赶日追韩启示录,[强于大市评级]电力设备行业专题报告：消费锂电三十年 赶日追韩启示录
2018-08-17,21款自主品牌新能源车型即将上市 SUV占半壁江山,21款自主品牌新能源车型即将上市 SUV占半壁江山
2018-08-17,智能网联哪家强？还得看比亚迪全新一代唐,智能网联哪家强？还得看比亚迪全新一代唐
2018-08-17,取代发动机的动力电池,取代发动机的动力电池
2018-08-18,781份中报逾七成报报喜 6概念股业绩良好底子硬,781份中报逾七成报报喜 6概念股业绩良好底子硬
2018-08-18,四款纯电动紧凑级轿车对比！ 综合性价比哪家强？,四款纯电动紧凑级轿车对比！ 综合性价比哪家强？
2018-08-18,新能源动力电池面临迭代 动力电池如何“以旧换新”？,新能源动力电池面临迭代 动力电池如何“以旧换新”？
2018-08-19,比亚迪电动车产量受电池产能掣肘 正在扩大电池产能,比亚迪电动车产量受电池产能掣肘 正在扩大电池产能
2018-08-19,王传福：上半年公司电动车供不应求，正在扩大电池产能,王传福：上半年公司电动车供不应求，正在扩大电池产能
2018-08-19,781份中报逾七成报报喜 4概念股业绩良好底子硬,781份中报逾七成报报喜 4概念股业绩良好底子硬
2018-08-19,电气设备：新能源车逻辑不改 荐5股,电气设备：新能源车逻辑不改 荐5股
2018-08-20,汽车：SUV市场未来增速放缓 荐2股,汽车：SUV市场未来增速放缓 荐2股
2018-08-20,[推荐评级]机械行业周报：江苏省激光制造项目列入PPP试点 7月动力电池装机同比增29%,[推荐评级]机械行业周报：江苏省激光制造项目列入PPP试点 7月动力电池装机同比增29%
2018-08-20,锂电材料及小金属周报：钴锂：部分“积极”边际变化出现,锂电材料及小金属周报：钴锂：部分“积极”边际变化出现
2018-08-20,汽车：《智能汽车创新发展战略》将出台 荐4股,汽车：《智能汽车创新发展战略》将出台 荐4股
2018-08-20,新闻∣比亚迪百台e6交付曼谷，签下千辆电动车订单,新闻∣比亚迪百台e6交付曼谷，签下千辆电动车订单
2018-08-20,新闻∣比亚迪与美国乔治亚州签署纯电动车采购合同,新闻∣比亚迪与美国乔治亚州签署纯电动车采购合同
2018-08-20,新能源车的动力电池回收是个伪风口,新能源车的动力电池回收是个伪风口
2018-08-20,港股异动︱比亚迪(01211)与泰方签署合作协议 涨逾6%,港股异动︱比亚迪(01211)与泰方签署合作协议 涨逾6%
2018-08-20,[领先大市-A评级]电力设备行业动态分析：三大主线日益明晰 新能源车逻辑不改,[领先大市-A评级]电力设备行业动态分析：三大主线日益明晰 新能源车逻辑不改
2018-08-20,[增持评级]电力设备新能源行业周报：电动车逐月回暖 全球风电需求提速,[增持评级]电力设备新能源行业周报：电动车逐月回暖 全球风电需求提速
2018-08-20,[增持评级]电气设备行业周报：继续看好风电龙头 新能源车静候凤凰涅槃,[增持评级]电气设备行业周报：继续看好风电龙头 新能源车静候凤凰涅槃
2018-08-20,潘谈会：王传福要造的房长啥样，潘石屹要造的车又长啥样？,潘谈会：王传福要造的房长啥样，潘石屹要造的车又长啥样？
2018-08-20,8月30日上市 比亚迪新款宋部分配置消息,8月30日上市 比亚迪新款宋部分配置消息
2018-08-20,[强于大市评级]汽车行业周报：中高端SUV表现较好 蔚来赴美提交IPO招股书,[强于大市评级]汽车行业周报：中高端SUV表现较好 蔚来赴美提交IPO招股书
2018-08-20,惠州：阔步抢占粤港澳大湾区新能源产业风口,惠州：阔步抢占粤港澳大湾区新能源产业风口
2018-08-20,采购、入股、合资建厂 车企牵手动力电池企业谋共赢,采购、入股、合资建厂 车企牵手动力电池企业谋共赢
2018-08-20,车企年中放榜高下立见,车企年中放榜高下立见
2018-08-20,蔚来被严重高估了,蔚来被严重高估了
2018-08-20,比亚迪官司赢索尼 从“负数”开始拓全球业务(高管访谈),比亚迪官司赢索尼 从“负数”开始拓全球业务(高管访谈)
2018-08-20,新能源汽车行业周报:工信部将建立乘用车双积分配置ID号,新能源汽车行业周报:工信部将建立乘用车双积分配置ID号
2018-08-20,践行电动全球化战略 比亚迪交付泰国101辆e6,践行电动全球化战略 比亚迪交付泰国101辆e6
2018-08-21,比亚迪研发的“汽车智慧大脑”究竟有多强大?,比亚迪研发的“汽车智慧大脑”究竟有多强大?
2018-08-21,[中性评级]新能源行业周报：高端产品突破中 低谷中蕴涵突破,[中性评级]新能源行业周报：高端产品突破中 低谷中蕴涵突破
2018-08-21,比亚迪电池缺货 月产2万辆电动车不够卖,比亚迪电池缺货 月产2万辆电动车不够卖
2018-08-21,王传福：比亚迪电池供不应求，唐规划月产1万辆都不够卖,王传福：比亚迪电池供不应求，唐规划月产1万辆都不够卖
2018-08-21,受宏观经济所累 比亚迪港股被持续做空,受宏观经济所累 比亚迪港股被持续做空
2018-08-21,比亚迪新一代电动汽车宋EV 500 月底发布：续航可达500公里,比亚迪新一代电动汽车宋EV 500 月底发布：续航可达500公里
2018-08-21,[超配评级]电气设备及新能源行业周报：风电向好趋势不变 电动车市场切换期平稳过渡,[超配评级]电气设备及新能源行业周报：风电向好趋势不变 电动车市场切换期平稳过渡
2018-08-21,如何评价王传福这个人？,如何评价王传福这个人？
2018-08-21,温雅峰：建全新能源二手车评估体系必主机厂主导和参与,温雅峰：建全新能源二手车评估体系必主机厂主导和参与
2018-08-21,因销量连续下滑 比亚迪华晨等空头头寸创新高 盈利能力下降,因销量连续下滑 比亚迪华晨等空头头寸创新高 盈利能力下降
2018-08-21,比亚迪4款新车上市 电动MPV 7座SUV 性能轿车,比亚迪4款新车上市 电动MPV 7座SUV 性能轿车
2018-08-21,【“新时代·新平台·新机遇”——“一带一路”大型网络主题活动】比亚迪“云轨”：城市治堵的中国方案,【“新时代·新平台·新机遇”——“一带一路”大型网络主题活动】比亚迪“云轨”：城市治堵的中国方案
2018-08-21,坚守初心，才能稳步“向新而行”,坚守初心，才能稳步“向新而行”
2018-08-21,蔚来估值高、eS8续航短？李斌不服气！,蔚来估值高、eS8续航短？李斌不服气！
2018-08-21,机械行业动态：基建项目落地有望提速 油气资本开支或将增加,机械行业动态：基建项目落地有望提速 油气资本开支或将增加
2018-08-21,"电气设备与新能源行业周报:电动乘用车销售向好,坚定看好龙头","电气设备与新能源行业周报:电动乘用车销售向好,坚定看好龙头"
2018-08-21,[增持评级]联讯汽车行业周报：蔚来赴美提交招股书 计划募资18亿美元,[增持评级]联讯汽车行业周报：蔚来赴美提交招股书 计划募资18亿美元
2018-08-22,短期盈利无望 车企为何涉足充电桩运营,短期盈利无望 车企为何涉足充电桩运营
2018-08-22,比亚迪AH背驰 中标意大利南部首个纯电动巴士项目,比亚迪AH背驰 中标意大利南部首个纯电动巴士项目
2018-08-22,比亚迪获意大利南部首个纯电动巴士招标项目,比亚迪获意大利南部首个纯电动巴士招标项目
2018-08-22,比亚迪市值缩水34% 多家车企港股市场被做空 连续下跌,比亚迪市值缩水34% 多家车企港股市场被做空 连续下跌
2018-08-22,新能源汽车销量大幅增长 比亚迪动力电池紧缺,新能源汽车销量大幅增长 比亚迪动力电池紧缺
2018-08-22,北汽产品大升级 5个月推出4款新车型 全面反击上汽乘用车,北汽产品大升级 5个月推出4款新车型 全面反击上汽乘用车
2018-08-22,2018成都国际车展 最具关注新能源车型盘点,2018成都国际车展 最具关注新能源车型盘点
2018-08-22,谁是插电混动之王？比亚迪第三代DM对比丰田THS-II,谁是插电混动之王？比亚迪第三代DM对比丰田THS-II
2018-08-22,潘石屹称造车太危险，比亚迪王传福却说智能汽车领域会出下个腾讯,潘石屹称造车太危险，比亚迪王传福却说智能汽车领域会出下个腾讯
2018-08-22,311批新车公示配套电池电机企业排行 宁德时代中车时代分居榜首,311批新车公示配套电池电机企业排行 宁德时代中车时代分居榜首
2018-08-22,红芯为何能拿到国企订单：没买它的浏览器，无关自主创新内核,红芯为何能拿到国企订单：没买它的浏览器，无关自主创新内核
2018-08-22,增科技配置/三种动力可选 新比亚迪宋将于8月30日上市,增科技配置/三种动力可选 新比亚迪宋将于8月30日上市
2018-08-22,一电排行榜 | 国产新能源乘用车7月上牌数：比亚迪获三项细分类冠军,一电排行榜 | 国产新能源乘用车7月上牌数：比亚迪获三项细分类冠军
2018-08-22,押注新能源车 长城能成功吗,押注新能源车 长城能成功吗
2018-08-22,合力泰员工持股计划被坑 暴跌之下无力“补仓”或将一无所有！,合力泰员工持股计划被坑 暴跌之下无力“补仓”或将一无所有！
2018-08-22,跨市场新能源汽车行业周报(2018年第34期):蔚来在美正式递交IPO招股书,跨市场新能源汽车行业周报(2018年第34期):蔚来在美正式递交IPO招股书
2018-08-22,[买入评级]汽车和汽车零部件行业研究：补贴退坡引发销量结构剧变 高续航高能量密度趋势促成新能源车热管理快速增长,[买入评级]汽车和汽车零部件行业研究：补贴退坡引发销量结构剧变 高续航高能量密度趋势促成新能源车热管理快速增长
2018-08-23,比亚迪新一代电动汽车宋EV 500全方位图赏,比亚迪新一代电动汽车宋EV 500全方位图赏
2018-08-23,比亚迪：签约伦敦首个大规模纯电动双层大巴订单,比亚迪：签约伦敦首个大规模纯电动双层大巴订单
2018-08-23,[推荐评级]汽车乘用车交强险数据点评(汽车行业)：7月份乘用车上险数166.3万辆 同比下滑6.4% 西部、北部地区需求下滑明显,[推荐评级]汽车乘用车交强险数据点评(汽车行业)：7月份乘用车上险数166.3万辆 同比下滑6.4% 西部、北部地区需求下滑明显
2018-08-23,成都车展开启自主“新能源”大战，能认“全”才是真资深！,成都车展开启自主“新能源”大战，能认“全”才是真资深！
2018-08-23,[推荐评级]2018年1-7月乘用车市场结构分析(汽车行业)：市场结构趋稳 市场份额提升成为关键 聚焦优势企业,[推荐评级]2018年1-7月乘用车市场结构分析(汽车行业)：市场结构趋稳 市场份额提升成为关键 聚焦优势企业
2018-08-23,续航达到多少能放心 盘点续航里程超过400km纯电动汽车,续航达到多少能放心 盘点续航里程超过400km纯电动汽车
2018-08-23,助力南意大利开启零排放时代 比亚迪纯电动巴士驶入西西里岛,助力南意大利开启零排放时代 比亚迪纯电动巴士驶入西西里岛
2018-08-23,红芯为何能拿到国企订单：它原本就不是浏览器生意,红芯为何能拿到国企订单：它原本就不是浏览器生意
2018-08-23,汽车行业周报18年32期:蔚来汽车向美国证监会递交了IPO招股书,汽车行业周报18年32期:蔚来汽车向美国证监会递交了IPO招股书
2018-08-23,全新CC领衔 10款新车成都车展前开卖-最低8万起,全新CC领衔 10款新车成都车展前开卖-最低8万起
2018-08-24,比亚迪推出“龙晶”车灯：A系车灯将与奔驰宝马同一级别,比亚迪推出“龙晶”车灯：A系车灯将与奔驰宝马同一级别
2018-08-24,宁德时代上半年净利下跌近半成，仅10.7亿，创业板市值第一股怎么了？ 盈利能力下降,宁德时代上半年净利下跌近半成，仅10.7亿，创业板市值第一股怎么了？ 盈利能力下降
2018-08-24,比亚迪：“云轨”后期维护成本也很低，节省1/3以上能耗,比亚迪：“云轨”后期维护成本也很低，节省1/3以上能耗
2018-08-24,璧山牵手比亚迪，投资100亿元建设动力电池生产项目！,璧山牵手比亚迪，投资100亿元建设动力电池生产项目！
2018-08-24,比亚迪：秦PRO插电式混合动力和燃油版本将于9月上市,比亚迪：秦PRO插电式混合动力和燃油版本将于9月上市
2018-08-24,比亚迪签下伦敦公交运营商37台纯电动双层大巴订单,比亚迪签下伦敦公交运营商37台纯电动双层大巴订单
2018-08-24,伦敦市场迎来“回头客”，比亚迪海外市场订单井喷,伦敦市场迎来“回头客”，比亚迪海外市场订单井喷
2018-08-24,北京新能源汽车7月上牌量分析，比亚迪表现强劲，准车主观望情绪较浓,北京新能源汽车7月上牌量分析，比亚迪表现强劲，准车主观望情绪较浓
2018-08-24,北上资金逆市“买买买” 六只个股彰显投资价值,北上资金逆市“买买买” 六只个股彰显投资价值
2018-08-24,出海记｜比亚迪纯电动巴士驶入西西里岛 助力开启零排放时代,出海记｜比亚迪纯电动巴士驶入西西里岛 助力开启零排放时代
2018-08-24,最大续航500km！ 比亚迪新纯电SUV卖20万贵吗,最大续航500km！ 比亚迪新纯电SUV卖20万贵吗
2018-08-25,高镍三元 这些动力电池厂商值得关注,高镍三元 这些动力电池厂商值得关注
2018-08-25,比亚迪拟在重庆建20GWh年产能电池项目,比亚迪拟在重庆建20GWh年产能电池项目
2018-08-25,发力变革下半场 比亚迪开放系统打造应用生态,发力变革下半场 比亚迪开放系统打造应用生态
2018-08-26,比亚迪新能源汽车7月销量1.88万辆，首次超过燃油车,比亚迪新能源汽车7月销量1.88万辆，首次超过燃油车
2018-08-26,比亚迪秦Pro将推出纯电版 最迟10月份正式上市,比亚迪秦Pro将推出纯电版 最迟10月份正式上市
2018-08-26,比亚迪拟在重庆建20GWh年产能电池项目,比亚迪拟在重庆建20GWh年产能电池项目
2018-08-26,比亚迪与璧山区政府合作 拟打造西南区域总部,比亚迪与璧山区政府合作 拟打造西南区域总部
2018-08-26,比亚迪全新一代宋EV500将于8月30日正式上市,比亚迪全新一代宋EV500将于8月30日正式上市
2018-08-27,【锂电设备】比亚迪投资100亿加码动力电池，全球锂电龙头扩产加速【东吴机械陈显帆】,【锂电设备】比亚迪投资100亿加码动力电池，全球锂电龙头扩产加速【东吴机械陈显帆】
2018-08-27,比亚迪秦Pro实车图曝光：搭载环抱式智能座舱,比亚迪秦Pro实车图曝光：搭载环抱式智能座舱
2018-08-27,共推出三种动力版本 比亚迪新款宋将于8月30日上市,共推出三种动力版本 比亚迪新款宋将于8月30日上市
2018-08-27,[推荐评级]机械设备行业周报：硅晶圆产能持续吃紧 轨道交通再掀建设潮,[推荐评级]机械设备行业周报：硅晶圆产能持续吃紧 轨道交通再掀建设潮
2018-08-27,“Wow”式服务将为比亚迪完成造车新时代的最后一块拼图？,“Wow”式服务将为比亚迪完成造车新时代的最后一块拼图？
2018-08-27,有色金属行业周报：积极变化续现，钴价逐步企稳,有色金属行业周报：积极变化续现，钴价逐步企稳
2018-08-27,汽车行业周报：多地政府发布新能源汽车推广规划,汽车行业周报：多地政府发布新能源汽车推广规划
2018-08-27,电动汽车7月点评：需求结构优化 景气持续回升,电动汽车7月点评：需求结构优化 景气持续回升
2018-08-27,比亚迪新款宋两款车预售12.00-17.00万,比亚迪新款宋两款车预售12.00-17.00万
2018-08-27,比亚迪与重庆签约 投资100亿建设动力电池,比亚迪与重庆签约 投资100亿建设动力电池
2018-08-27,动力电池巨头新一轮扩产开启 国产设备龙头显著受益,动力电池巨头新一轮扩产开启 国产设备龙头显著受益
2018-08-27,【G20周刊】比亚迪海外市场订单井喷,【G20周刊】比亚迪海外市场订单井喷
2018-08-27,上半年营收8亿元 科达利市场持续扩容,上半年营收8亿元 科达利市场持续扩容
2018-08-27,纯电动降44% 混合动力跌76% 7、8月的新能源客车压力山大,纯电动降44% 混合动力跌76% 7、8月的新能源客车压力山大
2018-08-27,李书福的阳谋,李书福的阳谋
2018-08-27,EV晨报 | 比亚迪新能源车7月销量首超燃油车；威马回应EX5自燃；特斯拉放弃私有化,EV晨报 | 比亚迪新能源车7月销量首超燃油车；威马回应EX5自燃；特斯拉放弃私有化
2018-08-27,成都车展即将开幕 吉利缤瑞/长城VV6等13款新车本周扎堆上市,成都车展即将开幕 吉利缤瑞/长城VV6等13款新车本周扎堆上市
2018-08-27,2018年7月新能源乘用车及客车产量分析： 乘用车同比增长52% 客车同比大跌,2018年7月新能源乘用车及客车产量分析： 乘用车同比增长52% 客车同比大跌
2018-08-28,比亚迪推“Dragon Beam” “中国灯厂”呼之欲出,比亚迪推“Dragon Beam” “中国灯厂”呼之欲出
2018-08-28,灵魂画手沃尔夫冈·艾格能为比亚迪“画龙点睛”吗？,灵魂画手沃尔夫冈·艾格能为比亚迪“画龙点睛”吗？
2018-08-28,[互动]科达利：为比亚迪供应锂电池精密结构件及汽车零部件,[互动]科达利：为比亚迪供应锂电池精密结构件及汽车零部件
2018-08-28,[推荐评级]电力设备与新能源行业周报：锂电巨头扩产加速 风电龙头成绩优异,[推荐评级]电力设备与新能源行业周报：锂电巨头扩产加速 风电龙头成绩优异
2018-08-28,锂电设备行业点评报告：比亚迪投资100亿加码动力电池，全球锂电龙头扩产加速,锂电设备行业点评报告：比亚迪投资100亿加码动力电池，全球锂电龙头扩产加速
2018-08-28,自主/豪华齐推新车 成都车展重磅“新能源”盘点,自主/豪华齐推新车 成都车展重磅“新能源”盘点
2018-08-28,国六不再可怕！这家车企在重卡市场打开电动化突破口,国六不再可怕！这家车企在重卡市场打开电动化突破口
2018-08-28,【一周数据】宁德时代H1净利9.1亿 比亚迪签20GWh电池项目,【一周数据】宁德时代H1净利9.1亿 比亚迪签20GWh电池项目
2018-08-28,动力电池7月装机量3.4GWh，宁德时代、比亚迪共占62%市场总额,动力电池7月装机量3.4GWh，宁德时代、比亚迪共占62%市场总额
2018-08-28,内饰首发 比亚迪秦Pro预售11万/18万起,内饰首发 比亚迪秦Pro预售11万/18万起
2018-08-28,用LED照亮未来之路 看比亚迪如何花样玩车灯,用LED照亮未来之路 看比亚迪如何花样玩车灯
2018-08-28,金九银十即将到来，车企准备了哪些新车来冲击销量？,金九银十即将到来，车企准备了哪些新车来冲击销量？
2018-08-28,【电气设备与新能源|太平洋证券】新能源车进出口表现强劲，风电龙头业绩提升兑现,【电气设备与新能源|太平洋证券】新能源车进出口表现强劲，风电龙头业绩提升兑现
2018-08-28,车载动力电池高镍减钴成趋势 技术门槛需一关关过,车载动力电池高镍减钴成趋势 技术门槛需一关关过
2018-08-29,比亚迪半年报：营收同比增长20% 净利润下降超70%,比亚迪半年报：营收同比增长20% 净利润下降超70%
2018-08-29,比亚迪中报AB面:暂未走出业绩困顿 新能源汽车超预期,比亚迪中报AB面:暂未走出业绩困顿 新能源汽车超预期
2018-08-29,比亚迪增收不增利 净利润落后吉利一大截,比亚迪增收不增利 净利润落后吉利一大截
2018-08-29,比亚迪上半年营收增幅达20.23% 加速动力电池开放步伐,比亚迪上半年营收增幅达20.23% 加速动力电池开放步伐
2018-08-29,公告精选：千山药机半年报遭两名董事投反对票；唐德影视披露，《巴清传》因主演风波面临停播风险,公告精选：千山药机半年报遭两名董事投反对票；唐德影视披露，《巴清传》因主演风波面临停播风险
2018-08-29,比亚迪半年报：新能源汽车营收占比34.84%,比亚迪半年报：新能源汽车营收占比34.84%
2018-08-29,比亚迪：补贴退坡致净利减72% 预计Q3将回升 政策恶化,比亚迪：补贴退坡致净利减72% 预计Q3将回升 政策恶化
2018-08-29,比亚迪公布2018年半年报：净利润4.79亿元人民币,比亚迪公布2018年半年报：净利润4.79亿元人民币
2018-08-29,新能源汽车营收占比达34.84% 王传福：汽车业务迎来新一轮成长周期,新能源汽车营收占比达34.84% 王传福：汽车业务迎来新一轮成长周期
2018-08-29,比亚迪上半年净利润4.79亿元 同比降逾七成,比亚迪上半年净利润4.79亿元 同比降逾七成
2018-08-29,比亚迪上半年实现净利润4.8亿元 同比下降72.19%,比亚迪上半年实现净利润4.8亿元 同比下降72.19%
2018-08-29,比亚迪打破泰国史上最大规模电动汽车交付记录,比亚迪打破泰国史上最大规模电动汽车交付记录
2018-08-29,以“中国龙”元素点亮车灯 比亚迪用技术研发赋能品牌塑造,以“中国龙”元素点亮车灯 比亚迪用技术研发赋能品牌塑造
2018-08-29,40年40人丨王传福开启“回忆杀”：不安分的年轻人，凭着一股子闯劲，抓住了改革开放的好时候,40年40人丨王传福开启“回忆杀”：不安分的年轻人，凭着一股子闯劲，抓住了改革开放的好时候
2018-08-29,推荐智联创酷型 比亚迪元EV360购车指南,推荐智联创酷型 比亚迪元EV360购车指南
2018-08-29,[中报]比亚迪上半年盈利4.79亿 同比下降72.19%,[中报]比亚迪上半年盈利4.79亿 同比下降72.19%
2018-08-29,画龙不忘点“晶”：比亚迪Dragon Beam龙晶车灯照亮“东方美”,画龙不忘点“晶”：比亚迪Dragon Beam龙晶车灯照亮“东方美”
2018-08-29,比亚迪全球开发者大会将于9月5日举办,比亚迪全球开发者大会将于9月5日举办
2018-08-29,比亚迪：上半年净利4.79亿元同比降72%，扣非后亏损6.7亿元,比亚迪：上半年净利4.79亿元同比降72%，扣非后亏损6.7亿元
2018-08-29,比亚迪：上半年盈利4.79亿 同比下滑72%,比亚迪：上半年盈利4.79亿 同比下滑72%
2018-08-29,2018成都车展探馆：新款比亚迪宋DM,2018成都车展探馆：新款比亚迪宋DM
2018-08-30,比亚迪半年报：营业额达521.63亿元 净利润同比下滑72.19% 盈利能力下降,比亚迪半年报：营业额达521.63亿元 净利润同比下滑72.19% 盈利能力下降
2018-08-30,比亚迪半年净利大幅下滑72.19%受补贴退坡影响 盈利能力下降,比亚迪半年净利大幅下滑72.19%受补贴退坡影响 盈利能力下降
2018-08-30,比亚迪全新一代宋EV正式开卖！售18.99万元起,比亚迪全新一代宋EV正式开卖！售18.99万元起
2018-08-30,全新一代宋燃油版正式开卖 售7.98万-11.98万元,全新一代宋燃油版正式开卖 售7.98万-11.98万元
2018-08-30,【招商汽车|中报点评】比亚迪：Q2业绩承压，三四季度或有超额收益机会,【招商汽车|中报点评】比亚迪：Q2业绩承压，三四季度或有超额收益机会
2018-08-30,【光大海外汽车】比亚迪（1211.HK）：新政过渡期调整已过，看好2H18E NEV回暖前景——2018年中期业绩点评,【光大海外汽车】比亚迪（1211.HK）：新政过渡期调整已过，看好2H18E NEV回暖前景——2018年中期业绩点评
2018-08-30,比亚迪：中报符合预期，Q3单季度盈利或迎反转【安信汽车】,比亚迪：中报符合预期，Q3单季度盈利或迎反转【安信汽车】
2018-08-30,比亚迪上半年收入增两成，研发费用加大成本,比亚迪上半年收入增两成，研发费用加大成本
2018-08-30,净利润暴降七成 比亚迪上半年财报发布 盈利能力下降,净利润暴降七成 比亚迪上半年财报发布 盈利能力下降
2018-08-30,新能源汽车补贴退坡，比亚迪上半年净利润缩水超70%,新能源汽车补贴退坡，比亚迪上半年净利润缩水超70%
2018-08-30,比亚迪半年度净利增下滑超7成,比亚迪半年度净利增下滑超7成
2018-08-30,"新能源汽车两巨头合体 迈出""开放共享""第一步","新能源汽车两巨头合体 迈出""开放共享""第一步"
2018-08-30,比亚迪预期下半年盈利提升 动力电池业务已“开放”,比亚迪预期下半年盈利提升 动力电池业务已“开放”
2018-08-30,【财通汽车】比亚迪(002594)：新产品周期助力Q3业绩开始大幅回暖,【财通汽车】比亚迪(002594)：新产品周期助力Q3业绩开始大幅回暖
2018-08-30,比亚迪深度报告：新能源迎接爆款，供应链战略开放,比亚迪深度报告：新能源迎接爆款，供应链战略开放
2018-08-30,比亚迪跌逾3%，上半年盈利4.79亿元同比下滑72%,比亚迪跌逾3%，上半年盈利4.79亿元同比下滑72%
2018-08-30,比亚迪王传福：汽车行业未来五年会出现两极分化 抓不住机会就被淘汰,比亚迪王传福：汽车行业未来五年会出现两极分化 抓不住机会就被淘汰
2018-08-30,【中金汽车】比亚迪：乘用车业务发力；业绩有望逐季改善,【中金汽车】比亚迪：乘用车业务发力；业绩有望逐季改善
2018-08-30,燃油、插混、纯电全都有 全新比亚迪宋今日上市,燃油、插混、纯电全都有 全新比亚迪宋今日上市
2018-08-30,国君固收 | 每日市场回顾 180829,国君固收 | 每日市场回顾 180829
2018-08-30,【盈警】比亚迪(01211-HK)预警首三季最多少赚54.15%,【盈警】比亚迪(01211-HK)预警首三季最多少赚54.15%
2018-08-30,储能丨国内储能市场持续升温 竞争日益激烈,储能丨国内储能市场持续升温 竞争日益激烈
2018-08-30,欠薪又裁员知豆汽车还能走多远？ 员工变动,欠薪又裁员知豆汽车还能走多远？ 员工变动
2018-08-30,自动挡预售12万起 比亚迪新款宋今上市,自动挡预售12万起 比亚迪新款宋今上市
2018-08-31,比亚迪发布半年报：客车业务逆势增长，全年要卖纯电动客车1.5万辆,比亚迪发布半年报：客车业务逆势增长，全年要卖纯电动客车1.5万辆
2018-08-31,比亚迪全新一代宋正式上市 售价7.98—21.99万元,比亚迪全新一代宋正式上市 售价7.98—21.99万元
2018-08-31,上半年营收同比增长19% 比亚迪多点布局进入发展快车道,上半年营收同比增长19% 比亚迪多点布局进入发展快车道
2018-08-31,新能源车市爆发期 合资车企欲演“黄雀在后”,新能源车市爆发期 合资车企欲演“黄雀在后”
2018-08-31,星源材质深度：电动汽车全球化浪潮之巅的隔膜领导者,星源材质深度：电动汽车全球化浪潮之巅的隔膜领导者
2018-08-31,7.98万起 比亚迪全新一代宋再成同级别价格屠夫？,7.98万起 比亚迪全新一代宋再成同级别价格屠夫？
2018-08-31,营收占比34.84% 比亚迪新能源发展超预期,营收占比34.84% 比亚迪新能源发展超预期
2018-08-31,【方正汽车】比亚迪(002594)公司财报点评报告：营收继续较快增长,【方正汽车】比亚迪(002594)公司财报点评报告：营收继续较快增长
2018-08-31,比亚迪全新一代宋DM/EV500正式上市 造型时尚、动力出色 你喜欢吗？,比亚迪全新一代宋DM/EV500正式上市 造型时尚、动力出色 你喜欢吗？
2018-08-31,售价7.98万—21.99万，比亚迪全新一代宋上市,售价7.98万—21.99万，比亚迪全新一代宋上市
2018-08-31,汽车新形势系列深度报告一：新能源乘用车，我主沉浮,汽车新形势系列深度报告一：新能源乘用车，我主沉浮
2018-08-31,比亚迪，请开始你的表演！,比亚迪，请开始你的表演！
2018-08-31,全新比亚迪宋家族正式上市 7.98万元起售,全新比亚迪宋家族正式上市 7.98万元起售
2018-08-31,新能源汽车产业链“蜕变”： 退补冲击车企业绩承压 中上游产业遭池鱼之殃,新能源汽车产业链“蜕变”： 退补冲击车企业绩承压 中上游产业遭池鱼之殃
2018-08-31,比亚迪计划推多款新能源车：预期下半年盈利将提升,比亚迪计划推多款新能源车：预期下半年盈利将提升
2018-08-31,隔膜行业深度之一：中锂VS恩捷，全面对比两大湿法隔膜企业！,隔膜行业深度之一：中锂VS恩捷，全面对比两大湿法隔膜企业！
2018-08-31,新能源汽车行业周报:天津提出2020年前将新增新能源汽车6万辆,新能源汽车行业周报:天津提出2020年前将新增新能源汽车6万辆
2018-08-31,【国泰君安国际策略速评】汽车行业：比亚迪(01211.HK)：新能源销量增长可观，看好利润率大幅提升,【国泰君安国际策略速评】汽车行业：比亚迪(01211.HK)：新能源销量增长可观，看好利润率大幅提升
2018-09-01,7月销量同比下滑22% MPV如何自救？,7月销量同比下滑22% MPV如何自救？
2018-09-01,新老车企齐发力 2018成都车展新能源车汇总,新老车企齐发力 2018成都车展新能源车汇总
2018-09-01,新能源汽车销量同比增长121% 比亚迪迎接新能源蓝海,新能源汽车销量同比增长121% 比亚迪迎接新能源蓝海
2018-09-01,车市寒冬下倒逼升级智能网联成车企竞争“香饽饽”,车市寒冬下倒逼升级智能网联成车企竞争“香饽饽”
2018-09-02,电气设备：重视龙头突围 荐4股,电气设备：重视龙头突围 荐4股
2018-09-02,机械制造：激光产业持续受到资金亲睐 荐10股,机械制造：激光产业持续受到资金亲睐 荐10股
2018-09-02,深市上市公司2018年上半年业绩继续保持较快增长,深市上市公司2018年上半年业绩继续保持较快增长
2018-09-03,16家上市车企半年报全披露两极分化加剧（名单）,16家上市车企半年报全披露两极分化加剧（名单）
2018-09-03,【财通汽车】2018年汽车行业中报点评：业绩增速放缓，龙头依旧强势,【财通汽车】2018年汽车行业中报点评：业绩增速放缓，龙头依旧强势
2018-09-03,新能源汽车闪耀成都车展，渐成车展主角,新能源汽车闪耀成都车展，渐成车展主角
2018-09-03,汽车：2018年中报业绩简述 荐3股,汽车：2018年中报业绩简述 荐3股
2018-09-03,4日机构强推买入六股成摇钱树,4日机构强推买入六股成摇钱树
2018-09-03,汽车：北汽新能源上市在即 荐5股,汽车：北汽新能源上市在即 荐5股
2018-09-03,近70家能源企业入围中国企业500强，协鑫集团连续3年位列新能源类榜首,近70家能源企业入围中国企业500强，协鑫集团连续3年位列新能源类榜首
2018-09-03,中国7月新能源车电机装机量超8万台，比亚迪/精进电动/联合电子排前三,中国7月新能源车电机装机量超8万台，比亚迪/精进电动/联合电子排前三
2018-09-03,【G20周刊】CATL配套广汽GE3 电芯单体217Wh/kg,【G20周刊】CATL配套广汽GE3 电芯单体217Wh/kg
2018-09-03,比亚迪中标伦敦双层纯电动大巴,比亚迪中标伦敦双层纯电动大巴
2018-09-03,7月新能源乘用车零售市场分析报告：A级车型市场份额达60%，回归领军地位,7月新能源乘用车零售市场分析报告：A级车型市场份额达60%，回归领军地位
2018-09-03,比亚迪掌门王传福搏命式创业路：再见铁饭碗,比亚迪掌门王传福搏命式创业路：再见铁饭碗
2018-09-03,上市公司发力自主研发，上半年研发投入逆势增逾两成,上市公司发力自主研发，上半年研发投入逆势增逾两成
2018-09-03,【锂电G20】比亚迪H1营收542亿 新能源车销量全球第一,【锂电G20】比亚迪H1营收542亿 新能源车销量全球第一
2018-09-04,锂电池产能三倍于需求、价格4年跌6成 国轩高科掉队,锂电池产能三倍于需求、价格4年跌6成 国轩高科掉队
2018-09-04,睿能科技：目前主要代理IC设计制造商的产品 拥有比亚迪、大疆创新等客户,睿能科技：目前主要代理IC设计制造商的产品 拥有比亚迪、大疆创新等客户
2018-09-04,深评：颠覆续航性能 解析固态电池前景,深评：颠覆续航性能 解析固态电池前景
2018-09-04,中非合作论坛峰会上，非洲记者最熟悉的中国汽车品牌竟然是它！| 中国汽车报,中非合作论坛峰会上，非洲记者最熟悉的中国汽车品牌竟然是它！| 中国汽车报
2018-09-04,燃油版自动挡或11万起售，秦Pro实力演绎“高颜值”,燃油版自动挡或11万起售，秦Pro实力演绎“高颜值”
2018-09-04,哪些企业撑起了业绩增长？——从上市公司半年报看经济发展新趋势,哪些企业撑起了业绩增长？——从上市公司半年报看经济发展新趋势
2018-09-04,起点研究总经理李振强：行业生存情况严峻，需抱团取暖,起点研究总经理李振强：行业生存情况严峻，需抱团取暖
2018-09-04,新能源汽车销量持续领冠全球 比亚迪以更开放姿态求变,新能源汽车销量持续领冠全球 比亚迪以更开放姿态求变
2018-09-04,比亚迪上半年新能源汽车业务收入约184.25亿元 同比增16.65%,比亚迪上半年新能源汽车业务收入约184.25亿元 同比增16.65%
2018-09-04,ADAS路还很长，传统与新势力相煎何太急,ADAS路还很长，传统与新势力相煎何太急
2018-09-04,新能源汽车行业周报（8.27-8.31）&2018年中报业绩简述,新能源汽车行业周报（8.27-8.31）&2018年中报业绩简述
2018-09-04,续航提升：新能源车扎堆发布,续航提升：新能源车扎堆发布
2018-09-04,狂风暴雨或将提前光顾动力电池业,狂风暴雨或将提前光顾动力电池业
2018-09-04,福蓉科技IPO:研发投入少，大客户更换频繁,福蓉科技IPO:研发投入少，大客户更换频繁
2018-09-04,新能源乘用车7月产量排行：比亚迪一骑绝尘，吉利后来居上 | 一电排行榜,新能源乘用车7月产量排行：比亚迪一骑绝尘，吉利后来居上 | 一电排行榜
2018-09-04,0-100km/h加速2.9秒 比亚迪新车消息,0-100km/h加速2.9秒 比亚迪新车消息
2018-09-05,王传福：比亚迪开放平台的一小步，会是颠覆汽车行业的一大步,王传福：比亚迪开放平台的一小步，会是颠覆汽车行业的一大步
2018-09-05,比亚迪全球开发者大会 发布D++生态/秦Pro开发者版规划,比亚迪全球开发者大会 发布D++生态/秦Pro开发者版规划
2018-09-05,比亚迪全球开发者大会 秦Pro的341个传感器都开放,比亚迪全球开发者大会 秦Pro的341个传感器都开放
2018-09-05,互怼还是相爱？王传福开放平台为安全“牵手”周鸿伟,互怼还是相爱？王传福开放平台为安全“牵手”周鸿伟
2018-09-05,比亚迪110辆纯电动公交车交付西咸公交集团运营,比亚迪110辆纯电动公交车交付西咸公交集团运营
2018-09-05,筑梦“大生态” 比亚迪D++推动汽车行业智能出行新变革,筑梦“大生态” 比亚迪D++推动汽车行业智能出行新变革
2018-09-05,直击|360与比亚迪战略合作 将建车辆安全防护体系,直击|360与比亚迪战略合作 将建车辆安全防护体系
2018-09-05,王传福：从封闭走向开放，汽车智能化的必然,王传福：从封闭走向开放，汽车智能化的必然
2018-09-05,从封闭到开放 比亚迪发布D++汽车生态系统,从封闭到开放 比亚迪发布D++汽车生态系统
2018-09-05,比亚迪开发者大会：王传福与周鸿祎张亚勤聊了什么？,比亚迪开发者大会：王传福与周鸿祎张亚勤聊了什么？
2018-09-05,比亚迪全新一代“宋”上市 售价7.98万元起,比亚迪全新一代“宋”上市 售价7.98万元起
2018-09-05,开放·创未来 比亚迪全球开发者大会盛大举行,开放·创未来 比亚迪全球开发者大会盛大举行
2018-09-05,百度与比亚迪合作，计划3年内实现自动驾驶车辆量产,百度与比亚迪合作，计划3年内实现自动驾驶车辆量产
2018-09-05,百度张亚勤：自动驾驶将提升30%的出行效率,百度张亚勤：自动驾驶将提升30%的出行效率
2018-09-05,自动挡11万起 比亚迪秦Pro 9月20日上市,自动挡11万起 比亚迪秦Pro 9月20日上市
2018-09-05,比亚迪明年将推新车 百公里加速仅2.9s,比亚迪明年将推新车 百公里加速仅2.9s
2018-09-05,【锂电G20】诺德股份：锂电铜箔高抗张力正在突破50kg,【锂电G20】诺德股份：锂电铜箔高抗张力正在突破50kg
2018-09-05,比亚迪王传福：2035年汽车行业将进入智能化时代,比亚迪王传福：2035年汽车行业将进入智能化时代
2018-09-05,王传福：比亚迪转型硬件标准平台供应商 开放力度将史无前例,王传福：比亚迪转型硬件标准平台供应商 开放力度将史无前例
2018-09-05,D++初探，科技大佬看智能汽车新生态,D++初探，科技大佬看智能汽车新生态
2018-09-05,比亚迪和360安全公司战略合作,比亚迪和360安全公司战略合作
2018-09-05,百度与比亚迪联手：3年内实现自动驾驶车量产,百度与比亚迪联手：3年内实现自动驾驶车量产
2018-09-05,"易读|360与比亚迪跨界合作：汽车用上""安全大脑""","易读|360与比亚迪跨界合作：汽车用上""安全大脑"""
2018-09-05,直击|百度比亚迪宣布3年内量产自动驾驶电动汽车,直击|百度比亚迪宣布3年内量产自动驾驶电动汽车
2018-09-05,张亚勤与王传福又定了个小目标：3年内实现自动驾驶车量产,张亚勤与王传福又定了个小目标：3年内实现自动驾驶车量产
2018-09-05,比亚迪与360签署战略合作协议,比亚迪与360签署战略合作协议
2018-09-06,比亚迪中报解读：新能源汽车巨头能否重整旗鼓 第三季度是关键,比亚迪中报解读：新能源汽车巨头能否重整旗鼓 第三季度是关键
2018-09-06,富时中国A50指数将纳入顺丰控股和三六零，9月中旬生效,富时中国A50指数将纳入顺丰控股和三六零，9月中旬生效
2018-09-06,以色列耶路撒冷向比亚迪采购7台纯电动大巴,以色列耶路撒冷向比亚迪采购7台纯电动大巴
2018-09-06,比亚迪360达成合作 王传福对话周鸿祎,比亚迪360达成合作 王传福对话周鸿祎
2018-09-06,王传福VS张亚勤：比亚迪与百度眼中未来,王传福VS张亚勤：比亚迪与百度眼中未来
2018-09-06,比亚迪：前8个月新能源汽车销量达11.55万辆,比亚迪：前8个月新能源汽车销量达11.55万辆
2018-09-06,共51款车型 第9批新能源汽车推荐目录,共51款车型 第9批新能源汽车推荐目录
2018-09-06,王传福的“局”和比亚迪的“变” | 中国汽车报,王传福的“局”和比亚迪的“变” | 中国汽车报
2018-09-06,汽车智能化该怎么走，比亚迪D++开放生态告诉你,汽车智能化该怎么走，比亚迪D++开放生态告诉你
2018-09-06,比亚迪印度市场最大电动巴士订单开始批量交付,比亚迪印度市场最大电动巴士订单开始批量交付
2018-09-06,王传福：智能汽车是长了腿的超级手机 生态规模远超想象,王传福：智能汽车是长了腿的超级手机 生态规模远超想象
2018-09-06,比亚迪：8月汽车销量为4.18万辆,比亚迪：8月汽车销量为4.18万辆
2018-09-06,比亚迪秦Pro将于9月20日上市 DM版补贴后或18万元起,比亚迪秦Pro将于9月20日上市 DM版补贴后或18万元起
2018-09-06,王传福张亚勤周鸿祎等深圳对话 汽车业态从封闭走向开放,王传福张亚勤周鸿祎等深圳对话 汽车业态从封闭走向开放
2018-09-06,像科技公司一样开放，比亚迪要用汽车复现手机生态之路,像科技公司一样开放，比亚迪要用汽车复现手机生态之路
2018-09-06,跨市场新能源汽车周报(2018年第36期):上汽通用与宁德时代签署合作协议,跨市场新能源汽车周报(2018年第36期):上汽通用与宁德时代签署合作协议
2018-09-06,比亚迪转型智能汽车硬件供应商,比亚迪转型智能汽车硬件供应商
2018-09-06,汽车：18年8月新能源汽车合格证点评,汽车：18年8月新能源汽车合格证点评
2018-09-06,EV晨报 | 动力电池综合利用合规企业名单公布；比亚迪D++开放生态启动；欧拉出行启动运营,EV晨报 | 动力电池综合利用合规企业名单公布；比亚迪D++开放生态启动；欧拉出行启动运营
2018-09-06,三年内量产自动驾驶汽车 百度与比亚迪达成全面合作！,三年内量产自动驾驶汽车 百度与比亚迪达成全面合作！
2018-09-06,比亚迪：力争在3年内推出首款自动驾驶汽车,比亚迪：力争在3年内推出首款自动驾驶汽车
2018-09-06,王传福：比亚迪开放程度将越来越大,王传福：比亚迪开放程度将越来越大
2018-09-06,360与比亚迪达成战略合作，周鸿祎详解360安全大脑的概念,360与比亚迪达成战略合作，周鸿祎详解360安全大脑的概念
2018-09-06,比亚迪与百度合作 计划量产自动驾驶汽车,比亚迪与百度合作 计划量产自动驾驶汽车
2018-09-06,详解比亚迪“D++”生态：不仅仅是开放341个传感器+66项控制权,详解比亚迪“D++”生态：不仅仅是开放341个传感器+66项控制权
2018-09-06,比亚迪开放传感与执行系统 称将实现智能化,比亚迪开放传感与执行系统 称将实现智能化
2018-09-06,开放汽车传感器和控制权，比亚迪真的要当中国汽车界的“苹果”？,开放汽车传感器和控制权，比亚迪真的要当中国汽车界的“苹果”？
2018-09-06,生长在地方保护温室中，新能源车能否经受住市场考验？,生长在地方保护温室中，新能源车能否经受住市场考验？
2018-09-07,比亚迪年中扣非净利大挫160%半年亏6.7亿政府补贴也无计可施 亏损,比亚迪年中扣非净利大挫160%半年亏6.7亿政府补贴也无计可施 亏损
2018-09-07,【国泰君安国际策略速评】汽车行业：比亚迪(01211.HK)：新能源、燃油车增速均好于行业,【国泰君安国际策略速评】汽车行业：比亚迪(01211.HK)：新能源、燃油车增速均好于行业
2018-09-07,长安CS75 PHEV即将上市 特点有什么，销量会如何？,长安CS75 PHEV即将上市 特点有什么，销量会如何？
2018-09-07,全新一代宋领衔，比亚迪新能源品牌潮享汇降临京城,全新一代宋领衔，比亚迪新能源品牌潮享汇降临京城
2018-09-07,周鸿祎说王传福“疯了”，比亚迪经历了什么？,周鸿祎说王传福“疯了”，比亚迪经历了什么？
2018-09-07,汽车行业税负超利润4成 比亚迪纳税24亿政府返还一半,汽车行业税负超利润4成 比亚迪纳税24亿政府返还一半
2018-09-07,比亚迪半年亏6.7亿 靠政府补贴也无法弥补,比亚迪半年亏6.7亿 靠政府补贴也无法弥补
2018-09-07,"比亚迪8月销量达41,846辆 新能源乘用车首次突破两万大关","比亚迪8月销量达41,846辆 新能源乘用车首次突破两万大关"
2018-09-07,比亚迪8月累计销量超4万 新能源车同比大增,比亚迪8月累计销量超4万 新能源车同比大增
2018-09-07,【财通汽车】比亚迪(002594)：唐销量稳步提升，业绩有望持续改善,【财通汽车】比亚迪(002594)：唐销量稳步提升，业绩有望持续改善
2018-09-07,新能源月销首破2万辆，比亚迪淡季迎来“小高潮”,新能源月销首破2万辆，比亚迪淡季迎来“小高潮”
2018-09-07,比亚迪全球开发者大会 王传福都透漏了啥？,比亚迪全球开发者大会 王传福都透漏了啥？
2018-09-07,第9批新能源推荐目录乘用车分析：比亚迪宋/景逸S50EV获1.32倍补贴,第9批新能源推荐目录乘用车分析：比亚迪宋/景逸S50EV获1.32倍补贴
2018-09-07,比亚迪秦Pro汽油/插混售价曝光 最低只卖6.49万,比亚迪秦Pro汽油/插混售价曝光 最低只卖6.49万
2018-09-07,未来已来，车界大咖共话新能源,未来已来，车界大咖共话新能源
2018-09-07,比亚迪扬近3% 8月销量升12%兼获瑞信维持评级,比亚迪扬近3% 8月销量升12%兼获瑞信维持评级
2018-09-07,同时供应27家整车厂，宁德时代电池大量缺货让车企很焦灼,同时供应27家整车厂，宁德时代电池大量缺货让车企很焦灼
2018-09-07,比亚迪：8月新能源销量首破2万辆大关，唐双版本销量过万【安信汽车】,比亚迪：8月新能源销量首破2万辆大关，唐双版本销量过万【安信汽车】
2018-09-07,三种动力 比亚迪秦Pro自动挡预售10万起,三种动力 比亚迪秦Pro自动挡预售10万起
2018-09-08,比亚迪秦Pro家族预售10-19万 将于9月20日上市,比亚迪秦Pro家族预售10-19万 将于9月20日上市
2018-09-08,比亚迪新能源汽车8月销量超2万辆 同比增长85%,比亚迪新能源汽车8月销量超2万辆 同比增长85%
2018-09-08,造车新势力迎新挑战，传统车企的新能源动作你怕了吗？｜车业杂谈,造车新势力迎新挑战，传统车企的新能源动作你怕了吗？｜车业杂谈
2018-09-08,【东吴电新】中报点评：电动车板块整体稳健增长，板块分化明显,【东吴电新】中报点评：电动车板块整体稳健增长，板块分化明显
2018-09-08,中日韩在动力电池产能上占据优势，欧洲欲打破市场格局,中日韩在动力电池产能上占据优势，欧洲欲打破市场格局
2018-09-09,【财通有色李帅华团队】钴锂周报：产业链全面转好，首推合纵科技！,【财通有色李帅华团队】钴锂周报：产业链全面转好，首推合纵科技！
2018-09-09,汽车：汽车板块整体下跌2.55% 荐5股,汽车：汽车板块整体下跌2.55% 荐5股
2018-09-09,E周见|奔驰EQC首发/比亚迪扩增朋友圈,E周见|奔驰EQC首发/比亚迪扩增朋友圈
2018-09-09,电气设备：加快电网投资补短板 关注特高压需求恢复,电气设备：加快电网投资补短板 关注特高压需求恢复
2018-09-09,【一周动态】国有疑难可问谁？强国一代有我在！,【一周动态】国有疑难可问谁？强国一代有我在！
2018-09-09,汽车：上汽通用携手宁德时代 龙头合作加速行业洗牌,汽车：上汽通用携手宁德时代 龙头合作加速行业洗牌
2018-09-10,比亚迪(01211)为比亚迪汽车金融提供不超过200亿元的担保,比亚迪(01211)为比亚迪汽车金融提供不超过200亿元的担保
2018-09-10,比亚迪：为比亚迪汽车金融有限公司提供担保不超200亿元,比亚迪：为比亚迪汽车金融有限公司提供担保不超200亿元
2018-09-10,荣威Marvel X 26.88万起售 真的是自信过头了吗？,荣威Marvel X 26.88万起售 真的是自信过头了吗？
2018-09-10,同比上涨85%，比亚迪新能源销量首破两万！,同比上涨85%，比亚迪新能源销量首破两万！
2018-09-10,电气设备：工信部发布第9批新能源汽车推荐目录 荐5股,电气设备：工信部发布第9批新能源汽车推荐目录 荐5股
2018-09-10,颠覆传统 比亚迪新能源车的销售占比反超传统燃油车,颠覆传统 比亚迪新能源车的销售占比反超传统燃油车
2018-09-10,电气设备：需求转暖价格依然承压 荐4股,电气设备：需求转暖价格依然承压 荐4股
2018-09-10,比亚迪30GWh动力电池项目在西安高新区正式签约,比亚迪30GWh动力电池项目在西安高新区正式签约
2018-09-10,【G20周刊】比亚迪H1新能源车销量全球第一,【G20周刊】比亚迪H1新能源车销量全球第一
2018-09-10,8月汽车销量快报：吉利一己之力抗衡广汽/长安，奇瑞/比亚迪追赶长城,8月汽车销量快报：吉利一己之力抗衡广汽/长安，奇瑞/比亚迪追赶长城
2018-09-10,颜值翻倍的“变脸宋”到底是燃油版还是新能源版更值？,颜值翻倍的“变脸宋”到底是燃油版还是新能源版更值？
2018-09-10,舒酉星定义智能汽车：开发者+开放平台+数字化(高管访谈),舒酉星定义智能汽车：开发者+开放平台+数字化(高管访谈)
2018-09-10,开放共享时代，车企的脑洞有多大？,开放共享时代，车企的脑洞有多大？
2018-09-10,专访比亚迪创始人、董事局主席王传福：“冒险王”比亚迪,专访比亚迪创始人、董事局主席王传福：“冒险王”比亚迪
2018-09-10,一周E车评：奔驰EQ系列明年国产，丰田吉利联手开发混动技术,一周E车评：奔驰EQ系列明年国产，丰田吉利联手开发混动技术
2018-09-10,e周新鲜事 | 奔驰EQC首发/车和家或借用力帆资质,e周新鲜事 | 奔驰EQC首发/车和家或借用力帆资质
2018-09-10,最被看好十大港股：大摩维持腾讯增持评级目标价420,最被看好十大港股：大摩维持腾讯增持评级目标价420
2018-09-11,罗永浩：子弹短信不是为挑战微信；戴珊：学生英语六级通过率全校最高；王传福：改革开放40周年比亚迪感触很深,罗永浩：子弹短信不是为挑战微信；戴珊：学生英语六级通过率全校最高；王传福：改革开放40周年比亚迪感触很深
2018-09-11,外强内虚？中国新能源汽车发展效果评价,外强内虚？中国新能源汽车发展效果评价
2018-09-11,智能汽车为什么受欢迎？它跟普通汽车有什么不同,智能汽车为什么受欢迎？它跟普通汽车有什么不同
2018-09-11,比亚迪豪赌智能化 宣布开放传感器和控制权,比亚迪豪赌智能化 宣布开放传感器和控制权
2018-09-11,乘联会：8月新能源乘用车销售8.4万辆，帝豪EV/比亚迪唐分获纯电、插混板块销量冠军,乘联会：8月新能源乘用车销售8.4万辆，帝豪EV/比亚迪唐分获纯电、插混板块销量冠军
2018-09-11,比亚迪30GWh动力电池项目落户西安 总投资120亿,比亚迪30GWh动力电池项目落户西安 总投资120亿
2018-09-11,【民生机械深度】动力消费双景气，锂电设备增长可期,【民生机械深度】动力消费双景气，锂电设备增长可期
2018-09-11,8月动力电池装机总量环比增25%，比亚迪（01211）紧跟宁德时代,8月动力电池装机总量环比增25%，比亚迪（01211）紧跟宁德时代
2018-09-11,比亚迪纯电销量大增69%夺冠 北汽新能源下滑7.5%,比亚迪纯电销量大增69%夺冠 北汽新能源下滑7.5%
2018-09-11,新能源销量单月首次突破两万大关 比亚迪以技术优势高能领跑市场,新能源销量单月首次突破两万大关 比亚迪以技术优势高能领跑市场
2018-09-11,奔驰奥迪宝马同时亮剑：战火烧至豪华纯电动市场,奔驰奥迪宝马同时亮剑：战火烧至豪华纯电动市场
2018-09-11,"电气设备行业研究周报:特高压项目迎来重启,工信部公布第9批新能源汽车推荐目录","电气设备行业研究周报:特高压项目迎来重启,工信部公布第9批新能源汽车推荐目录"
2018-09-11,"汽车和汽车零部件行业:自主品牌受到挑战,新能源汽车进入新发展阶段","汽车和汽车零部件行业:自主品牌受到挑战,新能源汽车进入新发展阶段"
2018-09-11,比亚迪与西安高新区签约30GWh动力电池项目,比亚迪与西安高新区签约30GWh动力电池项目
2018-09-12,【光大证券】8月新能源汽车销量10.1万辆，同比+50%，环比+20% ——跨市场新能源汽车行业观察之八,【光大证券】8月新能源汽车销量10.1万辆，同比+50%，环比+20% ——跨市场新能源汽车行业观察之八
2018-09-12,特斯拉在华工厂加速落地自主品牌的危机来了？,特斯拉在华工厂加速落地自主品牌的危机来了？
2018-09-12,比亚迪工商信息变更：经营范围增加物流代理等,比亚迪工商信息变更：经营范围增加物流代理等
2018-09-12,比亚迪的第三代DM混动技术是否比丰田混动要好？,比亚迪的第三代DM混动技术是否比丰田混动要好？
2018-09-12,插电式混合动力系统大比拼,插电式混合动力系统大比拼
2018-09-12,CFMS2018：9月19日，存储巨头齐聚首，他们影响着存储产业未来！,CFMS2018：9月19日，存储巨头齐聚首，他们影响着存储产业未来！
2018-09-12,年产能30GWh 比亚迪签约西安动力电池项目,年产能30GWh 比亚迪签约西安动力电池项目
2018-09-12,新款长安CS55、长安CS55蓝动版正式上市 8.49万起,新款长安CS55、长安CS55蓝动版正式上市 8.49万起
2018-09-12,比亚迪新能源8月销量增85% 达2.08万辆,比亚迪新能源8月销量增85% 达2.08万辆
2018-09-12,"汽车和汽车零部件行业点评:8月销量继续改善,插电车型强势增长","汽车和汽车零部件行业点评:8月销量继续改善,插电车型强势增长"
2018-09-12,29股获券商买入评级 保利地产目标涨幅达77%,29股获券商买入评级 保利地产目标涨幅达77%
2018-09-12,8月新能源乘用车大涨6成至8.4万：A00级车市份额遭压缩 比亚迪唐夺销冠,8月新能源乘用车大涨6成至8.4万：A00级车市份额遭压缩 比亚迪唐夺销冠
2018-09-12,一睹锂电上市公司财报中的电池业务情况,一睹锂电上市公司财报中的电池业务情况
2018-09-12,车市持续低迷：乘用车销量连降三月,车市持续低迷：乘用车销量连降三月
2018-09-12,"新能源行业周报:景气度仍在低谷,行业差异化明显","新能源行业周报:景气度仍在低谷,行业差异化明显"
2018-09-12,【锂电G20】比亚迪30GWh动力电池项目签约西安,【锂电G20】比亚迪30GWh动力电池项目签约西安
2018-09-13,奥特佳：期待中长期业绩向上突破,奥特佳：期待中长期业绩向上突破
2018-09-13,8月MPV销量持续下滑，五菱宏光连续三月跌破3万大关丨车业杂谈 盈利能力下降,8月MPV销量持续下滑，五菱宏光连续三月跌破3万大关丨车业杂谈 盈利能力下降
2018-09-13,欧系复兴/日韩系卷土重来 CATL的“一家独大”还能维持多久？,欧系复兴/日韩系卷土重来 CATL的“一家独大”还能维持多久？
2018-09-13,颜值提升续航能力再升级 测试比亚迪元EV360,颜值提升续航能力再升级 测试比亚迪元EV360
2018-09-14,王传福忆比亚迪发展：创业充满艰辛，有几次快急哭了,王传福忆比亚迪发展：创业充满艰辛，有几次快急哭了
2018-09-14,[观察]电池围城：有人急着甩包袱 有人扎堆建工厂 |汽车产经,[观察]电池围城：有人急着甩包袱 有人扎堆建工厂 |汽车产经
2018-09-14,CFi收盘揭秘:垃圾股走强 市场感觉有“任务”没完成,CFi收盘揭秘:垃圾股走强 市场感觉有“任务”没完成
2018-09-14,8月新能源乘用车销售8.4万台 唐/帝豪EV/奇瑞eQ排前三,8月新能源乘用车销售8.4万台 唐/帝豪EV/奇瑞eQ排前三
2018-09-14,广东新能源汽车产业发展切入快车道,广东新能源汽车产业发展切入快车道
2018-09-14,业绩承压 北汽新能源欲借上市解决资金需求,业绩承压 北汽新能源欲借上市解决资金需求
2018-09-14,巨丰热点：蔚来汽车股价大涨刺激国内新能源汽车板块活跃,巨丰热点：蔚来汽车股价大涨刺激国内新能源汽车板块活跃
2018-09-14,"电气设备行业周报:需求转暖价格依然承压,重视反弹时龙头溢价","电气设备行业周报:需求转暖价格依然承压,重视反弹时龙头溢价"
2018-09-14,锂电池板块井喷 宁德时代、比亚迪涨逾5%,锂电池板块井喷 宁德时代、比亚迪涨逾5%
2018-09-14,秦Pro自进化，真智能让你触摸未来,秦Pro自进化，真智能让你触摸未来
2018-09-14,锂电池板块强势冲高，新宙邦冲击涨停,锂电池板块强势冲高，新宙邦冲击涨停
2018-09-14,中国车企研发经费对比 上汽投入是吉利的28倍！,中国车企研发经费对比 上汽投入是吉利的28倍！
2018-09-14,早安！方正最新观点20180914,早安！方正最新观点20180914
2018-09-14,斑马融资16亿意味着什么？,斑马融资16亿意味着什么？
2018-09-14,港股异动︱受美股蔚来汽车大涨影响 恒大健康(00708)比亚迪(01211)均涨逾7%,港股异动︱受美股蔚来汽车大涨影响 恒大健康(00708)比亚迪(01211)均涨逾7%
2018-09-15,卖出1602部车的蔚来汽车市值破800亿,卖出1602部车的蔚来汽车市值破800亿
2018-09-15,动力电池陷竞争红海:原材料价格暴涨 龙头增收不增利,动力电池陷竞争红海:原材料价格暴涨 龙头增收不增利
2018-09-15,转型与新生：广东打造车轮上的“智能终端”,转型与新生：广东打造车轮上的“智能终端”
2018-09-16,机械制造：继续推荐油服能源装备 荐8股,机械制造：继续推荐油服能源装备 荐8股
2018-09-16,汽车：汽车板块整体上升0.45% 荐4股,汽车：汽车板块整体上升0.45% 荐4股
2018-09-16,蔚来赴美上市，电动车驶入农村,蔚来赴美上市，电动车驶入农村
2018-09-17,【华创有色钢铁任志强团队】南山铝业（600219）深度研究报告：从产业链布局角度看南山铝业步步为营,【华创有色钢铁任志强团队】南山铝业（600219）深度研究报告：从产业链布局角度看南山铝业步步为营
2018-09-17,续航600KM，宝马全新电动概念车型Vision iNEXT亮相北京,续航600KM，宝马全新电动概念车型Vision iNEXT亮相北京
2018-09-17,A股“磨底”股票纷纷破净，价值投资的时机到了？巴菲特咋说？,A股“磨底”股票纷纷破净，价值投资的时机到了？巴菲特咋说？
2018-09-17,电气设备：风光平价征求意见公布 荐9股,电气设备：风光平价征求意见公布 荐9股
2018-09-17,比亚迪30GWh动力电池项目落地西安高新区 总投资约120亿元,比亚迪30GWh动力电池项目落地西安高新区 总投资约120亿元
2018-09-17,一电排行榜 | 新能源乘用车8月销量排行：奇瑞eQ/比亚迪元/帝豪EV比亚迪唐分获细分市场冠军,一电排行榜 | 新能源乘用车8月销量排行：奇瑞eQ/比亚迪元/帝豪EV比亚迪唐分获细分市场冠军
2018-09-17,【G20周刊】宁德时代三元软包开始量产供货,【G20周刊】宁德时代三元软包开始量产供货
2018-09-17,民生机械行业周报：比亚迪和CATL争相扩产，利好锂电设备行业,民生机械行业周报：比亚迪和CATL争相扩产，利好锂电设备行业
2018-09-17,e周新鲜事| 蔚来在美上市/比亚迪再签电池项目,e周新鲜事| 蔚来在美上市/比亚迪再签电池项目
2018-09-17,斯堪尼亚、曼恩、依维柯、雷诺都将展出电动卡车 中国军团再度出击,斯堪尼亚、曼恩、依维柯、雷诺都将展出电动卡车 中国军团再度出击
2018-09-17,"新能源汽车行业2018年中报总结:新能源汽车销量高速增长,产业链盈利分化","新能源汽车行业2018年中报总结:新能源汽车销量高速增长,产业链盈利分化"
2018-09-17,【总裁时间】王传福回忆比亚迪创业艰辛史,【总裁时间】王传福回忆比亚迪创业艰辛史
2018-09-18,比亚迪股份(01211)“11亚迪02”将于9月25日付息,比亚迪股份(01211)“11亚迪02”将于9月25日付息
2018-09-18,政策驱动产业升级 微型纯电动车市场遇冷,政策驱动产业升级 微型纯电动车市场遇冷
2018-09-18,大众一亿美元落注的固态电池，能成为三元锂电池的终结者吗？,大众一亿美元落注的固态电池，能成为三元锂电池的终结者吗？
2018-09-18,车市下行 自主品牌出现分水岭,车市下行 自主品牌出现分水岭
2018-09-18,8月动力电池装机量达4.17Gwh 宁德时代毛利率存下行风险,8月动力电池装机量达4.17Gwh 宁德时代毛利率存下行风险
2018-09-18,BBA新能源汽车大战：奔驰首款电动车被指电池技术落后,BBA新能源汽车大战：奔驰首款电动车被指电池技术落后
2018-09-18,"锂电池行业2018年中报总结:分化持续,龙头企业优势显著","锂电池行业2018年中报总结:分化持续,龙头企业优势显著"
2018-09-18,"新能源行业周报:数据向好叠加催化剂作用,关注景气度高的环节","新能源行业周报:数据向好叠加催化剂作用,关注景气度高的环节"
2018-09-19,璞泰来：锂电中游平台新贵再扬帆【中泰电新】,璞泰来：锂电中游平台新贵再扬帆【中泰电新】
2018-09-19,比亚迪财报展示业绩亮点 新能源车销量领先国内外,比亚迪财报展示业绩亮点 新能源车销量领先国内外
2018-09-19,名爵ZS电动版年内上市 竞争比亚迪元,名爵ZS电动版年内上市 竞争比亚迪元
2018-09-19,2018年8月锂电装机4.22GWh 同比增长43.19%,2018年8月锂电装机4.22GWh 同比增长43.19%
2018-09-19,港股异动︱比亚迪(01211)宁夏首台电动客车下线 现涨6.76%,港股异动︱比亚迪(01211)宁夏首台电动客车下线 现涨6.76%
2018-09-19,8月三元动力电池装机量TOP10 宁德时代位列榜首,8月三元动力电池装机量TOP10 宁德时代位列榜首
2018-09-19,第312批新车公示：新能源客车119款，中车时代电动申报数第一,第312批新车公示：新能源客车119款，中车时代电动申报数第一
2018-09-19,银川比亚迪新能源汽车基地首车下线 填补宁夏新能源汽车产业空白,银川比亚迪新能源汽车基地首车下线 填补宁夏新能源汽车产业空白
2018-09-19,【电气设备新能源|张文臣团队太平洋证券】新能源车产销旺季，新能源平价发电加速到来,【电气设备新能源|张文臣团队太平洋证券】新能源车产销旺季，新能源平价发电加速到来
2018-09-19,"电气设备行业周报:风光平价征求意见公布,重视新能源车龙头反弹机会","电气设备行业周报:风光平价征求意见公布,重视新能源车龙头反弹机会"
2018-09-19,"联讯汽车行业周报:乘用车全年销量承压,新能源汽车风景独好","联讯汽车行业周报:乘用车全年销量承压,新能源汽车风景独好"
2018-09-19,第312批新车公示：新能源专用车达124款,第312批新车公示：新能源专用车达124款
2018-09-20,开发者大会后的首款产品 比亚迪秦Pro系列上市,开发者大会后的首款产品 比亚迪秦Pro系列上市
2018-09-20,比亚迪秦Pro/秦Pro EV500联袂上市 售价14.99万起,比亚迪秦Pro/秦Pro EV500联袂上市 售价14.99万起
2018-09-20,三明厦钨和翔丰华入选福建百亿企业培育方案,三明厦钨和翔丰华入选福建百亿企业培育方案
2018-09-20,电气设备：大势所趋 荐4股,电气设备：大势所趋 荐4股
2018-09-20,比亚迪秦Pro正式上市 售价7.98万元起,比亚迪秦Pro正式上市 售价7.98万元起
2018-09-20,比亚迪秦Pro今日正式上市 全新设计/10万起预售,比亚迪秦Pro今日正式上市 全新设计/10万起预售
2018-09-20,EV晨报 | 山东低速电动车8月生产5.3万辆；19家充电运营商互联互通；ENOVATE首款车型官图发布,EV晨报 | 山东低速电动车8月生产5.3万辆；19家充电运营商互联互通；ENOVATE首款车型官图发布
2018-09-20,比亚迪再投100亿元换20GWh电池产能，能怼翻CATL吗？,比亚迪再投100亿元换20GWh电池产能，能怼翻CATL吗？
2018-09-20,自动挡预售10万起 比亚迪秦Pro今日上市,自动挡预售10万起 比亚迪秦Pro今日上市
2018-09-20,"乘用车行业终端景气度深度分析第4期:9月上旬折扣率继续上行,自主品牌竞争愈加激烈","乘用车行业终端景气度深度分析第4期:9月上旬折扣率继续上行,自主品牌竞争愈加激烈"
2018-09-20,高新兴:业绩稳定增长 物联网占比逐渐升高,高新兴:业绩稳定增长 物联网占比逐渐升高
2018-09-21,大众途观L插混10月中旬开卖 补贴后售价26.68万,大众途观L插混10月中旬开卖 补贴后售价26.68万
2018-09-21,秦Pro覆盖A+级轿车市场 比亚迪谋新能源车与动力电池双线发展,秦Pro覆盖A+级轿车市场 比亚迪谋新能源车与动力电池双线发展
2018-09-21,比亚迪：大美秦Pro震撼上市，爆款再添一员【安信汽车】,比亚迪：大美秦Pro震撼上市，爆款再添一员【安信汽车】
2018-09-21,比亚迪发布智能中级轿车秦Pro,比亚迪发布智能中级轿车秦Pro
2018-09-21,比亚迪：电子玻璃业务良率不断提升 出货良好,比亚迪：电子玻璃业务良率不断提升 出货良好
2018-09-21,秦Pro上市，原来汽车还可以有这么多场景应用,秦Pro上市，原来汽车还可以有这么多场景应用
2018-09-21,金股回顾：巨丰金股预测推荐个股九有股份等强势涨停！,金股回顾：巨丰金股预测推荐个股九有股份等强势涨停！
2018-09-21,比亚迪：新能源汽车销量增长迅速，新品加注智能化,比亚迪：新能源汽车销量增长迅速，新品加注智能化
2018-09-21,面子里子都得有，比亚迪秦Pro强势入局,面子里子都得有，比亚迪秦Pro强势入局
2018-09-21,销量才是硬道理！8月比亚迪市场竞争力分析,销量才是硬道理！8月比亚迪市场竞争力分析
2018-09-21,比亚迪主战场转移至新能源车 连续两个月销量超过燃油车,比亚迪主战场转移至新能源车 连续两个月销量超过燃油车
2018-09-21,汽车股逆势攀升，深中华A领涨7%,汽车股逆势攀升，深中华A领涨7%
2018-09-21,福田、重汽领衔 商用车三大品类全覆盖 盘点本届IAA上的中国元素,福田、重汽领衔 商用车三大品类全覆盖 盘点本届IAA上的中国元素
2018-09-21,除了最低7.98万元的售价之外，战略级产品秦Pro刚刚完成基本任务,除了最低7.98万元的售价之外，战略级产品秦Pro刚刚完成基本任务
2018-09-21,汽车工业从来都没有停止过对于降低油耗的追求,汽车工业从来都没有停止过对于降低油耗的追求
2018-09-21,比亚迪秦Pro正式上市 售价区间7.98-29.99万元,比亚迪秦Pro正式上市 售价区间7.98-29.99万元
2018-09-21,众多大咖集聚 10余场主题干货分享 2018汽车动力系统技术发展论坛圆满落幕！,众多大咖集聚 10余场主题干货分享 2018汽车动力系统技术发展论坛圆满落幕！
2018-09-21,“智、体、美”全优 比亚迪秦Pro7.98万元起售,“智、体、美”全优 比亚迪秦Pro7.98万元起售
2018-09-21,新车上市 比亚迪(01211.HK)AH股双双上涨,新车上市 比亚迪(01211.HK)AH股双双上涨
2018-09-21,EV晨报 | 工信部将加强新能源汽车监管；第20批免购置税目录发布；阿里巴巴获杭州首张自动驾驶牌照,EV晨报 | 工信部将加强新能源汽车监管；第20批免购置税目录发布；阿里巴巴获杭州首张自动驾驶牌照
2018-09-21,比亚迪今日开盘拉升H股涨3.19% A股涨3.96%,比亚迪今日开盘拉升H股涨3.19% A股涨3.96%
2018-09-21,汽车行业:2018年8月份乘用车市场销量同比下降7.3%;9月份四季度需求有望小幅回升,汽车行业:2018年8月份乘用车市场销量同比下降7.3%;9月份四季度需求有望小幅回升
2018-09-22,比亚迪继续领跑 8月全国新能源车销量榜,比亚迪继续领跑 8月全国新能源车销量榜
2018-09-22,剑走偏锋还是欲盖弥彰，北汽新能源的“天选之路”还在继续？,剑走偏锋还是欲盖弥彰，北汽新能源的“天选之路”还在继续？
2018-09-22,逐鹿造车新时代 比亚迪发布智能中级轿车,逐鹿造车新时代 比亚迪发布智能中级轿车
2018-09-23,比亚迪：全新一代唐和元EV360很受市场欢迎 订单数很充足,比亚迪：全新一代唐和元EV360很受市场欢迎 订单数很充足
2018-09-23,比亚迪：全新一代唐和元EV360很受市场欢迎，订单数很充足,比亚迪：全新一代唐和元EV360很受市场欢迎，订单数很充足
2018-09-23,比亚迪评下半年补贴政策：对高续航里程和高能量密度车型非常有利,比亚迪评下半年补贴政策：对高续航里程和高能量密度车型非常有利
2018-09-23,智能化的未来，人们需要怎样的汽车,智能化的未来，人们需要怎样的汽车
2018-09-24,不造车的阿里如何 跑赢汽车变革的下半场,不造车的阿里如何 跑赢汽车变革的下半场
2018-09-24,“车型”千姿百态迎金秋 上周共有11款新车上市,“车型”千姿百态迎金秋 上周共有11款新车上市
2018-09-24,电气设备：电解液价格仍有上调 荐3股,电气设备：电解液价格仍有上调 荐3股
2018-09-24,车企跨界玩物流！比亚迪进军物流行业是真的吗？,车企跨界玩物流！比亚迪进军物流行业是真的吗？
2018-09-24,机械制造：煤机龙头利润弹性有望逐步显现 荐10股,机械制造：煤机龙头利润弹性有望逐步显现 荐10股
2018-09-25,汽车：上周汽车板块整体上涨4.08% 荐5股,汽车：上周汽车板块整体上涨4.08% 荐5股
2018-09-25,上市公司员工持股计划四周年盘点：亏多赚少,上市公司员工持股计划四周年盘点：亏多赚少
2018-09-25,汽车：车市下行压力依旧 下滑幅度有所收窄,汽车：车市下行压力依旧 下滑幅度有所收窄
2018-09-25,电气设备：新能源车中游需求发力 荐13股,电气设备：新能源车中游需求发力 荐13股
2018-09-25,比亚迪：旗下玻璃业务出货状况良好，将成盈利增长点,比亚迪：旗下玻璃业务出货状况良好，将成盈利增长点
2018-09-25,巨丰早评：市场大起大落可能性很低,巨丰早评：市场大起大落可能性很低
2018-09-25,比亚迪巧用利润调节器 或存用控股公司虚增营收嫌疑 欺诈造假,比亚迪巧用利润调节器 或存用控股公司虚增营收嫌疑 欺诈造假
2018-09-25,三元锂遭受质疑，磷酸铁锂悄悄收回失地,三元锂遭受质疑，磷酸铁锂悄悄收回失地
2018-09-25,【G20周刊】天赐材料2000吨LiFSI项目预计明年底投产,【G20周刊】天赐材料2000吨LiFSI项目预计明年底投产
2018-09-25,汽车板块驶入热点快车道 六股有望率先发力,汽车板块驶入热点快车道 六股有望率先发力
2018-09-25,比亚迪巧用利润调节器，或存用控股公司虚增营收嫌疑,比亚迪巧用利润调节器，或存用控股公司虚增营收嫌疑
2018-09-26,晚间最新研报 明日6股值得关注,晚间最新研报 明日6股值得关注
2018-09-26,多家券商新能源车草根调研：旺季来临，机不可失！,多家券商新能源车草根调研：旺季来临，机不可失！
2018-09-26,数说丨销量差距超2万辆 新能源车企冰火两重天,数说丨销量差距超2万辆 新能源车企冰火两重天
2018-09-26,借壳上市北汽新能源面临的到底是机遇还是风险,借壳上市北汽新能源面临的到底是机遇还是风险
2018-09-26,27日机构强推买入 五股成摇钱树,27日机构强推买入 五股成摇钱树
2018-09-26,比亚迪青海24Gwh三元电池明年底将全部达产,比亚迪青海24Gwh三元电池明年底将全部达产
2018-09-26,2018中国闪存市场峰会：聚焦技术创新和市场突破，盛况空前,2018中国闪存市场峰会：聚焦技术创新和市场突破，盛况空前
2018-09-26,比亚迪报55.35港元涨1.1% 暂成交2.58亿港元,比亚迪报55.35港元涨1.1% 暂成交2.58亿港元
2018-09-26,新能源汽车行业周报:合资车企推出新能源车型,新能源汽车行业周报:合资车企推出新能源车型
2018-09-26,纯电动比亚迪夺冠，混合动力重度低迷，新能源客车走势分析,纯电动比亚迪夺冠，混合动力重度低迷，新能源客车走势分析
2018-09-26,汽车：行业估值底部 关注龙头企业,汽车：行业估值底部 关注龙头企业
2018-09-27,北汽新能借壳首日跌36% 新能源整车第一股名不副实？,北汽新能借壳首日跌36% 新能源整车第一股名不副实？
2018-09-27,北汽新能源VS蔚来，上市背后有何不同？,北汽新能源VS蔚来，上市背后有何不同？
2018-09-27,"比亚迪：8月汽车销量同比增长42.1%,全新一代宋纯电版性能指标抢眼","比亚迪：8月汽车销量同比增长42.1%,全新一代宋纯电版性能指标抢眼"
2018-09-27,综述：中企搭载新技术登陆汉诺威商用车展,综述：中企搭载新技术登陆汉诺威商用车展
2018-09-27,与奔驰、宝马、比亚迪共享市场 超威集团新能源汽车业务打进东南亚,与奔驰、宝马、比亚迪共享市场 超威集团新能源汽车业务打进东南亚
2018-09-27,机械行业周报：布局油服能源及半导体设备 自下而上精选优质个股,机械行业周报：布局油服能源及半导体设备 自下而上精选优质个股
2018-09-27,比亚迪投资500万美元在美建仓储设施 提高电动巴士生产能力和效率,比亚迪投资500万美元在美建仓储设施 提高电动巴士生产能力和效率
2018-09-27,广汽新能源的后发优势,广汽新能源的后发优势
2018-09-27,比亚迪突破国外垄断，自主研发IGBT列入核心竞争力,比亚迪突破国外垄断，自主研发IGBT列入核心竞争力
2018-09-27,312批新车公示配套电池电机企业排行 宁德时代中车时代稳占鳌头,312批新车公示配套电池电机企业排行 宁德时代中车时代稳占鳌头
2018-09-27,比亚迪秦Pro,比亚迪秦Pro
2018-09-27,"电气设备行业周报:新能源车中游需求发力,特高压建设提速","电气设备行业周报:新能源车中游需求发力,特高压建设提速"
2018-09-27,同比增长近两倍 谁该向插电混动要红利,同比增长近两倍 谁该向插电混动要红利
2018-09-28,电动车产业链“大洗牌”加速 业内称产业链存活率不超过10%,电动车产业链“大洗牌”加速 业内称产业链存活率不超过10%
2018-09-28,疑用控股公司来“虚增营收”，这家中国新能源汽车代表公司背后暗含什么玄机？,疑用控股公司来“虚增营收”，这家中国新能源汽车代表公司背后暗含什么玄机？
2018-09-28,助力“蓝天保卫战”，比亚迪纯电动出租车拉力赛在太原举行,助力“蓝天保卫战”，比亚迪纯电动出租车拉力赛在太原举行
2018-09-28,比亚迪突破国外垄断，自主研发IGBT列入核心竞争力,比亚迪突破国外垄断，自主研发IGBT列入核心竞争力
2018-09-28,8月方形电池装机量TOP10 前两名容量占比超8成,8月方形电池装机量TOP10 前两名容量占比超8成
2018-09-28,[新车速览]秦Pro主打新能源 哈弗F5领衔年轻化潮流,[新车速览]秦Pro主打新能源 哈弗F5领衔年轻化潮流
2018-09-28,一电排行榜 | 新能源乘用车8月产量排行：比亚迪元夺冠 蔚来产量攀升 小鹏/电咖无产出,一电排行榜 | 新能源乘用车8月产量排行：比亚迪元夺冠 蔚来产量攀升 小鹏/电咖无产出
2018-09-28,“双面”比亚迪:营收反常遭质疑 50亿公司债曝光底牌?,“双面”比亚迪:营收反常遭质疑 50亿公司债曝光底牌?
2018-09-28,多次摘下新能源销量桂冠的比亚迪，是实至名归还是徒有虚表？,多次摘下新能源销量桂冠的比亚迪，是实至名归还是徒有虚表？
2018-09-28,巨丰热点：新能源汽车板块呈现活跃 北汽蓝谷盘中涨停,巨丰热点：新能源汽车板块呈现活跃 北汽蓝谷盘中涨停
2018-09-28,【锂电G20】锂电池结构件龙头科达利的制胜利器,【锂电G20】锂电池结构件龙头科达利的制胜利器
2018-09-29,"汽车和汽车零部件行业:2018年10月新能源汽车产业链观察,中长期投资时点到来,短期或受补贴政策扰动","汽车和汽车零部件行业:2018年10月新能源汽车产业链观察,中长期投资时点到来,短期或受补贴政策扰动"
2018-09-29,"新能源行业周报:继续看好阶段性反弹,布局景气度高的环节","新能源行业周报:继续看好阶段性反弹,布局景气度高的环节"
2018-09-29,新出行试车 | 吴颖体验比亚迪全新一代宋DM,新出行试车 | 吴颖体验比亚迪全新一代宋DM
2018-09-29,8月三电装机量分析：电池装机量同比增长44% 比亚迪电机电控装机量领先,8月三电装机量分析：电池装机量同比增长44% 比亚迪电机电控装机量领先
2018-09-29,新出行视频丨URBAN LIGHT 城市之光 比亚迪唐 DM 大片,新出行视频丨URBAN LIGHT 城市之光 比亚迪唐 DM 大片
2018-09-29,第五届储能创新与技术峰会2018,第五届储能创新与技术峰会2018
2018-09-30,【零售市场分析】8月新能源乘用车零售市场分析报告出炉：继7月销量低谷强势回升30%！,【零售市场分析】8月新能源乘用车零售市场分析报告出炉：继7月销量低谷强势回升30%！
2018-09-30,动力电池8月装机量4.2GWh，磷酸铁锂占比增加,动力电池8月装机量4.2GWh，磷酸铁锂占比增加
2018-09-30,8月全球电动车销量: 特斯拉夺双冠 中国电动车表现抢眼,8月全球电动车销量: 特斯拉夺双冠 中国电动车表现抢眼
2018-09-30,继7月销量低谷强势回升30%！8月新能源乘用车零售市场分析报告出炉,继7月销量低谷强势回升30%！8月新能源乘用车零售市场分析报告出炉
2018-09-30,股神巴菲特投资比亚迪 十年赚146%,股神巴菲特投资比亚迪 十年赚146%
2018-09-30,"新能源汽车行业产业链中报业绩解析:短期行业基本面改善,中长期重视龙头突围","新能源汽车行业产业链中报业绩解析:短期行业基本面改善,中长期重视龙头突围"
2018-10-01,中国8月新能源车电机装机量破10万，比亚迪/北汽新能源/联合电子排前三,中国8月新能源车电机装机量破10万，比亚迪/北汽新能源/联合电子排前三
2018-10-01,8 月份全球新能源车销量出炉 特斯拉总销量第一,8 月份全球新能源车销量出炉 特斯拉总销量第一
2018-10-05,都5号了还没出去玩？那你一定是没买这几款适合全家出行的神车,都5号了还没出去玩？那你一定是没买这几款适合全家出行的神车
2018-10-05,共31款车型 第10批新能源汽车推荐目录,共31款车型 第10批新能源汽车推荐目录
2018-10-07,比亚迪股票分析：新能源汽车销量增长迅速，新品加注智能化,比亚迪股票分析：新能源汽车销量增长迅速，新品加注智能化
2018-10-07,工信部第10批新能源汽车推荐目录 威马／比亚迪／江铃等入选,工信部第10批新能源汽车推荐目录 威马／比亚迪／江铃等入选
2018-10-08,iCET：2018年新能源汽车市场开放指数报告（附下载）,iCET：2018年新能源汽车市场开放指数报告（附下载）
2018-10-08,比亚迪：将根据业务发展的具体情况推进动力电池独立和上市,比亚迪：将根据业务发展的具体情况推进动力电池独立和上市
2018-10-08,比亚迪：公司有氢燃料电池相关研究,比亚迪：公司有氢燃料电池相关研究
2018-10-08,比亚迪午后异动重挫5.17%报46.56元 成交4.58亿元,比亚迪午后异动重挫5.17%报46.56元 成交4.58亿元
2018-10-08,比亚迪：今年汽车销量会率先实现高增长,比亚迪：今年汽车销量会率先实现高增长
2018-10-09,新能源行业周报:产品升级有望推动新能源汽车年末产销爆发增长,新能源行业周报:产品升级有望推动新能源汽车年末产销爆发增长
2018-10-10,中通客车三季度净利预降七成 新能源客车行业持续下滑 盈利能力下降,中通客车三季度净利预降七成 新能源客车行业持续下滑 盈利能力下降
2018-10-10,万安科技：子公司成为比亚迪产品供应商,万安科技：子公司成为比亚迪产品供应商
2018-10-10,"*DJ 比亚迪∶9月销量为47,913辆","*DJ 比亚迪∶9月销量为47,913辆"
2018-10-10,比亚迪：1-9月新能源汽车累计销量14.34万辆,比亚迪：1-9月新能源汽车累计销量14.34万辆
2018-10-10,新能源汽车行业周报:212款车型进入工信部第10批新能源汽车推荐目录,新能源汽车行业周报:212款车型进入工信部第10批新能源汽车推荐目录
2018-10-10,比亚迪：9月新能源汽车销量达2.79万辆 环比增长27.8%,比亚迪：9月新能源汽车销量达2.79万辆 环比增长27.8%
2018-10-11,港股快讯：比亚迪股价现报47.95港元 下跌4%,港股快讯：比亚迪股价现报47.95港元 下跌4%
2018-10-11,90台！比亚迪在加拿大再创辉煌战绩,90台！比亚迪在加拿大再创辉煌战绩
2018-10-11,9月汽车销量快报：金九成色不足，集团老大也栽了，唯吉利/奇瑞/比亚迪稳坐泰山,9月汽车销量快报：金九成色不足，集团老大也栽了，唯吉利/奇瑞/比亚迪稳坐泰山
2018-10-11,比亚迪商用车亮相深圳物博会,比亚迪商用车亮相深圳物博会
2018-10-11,比亚迪发布9月销量，同比增38%达45029辆,比亚迪发布9月销量，同比增38%达45029辆
2018-10-11,比亚迪纯电动9月销量1.21万辆 增长314%,比亚迪纯电动9月销量1.21万辆 增长314%
2018-10-11,全国销量第一 比亚迪新能源汽车9月售25019辆,全国销量第一 比亚迪新能源汽车9月售25019辆
2018-10-11,比亚迪踏足北美19年累计投入逾3亿美元,比亚迪踏足北美19年累计投入逾3亿美元
2018-10-11,比亚迪9月销量达47913辆 新能源汽车增幅达138%,比亚迪9月销量达47913辆 新能源汽车增幅达138%
2018-10-11,【国泰君安国际策略速评】汽车行业：比亚迪(01211.HK)：新能源车九月销量高增长，燃油车持稳,【国泰君安国际策略速评】汽车行业：比亚迪(01211.HK)：新能源车九月销量高增长，燃油车持稳
2018-10-11,"新能源行业周报:积极的因素在增多,行业景气度在转好","新能源行业周报:积极的因素在增多,行业景气度在转好"
2018-10-11,比亚迪9月销量大涨 新能源车首次突破2.5万辆,比亚迪9月销量大涨 新能源车首次突破2.5万辆
2018-10-11,11日公告透露利好 20只个股有望爆发,11日公告透露利好 20只个股有望爆发
2018-10-11,【中金汽车】比亚迪：新能源乘用车月销创新高；助力业绩回升,【中金汽车】比亚迪：新能源乘用车月销创新高；助力业绩回升
2018-10-11,【招商汽车|公司点评】比亚迪：9月销量超预期，新能源新车型保持强势,【招商汽车|公司点评】比亚迪：9月销量超预期，新能源新车型保持强势
2018-10-11,比亚迪宋MAX车主原音回放 再现调查现场,比亚迪宋MAX车主原音回放 再现调查现场
2018-10-11,比亚迪新能源车9月销量大涨121% 占据当月销量近6成份额,比亚迪新能源车9月销量大涨121% 占据当月销量近6成份额
2018-10-12,确认氢燃料电池研发 比亚迪为何自行“打脸”？,确认氢燃料电池研发 比亚迪为何自行“打脸”？
2018-10-12,比亚迪涨逾8% 9月份新能源车销量大增,比亚迪涨逾8% 9月份新能源车销量大增
2018-10-12,港股异动︱9月份整体销量同比升40% 比亚迪(01211)涨5.26%,港股异动︱9月份整体销量同比升40% 比亚迪(01211)涨5.26%
2018-10-12,比亚迪新能源甩燃油车飞奔,比亚迪新能源甩燃油车飞奔
2018-10-13,"94%A股公司获政府补助创新高，79家公司靠""输血""扭亏","94%A股公司获政府补助创新高，79家公司靠""输血""扭亏"
2018-10-13,三季度自主品牌销量：主力集体回暖 马太效应加剧,三季度自主品牌销量：主力集体回暖 马太效应加剧
2018-10-15,20多只汽车整车股全线下跌 仅剩比亚迪微涨1% 连续下跌,20多只汽车整车股全线下跌 仅剩比亚迪微涨1% 连续下跌
2018-10-15,环视四周全是对手 北汽新能源据年销15万辆目标还有多远,环视四周全是对手 北汽新能源据年销15万辆目标还有多远
2018-10-15,[领先大市-A评级]电力设备行业动态分析：特高压高歌猛进 电动车不负旺季,[领先大市-A评级]电力设备行业动态分析：特高压高歌猛进 电动车不负旺季
2018-10-15,新能源行业周报：多方利好 宁德时代展现强者风范,新能源行业周报：多方利好 宁德时代展现强者风范
2018-10-15,[中性评级]汽车行业周报：9月汽车销量出炉 全月零售销量同比下滑14%,[中性评级]汽车行业周报：9月汽车销量出炉 全月零售销量同比下滑14%
2018-10-15,[推荐评级]电气设备行业事件点评报告：电动车产销提速 产业链企稳在望,[推荐评级]电气设备行业事件点评报告：电动车产销提速 产业链企稳在望
2018-10-15,[强于大市评级]汽车行业点评：9月车市低迷 新能源销量超预期,[强于大市评级]汽车行业点评：9月车市低迷 新能源销量超预期
2018-10-15,[买入评级]汽车行业动态：新能源汽车9月产销12.7/12.1万辆 同比增长64.4%/54.8%,[买入评级]汽车行业动态：新能源汽车9月产销12.7/12.1万辆 同比增长64.4%/54.8%
2018-10-15,【中金汽车】周报：9月车市双位数下滑；华晨宝马拟转让中方25%股权,【中金汽车】周报：9月车市双位数下滑；华晨宝马拟转让中方25%股权
2018-10-15,[买入评级]跨市场新能源汽车行业观察之十：9月新能源汽车销量12.1万辆 同比+55% 环比+20%,[买入评级]跨市场新能源汽车行业观察之十：9月新能源汽车销量12.1万辆 同比+55% 环比+20%
2018-10-15,[看好评级]新能源汽车产业链周报：9月新能源汽车和动力电池双双报喜,[看好评级]新能源汽车产业链周报：9月新能源汽车和动力电池双双报喜
2018-10-15,[推荐评级]机械行业周报：9月动力电池装机量同比增66% Q3煤机行业产值或创新高,[推荐评级]机械行业周报：9月动力电池装机量同比增66% Q3煤机行业产值或创新高
2018-10-15,[买入评级]比亚迪(002594)简评：9月产销快报发布 新能源持续发力 燃油车结构向好,[买入评级]比亚迪(002594)简评：9月产销快报发布 新能源持续发力 燃油车结构向好
2018-10-15,【G20周刊】宁德时代入选第三批制造业单项冠军企业,【G20周刊】宁德时代入选第三批制造业单项冠军企业
2018-10-15,[增持评级]华泰证券交运设备行业周报(第四十一周),[增持评级]华泰证券交运设备行业周报(第四十一周)
2018-10-15,[推荐评级]机械行业周报：看好基本面良好 下跌后估值优势凸显的个股,[推荐评级]机械行业周报：看好基本面良好 下跌后估值优势凸显的个股
2018-10-16,【华泰汽车谢志才团队】新能源乘用车9月销量高增长，全年增速或超预期,【华泰汽车谢志才团队】新能源乘用车9月销量高增长，全年增速或超预期
2018-10-16,从比亚迪唐DM的正面碰撞，我们可以看出4点信息,从比亚迪唐DM的正面碰撞，我们可以看出4点信息
2018-10-16,[买入评级]电气设备行业简评：新能源汽车：乘用车产销持续高增长 商用车起量在即,[买入评级]电气设备行业简评：新能源汽车：乘用车产销持续高增长 商用车起量在即
2018-10-16,电气设备：乘用车产销持续高增长 荐5股,电气设备：乘用车产销持续高增长 荐5股
2018-10-16,文灿股份：特斯拉订单稳定，比亚迪逐步供货,文灿股份：特斯拉订单稳定，比亚迪逐步供货
2018-10-16,前三季度MPV风云生变：奥德赛回暖 宋MAX暴增,前三季度MPV风云生变：奥德赛回暖 宋MAX暴增
2018-10-16,电气设备新能源行业快评：9月新能源汽车销量点评,电气设备新能源行业快评：9月新能源汽车销量点评
2018-10-16,[中性评级]2018年汽车行业三季度前瞻：行业短期景气度下行 关注确定性的细分子板块,[中性评级]2018年汽车行业三季度前瞻：行业短期景气度下行 关注确定性的细分子板块
2018-10-16,浙商·电气新能源 | 18年前三季新能源汽车产销逾70万辆,浙商·电气新能源 | 18年前三季新能源汽车产销逾70万辆
2018-10-16,55股获券商买入评级 新城控股目标涨幅达117.19%,55股获券商买入评级 新城控股目标涨幅达117.19%
2018-10-16,比亚迪成功签约巴西首个锂电池集装箱式储能项目,比亚迪成功签约巴西首个锂电池集装箱式储能项目
2018-10-16,汽车周报:维持行业低配观点(包含行业数据及海外主要事件点评),汽车周报:维持行业低配观点(包含行业数据及海外主要事件点评)
2018-10-16,[买入评级]汽车和汽车零部件行业点评：新能源乘用车销量创新高 比亚迪一骑绝尘,[买入评级]汽车和汽车零部件行业点评：新能源乘用车销量创新高 比亚迪一骑绝尘
2018-10-16,[中性评级]电气设备及新能源行业周报：行业继续边际向好 关注龙头公司机会,[中性评级]电气设备及新能源行业周报：行业继续边际向好 关注龙头公司机会
2018-10-17,电新行业：乘用车表现亮眼 看好龙头成长行情,电新行业：乘用车表现亮眼 看好龙头成长行情
2018-10-17,电气设备与新能源行业周报：电动车产销旺盛 看好龙头成长行情,电气设备与新能源行业周报：电动车产销旺盛 看好龙头成长行情
2018-10-17,比亚迪：青海三原电池扩产项目预计明年底可以全部达产,比亚迪：青海三原电池扩产项目预计明年底可以全部达产
2018-10-17,比亚迪：9月份新能源乘用车销量同比增121%,比亚迪：9月份新能源乘用车销量同比增121%
2018-10-17,9月新能源车销量出炉 逐步成为拉动车市增长核心力量,9月新能源车销量出炉 逐步成为拉动车市增长核心力量
2018-10-17,【中金汽车】比亚迪：新车周期强劲；盈利有望超预期,【中金汽车】比亚迪：新车周期强劲；盈利有望超预期
2018-10-17,【电新*曾朵红】9月电动车销12.1万辆，乘用车表现亮眼，商用车开始起量，看好龙头成长行情！,【电新*曾朵红】9月电动车销12.1万辆，乘用车表现亮眼，商用车开始起量，看好龙头成长行情！
2018-10-17,新能源汽车行业点评39:18年前三季新能源汽车产销逾70万辆,新能源汽车行业点评39:18年前三季新能源汽车产销逾70万辆
2018-10-17,比亚迪9月销量超过4.5万辆 同比增38%,比亚迪9月销量超过4.5万辆 同比增38%
2018-10-18,"电力设备与新能源行业9月装机电量点评:同环比增幅明显,商用车已起量","电力设备与新能源行业9月装机电量点评:同环比增幅明显,商用车已起量"
2018-10-19,比亚迪大涨145%跃升榜眼 9月中巴市场前五新面孔多,比亚迪大涨145%跃升榜眼 9月中巴市场前五新面孔多
2018-10-19,中金：电车金九销量成色足，产业链景气向好,中金：电车金九销量成色足，产业链景气向好
2018-10-19,【大行速递】中金维持比亚迪(01211-HK)目标价,【大行速递】中金维持比亚迪(01211-HK)目标价
2018-10-19,比亚迪:新能源汽车龙头 期待下半年业绩回升,比亚迪:新能源汽车龙头 期待下半年业绩回升
2018-10-19,第313批新车公示： 新能源专用车仅66款,第313批新车公示： 新能源专用车仅66款
2018-10-19,【东吴电新】9月电动车销12.1万辆，乘用车表现亮眼，商用车开始起量，看好龙头成长行情！,【东吴电新】9月电动车销12.1万辆，乘用车表现亮眼，商用车开始起量，看好龙头成长行情！
2018-10-19,乐金健康董事长金道明辞职 吕向阳接任 董监高成员变化,乐金健康董事长金道明辞职 吕向阳接任 董监高成员变化
2018-10-22,【国金新能源车】37页PPT解析电动车终端销售数据,【国金新能源车】37页PPT解析电动车终端销售数据
2018-10-22,港股异动︱受益于汽车股全线走强 比亚迪(01211)AH均大涨,港股异动︱受益于汽车股全线走强 比亚迪(01211)AH均大涨
2018-10-22,长安新能源出售51%股权 新能源至“抱团取暖”关键时刻？,长安新能源出售51%股权 新能源至“抱团取暖”关键时刻？
2018-10-22,"2018年机械行业周报10月第3期:能源装备景气有望继续改善,9月工业机器人产量首次下降","2018年机械行业周报10月第3期:能源装备景气有望继续改善,9月工业机器人产量首次下降"
2018-10-22,电气设备：新能源整车项目相继落地上海 荐7股,电气设备：新能源整车项目相继落地上海 荐7股
2018-10-23,2018年仅剩一个季度 各车企新能源销量目标完成了多少？,2018年仅剩一个季度 各车企新能源销量目标完成了多少？
2018-10-23,【锂电G20】落子波兰 比亚迪储能全球版图延伸,【锂电G20】落子波兰 比亚迪储能全球版图延伸
2018-10-23,「储能资讯」比亚迪波兰储能项目正式运营；国家能源局：9月份全社会用电量同比增长8%,「储能资讯」比亚迪波兰储能项目正式运营；国家能源局：9月份全社会用电量同比增长8%
2018-10-25,"电力设备行业:脚步未止,静待量变到质变","电力设备行业:脚步未止,静待量变到质变"
2018-10-25,车企布局智能网联(1),车企布局智能网联(1)
2018-10-25,车企布局智能网联(2),车企布局智能网联(2)
2018-10-25,比亚迪将推出全新e6 由秦Pro EV换标而来？,比亚迪将推出全新e6 由秦Pro EV换标而来？
2018-10-25,最新家族内饰设计，比亚迪元EV360新款消息曝出,最新家族内饰设计，比亚迪元EV360新款消息曝出
2018-10-26,“香格里拉计划”一周年 长安新能源为何出让51%股权？,“香格里拉计划”一周年 长安新能源为何出让51%股权？
2018-10-26,车市寒冬下，谁在引领新能源车市上涨？,车市寒冬下，谁在引领新能源车市上涨？
2018-10-26,新一批拟撤销免税新能源车型目录公布 北汽比亚迪在列,新一批拟撤销免税新能源车型目录公布 北汽比亚迪在列
2018-10-26,动力电池9月装机量5.8GWh，客车产能提升带动动力电池市场增长,动力电池9月装机量5.8GWh，客车产能提升带动动力电池市场增长
2018-10-26,2018年9月电池电机电控装机量：电池装机总电量约5.77GWh，同比增长69%,2018年9月电池电机电控装机量：电池装机总电量约5.77GWh，同比增长69%
2018-10-26,不愧是车价屠夫！宝骏两款车型跻身销量排行榜前五！,不愧是车价屠夫！宝骏两款车型跻身销量排行榜前五！
2018-10-26,一电排行榜 | 新能源乘用车9月产量排行：奇瑞eQ1/比亚迪唐分获细分市场冠军 蔚来产能再提升,一电排行榜 | 新能源乘用车9月产量排行：奇瑞eQ1/比亚迪唐分获细分市场冠军 蔚来产能再提升
2018-10-28,汽车：9月电池龙头市占保持提升 荐6股,汽车：9月电池龙头市占保持提升 荐6股
2018-10-28,【华泰汽车每周谈】Q3基金略有加仓，仍显著低配,【华泰汽车每周谈】Q3基金略有加仓，仍显著低配
2018-10-29,比亚迪(01211-HK)第三季盈利跌近2%　料全年至少跌23%,比亚迪(01211-HK)第三季盈利跌近2%　料全年至少跌23%
2018-10-29,比亚迪第三季度净利润达10.48亿元环比增长178%,比亚迪第三季度净利润达10.48亿元环比增长178%
2018-10-29,比亚迪乘用车销量逆势增长，三季度净利润跌幅收窄,比亚迪乘用车销量逆势增长，三季度净利润跌幅收窄
2018-10-29,比亚迪三季度净利10.48亿元，与去年同期持平,比亚迪三季度净利10.48亿元，与去年同期持平
2018-10-29,今年前三季度比亚迪净利润骤减45%，预计全年降幅超23% 盈利能力下降,今年前三季度比亚迪净利润骤减45%，预计全年降幅超23% 盈利能力下降
2018-10-29,比亚迪：前三季度净利15.27亿 同比下滑45%,比亚迪：前三季度净利15.27亿 同比下滑45%
2018-10-29,比亚迪前三季度净利同比降45.3% 高管拟减持100万股,比亚迪前三季度净利同比降45.3% 高管拟减持100万股
2018-10-29,比亚迪：前三季度净利润同比减45.30% 盈利能力下降,比亚迪：前三季度净利润同比减45.30% 盈利能力下降
2018-10-29,比亚迪前三季度净利润15.27亿元，同比减少45.3%,比亚迪前三季度净利润15.27亿元，同比减少45.3%
2018-10-29,电气设备：业绩分化优选龙头 荐5股,电气设备：业绩分化优选龙头 荐5股
2018-10-29,中国9月新能源车电机装机量近13万，比亚迪/北汽新能源/精进电动排前三,中国9月新能源车电机装机量近13万，比亚迪/北汽新能源/精进电动排前三
2018-10-29,【G20周刊】宁德时代1-9月动力电池装机量11.83GWh,【G20周刊】宁德时代1-9月动力电池装机量11.83GWh
2018-10-29,5G系统频率使用许可，将于年内发放； 顺丰优选“丰溯GO”上线，主打保税+社区新零售模式丨【每日播报】,5G系统频率使用许可，将于年内发放； 顺丰优选“丰溯GO”上线，主打保税+社区新零售模式丨【每日播报】
2018-10-29,比亚迪三季报：前三季度净利15.27亿 同比下降45.3%,比亚迪三季报：前三季度净利15.27亿 同比下降45.3%
2018-10-30,【光大海外汽车】比亚迪（1211.HK）:3Q18符合预期，新能源乘用车如期回暖 ——2018年三季报业绩点评,【光大海外汽车】比亚迪（1211.HK）:3Q18符合预期，新能源乘用车如期回暖 ——2018年三季报业绩点评
2018-10-30,【招商汽车|三季报】比亚迪：Q3业绩符合预期，强势新品周期带来业绩改善,【招商汽车|三季报】比亚迪：Q3业绩符合预期，强势新品周期带来业绩改善
2018-10-30,比亚迪发布第三季度财报 同比增长20.54%,比亚迪发布第三季度财报 同比增长20.54%
2018-10-30,比亚迪三季度利润跌幅收窄，汽车业务增长显著,比亚迪三季度利润跌幅收窄，汽车业务增长显著
2018-10-30,【中金汽车】比亚迪：合资表现强劲 自主有压力,【中金汽车】比亚迪：合资表现强劲 自主有压力
2018-10-30,新能源汽车持续发力 比亚迪第三季度财报现“曙光”,新能源汽车持续发力 比亚迪第三季度财报现“曙光”
2018-10-30,【零售市场分析】9月新能源乘用车零售市场分析报告：纯电动SUV占比份额扩大近7倍,【零售市场分析】9月新能源乘用车零售市场分析报告：纯电动SUV占比份额扩大近7倍
2018-10-30,比亚迪第三季度财报发布，增收不增利,比亚迪第三季度财报发布，增收不增利
2018-10-30,9月全球电动车销量首超20万辆创新高 特斯拉Model 3夺四连冠,9月全球电动车销量首超20万辆创新高 特斯拉Model 3夺四连冠
2018-10-30,盘前必读公告：这些股不容错过！,盘前必读公告：这些股不容错过！
2018-10-30,比亚迪前预计2018全年盈利27.27亿-31.27亿元,比亚迪前预计2018全年盈利27.27亿-31.27亿元
2018-10-30,营收889.81亿/净赚15.27亿 比亚迪前三季度净利近乎腰斩,营收889.81亿/净赚15.27亿 比亚迪前三季度净利近乎腰斩
2018-10-30,净利润超10亿 比亚迪第三季度财报发布,净利润超10亿 比亚迪第三季度财报发布
2018-10-30,【财通汽车】比亚迪(002594)：业绩符合预期，持续改善可期,【财通汽车】比亚迪(002594)：业绩符合预期，持续改善可期
2018-10-31,数说丨北汽新能源9月回归三强，比亚迪继续称冠,数说丨北汽新能源9月回归三强，比亚迪继续称冠
2018-10-31,德国光伏企业将与中企联手开发第三方市场,德国光伏企业将与中企联手开发第三方市场
2018-10-31,比亚迪前三季度增收不增利 新能源汽车热销拉升业绩,比亚迪前三季度增收不增利 新能源汽车热销拉升业绩
2018-10-31,比亚迪：新能源乘用车王者归来！业绩符合预期【安信汽车】,比亚迪：新能源乘用车王者归来！业绩符合预期【安信汽车】
2018-11-01,读懂新能源的第一篇雄文！钴锂、电芯、三元……产业链上中下游都梳理好了！,读懂新能源的第一篇雄文！钴锂、电芯、三元……产业链上中下游都梳理好了！
2018-11-01,动力电池争霸：四成江山归宁德时代 比亚迪追赶乏力,动力电池争霸：四成江山归宁德时代 比亚迪追赶乏力
2018-11-02,比亚迪今日大宗交易成交10万股，成交价41.13元折价14.35%,比亚迪今日大宗交易成交10万股，成交价41.13元折价14.35%
2018-11-02,比亚迪发布前三季度财报:整车业务逆势大涨 现金流由负转正,比亚迪发布前三季度财报:整车业务逆势大涨 现金流由负转正
2018-11-02,【中金汽车】最新！基金三季报：低估值、细分行业alpha标的获增配,【中金汽车】最新！基金三季报：低估值、细分行业alpha标的获增配
2018-11-02,【锂电G20】比亚迪18台集装箱储能再出货英国,【锂电G20】比亚迪18台集装箱储能再出货英国
2018-11-05,汽车：三季度行业业绩承压 荐3股,汽车：三季度行业业绩承压 荐3股
2018-11-05,"比亚迪首次覆盖报告:上海供需向好,坐享时刻变现","比亚迪首次覆盖报告:上海供需向好,坐享时刻变现"
2018-11-05,2款综合续航超500公里，工信部发第11批推荐目录,2款综合续航超500公里，工信部发第11批推荐目录
2018-11-05,汽车：需求结构改善明显 荐5股,汽车：需求结构改善明显 荐5股
2018-11-05,10万块的车给你30万级的装备，还要啥自行车啊！,10万块的车给你30万级的装备，还要啥自行车啊！
2018-11-05,汽车：工信部公布第五批减免车船税新能源车型目录 荐4股,汽车：工信部公布第五批减免车船税新能源车型目录 荐4股
2018-11-05,电气设备：中游格局持续集中 荐7股,电气设备：中游格局持续集中 荐7股
2018-11-05,【G20周刊】中科科技现有基膜产能2.4亿㎡,【G20周刊】中科科技现有基膜产能2.4亿㎡
2018-11-05,电气设备：2018年Q3全球新能源乘用车销量表现抢眼 荐6股,电气设备：2018年Q3全球新能源乘用车销量表现抢眼 荐6股
2018-11-05,工信部第11批新能源汽车推荐目录：丰田/奇点/小鹏等161款车型入榜,工信部第11批新能源汽车推荐目录：丰田/奇点/小鹏等161款车型入榜
2018-11-06,Google、西门子、松下之后，新能源界“奥斯卡”花落谁家？,Google、西门子、松下之后，新能源界“奥斯卡”花落谁家？
2018-11-06,与地方政府达成初步共识 融捷股份旗下“亚洲最大锂矿”矿脉有望复产,与地方政府达成初步共识 融捷股份旗下“亚洲最大锂矿”矿脉有望复产
2018-11-06,比亚迪10月份销售新能源汽车27667辆,比亚迪10月份销售新能源汽车27667辆
2018-11-06,比亚迪：1-10月累计新能源汽车销量为17.11万辆,比亚迪：1-10月累计新能源汽车销量为17.11万辆
2018-11-06,共42款车型 第11批新能源汽车推荐目录,共42款车型 第11批新能源汽车推荐目录
2018-11-06,电气设备：工况续航500来了,电气设备：工况续航500来了
2018-11-06,日系又一家企业加入，新能源汽车市场竞争将更激烈,日系又一家企业加入，新能源汽车市场竞争将更激烈
2018-11-06,两款纯电动车续航达500km 第 11 批新能源车推广目录,两款纯电动车续航达500km 第 11 批新能源车推广目录
2018-11-06,电力设备与新能源行业:通威股份,电力设备与新能源行业:通威股份
2018-11-06,"2018汽车行业三季报总结:景气度下行压制行业营收、利润增速,新能源乘用车与零部件子领域表现相对突出","2018汽车行业三季报总结:景气度下行压制行业营收、利润增速,新能源乘用车与零部件子领域表现相对突出"
2018-11-06,"电新锂电专题之一:新补贴政策实施,强者恒强趋势明显","电新锂电专题之一:新补贴政策实施,强者恒强趋势明显"
2018-11-06,新能源汽车第11批目录：宁德时代能量密度达170Wh/kg、续航超500公里,新能源汽车第11批目录：宁德时代能量密度达170Wh/kg、续航超500公里
2018-11-07,15.6寸大屏、全液晶仪表、AI助手统统标配！这辆紧凑级SUV跟比亚迪宋干上了？,15.6寸大屏、全液晶仪表、AI助手统统标配！这辆紧凑级SUV跟比亚迪宋干上了？
2018-11-07,公告精选：专项解困基金举牌*ST尤夫；康得新控股股东引入张家港城投等战投；海南橡胶明日复牌,公告精选：专项解困基金举牌*ST尤夫；康得新控股股东引入张家港城投等战投；海南橡胶明日复牌
2018-11-07,当升科技：拟与比亚迪签动力锂电材料供货协议,当升科技：拟与比亚迪签动力锂电材料供货协议
2018-11-07,比亚迪发布公告 今年前10个月销量约40.1万辆,比亚迪发布公告 今年前10个月销量约40.1万辆
2018-11-07,比亚迪新能源车前10月累计销量超17万辆 达成年目标几无悬念,比亚迪新能源车前10月累计销量超17万辆 达成年目标几无悬念
2018-11-07,新能源车销量大增利润大降 深交所问询比亚迪是否过度依赖补贴 盈利能力下降,新能源车销量大增利润大降 深交所问询比亚迪是否过度依赖补贴 盈利能力下降
2018-11-07,当升科技：今年向比亚迪供应链公司的销售额度预计提升至2亿元,当升科技：今年向比亚迪供应链公司的销售额度预计提升至2亿元
2018-11-07,比亚迪：今年新能源车及燃油车销量均将大幅增长,比亚迪：今年新能源车及燃油车销量均将大幅增长
2018-11-07,(互动)比亚迪：燃油车及新能源汽车销量均有大幅提升,(互动)比亚迪：燃油车及新能源汽车销量均有大幅提升
2018-11-07,"电气设备行业研究周报:2019年光伏发电政策制定即将启动,ModelY2019年或正式发布","电气设备行业研究周报:2019年光伏发电政策制定即将启动,ModelY2019年或正式发布"
2018-11-07,车企三季报冷热不均 车市进入淘汰赛,车企三季报冷热不均 车市进入淘汰赛
2018-11-07,三季度比亚迪财报业绩逆流增长 且看比亚迪如何提升产品竞争力？,三季度比亚迪财报业绩逆流增长 且看比亚迪如何提升产品竞争力？
2018-11-07,2018年只剩两个月的时间，各大车企的年度销量目标完成得怎么样？,2018年只剩两个月的时间，各大车企的年度销量目标完成得怎么样？
2018-11-07,【中金汽车】比亚迪产销快评：10月销量持续提升；细分市场竞品增多,【中金汽车】比亚迪产销快评：10月销量持续提升；细分市场竞品增多
2018-11-08,不止唐DM五座版，广州车展比亚迪还将预售这些重磅新能源车型,不止唐DM五座版，广州车展比亚迪还将预售这些重磅新能源车型
2018-11-08,2019补贴退坡40%，新能源车企准备好了吗？,2019补贴退坡40%，新能源车企准备好了吗？
2018-11-08,10月汽车销量快报：银十不按套路出牌，长城吉利轮流坐庄，上汽hold不住，广汽打酱油,10月汽车销量快报：银十不按套路出牌，长城吉利轮流坐庄，上汽hold不住，广汽打酱油
2018-11-08,比亚迪上扬4% 获瑞信维持跑赢大市评级,比亚迪上扬4% 获瑞信维持跑赢大市评级
2018-11-08,年底上市 全新唐五座版11月11日预售,年底上市 全新唐五座版11月11日预售
2018-11-08,今日股市重大利好消息 11月8日这7只股票或涨停,今日股市重大利好消息 11月8日这7只股票或涨停
2018-11-08,比亚迪全新一代唐五座版下线 “双十一”预售/2018年底上市,比亚迪全新一代唐五座版下线 “双十一”预售/2018年底上市
2018-11-08,当升科技：拟与比亚迪签订供货协议 有望成为其主流供应商,当升科技：拟与比亚迪签订供货协议 有望成为其主流供应商
2018-11-08,A股情报：社保连续7个季度重仓4只黄金股,A股情报：社保连续7个季度重仓4只黄金股
2018-11-08,比亚迪推全新混动MPV 含两种续航版本/年底上市,比亚迪推全新混动MPV 含两种续航版本/年底上市
2018-11-08,港股异动︱获瑞信看高至81港元 比亚迪(01211)涨超5%,港股异动︱获瑞信看高至81港元 比亚迪(01211)涨超5%
2018-11-09,巨丰周报：A股出现五连阴 上方压力依旧不容小觑,巨丰周报：A股出现五连阴 上方压力依旧不容小觑
2018-11-09,[智汇评]银行股为何暴跌逆势大涨这些股票是何原因,[智汇评]银行股为何暴跌逆势大涨这些股票是何原因
2018-11-09,比亚迪：电子玻璃业务已获全球多款高端机型订单,比亚迪：电子玻璃业务已获全球多款高端机型订单
2018-11-09,头号研报：特斯拉迎业绩拐点 催生产业链扩张机会,头号研报：特斯拉迎业绩拐点 催生产业链扩张机会
2018-11-09,【协会资讯】中国汽车工业协会2018年11月信息发布会在京举行,【协会资讯】中国汽车工业协会2018年11月信息发布会在京举行
2018-11-09,专访比亚迪叶庭文：汽车市场“寒冬”之下，传统车企的实力与压力,专访比亚迪叶庭文：汽车市场“寒冬”之下，传统车企的实力与压力
2018-11-09,当升科技供给比亚迪正极材料 2018年交易额达2亿元,当升科技供给比亚迪正极材料 2018年交易额达2亿元
2018-11-09,巨丰热点前瞻：市场持续横盘调整或迎变盘 关注场内结构性机会,巨丰热点前瞻：市场持续横盘调整或迎变盘 关注场内结构性机会
2018-11-09,比亚迪、华菱重卡入选 环卫车要走俏？ 第11批新能源物流车数量大减,比亚迪、华菱重卡入选 环卫车要走俏？ 第11批新能源物流车数量大减
2018-11-09,“爆冷”的金九银十 这四家自主品牌逆流而上,“爆冷”的金九银十 这四家自主品牌逆流而上
2018-11-09,动力电池成必争之地，新能源车企面临独斗还是抱团的选择,动力电池成必争之地，新能源车企面临独斗还是抱团的选择
2018-11-10,乘联会：新能源乘用车销量再创新高，北汽碾压比亚迪夺销冠,乘联会：新能源乘用车销量再创新高，北汽碾压比亚迪夺销冠
2018-11-10,汽车：10月新能源乘用车合格证同比增长100% 新能源客车持续下滑,汽车：10月新能源乘用车合格证同比增长100% 新能源客车持续下滑
2018-11-10,深圳中行与10家深圳民企达成战略合作 包括迈瑞医疗、比亚迪等,深圳中行与10家深圳民企达成战略合作 包括迈瑞医疗、比亚迪等
2018-11-10,主力资金净流出逾600亿2600点能撑住吗？留意一汽车股,主力资金净流出逾600亿2600点能撑住吗？留意一汽车股
2018-11-10,深圳中行与10家深圳民企达成战略合作,深圳中行与10家深圳民企达成战略合作
2018-11-11,电气设备：守得云开 荐7股,电气设备：守得云开 荐7股
2018-11-12,10月新能源车销量出炉，比亚迪唐同比暴增6倍，北汽EC系列破两万,10月新能源车销量出炉，比亚迪唐同比暴增6倍，北汽EC系列破两万
2018-11-12,10月新能源乘用车同比增长84.8% 2018年有望突破95万辆,10月新能源乘用车同比增长84.8% 2018年有望突破95万辆
2018-11-12,电气设备：新能源乘用车环比持续高增长 荐6股,电气设备：新能源乘用车环比持续高增长 荐6股
2018-11-12,只买“交强险”？撞上豪车不够赔！,只买“交强险”？撞上豪车不够赔！
2018-11-12,比亚迪唐五座版11月16日上市 搭DiLink智能网联,比亚迪唐五座版11月16日上市 搭DiLink智能网联
2018-11-12,EV晨报 | 万向拟建设动力电池项目；零跑S01补贴后售10-15万元；宝能入局飞行汽车,EV晨报 | 万向拟建设动力电池项目；零跑S01补贴后售10-15万元；宝能入局飞行汽车
2018-11-12,比亚迪宋MAX插电混动版车型或广州车展开启预售 1.5T+双电机,比亚迪宋MAX插电混动版车型或广州车展开启预售 1.5T+双电机
2018-11-12,连续两月“全军覆没” 客车市场2018无望再翻盘,连续两月“全军覆没” 客车市场2018无望再翻盘
2018-11-12,比亚迪唐5座版将于广州车展正式上市,比亚迪唐5座版将于广州车展正式上市
2018-11-12,"2018年机械行业周报11月第2期:10月动力电池装机量同比增103%,国内页岩气开采力度持续提高","2018年机械行业周报11月第2期:10月动力电池装机量同比增103%,国内页岩气开采力度持续提高"
2018-11-12,比亚迪宋家族10月销17473辆 累销近45万,比亚迪宋家族10月销17473辆 累销近45万
2018-11-13,复星捷威动力投资108亿建设三元软包电池项目,复星捷威动力投资108亿建设三元软包电池项目
2018-11-13,营收增加净利却下滑 比亚迪准备重夺电池一哥宝座？,营收增加净利却下滑 比亚迪准备重夺电池一哥宝座？
2018-11-13,光大永明资产注册16亿元计划 助力民营经济发展,光大永明资产注册16亿元计划 助力民营经济发展
2018-11-13,“光大永明-比亚迪动力电池基础设施债权投资计划” 助力民营经济发展,“光大永明-比亚迪动力电池基础设施债权投资计划” 助力民营经济发展
2018-11-13,10月份新能源销量前五车型了解下？,10月份新能源销量前五车型了解下？
2018-11-13,"电力设备行业:守得云开,方见月明","电力设备行业:守得云开,方见月明"
2018-11-13,吉利汽车、长安轿车、比亚迪等多个品牌10月库存深度超两月,吉利汽车、长安轿车、比亚迪等多个品牌10月库存深度超两月
2018-11-13,【电新*曾朵红】10月电动车销13.8万辆，乘用车与商用车均稳定增长，看好龙头成长行情,【电新*曾朵红】10月电动车销13.8万辆，乘用车与商用车均稳定增长，看好龙头成长行情
2018-11-14,广州来的早，新车随便搞，12款新能源车抢先探馆！,广州来的早，新车随便搞，12款新能源车抢先探馆！
2018-11-14,10月新能源汽车销量达11.7万辆 哪些车型销量最高？,10月新能源汽车销量达11.7万辆 哪些车型销量最高？
2018-11-14,比亚迪F0 EV申报图曝光 延续燃油车风格,比亚迪F0 EV申报图曝光 延续燃油车风格
2018-11-14,风波之中的银隆面临着技术路线选择的问题,风波之中的银隆面临着技术路线选择的问题
2018-11-14,中通进前三比亚迪份额稳步提升 前10月新能源客车市场分析,中通进前三比亚迪份额稳步提升 前10月新能源客车市场分析
2018-11-14,日产聆风也来广州车展凑热闹，税费够买一台比亚迪元,日产聆风也来广州车展凑热闹，税费够买一台比亚迪元
2018-11-14,"汽车和汽车零部件行业研究:新能源乘用车销量再创新高,纯电A00级车重回市场第一","汽车和汽车零部件行业研究:新能源乘用车销量再创新高,纯电A00级车重回市场第一"
2018-11-14,汽车：锂电龙头强化 荐4股,汽车：锂电龙头强化 荐4股
2018-11-14,自主品牌勃兴：由汽车大国到汽车强国,自主品牌勃兴：由汽车大国到汽车强国
2018-11-14,基于燃油版打造而来 比亚迪F0 EV申报图,基于燃油版打造而来 比亚迪F0 EV申报图
2018-11-14,20万人告诉你 什么样的新能源车有市场,20万人告诉你 什么样的新能源车有市场
2018-11-14,新能源汽车频受“烤” 验电池测试切莫急功近利,新能源汽车频受“烤” 验电池测试切莫急功近利
2018-11-14,新能源汽车行业点评40:上调2018年新能源汽车产量预期至125万辆,新能源汽车行业点评40:上调2018年新能源汽车产量预期至125万辆
2018-11-14,2018广州车展探馆：比亚迪性能怪兽—唐DM,2018广州车展探馆：比亚迪性能怪兽—唐DM
2018-11-14,2018广州车展探馆：比亚迪 全新一代唐EV600,2018广州车展探馆：比亚迪 全新一代唐EV600
2018-11-15,工信部第314批新车公示：国能/比亚迪/观致等60家企业134款新能源车进入,工信部第314批新车公示：国能/比亚迪/观致等60家企业134款新能源车进入
2018-11-15,A股车企10月产销快报：共销售120.6万辆下滑13% 新能源车销量翻倍,A股车企10月产销快报：共销售120.6万辆下滑13% 新能源车销量翻倍
2018-11-15,第314批新车公示：观致、国能首现目录，比亚迪F0纯电版曝光,第314批新车公示：观致、国能首现目录，比亚迪F0纯电版曝光
2018-11-15,【东吴电新】10月装机电量点评：同比翻倍，环比持平，单车带电量均略有下滑,【东吴电新】10月装机电量点评：同比翻倍，环比持平，单车带电量均略有下滑
2018-11-15,【东吴电新】10月电动车销13.8万辆，乘用车与商用车均稳定增长，看好龙头成长行情,【东吴电新】10月电动车销13.8万辆，乘用车与商用车均稳定增长，看好龙头成长行情
2018-11-15,销售下滑、存货激增 汽车行业迎来“寒冬”,销售下滑、存货激增 汽车行业迎来“寒冬”
2018-11-15,牛叉！宁德时代和比亚迪都争着抢 磷酸铁锂或依托新靠山逆袭,牛叉！宁德时代和比亚迪都争着抢 磷酸铁锂或依托新靠山逆袭
2018-11-15,【电新*曾朵红】10月装机电量点评：同比翻倍，环比持平，单车带电量均略有下滑,【电新*曾朵红】10月装机电量点评：同比翻倍，环比持平，单车带电量均略有下滑
2018-11-15,【汽车丨于特】新能源汽车10月数据点评：Q4旺季到来，前十月累计销量已超去年,【汽车丨于特】新能源汽车10月数据点评：Q4旺季到来，前十月累计销量已超去年
2018-11-15,4.1秒“破百” 曝新款比亚迪唐DM申报图,4.1秒“破百” 曝新款比亚迪唐DM申报图
2018-11-16,国际知名快递公司Aramex批量投放比亚迪T3,国际知名快递公司Aramex批量投放比亚迪T3
2018-11-16,川环科技荣获金牛奖 龙头优势突出彰显投资价值,川环科技荣获金牛奖 龙头优势突出彰显投资价值
2018-11-16,人才争夺战：被“掏空”的车企面临边缘化,人才争夺战：被“掏空”的车企面临边缘化
2018-11-16,本土车企联盟化：跟对手做朋友，产业生态被颠覆,本土车企联盟化：跟对手做朋友，产业生态被颠覆
2018-11-17,三类公司是市场的可选项,三类公司是市场的可选项
2018-11-19,苏州金龙大涨582% 中通客销量破千,苏州金龙大涨582% 中通客销量破千
2018-11-19,比亚迪英国再交车 助力运营商打造全方位智能化充电车库,比亚迪英国再交车 助力运营商打造全方位智能化充电车库
2018-11-19,2018年10月电动汽车装机6.1GWh 同比大增82.9%,2018年10月电动汽车装机6.1GWh 同比大增82.9%
2018-11-19,汽车：车市持续低迷 荐4股,汽车：车市持续低迷 荐4股
2018-11-19,汽车：新能源汽车周报 荐4股,汽车：新能源汽车周报 荐4股
2018-11-19,电力设备与新能源行业周报:新能源和电动车优质龙头成长性看好,电力设备与新能源行业周报:新能源和电动车优质龙头成长性看好
2018-11-19,中通海格逆势大涨 10月5米以上客车销售1.3万辆,中通海格逆势大涨 10月5米以上客车销售1.3万辆
2018-11-19,【G20周刊】宁德时代合资7亿布局碳酸锂产业,【G20周刊】宁德时代合资7亿布局碳酸锂产业
2018-11-19,汽车行业:新坐标,汽车行业:新坐标
2018-11-19,"电力设备与新能源行业研究:产销旺季已至,消费市场有望引领年底抢装行情","电力设备与新能源行业研究:产销旺季已至,消费市场有望引领年底抢装行情"
2018-11-19,"机械行业周报:行业估值趋向低点,建议关注估值合理的优质成长股","机械行业周报:行业估值趋向低点,建议关注估值合理的优质成长股"
2018-11-19,11月16日∣特斯拉Model 3中国售价为美国2.5倍，高配最终费用或超80万,11月16日∣特斯拉Model 3中国售价为美国2.5倍，高配最终费用或超80万
2018-11-20,董秘解码：赛象科技参股的廊坊智通符合科创板的挂牌条件,董秘解码：赛象科技参股的廊坊智通符合科创板的挂牌条件
2018-11-20,10月最畅销新能源车，前三比亚迪占两席,10月最畅销新能源车，前三比亚迪占两席
2018-11-20,"2018年机械行业周报11月第3期:光博会助力激光行业加速发展,10月工业机器人下滑幅度收窄","2018年机械行业周报11月第3期:光博会助力激光行业加速发展,10月工业机器人下滑幅度收窄"
2018-11-20,广州车展观察：“后补贴时代”，车企已做好足够准备,广州车展观察：“后补贴时代”，车企已做好足够准备
2018-11-21,与比亚迪秦pro的随心之旅 和傻白甜一起玩转甲桂林,与比亚迪秦pro的随心之旅 和傻白甜一起玩转甲桂林
2018-11-21,比亚迪/比克/鹏辉等45家企业入围广东省电池回收“白名单”,比亚迪/比克/鹏辉等45家企业入围广东省电池回收“白名单”
2018-11-21,比亚迪：厄瓜多尔向公司采购770万美金纯电动大巴,比亚迪：厄瓜多尔向公司采购770万美金纯电动大巴
2018-11-21,204GWh:宁德/比亚迪/LG化学雄心勃勃 动力电池业上演锂资源争夺战,204GWh:宁德/比亚迪/LG化学雄心勃勃 动力电池业上演锂资源争夺战
2018-11-21,比亚迪通过超短期融资券募集20亿元 全部用于偿还银行借款,比亚迪通过超短期融资券募集20亿元 全部用于偿还银行借款
2018-11-21,比亚迪：动力电池对外开放效果不错 未来一定会有更多消息发布,比亚迪：动力电池对外开放效果不错 未来一定会有更多消息发布
2018-11-21,亚马逊欲竞购迪士尼22个体育网络丨百度杀毒软件正式谢幕【Do说】,亚马逊欲竞购迪士尼22个体育网络丨百度杀毒软件正式谢幕【Do说】
2018-11-21,补贴退坡、产能过剩 锂电龙头为生存出大招,补贴退坡、产能过剩 锂电龙头为生存出大招
2018-11-21,新能源汽车行业动态跟踪第157期:日本村田展出0.05mm厚薄膜固态电池,新能源汽车行业动态跟踪第157期:日本村田展出0.05mm厚薄膜固态电池
2018-11-22,交通部邀20家民企座谈，大力支持民营企业做大做强做优,交通部邀20家民企座谈，大力支持民营企业做大做强做优
2018-11-22,166亿杀入动力电池领域 是烧钱还是强化竞争力？,166亿杀入动力电池领域 是烧钱还是强化竞争力？
2018-11-22,11月21日∣哈啰出行接入首汽约车，比亚迪募资20亿偿还银行借款,11月21日∣哈啰出行接入首汽约车，比亚迪募资20亿偿还银行借款
2018-11-22,比亚迪发行20亿元短期融资券 用于偿还银行借款,比亚迪发行20亿元短期融资券 用于偿还银行借款
2018-11-22,29股获券商买入评级：精测电子目标涨幅达68.42%,29股获券商买入评级：精测电子目标涨幅达68.42%
2018-11-23,【中金汽车】比亚迪：上行周期仍将延续；补贴退坡影响有限,【中金汽车】比亚迪：上行周期仍将延续；补贴退坡影响有限
2018-11-23,北京新能源汽车10月上牌量分析：比亚迪元表现强劲，A+级车辆逐渐占领市场,北京新能源汽车10月上牌量分析：比亚迪元表现强劲，A+级车辆逐渐占领市场
2018-11-23,巨丰投顾：创投爆炒后谁将接过领涨大旗？,巨丰投顾：创投爆炒后谁将接过领涨大旗？
2018-11-23,比亚迪：发行不超60亿元绿色债券获发改委批复,比亚迪：发行不超60亿元绿色债券获发改委批复
2018-11-23,比亚迪：发行不超过60亿元绿色债券 获国家发改委批复,比亚迪：发行不超过60亿元绿色债券 获国家发改委批复
2018-11-24,比亚迪的“三重身份”,比亚迪的“三重身份”
2018-11-24,前三季度全球电动车市全扫描 中国市场领涨向中高端迈进,前三季度全球电动车市全扫描 中国市场领涨向中高端迈进
2018-11-24,国家发改委批复比亚迪发行不超60亿元绿色债券,国家发改委批复比亚迪发行不超60亿元绿色债券
2018-11-25,电气设备：原材料价格下行 荐7股,电气设备：原材料价格下行 荐7股
2018-11-26,比亚迪搁置在加拿大开设电动卡车生产厂的计划,比亚迪搁置在加拿大开设电动卡车生产厂的计划
2018-11-26,【G20周刊】正业科技预计2018年净利超2.7亿元,【G20周刊】正业科技预计2018年净利超2.7亿元
2018-11-26,一电排行榜 | 新能源乘用车10月产量排行：北汽EC/比亚迪唐分获细分市场冠军 小鹏连续三月无产量,一电排行榜 | 新能源乘用车10月产量排行：北汽EC/比亚迪唐分获细分市场冠军 小鹏连续三月无产量
2018-11-26,动力电池四巨头拼成本 特斯拉最低宁德时代最高,动力电池四巨头拼成本 特斯拉最低宁德时代最高
2018-11-26,全球一级光伏组件供应商排名出炉！中国企业几乎占满前20,全球一级光伏组件供应商排名出炉！中国企业几乎占满前20
2018-11-27,深港通十大成交活跃股排名（11月27日）,深港通十大成交活跃股排名（11月27日）
2018-11-27,比亚迪搁置加拿大电动卡车工厂计划 仅因当地优惠政策被取消？,比亚迪搁置加拿大电动卡车工厂计划 仅因当地优惠政策被取消？
2018-11-27,一周热点：本周新能源汽车行业大事件盘点,一周热点：本周新能源汽车行业大事件盘点
2018-11-27,【一周数据】宝能集团30亿设电池公司 比亚迪月产1.4GWh电池,【一周数据】宝能集团30亿设电池公司 比亚迪月产1.4GWh电池
2018-11-27,新能源汽车行业周报:199款新能源车型拟撤销免征购置税,新能源汽车行业周报:199款新能源车型拟撤销免征购置税
2018-11-27,"新能源行业周报:动力电池一线厂商处满产状态,电车年底放量可期","新能源行业周报:动力电池一线厂商处满产状态,电车年底放量可期"
2018-11-27,动力电池10月装机量5.9GWh，北京普莱德异军突起,动力电池10月装机量5.9GWh，北京普莱德异军突起
2018-11-28,巨丰热点前瞻：市场缩量调整欲将变盘 关注场内结构性机会,巨丰热点前瞻：市场缩量调整欲将变盘 关注场内结构性机会
2018-11-28,[大行评级]瑞信：比亚迪(01211.HK)长远将成内地电动车龙头 评级“跑赢大市”看81港元,[大行评级]瑞信：比亚迪(01211.HK)长远将成内地电动车龙头 评级“跑赢大市”看81港元
2018-11-29,动力电池的AB面：高增长下难掩“先天缺陷”,动力电池的AB面：高增长下难掩“先天缺陷”
2018-11-29,戴姆勒明年在中国造电动汽车，或牵手非传统汽车公司,戴姆勒明年在中国造电动汽车，或牵手非传统汽车公司
2018-11-29,比亚迪轨道业务总经理李慧：在宜昌建设百公里“云轨”,比亚迪轨道业务总经理李慧：在宜昌建设百公里“云轨”
2018-11-29,比亚迪将在湖北宜昌建设超过100公里“云轨”,比亚迪将在湖北宜昌建设超过100公里“云轨”
2018-11-29,一电排行榜 | 10月全球新能源汽车销量达20.8万辆，北汽EC全力冲刺重返第一,一电排行榜 | 10月全球新能源汽车销量达20.8万辆，北汽EC全力冲刺重返第一
2018-11-30,10月全球电动车销量TOP20：北汽逆袭夺冠,10月全球电动车销量TOP20：北汽逆袭夺冠
2018-11-30,新能源车也来做私募！比亚迪全资子公司完成私募基金管理人登记,新能源车也来做私募！比亚迪全资子公司完成私募基金管理人登记
2018-11-30,涨停揭秘：两市缩量震荡反弹 锂电股呈现涨停潮,涨停揭秘：两市缩量震荡反弹 锂电股呈现涨停潮
2018-11-30,2018年10月新能源汽车——电池装机量及趋势分析,2018年10月新能源汽车——电池装机量及趋势分析
2018-11-30,动力电池梯次利用争议再起 伪命题还是前景可期？,动力电池梯次利用争议再起 伪命题还是前景可期？
2018-11-30,申请千亿银行授信，电池巨头宁德时代要开启逆势扩张？,申请千亿银行授信，电池巨头宁德时代要开启逆势扩张？
2018-11-30,"2019年汽车行业年度投资策略:顺应行业趋势,等待未来复苏","2019年汽车行业年度投资策略:顺应行业趋势,等待未来复苏"
2018-11-30,比亚迪在加拿大新能源车建厂计划搁浅,比亚迪在加拿大新能源车建厂计划搁浅
2018-12-01,燃油已死？电动暴利？,燃油已死？电动暴利？
2018-12-01,巨丰原创：新能源汽车接过领涨大旗,巨丰原创：新能源汽车接过领涨大旗
2018-12-01,头号研报：新能源汽车行业望穿越牛熊 锂电产业链迎机遇,头号研报：新能源汽车行业望穿越牛熊 锂电产业链迎机遇
2018-12-02,比亚迪交出近3年最差成绩单,比亚迪交出近3年最差成绩单
2018-12-03,汽车：11月销量走势略微改善 荐5股,汽车：11月销量走势略微改善 荐5股
2018-12-03,比亚迪资金吃紧？连续发债为哪般？,比亚迪资金吃紧？连续发债为哪般？
2018-12-03,比亚迪暂停加拿大电动卡车工厂计划 等待商业时机,比亚迪暂停加拿大电动卡车工厂计划 等待商业时机
2018-12-03,动力电池行业发展前景分析 未来三方面破局迎新机遇,动力电池行业发展前景分析 未来三方面破局迎新机遇
2018-12-03,比亚迪一个月内融资三次，金额高达90亿元,比亚迪一个月内融资三次，金额高达90亿元
2018-12-03,国内动力电池龙头“降本危机”来袭后 补贴时代迎深度洗牌,国内动力电池龙头“降本危机”来袭后 补贴时代迎深度洗牌
2018-12-03,整车市场分析和展望(国内篇):新能源汽车哪家强,整车市场分析和展望(国内篇):新能源汽车哪家强
2018-12-03,重磅利好刺激风投再起，详解新能源汽车五大领域谁最牛！,重磅利好刺激风投再起，详解新能源汽车五大领域谁最牛！
2018-12-04,"汽车及新能源行业周报:四部委发文保障充电设施建设,新能源龙头产品高歌猛进","汽车及新能源行业周报:四部委发文保障充电设施建设,新能源龙头产品高歌猛进"
2018-12-04,“背水一战”四年后：比亚迪走出孤独,“背水一战”四年后：比亚迪走出孤独
2018-12-04,比亚迪应收账款里的故事,比亚迪应收账款里的故事
2018-12-04,比亚迪：提前归还部分用于暂时补充流动资金的闲置募集资金,比亚迪：提前归还部分用于暂时补充流动资金的闲置募集资金
2018-12-04,宁德时代/比亚迪资金也紧张？80%电池企业将面临淘汰 运营能力下降,宁德时代/比亚迪资金也紧张？80%电池企业将面临淘汰 运营能力下降
2018-12-04,"电气设备行业周报:非限购城市调研,验证比亚迪新趋势","电气设备行业周报:非限购城市调研,验证比亚迪新趋势"
2018-12-05,深圳交通中心与比亚迪签订合作协议,深圳交通中心与比亚迪签订合作协议
2018-12-05,聚焦锂电别盯着那几个热门领域 设备制造行业还有个330亿的大蛋糕！,聚焦锂电别盯着那几个热门领域 设备制造行业还有个330亿的大蛋糕！
2018-12-05,赛迪顾问报告：新能源公交车市场保持稳定增长,赛迪顾问报告：新能源公交车市场保持稳定增长
2018-12-05,新能源汽车再遇“成长烦恼”,新能源汽车再遇“成长烦恼”
2018-12-05,"电力设备行业:动力观格局,风光迎利好","电力设备行业:动力观格局,风光迎利好"
2018-12-05,新能源汽车行业周报:一汽夏利剥离一汽丰田最后15%股权,新能源汽车行业周报:一汽夏利剥离一汽丰田最后15%股权
2018-12-05,汽车：从新车计划看2019年新能源汽车趋势 荐8股,汽车：从新车计划看2019年新能源汽车趋势 荐8股
2018-12-06,比亚迪11月新能源车销量3万辆 超过燃油车近万辆,比亚迪11月新能源车销量3万辆 超过燃油车近万辆
2018-12-06,比亚迪1-11月新能源汽车销量达20.12万辆,比亚迪1-11月新能源汽车销量达20.12万辆
2018-12-06,比亚迪将成立电池子公司，并计划2020年前上市,比亚迪将成立电池子公司，并计划2020年前上市
2018-12-06,【媒体视点】整车企业进入动力电池领域模式分析,【媒体视点】整车企业进入动力电池领域模式分析
2018-12-06,华为回应孟晚舟被捕丨陌陌Q3营收5.36亿美元【Do说】,华为回应孟晚舟被捕丨陌陌Q3营收5.36亿美元【Do说】
2018-12-06,比亚迪董事长王传福：拟在2022年前分拆汽车电池业务上市,比亚迪董事长王传福：拟在2022年前分拆汽车电池业务上市
2018-12-06,预计达到10GWh 孚能科技将挑战行业前三,预计达到10GWh 孚能科技将挑战行业前三
2018-12-06,彭博：比亚迪将剥离电池制造业务 2020年前上市,彭博：比亚迪将剥离电池制造业务 2020年前上市
2018-12-06,王传福：比亚迪计划在2022年年底前让电池子公司进行IPO,王传福：比亚迪计划在2022年年底前让电池子公司进行IPO
2018-12-06,比亚迪董事长王传福称其电池部门将在2022年底前进行IPO,比亚迪董事长王传福称其电池部门将在2022年底前进行IPO
2018-12-06,当升科技：预计今年向比亚迪的销量将大幅增长,当升科技：预计今年向比亚迪的销量将大幅增长
2018-12-06,富时中国A50指数将纳入宁德时代和中国铁建,富时中国A50指数将纳入宁德时代和中国铁建
2018-12-06,"2018年12月新能源汽车产业链观察:年末冲量,关注中游机会","2018年12月新能源汽车产业链观察:年末冲量,关注中游机会"
2018-12-06,比亚迪正拆分汽车电池业务 2022年前上市,比亚迪正拆分汽车电池业务 2022年前上市
2018-12-07,比亚迪电池分拆上市提速：计划2022年,比亚迪电池分拆上市提速：计划2022年
2018-12-07,7日晚间公告精选丨比亚迪：控股股东王传福拟增持100万股,7日晚间公告精选丨比亚迪：控股股东王传福拟增持100万股
2018-12-07,公告精选：药明康德确定H股发行价为每股68港元；王传福拟增持100万股比亚迪,公告精选：药明康德确定H股发行价为每股68港元；王传福拟增持100万股比亚迪
2018-12-07,公告精选：王传福拟增持比亚迪 西藏德恒溢价176%受让ST宏盛股权,公告精选：王传福拟增持比亚迪 西藏德恒溢价176%受让ST宏盛股权
2018-12-07,比亚迪计划2022年前将旗下电池业务单独上市,比亚迪计划2022年前将旗下电池业务单独上市
2018-12-07,当升科技：NCM811已开始大批量供货 客户遍布全球,当升科技：NCM811已开始大批量供货 客户遍布全球
2018-12-07,又一场“军备竞赛” 看动力电池业的“速度与激情”,又一场“军备竞赛” 看动力电池业的“速度与激情”
2018-12-07,比亚迪：控股股东王传福拟增持100万股，董事拟减持不超470万股,比亚迪：控股股东王传福拟增持100万股，董事拟减持不超470万股
2018-12-07,王传福：比亚迪电池将于2020年前独立上市,王传福：比亚迪电池将于2020年前独立上市
2018-12-07,巨丰热点：政策扶持再添利好 无人驾驶盘中活跃,巨丰热点：政策扶持再添利好 无人驾驶盘中活跃
2018-12-07,比亚迪计划在欧开展电池生产项目,比亚迪计划在欧开展电池生产项目
2018-12-07,A股国际化步伐再加速，逾七成MSCI成份股受机构青睐,A股国际化步伐再加速，逾七成MSCI成份股受机构青睐
2018-12-07,比亚迪：新能源月销首破3万台大关，节能降本对冲补贴退坡！【安信汽车】,比亚迪：新能源月销首破3万台大关，节能降本对冲补贴退坡！【安信汽车】
2018-12-07,当升科技：今年向比亚迪供货大幅增加 与金川集团合作开发矿产,当升科技：今年向比亚迪供货大幅增加 与金川集团合作开发矿产
2018-12-07,【中金汽车】比亚迪：11月新能源增势不减；纯电动贡献主要增量,【中金汽车】比亚迪：11月新能源增势不减；纯电动贡献主要增量
2018-12-07,【G20周刊】比亚迪超240台储能集装箱出货英国,【G20周刊】比亚迪超240台储能集装箱出货英国
2018-12-08,「每日看点」三星环新动力电池新建二期工厂项目在西安开工,「每日看点」三星环新动力电池新建二期工厂项目在西安开工
2018-12-08,正面迎击宁德时代 比亚迪电池业务分拆欲2022年底前上市,正面迎击宁德时代 比亚迪电池业务分拆欲2022年底前上市
2018-12-09,电气设备：风电竞价细则逐步平稳落地 荐5股,电气设备：风电竞价细则逐步平稳落地 荐5股
2018-12-09,比亚迪与宁德时代开撕 电池业务计划2022年前IPO,比亚迪与宁德时代开撕 电池业务计划2022年前IPO
2018-12-09,车市“寒冬”依旧！9家车企11月销量抢先看,车市“寒冬”依旧！9家车企11月销量抢先看
2018-12-09,比亚迪：王传福拟增持公司股份 夏佐全拟减持股份,比亚迪：王传福拟增持公司股份 夏佐全拟减持股份
2018-12-10,打破“一芯难求” 比亚迪推IGBT4.0征战新能源市场,打破“一芯难求” 比亚迪推IGBT4.0征战新能源市场
2018-12-10,比亚迪：中标深圳机场首个纯电动摆渡车采购项目,比亚迪：中标深圳机场首个纯电动摆渡车采购项目
2018-12-10,汽车：降速提质 荐8股,汽车：降速提质 荐8股
2018-12-10,比亚迪799.92万中标深圳机场纯电动摆渡车采购项目,比亚迪799.92万中标深圳机场纯电动摆渡车采购项目
2018-12-10,中法合作机制下汽车工作组第八次会议在武汉召开 比亚迪、华为等参加,中法合作机制下汽车工作组第八次会议在武汉召开 比亚迪、华为等参加
2018-12-10,11月汽车销量快报：龙头老大跌两位数，民企黑马止增长，新能源翘楚裹足不前，寒意弥漫车市,11月汽车销量快报：龙头老大跌两位数，民企黑马止增长，新能源翘楚裹足不前，寒意弥漫车市
2018-12-10,国家补贴能否覆盖电池成本？网传新能源汽车补贴调整模拟再测算,国家补贴能否覆盖电池成本？网传新能源汽车补贴调整模拟再测算
2018-12-10,2021年宁德时代等将瓜分80%电池市场,2021年宁德时代等将瓜分80%电池市场
2018-12-10,车企自动驾驶“开战”暂未打出L3级别“落地潮”,车企自动驾驶“开战”暂未打出L3级别“落地潮”
2018-12-10,2018年10月新能源车电池装机量分析,2018年10月新能源车电池装机量分析
2018-12-10,2019年中国新能源汽车产业趋势前瞻！,2019年中国新能源汽车产业趋势前瞻！
2018-12-10,比亚迪计划分拆电池业务IPO 股东开始撤退！,比亚迪计划分拆电池业务IPO 股东开始撤退！
2018-12-10,全球汽车行业一周资讯（12月3日——12月7日）,全球汽车行业一周资讯（12月3日——12月7日）
2018-12-10,"新能源行业周报:年底抢装行情不变,预计宁德时代全年业绩高增长","新能源行业周报:年底抢装行情不变,预计宁德时代全年业绩高增长"
2018-12-10,A股早报2018年12月10日星期一,A股早报2018年12月10日星期一
2018-12-10,宁德时代或将被LG化学超越？全球前几大电池寡头瓜分80％市场,宁德时代或将被LG化学超越？全球前几大电池寡头瓜分80％市场
2018-12-10,政策关卡增多 车企还拿得到补贴吗？,政策关卡增多 车企还拿得到补贴吗？
2018-12-10,信达证券汽车行业卓越推,信达证券汽车行业卓越推
2018-12-10,新能源汽车行业周报:133款车型进入工信部第12批新能源汽车推荐目录,新能源汽车行业周报:133款车型进入工信部第12批新能源汽车推荐目录
2018-12-10,比亚迪1-11月销量超44万辆 新能源同比暴涨,比亚迪1-11月销量超44万辆 新能源同比暴涨
2018-12-11,比亚迪：2019年将推出搭载SiC电控的电动车,比亚迪：2019年将推出搭载SiC电控的电动车
2018-12-11,【协会资讯】中国汽车工业协会2018年12月信息发布会在京举行,【协会资讯】中国汽车工业协会2018年12月信息发布会在京举行
2018-12-11,动力电池创新联盟：11月动力电池产量8.2GWh，宁德时代/比亚迪/亿纬锂能排前三,动力电池创新联盟：11月动力电池产量8.2GWh，宁德时代/比亚迪/亿纬锂能排前三
2018-12-11,机械制造：三星拟以24亿美元增资天津工厂 荐3股,机械制造：三星拟以24亿美元增资天津工厂 荐3股
2018-12-11,打造电动中国芯 看比亚迪如何引领自主IGBT技术,打造电动中国芯 看比亚迪如何引领自主IGBT技术
2018-12-11,"电子行业:苹果发布快冲新产品,关注手机存量替换技术","电子行业:苹果发布快冲新产品,关注手机存量替换技术"
2018-12-11,"汽车及新能源行业周报:新车企准入管理办法颁布,年底经销商库存压力持续攀升","汽车及新能源行业周报:新车企准入管理办法颁布,年底经销商库存压力持续攀升"
2018-12-11,"动力电池行业:动力电池扩产边际向上,设备企业再迎发展机遇","动力电池行业:动力电池扩产边际向上,设备企业再迎发展机遇"
2018-12-11,"电力设备行业:新能源产销旺盛,全球化大势所趋","电力设备行业:新能源产销旺盛,全球化大势所趋"
2018-12-11,34股获券商买入评级 保利地产目标涨幅达65.76%,34股获券商买入评级 保利地产目标涨幅达65.76%
2018-12-12,IGBT业务单独IPO，比亚迪又一零件技术走向前台,IGBT业务单独IPO，比亚迪又一零件技术走向前台
2018-12-12,比亚迪推自主研发IGBT4.技术，明年部分向同行开放,比亚迪推自主研发IGBT4.技术，明年部分向同行开放
2018-12-12,星云股份：与比亚迪及其子公司签署设备采购合同,星云股份：与比亚迪及其子公司签署设备采购合同
2018-12-12,北汽新能源再登榜首，比亚迪稳定发挥，11月新能源汽车风云录,北汽新能源再登榜首，比亚迪稳定发挥，11月新能源汽车风云录
2018-12-12,头号研报：新能源汽车全面发展,头号研报：新能源汽车全面发展
2018-12-12,巨丰收评：新能源车涌现涨停潮,巨丰收评：新能源车涌现涨停潮
2018-12-12,前11月新能源汽车产销破万 全年有望达120万辆,前11月新能源汽车产销破万 全年有望达120万辆
2018-12-12,比亚迪发布IGBT“中国芯” 电动车核心技术迎来新时代等7条快讯,比亚迪发布IGBT“中国芯” 电动车核心技术迎来新时代等7条快讯
2018-12-12,揭秘比亚迪的半导体野心：试图做汽车界的“高通”,揭秘比亚迪的半导体野心：试图做汽车界的“高通”
2018-12-12,比亚迪纯电动大巴又成功挺进日本，继京都、冲绳后，即将登陆福岛,比亚迪纯电动大巴又成功挺进日本，继京都、冲绳后，即将登陆福岛
2018-12-12,"新能源行业周报:11月新能源汽车产量19.2万辆,乘用车电池配套持续高增长","新能源行业周报:11月新能源汽车产量19.2万辆,乘用车电池配套持续高增长"
2018-12-12,"汽车行业周报2018第37期:11月产销快报喜忧参半,新机动车企准入管理办法公布","汽车行业周报2018第37期:11月产销快报喜忧参半,新机动车企准入管理办法公布"
2018-12-12,30股获机构买入评级超3次 6股年报业绩预计翻倍,30股获机构买入评级超3次 6股年报业绩预计翻倍
2018-12-12,巨丰早评：短期走势将逐步趋稳,巨丰早评：短期走势将逐步趋稳
2018-12-12,新能源“僵尸车”打回原形 199款新能源车型拟撤销免征购置税,新能源“僵尸车”打回原形 199款新能源车型拟撤销免征购置税
2018-12-13,2019款iPhone曝光：新OLED屏让机身更薄；Intel全新显卡品牌公布,2019款iPhone曝光：新OLED屏让机身更薄；Intel全新显卡品牌公布
2018-12-13,关于核准比亚迪股份有限公司向合格投资者公开发行可续期公司债券的批复,关于核准比亚迪股份有限公司向合格投资者公开发行可续期公司债券的批复
2018-12-13,涨停揭秘：两市放量反弹 大基建迎来涨停潮,涨停揭秘：两市放量反弹 大基建迎来涨停潮
2018-12-13,新能源汽车产销过百万 明年持续相对高增长,新能源汽车产销过百万 明年持续相对高增长
2018-12-13,汽车：终端持续低迷 荐2股,汽车：终端持续低迷 荐2股
2018-12-13,想要量产自研芯片，比亚迪还有挑战,想要量产自研芯片，比亚迪还有挑战
2018-12-13,比亚迪推出新一代电动车芯片技术，百公里电耗降低3%,比亚迪推出新一代电动车芯片技术，百公里电耗降低3%
2018-12-13,23股获券商买入评级 中国化学目标涨幅达57.62%,23股获券商买入评级 中国化学目标涨幅达57.62%
2018-12-13,巨丰早评：沪指收复2600点是积极变化,巨丰早评：沪指收复2600点是积极变化
2018-12-13,汽车行业估值已处历史底部区间 新能源汽车增长势头将延续,汽车行业估值已处历史底部区间 新能源汽车增长势头将延续
2018-12-13,“破冰者”比亚迪发布IGBT4.0技术 引领电动车芯新变革,“破冰者”比亚迪发布IGBT4.0技术 引领电动车芯新变革
2018-12-13,比亚迪计划2022年前分拆电池业务上市,比亚迪计划2022年前分拆电池业务上市
2018-12-13,"电气设备行业研究周报:首份风电“竞价”细则正式发布,第12批新能源汽车目录发布","电气设备行业研究周报:首份风电“竞价”细则正式发布,第12批新能源汽车目录发布"
2018-12-13,"号外|国内新能源车技术""破冰"" 比亚迪扩张芯片产能","号外|国内新能源车技术""破冰"" 比亚迪扩张芯片产能"
2018-12-14,比亚迪向智利交付100台电动大巴，总统亲自参加仪式,比亚迪向智利交付100台电动大巴，总统亲自参加仪式
2018-12-14,号召员工增持高管频频抛售 乐金健康新玩家身陷泥淖,号召员工增持高管频频抛售 乐金健康新玩家身陷泥淖
2018-12-14,打造IGBT全产业链 比亚迪开放孵化芯片“独角兽”,打造IGBT全产业链 比亚迪开放孵化芯片“独角兽”
2018-12-14,一车一轨连三电 IGBT锋芒现：王传福的中国“梦工厂”还有哪些“奇珍异兽”？,一车一轨连三电 IGBT锋芒现：王传福的中国“梦工厂”还有哪些“奇珍异兽”？
2018-12-14,中国企业比亚迪向智利交付100台纯电动大巴,中国企业比亚迪向智利交付100台纯电动大巴
2018-12-14,比亚迪秦Pro电动版动力大增 续航600km-同级最强,比亚迪秦Pro电动版动力大增 续航600km-同级最强
2018-12-14,电气设备：11月装机电量8.9GWH 荐10股,电气设备：11月装机电量8.9GWH 荐10股
2018-12-14,中国IGBT不再“一芯难求”，本土厂商同欧日三分天下,中国IGBT不再“一芯难求”，本土厂商同欧日三分天下
2018-12-14,星云股份2018年共获比亚迪1.15亿订单,星云股份2018年共获比亚迪1.15亿订单
2018-12-14,【东吴电新曾朵红团队】11月装机电量点评：11月装机电量8.9gwh，环比大增50%，前11月已累计44gwh,【东吴电新曾朵红团队】11月装机电量点评：11月装机电量8.9gwh，环比大增50%，前11月已累计44gwh
2018-12-14,23股获券商买入评级 瑞康医药目标涨幅达48.51%,23股获券商买入评级 瑞康医药目标涨幅达48.51%
2018-12-14,"汽车和汽车零部件行业研究:进入年末冲刺阶段,新能源乘用车全年销量百万辆可期","汽车和汽车零部件行业研究:进入年末冲刺阶段,新能源乘用车全年销量百万辆可期"
2018-12-14,"半导体行业研究周报:比亚迪引领汽车“芯”时代,屏下指纹面面观","半导体行业研究周报:比亚迪引领汽车“芯”时代,屏下指纹面面观"
2018-12-14,"2019年汽车和汽车零部件行业年度策略报告:边际改善,降速提质","2019年汽车和汽车零部件行业年度策略报告:边际改善,降速提质"
2018-12-14,"锂电设备行业动态:三星SDI加大在中国产能投入,全球动力电池龙头扩产持续","锂电设备行业动态:三星SDI加大在中国产能投入,全球动力电池龙头扩产持续"
2018-12-14,中国汽车销量连续5个月下滑 比亚迪新能源车“一枝独秀”,中国汽车销量连续5个月下滑 比亚迪新能源车“一枝独秀”
2018-12-15,比亚迪中标深圳机场采购项目？获首批纯电动摆渡车订单等7条快讯,比亚迪中标深圳机场采购项目？获首批纯电动摆渡车订单等7条快讯
2018-12-15,年底了，当升科技经营进展如何？,年底了，当升科技经营进展如何？
2018-12-16,一周热点 | 新能源汽车累计产销破百万；比亚迪发布IGBT4.0技术；小鹏G3、蔚来ES6上市,一周热点 | 新能源汽车累计产销破百万；比亚迪发布IGBT4.0技术；小鹏G3、蔚来ES6上市
2018-12-16,政策频出定调跨年行情 10只股票被券商集中推荐,政策频出定调跨年行情 10只股票被券商集中推荐
2018-12-16,新能源汽车机会越来越明晰,新能源汽车机会越来越明晰
2018-12-16,立足大趋势，把握边际改善环节【安信电新·周观察 1216】,立足大趋势，把握边际改善环节【安信电新·周观察 1216】
2018-12-17,[直播]昊志机电总经理汤秀清：富士康、比亚迪都是公司的客户,[直播]昊志机电总经理汤秀清：富士康、比亚迪都是公司的客户
2018-12-17,中国唯一全产业链车企！ 比亚迪IGBT“独角兽”闯入千亿市场,中国唯一全产业链车企！ 比亚迪IGBT“独角兽”闯入千亿市场
2018-12-17,宁德时代比亚迪高歌猛进 动力锂电池淘汰赛来临？,宁德时代比亚迪高歌猛进 动力锂电池淘汰赛来临？
2018-12-17,北汽纯电SUV高配版曝光 续航450km超越比亚迪,北汽纯电SUV高配版曝光 续航450km超越比亚迪
2018-12-17,新能源汽车行业周报:新能源汽车年产销累计突破100万辆,新能源汽车行业周报:新能源汽车年产销累计突破100万辆
2018-12-17,"半导体论坛IC China会议纪要:半导体黄金十年,国产化蓄势待发","半导体论坛IC China会议纪要:半导体黄金十年,国产化蓄势待发"
2018-12-17,电动车销量突破100万! 哪个牌子新能源车最好卖,电动车销量突破100万! 哪个牌子新能源车最好卖
2018-12-18,"汽车行业周报:新车多为SUV车型,厂家需关注轿车升级","汽车行业周报:新车多为SUV车型,厂家需关注轿车升级"
2018-12-18,国内 | 100台纯电动大巴交付智利，比亚迪加速杨帆出海,国内 | 100台纯电动大巴交付智利，比亚迪加速杨帆出海
2018-12-18,头号研报：阳光电源高速成长为光伏逆变器龙头,头号研报：阳光电源高速成长为光伏逆变器龙头
2018-12-18,2018年中国动力电池行业发展现状与趋势分析 加强技术创新保证质量抢占市场份额,2018年中国动力电池行业发展现状与趋势分析 加强技术创新保证质量抢占市场份额
2018-12-18,【汽车】月报：寒冬依旧，11月汽车销量同比降幅扩大,【汽车】月报：寒冬依旧，11月汽车销量同比降幅扩大
2018-12-18,四十年， 汽车从奢侈品变成代步工具,四十年， 汽车从奢侈品变成代步工具
2018-12-18,汽车：各大车企11月销量陆续公布 广汽及比亚迪表现抢眼,汽车：各大车企11月销量陆续公布 广汽及比亚迪表现抢眼
2018-12-18,融资客青睐21股，豫能控股买入占比高达44.24%,融资客青睐21股，豫能控股买入占比高达44.24%
2018-12-18,用钱就能砸出来？比亚迪“芯”欲做汽车业高通,用钱就能砸出来？比亚迪“芯”欲做汽车业高通
2018-12-18,比亚迪王传福：改革开放给了公平竞争的环境,比亚迪王传福：改革开放给了公平竞争的环境
2018-12-18,乘用车终端景气度深度分析第7期:11月量价齐跌继续探底,乘用车终端景气度深度分析第7期:11月量价齐跌继续探底
2018-12-18,"汽车行业2019年度策略报告:车临谷底必有路,EV加持路更宽","汽车行业2019年度策略报告:车临谷底必有路,EV加持路更宽"
2018-12-18,【一周数据】时代广汽投建42亿电池项目 星云股份共获比亚迪1.15亿订单,【一周数据】时代广汽投建42亿电池项目 星云股份共获比亚迪1.15亿订单
2018-12-19,国开证券：助力优质民企融资推动实体经济发展,国开证券：助力优质民企融资推动实体经济发展
2018-12-19,碳酸二甲酯价格创历史新高 三股迎腾飞契机,碳酸二甲酯价格创历史新高 三股迎腾飞契机
2018-12-19,动力电池企业自救进行时 期待政策调整,动力电池企业自救进行时 期待政策调整
2018-12-19,"汽车行业:《汽车产业投资管理规定》发布,整合加剧,变革在即","汽车行业:《汽车产业投资管理规定》发布,整合加剧,变革在即"
2018-12-19,"11月动力电池装机数据点评:新能车行业景气持续,看好锂电龙头企业","11月动力电池装机数据点评:新能车行业景气持续,看好锂电龙头企业"
2018-12-19,"汽车行业周报第49期:暂缓关税提振信心,孚能获奔驰大单,继续推荐保隆岱美","汽车行业周报第49期:暂缓关税提振信心,孚能获奔驰大单,继续推荐保隆岱美"
2018-12-20,“致敬改革开放40周年 深交所与时代同行”之服务实体篇,“致敬改革开放40周年 深交所与时代同行”之服务实体篇
2018-12-20,比亚迪：发行不超50亿元可续期公司债获批文,比亚迪：发行不超50亿元可续期公司债获批文
2018-12-20,比亚迪发行不超过50亿元债券获核准,比亚迪发行不超过50亿元债券获核准
2018-12-20,比亚迪：证监会已核准发行可续期公司债券不超过50亿元,比亚迪：证监会已核准发行可续期公司债券不超过50亿元
2018-12-20,比亚迪：收到证监会批文 核准发行公司债不超50亿元,比亚迪：收到证监会批文 核准发行公司债不超50亿元
2018-12-20,国轩高科第10万台动力电池下线，预计今年净利润超8.5亿元,国轩高科第10万台动力电池下线，预计今年净利润超8.5亿元
2018-12-20,汽车：跨入新时代 荐8股,汽车：跨入新时代 荐8股
2018-12-20,比亚迪：发行不超过50亿元可续期公司债券，获证监会核准,比亚迪：发行不超过50亿元可续期公司债券，获证监会核准
2018-12-20,"电力设备与新能源行业2019年投资策略报告:迎趋势,重格局,御风而上","电力设备与新能源行业2019年投资策略报告:迎趋势,重格局,御风而上"
2018-12-20,今日资金抢入六只强势股一览（2018年12月20日）,今日资金抢入六只强势股一览（2018年12月20日）
2018-12-20,分拆电池业务上市 比亚迪将走得更长久,分拆电池业务上市 比亚迪将走得更长久
2018-12-21,【中证盘前播报】美股、油价大跌！国家税务总局：拟推新一轮普惠减税降负措施！商务部：中美拟明年1月贸易会谈；东阿阿胶出厂价上调6%,【中证盘前播报】美股、油价大跌！国家税务总局：拟推新一轮普惠减税降负措施！商务部：中美拟明年1月贸易会谈；东阿阿胶出厂价上调6%
2018-12-21,2018年11月电动汽车装机8.4GWh，同比增长48%,2018年11月电动汽车装机8.4GWh，同比增长48%
2018-12-21,11月的整个客车市场8家企业销量环比大涨,11月的整个客车市场8家企业销量环比大涨
2018-12-21,【深圳40年40人】王传福：全球新能源汽车销量冠军,【深圳40年40人】王传福：全球新能源汽车销量冠军
2018-12-21,2018公交车销量排行榜最新出炉 你关注的企业排名上升了吗？,2018公交车销量排行榜最新出炉 你关注的企业排名上升了吗？
2018-12-21,关停工厂、271亿元投资 三星集团想跑马圈地 还得问问中日及韩国其他企业,关停工厂、271亿元投资 三星集团想跑马圈地 还得问问中日及韩国其他企业
2018-12-21,国产化率不足50%，新能源车亟需“中国芯”,国产化率不足50%，新能源车亟需“中国芯”
2018-12-21,宁德时代牵手多家车企 “香饽饽”也有自己的忧虑,宁德时代牵手多家车企 “香饽饽”也有自己的忧虑
2018-12-22,“动力电池老大”之争 宁德时代急投百亿事出有因,“动力电池老大”之争 宁德时代急投百亿事出有因
2018-12-22,新能源汽车补贴退坡倒计时 行业盼尽早出细则,新能源汽车补贴退坡倒计时 行业盼尽早出细则
2018-12-23,多因素利好金价表现，黄金板块有望迎来量价齐升,多因素利好金价表现，黄金板块有望迎来量价齐升
2018-12-23,巨丰原创：重磅利好助推新能源汽车发展 相关产业链龙头值得关注！,巨丰原创：重磅利好助推新能源汽车发展 相关产业链龙头值得关注！
2018-12-24,"机械行业周报:逆周期调节是重点方向,明年轨交确定性提升","机械行业周报:逆周期调节是重点方向,明年轨交确定性提升"
2018-12-24,比亚迪：法国多个城市已下达多批纯电动大巴订单,比亚迪：法国多个城市已下达多批纯电动大巴订单
2018-12-24,"电气设备行业跟踪周报:确定性和成长性兼具,看好优质龙头","电气设备行业跟踪周报:确定性和成长性兼具,看好优质龙头"
2018-12-25,汽车行业大变革，2019年自主品牌面临生死考验,汽车行业大变革，2019年自主品牌面临生死考验
2018-12-25,新能源汽车行业将发生方向性变革，不再盲目追求续航里程,新能源汽车行业将发生方向性变革，不再盲目追求续航里程
2018-12-25,比亚迪发行10亿元绿色债券：票面利率4.98% 期限为5年,比亚迪发行10亿元绿色债券：票面利率4.98% 期限为5年
2018-12-25,头号研报：国电南瑞——股权激励出台 充电桩设备龙头,头号研报：国电南瑞——股权激励出台 充电桩设备龙头
2018-12-26,2019年新车型前瞻报告:自主品牌与合资品牌全面竞争来临,2019年新车型前瞻报告:自主品牌与合资品牌全面竞争来临
2018-12-26,"汽车行业:12月销量低位回升,坚定看好行业龙头","汽车行业:12月销量低位回升,坚定看好行业龙头"
2018-12-26,三星表示未讨论削减中国电石产量丨罗永浩卸任锤子子公司法人代表【Do说】,三星表示未讨论削减中国电石产量丨罗永浩卸任锤子子公司法人代表【Do说】
2018-12-26,宁德时代疯狂合资背后：抢在外资电池企业前的“占坑”思维,宁德时代疯狂合资背后：抢在外资电池企业前的“占坑”思维
2018-12-26,头号研报：中央定调加快5G商用步伐 物联网龙头望腾飞,头号研报：中央定调加快5G商用步伐 物联网龙头望腾飞
2018-12-26,比亚迪中山项目近日动工，项目总投资50亿元,比亚迪中山项目近日动工，项目总投资50亿元
2018-12-26,比亚迪中山项目近日动工 项目总投资50亿元,比亚迪中山项目近日动工 项目总投资50亿元
2018-12-26,EV晨报 | 新能源指标需等8年；吉利G11渲染图曝光；北汽、比亚迪年累计销量均破10万,EV晨报 | 新能源指标需等8年；吉利G11渲染图曝光；北汽、比亚迪年累计销量均破10万
2018-12-26,2018公交车销量排行榜TOP10出炉 宇通比亚迪销量逆袭,2018公交车销量排行榜TOP10出炉 宇通比亚迪销量逆袭
2018-12-26,快抢！宁德时代/比亚迪/孚能科技送给锂电设备企业的大蛋糕,快抢！宁德时代/比亚迪/孚能科技送给锂电设备企业的大蛋糕
2018-12-27,"汽车行业周报2018第39期:汽车产业投资管理规定出台,车和家收购重庆力帆","汽车行业周报2018第39期:汽车产业投资管理规定出台,车和家收购重庆力帆"
2018-12-27,鹏辉能源进军共享出行领域 电池企业反向布局产业链又出新招,鹏辉能源进军共享出行领域 电池企业反向布局产业链又出新招
2018-12-27,骗补疑云难去 坚瑞沃能负债超200亿或被暂停上市 偿债能力下降,骗补疑云难去 坚瑞沃能负债超200亿或被暂停上市 偿债能力下降
2018-12-27,今日资金抢入六只强势股一览（2018年12月27日）,今日资金抢入六只强势股一览（2018年12月27日）
2018-12-27,【广证恒生电新】深度报告-当升科技(300073)-技术优势先行，产能扩张将至,【广证恒生电新】深度报告-当升科技(300073)-技术优势先行，产能扩张将至
2018-12-27,先导智能：海外客户拓展再进一步 动力电池行业迎扩产高峰,先导智能：海外客户拓展再进一步 动力电池行业迎扩产高峰
2018-12-27,企业家畅谈改革开放：打基础练内功 迈向全球价值链中高端,企业家畅谈改革开放：打基础练内功 迈向全球价值链中高端
2018-12-27,动力电池行业洗牌来临,动力电池行业洗牌来临
2018-12-27,"汽车及新能源行业周报:明确“两个公路体系”,利好道路交通及汽车产业","汽车及新能源行业周报:明确“两个公路体系”,利好道路交通及汽车产业"
2018-12-27,"机械设备行业2019年投资策略:把握高景气与逆周期两条主线,精选行业优质个股","机械设备行业2019年投资策略:把握高景气与逆周期两条主线,精选行业优质个股"
2018-12-27,2018年中国电动汽车行业市场需求及前景分析 政策补贴退坡倒逼技术升级 未来市场销量有望创新纪录,2018年中国电动汽车行业市场需求及前景分析 政策补贴退坡倒逼技术升级 未来市场销量有望创新纪录
2018-12-28,11月动力电池装机量8.96GWh，客车动力电池装机量环比增长82%,11月动力电池装机量8.96GWh，客车动力电池装机量环比增长82%
2018-12-28,海马汽车两年亏掉15亿 给小鹏汽车代工补贴“家用”,海马汽车两年亏掉15亿 给小鹏汽车代工补贴“家用”
2018-12-28,比亚迪汽车金融拟发11.9亿汽车贷款ABS,比亚迪汽车金融拟发11.9亿汽车贷款ABS
2018-12-28,比亚迪中山项目近日动工年产值约250亿元等7条快讯,比亚迪中山项目近日动工年产值约250亿元等7条快讯
2018-12-28,"汽车与零配件行业研究:nev积分考核即将开始,国内外主机厂纷纷布局","汽车与零配件行业研究:nev积分考核即将开始,国内外主机厂纷纷布局"
2018-12-29,年终策划一| 2018，钟声响起,年终策划一| 2018，钟声响起
2018-12-29,11月全球新能源车销量公布 比亚迪排行第一,11月全球新能源车销量公布 比亚迪排行第一
2018-12-29,比亚迪夺冠 11月全球新能源车销量出炉,比亚迪夺冠 11月全球新能源车销量出炉
2018-12-29,"电力设备新能源行业2019年投资策略:脚步渐近,新能源迈向平民时代","电力设备新能源行业2019年投资策略:脚步渐近,新能源迈向平民时代"
2018-12-29,动力电池： 11月装机量8.956GWh，头部效应持续加强,动力电池： 11月装机量8.956GWh，头部效应持续加强
2018-12-29,【一电排行榜】11月全球新能源汽车销量破23万辆，比亚迪重返第一,【一电排行榜】11月全球新能源汽车销量破23万辆，比亚迪重返第一
2018-12-29,看CATL/BYD/LG/松下等11家企业扩产节奏,看CATL/BYD/LG/松下等11家企业扩产节奏
2018-12-29,2018年中国汽车行业八大爆冷事件,2018年中国汽车行业八大爆冷事件
2018-12-29,比亚迪/国轩高科参投高镍三元前驱体项目一期投产,比亚迪/国轩高科参投高镍三元前驱体项目一期投产
2018-12-31,德方纳米IPO：前五大客户收入占比逐年增加 第二大客户比亚迪却疑有退出迹象,德方纳米IPO：前五大客户收入占比逐年增加 第二大客户比亚迪却疑有退出迹象
2018-12-31,新能源乘用车11月产量排行：途观L产能环比上涨超200% 威马EX累计产出破3000,新能源乘用车11月产量排行：途观L产能环比上涨超200% 威马EX累计产出破3000
2018-12-31,前11月新能源汽车产销百万 全年有望达120万,前11月新能源汽车产销百万 全年有望达120万
2019-01-01,比亚迪王传福：汽车行业未来将加深电动化和智能化两大趋势 | 2019寄语,比亚迪王传福：汽车行业未来将加深电动化和智能化两大趋势 | 2019寄语
2019-01-02,北上资金持续加仓“春季行情”,北上资金持续加仓“春季行情”
2019-01-02,机构评级变动：捷佳伟创被上调 比亚迪等27家首次覆盖,机构评级变动：捷佳伟创被上调 比亚迪等27家首次覆盖
2019-01-02,宁德时代与车企频繁“联姻”，这场大戏背后有多少赢家?,宁德时代与车企频繁“联姻”，这场大戏背后有多少赢家?
2019-01-03,开抢细分市场！宁德时代抢先“占山为王”只为抵御“寒冬”？,开抢细分市场！宁德时代抢先“占山为王”只为抵御“寒冬”？
2019-01-03,深圳：降税减负民企得红利 7成减免税“红包”发民企,深圳：降税减负民企得红利 7成减免税“红包”发民企
2019-01-03,机械设备行业:看好新能源设备和轨交设备,机械设备行业:看好新能源设备和轨交设备
2019-01-03,"2019年汽车与汽车零部件行业投资策略:新能源汽车,寒冬中的暖阳","2019年汽车与汽车零部件行业投资策略:新能源汽车,寒冬中的暖阳"
2019-01-03,自动驾驶的2018年进化史，一个消逝的生命与商业落地急行军,自动驾驶的2018年进化史，一个消逝的生命与商业落地急行军
2019-01-04,动力电池双寡头时代来临 比亚迪开放电池供应,动力电池双寡头时代来临 比亚迪开放电池供应
2019-01-04,国内整车企业在动力电池领域的布局,国内整车企业在动力电池领域的布局
2019-01-04,头号研报：蓝海华腾——股价已充分反映悲观预期,头号研报：蓝海华腾——股价已充分反映悲观预期
2019-01-04,"有色金属行业:鉴钴知锂,未来两年新能源汽车钴锂需求测算","有色金属行业:鉴钴知锂,未来两年新能源汽车钴锂需求测算"
2019-01-04,汽车：雪佛兰与福特 比亚迪及名爵专攻细分市场,汽车：雪佛兰与福特 比亚迪及名爵专攻细分市场
2019-01-04,汽车：从美国看成熟市场汽车投资机会 荐9股,汽车：从美国看成熟市场汽车投资机会 荐9股
2019-01-04,动力电池税则骤变 日韩系大举入场蓝海渐红,动力电池税则骤变 日韩系大举入场蓝海渐红
2019-01-06,【高管面对面】比亚迪：筑梦新能源车的智能化时代,【高管面对面】比亚迪：筑梦新能源车的智能化时代
2019-01-06,王传福：2018年比亚迪新能源车增速远高于行业,王传福：2018年比亚迪新能源车增速远高于行业
2019-01-07,多家中小创公司业绩预喜 圣农发展预计净利增逾3倍,多家中小创公司业绩预喜 圣农发展预计净利增逾3倍
2019-01-07,比亚迪：2018年汽车累计销量52.07万辆,比亚迪：2018年汽车累计销量52.07万辆
2019-01-07,比亚迪：2018年全年汽车销量52万辆,比亚迪：2018年全年汽车销量52万辆
2019-01-07,12月新能源电池企业月度动态汇总,12月新能源电池企业月度动态汇总
2019-01-07,聚焦销量目标：2018年立的flag，车企完成了吗？,聚焦销量目标：2018年立的flag，车企完成了吗？
2019-01-07,宁德时代与车企频繁“联姻”，这场大戏背后有多少赢家?,宁德时代与车企频繁“联姻”，这场大戏背后有多少赢家?
2019-01-07,新能源汽车行业动态跟踪第164期:特锐德18年充电量超11亿度,新能源汽车行业动态跟踪第164期:特锐德18年充电量超11亿度
2019-01-07,20万买SUV选纯电动还是汽油车？,20万买SUV选纯电动还是汽油车？
2019-01-08,新能源占比48% 比亚迪2018年销量52万辆,新能源占比48% 比亚迪2018年销量52万辆
2019-01-08,争夺新能源车头把交椅，比亚迪和特斯拉均为产能牵绊,争夺新能源车头把交椅，比亚迪和特斯拉均为产能牵绊
2019-01-08,比亚迪稳坐2018年新能源销量冠军，全年销售超过24万辆,比亚迪稳坐2018年新能源销量冠军，全年销售超过24万辆
2019-01-08,新能源客车累销12690辆 比亚迪2018年新能源商用车销量突破2万辆,新能源客车累销12690辆 比亚迪2018年新能源商用车销量突破2万辆
2019-01-08,比亚迪总结2018：燃油车销量下滑而新能源车翻番,比亚迪总结2018：燃油车销量下滑而新能源车翻番
2019-01-08,比亚迪:12月新能源车销量再创新高,比亚迪:12月新能源车销量再创新高
2019-01-08,新时代证券：上调比亚迪评级至强烈推荐,新时代证券：上调比亚迪评级至强烈推荐
2019-01-08,比亚迪2018年销售新能源汽车24.78万辆,比亚迪2018年销售新能源汽车24.78万辆
2019-01-08,比亚迪发布12月销量数据：新能源车销量是燃油车1倍,比亚迪发布12月销量数据：新能源车销量是燃油车1倍
2019-01-08,2018年前11个月纯电动汽车市场TOP3城市在哪里？,2018年前11个月纯电动汽车市场TOP3城市在哪里？
2019-01-08,"新时代证券：将比亚迪评级调高为""强烈推荐""","新时代证券：将比亚迪评级调高为""强烈推荐"""
2019-01-08,当升科技预计2018年净利润超3亿,当升科技预计2018年净利润超3亿
2019-01-08,动力电池行业将迎来扩产高峰 产业链受提振,动力电池行业将迎来扩产高峰 产业链受提振
2019-01-08,【虎嗅早报】“丁香医生”回应权健文章一事：背后绝无利益瓜葛,【虎嗅早报】“丁香医生”回应权健文章一事：背后绝无利益瓜葛
2019-01-08,2019年机构注意力转向何方，百只个股被扎堆看好或存“升”机,2019年机构注意力转向何方，百只个股被扎堆看好或存“升”机
2019-01-08,动力电池行业将迎扩产高峰 双寡头价值凸显,动力电池行业将迎扩产高峰 双寡头价值凸显
2019-01-08,比亚迪去年新能源车销售超24万辆,比亚迪去年新能源车销售超24万辆
2019-01-08,汽车和汽车零部件行业草根调研系列之:雪佛兰、福特、比亚迪、名爵专攻细分市场,汽车和汽车零部件行业草根调研系列之:雪佛兰、福特、比亚迪、名爵专攻细分市场
2019-01-08,比亚迪2018年收官战“龙抬头” 全年新能源销量暴增119%,比亚迪2018年收官战“龙抬头” 全年新能源销量暴增119%
2019-01-09,内地香港家电汽车股集体暴涨 大A汽车股迎机会,内地香港家电汽车股集体暴涨 大A汽车股迎机会
2019-01-09,2018年新能源车销量出炉：北汽EC系列成为全年冠军 年销售9万辆,2018年新能源车销量出炉：北汽EC系列成为全年冠军 年销售9万辆
2019-01-09,"电气设备及新能源行业周报:新周期起步,产业继续分化","电气设备及新能源行业周报:新周期起步,产业继续分化"
2019-01-09,2018全球新能源汽车销量冠军初定,2018全球新能源汽车销量冠军初定
2019-01-09,三家民营车企均未完成年销目标 吉利股价大跌长城比亚迪“情绪稳定”,三家民营车企均未完成年销目标 吉利股价大跌长城比亚迪“情绪稳定”
2019-01-09,新能源补贴政策持续退坡？锂电池板块重挫比亚迪跌7%,新能源补贴政策持续退坡？锂电池板块重挫比亚迪跌7%
2019-01-09,比亚迪AH股齐跌 新能源汽车补贴退坡政策或将开始正式实施,比亚迪AH股齐跌 新能源汽车补贴退坡政策或将开始正式实施
2019-01-09,锂电股早盘集体下挫 比亚迪大跌7%,锂电股早盘集体下挫 比亚迪大跌7%
2019-01-09,锂电池板块大幅下挫，比亚迪跌逾7%,锂电池板块大幅下挫，比亚迪跌逾7%
2019-01-09,"电力设备与新能源行业周报:动力电池装机符合预期,风电平价项目建设加速","电力设备与新能源行业周报:动力电池装机符合预期,风电平价项目建设加速"
2019-01-09,"汽车及新能源行业周报:北京推车联网4年规划,国Ⅵ油品开始全面供应","汽车及新能源行业周报:北京推车联网4年规划,国Ⅵ油品开始全面供应"
2019-01-09,新能源汽车行业周报:95款车型进入工信部第13批新能源汽车推荐目录,新能源汽车行业周报:95款车型进入工信部第13批新能源汽车推荐目录
2019-01-09,新能源汽车补贴退坡政策或将实施 锂电池下挫比亚迪大跌7%,新能源汽车补贴退坡政策或将实施 锂电池下挫比亚迪大跌7%
2019-01-09,42股获券商买入评级 恒顺醋业目标涨幅达66.82%,42股获券商买入评级 恒顺醋业目标涨幅达66.82%
2019-01-09,脚步渐近，新能源汽车迈向平民时代,脚步渐近，新能源汽车迈向平民时代
2019-01-09,比亚迪新能源2018年整体销量达24.8万辆,比亚迪新能源2018年整体销量达24.8万辆
2019-01-10,抢购家电汽车，北上资金净买入创今年新高,抢购家电汽车，北上资金净买入创今年新高
2019-01-10,2018年汽车销量数据 | 长城总销105万台，WEY同比大涨61%；奇瑞新能源增长146%,2018年汽车销量数据 | 长城总销105万台，WEY同比大涨61%；奇瑞新能源增长146%
2019-01-10,37股获券商买入评级 新泉股份目标涨幅达77.51%,37股获券商买入评级 新泉股份目标涨幅达77.51%
2019-01-10,全年销售数据发布 三车企股价波动明显,全年销售数据发布 三车企股价波动明显
2019-01-10,比亚迪：新能源汽车延续高增长 买入评级,比亚迪：新能源汽车延续高增长 买入评级
2019-01-10,2019年宁德时代还能稳坐“独角兽”宝座？悬！,2019年宁德时代还能稳坐“独角兽”宝座？悬！
2019-01-10,比亚迪汽车年销量超50万背后的挑战,比亚迪汽车年销量超50万背后的挑战
2019-01-11,彭博：比亚迪将剥离电池制造业务 2020年前上市,彭博：比亚迪将剥离电池制造业务 2020年前上市
2019-01-11,众泰、比亚迪、宝骏、长安福特等9个品牌库存深度超两月,众泰、比亚迪、宝骏、长安福特等9个品牌库存深度超两月
2019-01-11,新能源汽车行业周报:商务部:2019年推进汽车流通全链条改革,新能源汽车行业周报:商务部:2019年推进汽车流通全链条改革
2019-01-11,乘联会：比亚迪完美收官 北汽EC累计销量破90万,乘联会：比亚迪完美收官 北汽EC累计销量破90万
2019-01-11,暴跌之后再度火爆A00级电动车将接盘低速电动车市场,暴跌之后再度火爆A00级电动车将接盘低速电动车市场
2019-01-11,为全球锂产业烙上“青海印”,为全球锂产业烙上“青海印”
2019-01-11,香港比亚迪e6出租车全部退运 纯电动和油电混动都行不通,香港比亚迪e6出租车全部退运 纯电动和油电混动都行不通
2019-01-11,新能源汽车高速发展背后，各项问题集中爆发,新能源汽车高速发展背后，各项问题集中爆发
2019-01-12,王传福：我国应分领域逐步实现全面电动化,王传福：我国应分领域逐步实现全面电动化
2019-01-12,王传福：电动汽车开始由政策与市场双轮驱动,王传福：电动汽车开始由政策与市场双轮驱动
2019-01-12,比亚迪王传福：2030年中国将进入全面电动化时代,比亚迪王传福：2030年中国将进入全面电动化时代
2019-01-12,比亚迪王传福：我国电动汽车发展已转为“政策+市场”双轮驱动,比亚迪王传福：我国电动汽车发展已转为“政策+市场”双轮驱动
2019-01-12,王传福：新能源汽车一半政策市场一半是市场推广,王传福：新能源汽车一半政策市场一半是市场推广
2019-01-12,新能源汽车高速发展背后：电池损耗维修问题成“老大难”,新能源汽车高速发展背后：电池损耗维修问题成“老大难”
2019-01-12,王传福：中国具备2030年实现全面电动化的坚实基础,王传福：中国具备2030年实现全面电动化的坚实基础
2019-01-13,如何发挥中国电动汽车的先发优势,如何发挥中国电动汽车的先发优势
2019-01-14,2018年我国动力电池装车量56.9GWh 同比增长56.3%,2018年我国动力电池装车量56.9GWh 同比增长56.3%
2019-01-14,阿里新零售获全球零售业最高奖天猫助全球18万品牌新零售转型,阿里新零售获全球零售业最高奖天猫助全球18万品牌新零售转型
2019-01-14,开源证券新能源汽车行业周报,开源证券新能源汽车行业周报
2019-01-14,聚焦比亚迪/中国铁塔/光华科技/华友循环梯次利用回收进展,聚焦比亚迪/中国铁塔/光华科技/华友循环梯次利用回收进展
2019-01-14,宁德时代：将卫冕2018全球锂电冠军,宁德时代：将卫冕2018全球锂电冠军
2019-01-14,新能源车市应尽早消除政策“空档期”！,新能源车市应尽早消除政策“空档期”！
2019-01-14,【G20周刊】2018年装机总电量11.44GWh 比亚迪已开始对外供货,【G20周刊】2018年装机总电量11.44GWh 比亚迪已开始对外供货
2019-01-14,宇通比亚迪银隆居前三 金龙系大进步 2018新能源客车销量排行,宇通比亚迪银隆居前三 金龙系大进步 2018新能源客车销量排行
2019-01-14,【东吴晨报0114】【个股】交通银行、中国金茂,【东吴晨报0114】【个股】交通银行、中国金茂
2019-01-14,海口新能源展“回头看” 自主、国际、新势力竞相角逐,海口新能源展“回头看” 自主、国际、新势力竞相角逐
2019-01-14,【东吴电新曾朵红团队】2018年累计装机电量57gwh，同比增长57%,【东吴电新曾朵红团队】2018年累计装机电量57gwh，同比增长57%
2019-01-15,【华创电新】2018年新能源汽车年度数据总结：产销量高速增长，高端乘用车型份额提升,【华创电新】2018年新能源汽车年度数据总结：产销量高速增长，高端乘用车型份额提升
2019-01-15,"汽车行业周报:今年或将出汽车刺激新政,新能车补贴将分阶段释放退坡压力","汽车行业周报:今年或将出汽车刺激新政,新能车补贴将分阶段释放退坡压力"
2019-01-15,机械制造：新一轮动力电池扩产周期开启 锂电设备迎订单驱动行情,机械制造：新一轮动力电池扩产周期开启 锂电设备迎订单驱动行情
2019-01-15,过半新能源车卖到了非限牌城市 专家建议提高积分比例要求应对补贴退坡,过半新能源车卖到了非限牌城市 专家建议提高积分比例要求应对补贴退坡
2019-01-15,动力电池产量12月环比降1.6% 宁德时代比亚迪合肥国轩装车量前三,动力电池产量12月环比降1.6% 宁德时代比亚迪合肥国轩装车量前三
2019-01-15,2018客车市场销量排行最新出炉 你关注的企业“升”了吗？,2018客车市场销量排行最新出炉 你关注的企业“升”了吗？
2019-01-15,国内外电池厂商齐发力 宁德时代的前景并不乐观,国内外电池厂商齐发力 宁德时代的前景并不乐观
2019-01-15,造车新势力挺进海南： 政策催热独特的新能源汽车市场,造车新势力挺进海南： 政策催热独特的新能源汽车市场
2019-01-15,新能源汽车行业周报:2018年新能源乘用车累计销售100.8万台,新能源汽车行业周报:2018年新能源乘用车累计销售100.8万台
2019-01-15,"2018年12月汽车销量跟踪报告:2018年汽车销量市场,整体与新能源汽车景气各异","2018年12月汽车销量跟踪报告:2018年汽车销量市场,整体与新能源汽车景气各异"
2019-01-15,"2019年机械行业周报1月第3期:发改委密集批复铁路基建项目,LG化学扩建电池厂助推锂电设备","2019年机械行业周报1月第3期:发改委密集批复铁路基建项目,LG化学扩建电池厂助推锂电设备"
2019-01-15,"汽车行业数据点评:关注促进消费措施,预计2019年销量增速约2%","汽车行业数据点评:关注促进消费措施,预计2019年销量增速约2%"
2019-01-15,"电力设备行业:新能源政策密集期,影响测算与点评","电力设备行业:新能源政策密集期,影响测算与点评"
2019-01-15,"电力设备与新能源行业周报:风光平价管理办法出台,平价在即龙头成长空间打开","电力设备与新能源行业周报:风光平价管理办法出台,平价在即龙头成长空间打开"
2019-01-15,"电力设备与新能源行业点评:2018年累计装机电量57gwh,同比增长57%","电力设备与新能源行业点评:2018年累计装机电量57gwh,同比增长57%"
2019-01-16,数说丨40%“市占率红线”，自主品牌：失守，还是坚守？,数说丨40%“市占率红线”，自主品牌：失守，还是坚守？
2019-01-16,"汽车行业2019年年度策略报告:传统车企谋转型,造车新势力进场","汽车行业2019年年度策略报告:传统车企谋转型,造车新势力进场"
2019-01-16,北汽闯入韩国 在现代汽车大本营抢食,北汽闯入韩国 在现代汽车大本营抢食
2019-01-16,三年见生死，新能源汽车行业面临大洗牌,三年见生死，新能源汽车行业面临大洗牌
2019-01-16,今日资金抢入六只强势股一览（2019年1月16日）,今日资金抢入六只强势股一览（2019年1月16日）
2019-01-16,一口价购车模式成汽车行业2019新趋势 比亚迪在天猫逆势增长20%,一口价购车模式成汽车行业2019新趋势 比亚迪在天猫逆势增长20%
2019-01-16,去年新能源汽车销量超百万辆，你知道哪些车卖的最好吗？,去年新能源汽车销量超百万辆，你知道哪些车卖的最好吗？
2019-01-16,国内外动力电池企业大比拼，中国究竟弱在哪儿？,国内外动力电池企业大比拼，中国究竟弱在哪儿？
2019-01-16,乘用车终端景气度深度分析第8期:12月折扣又开始陡增,乘用车终端景气度深度分析第8期:12月折扣又开始陡增
2019-01-16,"电力设备与新能源行业周报:风光平价将加速,行业维持高成长性","电力设备与新能源行业周报:风光平价将加速,行业维持高成长性"
2019-01-16,【招商汽车|年度销量点评】18年销量同比-4.0%，预计19年车市“先抑后扬”,【招商汽车|年度销量点评】18年销量同比-4.0%，预计19年车市“先抑后扬”
2019-01-17,【东吴电新曾朵红团队】2018年电动车累计销售125.6万辆，同比大增62%，且乘用车结构进一步优化,【东吴电新曾朵红团队】2018年电动车累计销售125.6万辆，同比大增62%，且乘用车结构进一步优化
2019-01-17,"汽车行业月报:12月乘用车持续低迷,2018年汽车销量现下滑","汽车行业月报:12月乘用车持续低迷,2018年汽车销量现下滑"
2019-01-17,简析2018年中国新能源汽车市场,简析2018年中国新能源汽车市场
2019-01-17,汽车：单月销量破20万 2018年销量126万辆,汽车：单月销量破20万 2018年销量126万辆
2019-01-17,中国2018年汽车细分市场和厂家销量分析,中国2018年汽车细分市场和厂家销量分析
2019-01-17,大摩：下调比亚迪评级至“减持” 削目标价至30港元 投资评级恶化,大摩：下调比亚迪评级至“减持” 削目标价至30港元 投资评级恶化
2019-01-17,2018年纯电动汽车市场TOP3城市销量分析,2018年纯电动汽车市场TOP3城市销量分析
2019-01-17,港股早评：腾讯高开1.21% 比亚迪跌2.39%领跌国指 恒指涨0.19%,港股早评：腾讯高开1.21% 比亚迪跌2.39%领跌国指 恒指涨0.19%
2019-01-17,比亚迪计划在长沙工厂生产微型电动车,比亚迪计划在长沙工厂生产微型电动车
2019-01-17,"电力设备与新能源行业点评:2018年电动车累计销售125.6万辆,同比大增62%,且乘用车结构进一步优化","电力设备与新能源行业点评:2018年电动车累计销售125.6万辆,同比大增62%,且乘用车结构进一步优化"
2019-01-17,"汽车行业数据点评:汽车零售小幅回暖,按周同比转正","汽车行业数据点评:汽车零售小幅回暖,按周同比转正"
2019-01-17,"汽车行业周报2019第2期:乘用车销量同比下跌,发改委出台鼓励新政","汽车行业周报2019第2期:乘用车销量同比下跌,发改委出台鼓励新政"
2019-01-17,"2018年动力电池装机数据点评:动力锂电装机超预期,单车带电量提升","2018年动力电池装机数据点评:动力锂电装机超预期,单车带电量提升"
2019-01-17,"机械行业2019年年度投资策略:紧跟政策导向,布局行业龙头","机械行业2019年年度投资策略:紧跟政策导向,布局行业龙头"
2019-01-17,比亚迪电动大巴开进智利,比亚迪电动大巴开进智利
2019-01-18,"汽车行业:《深圳市2018年新能源汽车推广应用财政支持政策》印发,购车设施回收三重支持","汽车行业:《深圳市2018年新能源汽车推广应用财政支持政策》印发,购车设施回收三重支持"
2019-01-18,2018公交车销10万辆 比亚迪大涨76% 最吸睛的是这3家客车企业,2018公交车销10万辆 比亚迪大涨76% 最吸睛的是这3家客车企业
2019-01-18,新能源汽车高速发展背后：电池损耗维修成“老大难”,新能源汽车高速发展背后：电池损耗维修成“老大难”
2019-01-18,【东吴电新曾朵红团队】11月海外电动车销量8.5万辆，同增68%，累计71.6万辆，同增50%,【东吴电新曾朵红团队】11月海外电动车销量8.5万辆，同增68%，累计71.6万辆，同增50%
2019-01-18,六大趋势凸显 2019新能源电池行业谋变,六大趋势凸显 2019新能源电池行业谋变
2019-01-18,“区块链+供应链金融”：沉睡的巨人正渐渐苏醒,“区块链+供应链金融”：沉睡的巨人正渐渐苏醒
2019-01-18,新能源车销量18年全年维持高增长 四季度发力明显,新能源车销量18年全年维持高增长 四季度发力明显
2019-01-20,【华泰汽车每周谈】去库存进行中，快到否极泰来时,【华泰汽车每周谈】去库存进行中，快到否极泰来时
2019-01-20,比亚迪2019年计划发布 预计长沙工厂生产30万辆新能源汽车,比亚迪2019年计划发布 预计长沙工厂生产30万辆新能源汽车
2019-01-20,补贴退坡力度加大，新能源汽车将回归“硬实力”,补贴退坡力度加大，新能源汽车将回归“硬实力”
2019-01-20,宁德时代赢了比亚迪却遭四面埋伏 | 推本溯源,宁德时代赢了比亚迪却遭四面埋伏 | 推本溯源
2019-01-21,比亚迪：公司新能源汽车2018年有望继续保持销量第一,比亚迪：公司新能源汽车2018年有望继续保持销量第一
2019-01-21,新特汽车喊话2019年实现4万辆交付,新特汽车喊话2019年实现4万辆交付
2019-01-21,【G20周刊】宁德时代2018年装机量23.5GWh 或居全球第一,【G20周刊】宁德时代2018年装机量23.5GWh 或居全球第一
2019-01-21,比亚迪上升最快 2018年中型客车销量排行前十,比亚迪上升最快 2018年中型客车销量排行前十
2019-01-21,2018新能源车行业数据盘点：逆市上行 产销破百万,2018新能源车行业数据盘点：逆市上行 产销破百万
2019-01-21,2018年十大动力电池企业盘点：谁分掉了沃特玛的市场“蛋糕”,2018年十大动力电池企业盘点：谁分掉了沃特玛的市场“蛋糕”
2019-01-21,新能源乘用车企争霸年终盘点：比亚迪北汽王位能坐多久？,新能源乘用车企争霸年终盘点：比亚迪北汽王位能坐多久？
2019-01-21,汽车消费专题报告:汽车销量增速预计2019年恢复至2%,汽车消费专题报告:汽车销量增速预计2019年恢复至2%
2019-01-21,新能源汽车行业周报:2018年新能源汽车产销均超125万辆,新能源汽车行业周报:2018年新能源汽车产销均超125万辆
2019-01-21,"汽车行业2019年度投资策略:行业持续低迷,关注新能源汽车产链","汽车行业2019年度投资策略:行业持续低迷,关注新能源汽车产链"
2019-01-22,今日资金抢入六只强势股一览（2019年1月22日）,今日资金抢入六只强势股一览（2019年1月22日）
2019-01-22,赢合科技：客户结构显着优化 19年订单开门红,赢合科技：客户结构显着优化 19年订单开门红
2019-01-22,汽车行业月报:关注主机厂拐点弹性和估值修复逻辑,汽车行业月报:关注主机厂拐点弹性和估值修复逻辑
2019-01-22,"赢合科技点评报告:客户结构优化,业绩略超预期","赢合科技点评报告:客户结构优化,业绩略超预期"
2019-01-22,"中小市值组新能源汽车周报第4期:18年车型高端化明显,补贴加速退坡结构或有分化","中小市值组新能源汽车周报第4期:18年车型高端化明显,补贴加速退坡结构或有分化"
2019-01-22,2018年国内车企销量出炉：优胜劣汰加剧（全名单）,2018年国内车企销量出炉：优胜劣汰加剧（全名单）
2019-01-22,2万亿构成的新能源汽车世界： 销量增长与隐忧相伴,2万亿构成的新能源汽车世界： 销量增长与隐忧相伴
2019-01-22,2018年新能源客车配套电池占比不升反降 两家巨头瓜分70%市场,2018年新能源客车配套电池占比不升反降 两家巨头瓜分70%市场
2019-01-22,大连机床6亿骗贷案续：两高管获刑 董事长已被抓获 欺诈造假,大连机床6亿骗贷案续：两高管获刑 董事长已被抓获 欺诈造假
2019-01-23,新能源汽车的2018：谁是主力？谁又称王？| 中国汽车报,新能源汽车的2018：谁是主力？谁又称王？| 中国汽车报
2019-01-23,首份2018年年报：金银河险跌停背后 锂电池设备业务面临出局风险 盈利能力下降,首份2018年年报：金银河险跌停背后 锂电池设备业务面临出局风险 盈利能力下降
2019-01-23,2018，动力电池拆分背后的两面人生,2018，动力电池拆分背后的两面人生
2019-01-23,24日机构强推买入六股成摇钱树,24日机构强推买入六股成摇钱树
2019-01-23,【广证恒生】-点评报告-赢合科技(300457.SZ)-客户结构优化，业绩略超预期,【广证恒生】-点评报告-赢合科技(300457.SZ)-客户结构优化，业绩略超预期
2019-01-24,"汽车及新能源行业周报:动力电池装机量保持增长,发改委拟出台消费刺激政策","汽车及新能源行业周报:动力电池装机量保持增长,发改委拟出台消费刺激政策"
2019-01-24,七成车企未完成年销量目标：众泰海马离目标差距较大,七成车企未完成年销量目标：众泰海马离目标差距较大
2019-01-24,2018新能源车企销量目标完成率：广汽/比亚迪超额完成 知豆/众泰被打脸,2018新能源车企销量目标完成率：广汽/比亚迪超额完成 知豆/众泰被打脸
2019-01-24,汽车：公募基金18Q4汽车行业持仓分析 荐5股,汽车：公募基金18Q4汽车行业持仓分析 荐5股
2019-01-24,牵手松下电动化 丰田装到牙齿 强如比亚迪也该紧张,牵手松下电动化 丰田装到牙齿 强如比亚迪也该紧张
2019-01-24,赢合科技：联手国轩签订7.8亿设备订单 业绩增长获强力保证,赢合科技：联手国轩签订7.8亿设备订单 业绩增长获强力保证
2019-01-25,比亚迪(01211.HK)发布2018年第一期绿色债券上市公告书 发行总额10亿元,比亚迪(01211.HK)发布2018年第一期绿色债券上市公告书 发行总额10亿元
2019-01-25,九天内购车企、买电池厂，恒大能赶上这波造车浪潮吗？,九天内购车企、买电池厂，恒大能赶上这波造车浪潮吗？
2019-01-25,翔丰华最后一搏：要么上市成功，要么持续萎缩,翔丰华最后一搏：要么上市成功，要么持续萎缩
2019-01-25,今日资金抢入六只强势股一览（2019年1月25日）,今日资金抢入六只强势股一览（2019年1月25日）
2019-01-25,夏利、奇瑞们陷十面埋伏，“断舍离”成唯一出路？,夏利、奇瑞们陷十面埋伏，“断舍离”成唯一出路？
2019-01-25,"汽车行业周报:福特大众联盟,行业或迎变革","汽车行业周报:福特大众联盟,行业或迎变革"
2019-01-25,"机械行业周报:页岩气开发势在必行,油服板块持续受益","机械行业周报:页岩气开发势在必行,油服板块持续受益"
2019-01-25,比亚迪高端智能终端产业园落户西安,比亚迪高端智能终端产业园落户西安
2019-01-27,产品价格下跌盐湖提锂龙头巨亏几十亿 产业前景如何？,产品价格下跌盐湖提锂龙头巨亏几十亿 产业前景如何？
2019-01-27,锂电板块热情延续，基建龙头估值修复【天风机械周报2019W4】,锂电板块热情延续，基建龙头估值修复【天风机械周报2019W4】
2019-01-27,汽车：2018年动力电池装机增56.3% 龙头效应凸显,汽车：2018年动力电池装机增56.3% 龙头效应凸显
2019-01-27,激进与保守共存，部分车企公布2019年销量目标,激进与保守共存，部分车企公布2019年销量目标
2019-01-28,"机械设备行业周报:软包电池崛起,设备引领行业发展强","机械设备行业周报:软包电池崛起,设备引领行业发展强"
2019-01-28,“工科”成绩PK：安徽陕西领跑，重庆怎么追？,“工科”成绩PK：安徽陕西领跑，重庆怎么追？
2019-01-28,净利润下滑79%、复牌暴跌78% 安达科技的明天在哪？ 盈利能力下降,净利润下滑79%、复牌暴跌78% 安达科技的明天在哪？ 盈利能力下降
2019-01-28,车企补贴退坡下艰难求变 新能源车将现涨价潮？,车企补贴退坡下艰难求变 新能源车将现涨价潮？
2019-01-28,"2018车市""寒冬""中的曙光 多家中国车企逆势上扬","2018车市""寒冬""中的曙光 多家中国车企逆势上扬"
2019-01-28,动力电池逆势翻盘，2018成绩亮眼，却危机重重,动力电池逆势翻盘，2018成绩亮眼，却危机重重
2019-01-28,2019年小目标如何定？ 车企这样回答,2019年小目标如何定？ 车企这样回答
2019-01-28,机构调研关注业绩预增,机构调研关注业绩预增
2019-01-28,新能源车销售喜多忧亦不少(实地探访),新能源车销售喜多忧亦不少(实地探访)
2019-01-28,年度盘点 ▏“一个核心+四大转型” 2018年长安汽车大事记,年度盘点 ▏“一个核心+四大转型” 2018年长安汽车大事记
2019-01-28,"2018年汽车行业12月月报:主机厂控产效果渐显,库存九月以来首度回落","2018年汽车行业12月月报:主机厂控产效果渐显,库存九月以来首度回落"
2019-01-28,动力电池新一轮扩建，锂电设备迎机遇,动力电池新一轮扩建，锂电设备迎机遇
2019-01-29,IPO扶贫明星陨落 锂电池龙头安达科技复牌暴跌90% 连续下跌,IPO扶贫明星陨落 锂电池龙头安达科技复牌暴跌90% 连续下跌
2019-01-29,官宣：新能源汽车下乡启动，十车企、十六车型率先参与,官宣：新能源汽车下乡启动，十车企、十六车型率先参与
2019-01-29,看2018动力电池拆分背后的两面人生,看2018动力电池拆分背后的两面人生
2019-01-29,30日机构强推买入 六股成摇钱树,30日机构强推买入 六股成摇钱树
2019-01-29,2018新能源动力电池市场回顾与展望,2018新能源动力电池市场回顾与展望
2019-01-29,特斯拉在中国点燃的战火与篝火,特斯拉在中国点燃的战火与篝火
2019-01-29,2018主流新能源车企：6家实现销量目标 最低一家仅完成19.2%,2018主流新能源车企：6家实现销量目标 最低一家仅完成19.2%
2019-01-29,"汽车及新能源周报:乘用车燃料消耗量限值国标拟发布,海南省将实施国六","汽车及新能源周报:乘用车燃料消耗量限值国标拟发布,海南省将实施国六"
2019-01-29,野蛮发力 揭开动力电池的“恩怨”江湖,野蛮发力 揭开动力电池的“恩怨”江湖
2019-01-30,"汽车行业:零售端销量连续两周正增长,北汽ex5更新售价迎接后补贴时代","汽车行业:零售端销量连续两周正增长,北汽ex5更新售价迎接后补贴时代"
2019-01-30,"汽车行业主动型基金持仓分析:Q4汽车行业略有加仓,仍保持低配","汽车行业主动型基金持仓分析:Q4汽车行业略有加仓,仍保持低配"
2019-01-30,"汽车行业四季度基金持仓分析:配置比例持续下行,刺激政策有望加速拐点","汽车行业四季度基金持仓分析:配置比例持续下行,刺激政策有望加速拐点"
2019-01-30,"锂电设备专题报告:锂电设备景气度提升,看好行业优质龙头","锂电设备专题报告:锂电设备景气度提升,看好行业优质龙头"
2019-01-30,工商联汽车商会建议：新能源汽车补贴降低需要循序渐进,工商联汽车商会建议：新能源汽车补贴降低需要循序渐进
2019-01-30,新能源汽车行业周报:工信部就两项强制性乘用车燃料国家标准征求意见,新能源汽车行业周报:工信部就两项强制性乘用车燃料国家标准征求意见
2019-01-31,进入“后补贴时代” 中国车载电池行业面临大洗牌,进入“后补贴时代” 中国车载电池行业面临大洗牌
2019-01-31,华泰欠薪事件启示：中国汽车业不再有舒适区，没技术的企业活不久,华泰欠薪事件启示：中国汽车业不再有舒适区，没技术的企业活不久
2019-01-31,动力电池2018成绩单：宁德时代、比亚迪领跑，最大黑马现身,动力电池2018成绩单：宁德时代、比亚迪领跑，最大黑马现身
2019-01-31,"2018Q4汽车行业基金持仓分析:持仓仍处历史最低水平,机构偏好确定性高的龙头,短期博弈类进入视野","2018Q4汽车行业基金持仓分析:持仓仍处历史最低水平,机构偏好确定性高的龙头,短期博弈类进入视野"
2019-01-31,【每日晨报】策略丁文 银河证券晨会纪要—20190131,【每日晨报】策略丁文 银河证券晨会纪要—20190131
2019-01-31,比亚迪进入 汽车变革下半场,比亚迪进入 汽车变革下半场
2019-01-31,12月新能源乘用车上牌量：北汽EC年末集中上牌 造车新势力表现亮眼,12月新能源乘用车上牌量：北汽EC年末集中上牌 造车新势力表现亮眼
2019-02-01,"电力设备行业:产业携手前进,静待靴子落地","电力设备行业:产业携手前进,静待靴子落地"
2019-02-01,2019年1月汽车产业政策汇总：国六提前实施，深圳设动力电池回收补贴,2019年1月汽车产业政策汇总：国六提前实施，深圳设动力电池回收补贴
2019-02-01,新能源乘用车12月销量：比亚迪笑傲群雄 北汽EC夺年度销冠,新能源乘用车12月销量：比亚迪笑傲群雄 北汽EC夺年度销冠
2019-02-01,比亚迪：子公司5200万元受让东莞德瑞精密设备32.5%股权,比亚迪：子公司5200万元受让东莞德瑞精密设备32.5%股权
2019-02-01,比亚迪(01211.HK)拟对参股公司腾势新能源增资2亿元,比亚迪(01211.HK)拟对参股公司腾势新能源增资2亿元
2019-02-01,比亚迪(01211.HK)拟对迪滴新能源汽车科技增资2233.85万元 持股40%,比亚迪(01211.HK)拟对迪滴新能源汽车科技增资2233.85万元 持股40%
2019-02-01,格隆汇港股聚焦(2.1)︱腾讯及美团加持的猫眼娱乐大年三十挂牌上市,格隆汇港股聚焦(2.1)︱腾讯及美团加持的猫眼娱乐大年三十挂牌上市
2019-02-01,2018新能源再迎“高光时刻”，插混怒抢纯电“饭碗”,2018新能源再迎“高光时刻”，插混怒抢纯电“饭碗”
2019-02-02,电力设备与新能源行业周报:新能源一季度淡季不淡海外市场拓展增量空间,电力设备与新能源行业周报:新能源一季度淡季不淡海外市场拓展增量空间
2019-02-02,2018年全球电动车销量破200万辆 特斯拉Model 3首夺年度销冠,2018年全球电动车销量破200万辆 特斯拉Model 3首夺年度销冠
2019-02-02,2018年全球新能源汽车销量超201万辆，年度榜单来了！,2018年全球新能源汽车销量超201万辆，年度榜单来了！
2019-02-02,韩系动力电池企业发展迅猛，将与中国动力电池企业决雌雄,韩系动力电池企业发展迅猛，将与中国动力电池企业决雌雄
2019-02-03,小鹏G3全系上涨2-3.4万元 年后新能源车涨价将成常态？,小鹏G3全系上涨2-3.4万元 年后新能源车涨价将成常态？
2019-02-03,2018动力电池装机量TOP10！宁德时代、比亚迪继续“双超制霸” | 中国汽车报,2018动力电池装机量TOP10！宁德时代、比亚迪继续“双超制霸” | 中国汽车报
2019-02-03,2018主流新能源车企：6家实现销量目标 最低一家仅完成19.2%,2018主流新能源车企：6家实现销量目标 最低一家仅完成19.2%
2019-02-03,比亚迪收购德瑞精密设备32.5%股权 完善电池布局,比亚迪收购德瑞精密设备32.5%股权 完善电池布局
2019-02-04,了不起的碳化硅，汽车厂商都爱它,了不起的碳化硅，汽车厂商都爱它
2019-02-04,磷酸铁锂电池和三元锂电池，谁能更胜一筹,磷酸铁锂电池和三元锂电池，谁能更胜一筹
2019-02-04,比亚迪市值超6000亿，回应特斯拉收购传闻,比亚迪市值超6000亿，回应特斯拉收购传闻
2019-02-04,驱动电机在新能源产业链中的发展,驱动电机在新能源产业链中的发展
2019-02-04,缺芯，停产，中国智造是否会迎来新机遇,缺芯，停产，中国智造是否会迎来新机遇
2019-02-04,全国首撞！BYD刀片电池技术也不安全？,全国首撞！BYD刀片电池技术也不安全？
2019-02-04,站在风口浪尖的新能源汽车，泡沫有多大,站在风口浪尖的新能源汽车，泡沫有多大
2019-02-04,高通骁龙汽车数字座舱平台，引领智能数字座舱体验变革,高通骁龙汽车数字座舱平台，引领智能数字座舱体验变革
2019-02-04,比亚迪2020年总收入1566亿，汽车竟是赔钱货,比亚迪2020年总收入1566亿，汽车竟是赔钱货
2019-02-05,与本田合作签约 宁德时代缘何此时才官宣？,与本田合作签约 宁德时代缘何此时才官宣？
2019-02-05,EV Sales公布全球电动车销量数据销量突破200万辆,EV Sales公布全球电动车销量数据销量突破200万辆
2019-02-08,与比亚迪成立合资公司;收购日本汽车导航系统供应商等 | 2018年佛吉亚大事记,与比亚迪成立合资公司;收购日本汽车导航系统供应商等 | 2018年佛吉亚大事记
2019-02-08,暴增342% 比亚迪1月新能源车销量3.2万,暴增342% 比亚迪1月新能源车销量3.2万
2019-02-09,宁德时代 (300750.SZ)：亮剑811电池，笑迎华山之巅 | 国金证券研究,宁德时代 (300750.SZ)：亮剑811电池，笑迎华山之巅 | 国金证券研究
2019-02-10,腹背受敌！中国动力电池产业打响“反击战”,腹背受敌！中国动力电池产业打响“反击战”
2019-02-10,动力电池：12月装机量13.513GWh，行业集中度增加,动力电池：12月装机量13.513GWh，行业集中度增加
2019-02-10,新能源车中长期规划编制启动 9只龙头股价值凸显,新能源车中长期规划编制启动 9只龙头股价值凸显
2019-02-11,过完年，补贴新政也快来了？新能源汽车将提前感受“断奶”之痛？| 中国汽车报,过完年，补贴新政也快来了？新能源汽车将提前感受“断奶”之痛？| 中国汽车报
2019-02-11,增资2亿元 比亚迪通过对腾势增资议案,增资2亿元 比亚迪通过对腾势增资议案
2019-02-11,2018新能源动力电池市场回顾与展望,2018新能源动力电池市场回顾与展望
2019-02-11,新能源汽车将成趋势 保险业如何提升服务支持能力,新能源汽车将成趋势 保险业如何提升服务支持能力
2019-02-11,花旗：随着2019年初销售改善，买入中国汽车股的时机已到,花旗：随着2019年初销售改善，买入中国汽车股的时机已到
2019-02-11,互联网向左、车企向右，他们却相遇在同一个十字路口,互联网向左、车企向右，他们却相遇在同一个十字路口
2019-02-11,2018全球电动车销量破200万辆 Model 3夺冠,2018全球电动车销量破200万辆 Model 3夺冠
2019-02-11,一篇文章读懂电动车为何集体涨价,一篇文章读懂电动车为何集体涨价
2019-02-12,"汽车及新能源行业周报:十部委联合推动促消费增长,天津国六进展提前","汽车及新能源行业周报:十部委联合推动促消费增长,天津国六进展提前"
2019-02-12,中国行业政策引发日媒关注：中国企业能取胜吗？,中国行业政策引发日媒关注：中国企业能取胜吗？
2019-02-12,新能源乘用车11月产量排行：Velite 6产辆破5000 蔚来ES8年度产出1.26万辆,新能源乘用车11月产量排行：Velite 6产辆破5000 蔚来ES8年度产出1.26万辆
2019-02-12,比亚迪1月份新能源车销量3.2万 同比增长342%,比亚迪1月份新能源车销量3.2万 同比增长342%
2019-02-12,比亚迪1月份销量出炉新能源车型增长达342%,比亚迪1月份销量出炉新能源车型增长达342%
2019-02-12,比亚迪1月份销量近6万辆 新能源车型暴涨342%,比亚迪1月份销量近6万辆 新能源车型暴涨342%
2019-02-12,王传福出任青岛比亚迪董事长 2019年初布局频频,王传福出任青岛比亚迪董事长 2019年初布局频频
2019-02-13,比亚迪：1月份新能源汽车销量同比增长291%,比亚迪：1月份新能源汽车销量同比增长291%
2019-02-13,比亚迪：1月新能源汽车销量同比增近3倍,比亚迪：1月新能源汽车销量同比增近3倍
2019-02-13,公告精选：新纶科技布局柔性显示关键材料产品；比亚迪新能源汽车销量大增,公告精选：新纶科技布局柔性显示关键材料产品；比亚迪新能源汽车销量大增
2019-02-13,比亚迪：1月新能源汽车销量2.87万辆，同比增长291%,比亚迪：1月新能源汽车销量2.87万辆，同比增长291%
2019-02-13,工信部发布享受车船税减免优惠车型，多家上市公司在列,工信部发布享受车船税减免优惠车型，多家上市公司在列
2019-02-13,"1月汽车零售销量数据前瞻:零售数据逐渐回暖,汽车边际改善进行中","1月汽车零售销量数据前瞻:零售数据逐渐回暖,汽车边际改善进行中"
2019-02-13,危中有机 哪些方向是中国车企研发重点,危中有机 哪些方向是中国车企研发重点
2019-02-13,比亚迪(01211.HK)1月新能源车销量升291.11%至28668辆,比亚迪(01211.HK)1月新能源车销量升291.11%至28668辆
2019-02-14,"比亚迪 002594:整车销量逆势增长,强劲产品周期延续","比亚迪 002594:整车销量逆势增长,强劲产品周期延续"
2019-02-14,比亚迪纯电动车销量首次超过燃油车,比亚迪纯电动车销量首次超过燃油车
2019-02-14,比亚迪：1月新能源车销量实现同比高增长,比亚迪：1月新能源车销量实现同比高增长
2019-02-14,比亚迪:1月新能源车销量保持高位,比亚迪:1月新能源车销量保持高位
2019-02-14,0-100km/h加速4.4秒 比亚迪唐EV到店,0-100km/h加速4.4秒 比亚迪唐EV到店
2019-02-14,比亚迪1月新车销量达43920辆 新能源车暴涨近三倍,比亚迪1月新车销量达43920辆 新能源车暴涨近三倍
2019-02-14,港股异动︱1月份新能源汽车销量同比增291% 比亚迪(01211)涨近4%,港股异动︱1月份新能源汽车销量同比增291% 比亚迪(01211)涨近4%
2019-02-14,星云股份连获宁德时代&比亚迪超2亿巨额订单,星云股份连获宁德时代&比亚迪超2亿巨额订单
2019-02-14,车市下行、电动车价格“不降反升”，消费者会买账吗？,车市下行、电动车价格“不降反升”，消费者会买账吗？
2019-02-14,比亚迪1月销量接近6万辆 同比增长77%,比亚迪1月销量接近6万辆 同比增长77%
2019-02-14,【招商汽车|公司点评】比亚迪：1月销量开门红，全年销量高增长可期,【招商汽车|公司点评】比亚迪：1月销量开门红，全年销量高增长可期
2019-02-14,"财通证券：将比亚迪评级调低为""增持""","财通证券：将比亚迪评级调低为""增持"""
2019-02-14,造车新势力，其命也维新,造车新势力，其命也维新
2019-02-14,港股异动 | 1月新能源车销量升291.11%至28668辆 比亚迪A+H股携手涨约3%,港股异动 | 1月新能源车销量升291.11%至28668辆 比亚迪A+H股携手涨约3%
2019-02-14,补贴退坡50%的真假难辨 消费者到底应该何时买车,补贴退坡50%的真假难辨 消费者到底应该何时买车
2019-02-14,新能源补贴砍半 谁后背发凉？,新能源补贴砍半 谁后背发凉？
2019-02-14,大和：比亚迪盈利复苏 目标价71港元,大和：比亚迪盈利复苏 目标价71港元
2019-02-15,新能源车已进入价格下行区间 业内称涨价仅是“短期现象”,新能源车已进入价格下行区间 业内称涨价仅是“短期现象”
2019-02-15,比亚迪将在巴西建造拉丁美洲首条跨海云轨，2021年投入运营,比亚迪将在巴西建造拉丁美洲首条跨海云轨，2021年投入运营
2019-02-15,北汽新能源换帅后首份成绩单：销量暴跌43.66% 或成销量唯一下滑的主流品牌 董监高成员变化,北汽新能源换帅后首份成绩单：销量暴跌43.66% 或成销量唯一下滑的主流品牌 董监高成员变化
2019-02-15,比亚迪：销量同比高速增长 推荐评级,比亚迪：销量同比高速增长 推荐评级
2019-02-15,比亚迪将在巴西修建全球首条跨海云轨,比亚迪将在巴西修建全球首条跨海云轨
2019-02-15,独家 | 戴姆勒将跟进比亚迪注资腾势,独家 | 戴姆勒将跟进比亚迪注资腾势
2019-02-15,汽车股全线走低，上汽集团跌超4%,汽车股全线走低，上汽集团跌超4%
2019-02-15,棱镜|吐槽马斯克避谈苹果， 巴菲特搭档芒格称中国投资机会更多,棱镜|吐槽马斯克避谈苹果， 巴菲特搭档芒格称中国投资机会更多
2019-02-15,再获比亚迪2亿元增资，腾势2019能否“转危为安”？,再获比亚迪2亿元增资，腾势2019能否“转危为安”？
2019-02-15,"比亚迪2019年1月销量点评:销量超预期,静待补贴退坡新能源持续领航","比亚迪2019年1月销量点评:销量超预期,静待补贴退坡新能源持续领航"
2019-02-15,"比亚迪销量快报点评:电动车抢位与电池产销两旺,卡位龙头","比亚迪销量快报点评:电动车抢位与电池产销两旺,卡位龙头"
2019-02-15,券商评级:沪指收盘跌逾1% 九股迎掘金良机,券商评级:沪指收盘跌逾1% 九股迎掘金良机
2019-02-16,查理·芒格：比亚迪电动车和单轨产业将大展宏图,查理·芒格：比亚迪电动车和单轨产业将大展宏图
2019-02-17,汽车：纯电动乘用车驱动 1月动力电池装机同比高增长,汽车：纯电动乘用车驱动 1月动力电池装机同比高增长
2019-02-17,电气设备：2019年首批新能源汽车推广目录发布,电气设备：2019年首批新能源汽车推广目录发布
2019-02-17,机械制造：重视周期股价值回归行情 荐3股,机械制造：重视周期股价值回归行情 荐3股
2019-02-17,工信部：2019年首批新能源补贴车型公布，含宝马X1、大众朗逸等106个车型,工信部：2019年首批新能源补贴车型公布，含宝马X1、大众朗逸等106个车型
2019-02-17,进击的比亚迪 三倍增速的背后是否有水份？,进击的比亚迪 三倍增速的背后是否有水份？
2019-02-17,年产销量超过2000万，世界第一！但中国汽车为何难入国际市场？,年产销量超过2000万，世界第一！但中国汽车为何难入国际市场？
2019-02-18,【东吴电新曾朵红团队】抢装情绪高涨，1月装机电量超预期,【东吴电新曾朵红团队】抢装情绪高涨，1月装机电量超预期
2019-02-18,我国1月汽车销量同比继续下降 新能源汽车近三成销量来自比亚迪,我国1月汽车销量同比继续下降 新能源汽车近三成销量来自比亚迪
2019-02-18,比亚迪(01211.HK)：高管吴经胜累计减持60万股A股 减持股份,比亚迪(01211.HK)：高管吴经胜累计减持60万股A股 减持股份
2019-02-18,汽车：下游反馈1月环比改善 荐6股,汽车：下游反馈1月环比改善 荐6股
2019-02-18,券商评级:三大指数全线大涨 九股迎掘金良机,券商评级:三大指数全线大涨 九股迎掘金良机
2019-02-18,比亚迪纯电销量首次超燃油车，新能源的春天来了吗？,比亚迪纯电销量首次超燃油车，新能源的春天来了吗？
2019-02-18,一月份中国车市仍现负增长 几家欢喜几家愁？,一月份中国车市仍现负增长 几家欢喜几家愁？
2019-02-18,新能源客车销554辆大涨209% 比亚迪1月销量数据出炉,新能源客车销554辆大涨209% 比亚迪1月销量数据出炉
2019-02-18,汽车早讯丨大众集团1月在华销量跌2.9%，Uber起诉纽约市政府 盈利能力下降,汽车早讯丨大众集团1月在华销量跌2.9%，Uber起诉纽约市政府 盈利能力下降
2019-02-18,"电气设备行业周报:2019年1月动力电池装机同比增长281%,光伏产品价格小幅上涨","电气设备行业周报:2019年1月动力电池装机同比增长281%,光伏产品价格小幅上涨"
2019-02-18,开源证券新能源汽车行业周报,开源证券新能源汽车行业周报
2019-02-18,"机械设备行业周报2月第2期:锂电设备进入扩产周期,油价回升利好油服装备","机械设备行业周报2月第2期:锂电设备进入扩产周期,油价回升利好油服装备"
2019-02-18,【G20周刊】比亚迪动力电池对外供应进程,【G20周刊】比亚迪动力电池对外供应进程
2019-02-19,补贴大退坡，电动汽车成本能降多少？,补贴大退坡，电动汽车成本能降多少？
2019-02-19,乘联会：新能源乘用车强势开门红 比亚迪元销量破万,乘联会：新能源乘用车强势开门红 比亚迪元销量破万
2019-02-19,比亚迪(01211.HK)拟发行不超30亿元公司债券,比亚迪(01211.HK)拟发行不超30亿元公司债券
2019-02-19,汽车：行业下行持续 拐点仍待观察,汽车：行业下行持续 拐点仍待观察
2019-02-19,齐聚德国 亚欧打响动力电池“产能战”,齐聚德国 亚欧打响动力电池“产能战”
2019-02-19,比亚迪2019年1月销量发布 同比增长3倍,比亚迪2019年1月销量发布 同比增长3倍
2019-02-19,电力设备与新能源行业:通威股份,电力设备与新能源行业:通威股份
2019-02-19,再获股东注资 腾势靠单一车型能撑多久,再获股东注资 腾势靠单一车型能撑多久
2019-02-19,1月新能源车销售9.6万辆 近三成来自比亚迪,1月新能源车销售9.6万辆 近三成来自比亚迪
2019-02-19,汽车销量跌幅超预期： 自主品牌和豪华车 “冰火两重天”,汽车销量跌幅超预期： 自主品牌和豪华车 “冰火两重天”
2019-02-19,"汽车和汽车零部件行业周报:2019年1月销量数据陆续公布,有喜有忧","汽车和汽车零部件行业周报:2019年1月销量数据陆续公布,有喜有忧"
2019-02-19,"电气设备与新能源:2018年海外电动车累计销量81.64万辆,同增51%","电气设备与新能源:2018年海外电动车累计销量81.64万辆,同增51%"
2019-02-19,"汽车和汽车零部件行业2019年1月乘用车销量点评:销量同比降幅收窄,库存压力缓解新能源车继续抢装上量","汽车和汽车零部件行业2019年1月乘用车销量点评:销量同比降幅收窄,库存压力缓解新能源车继续抢装上量"
2019-02-19,【东吴晨报0219】【行业】电新、机械【个股】盈趣科技、恒瑞医药、葵花药业、三一重工,【东吴晨报0219】【行业】电新、机械【个股】盈趣科技、恒瑞医药、葵花药业、三一重工
2019-02-20,新能源成商用客车领域爆发点,新能源成商用客车领域爆发点
2019-02-20,【锂电G20】比亚迪拟以5200万受让德瑞精密设备32.5%股权背后,【锂电G20】比亚迪拟以5200万受让德瑞精密设备32.5%股权背后
2019-02-20,汽车：1月新能源汽车合格证同比增长158%,汽车：1月新能源汽车合格证同比增长158%
2019-02-20,【东吴电新曾朵红团队】2018年海外电动车累计销量81.64万辆，同增51%,【东吴电新曾朵红团队】2018年海外电动车累计销量81.64万辆，同增51%
2019-02-20,销量升利润降 比亚迪新能源车“赔本赚吆喝”？,销量升利润降 比亚迪新能源车“赔本赚吆喝”？
2019-02-20,"电力设备行业:把握春季攻势,光伏需求超预期,探析19年新能源爆款车型","电力设备行业:把握春季攻势,光伏需求超预期,探析19年新能源爆款车型"
2019-02-20,"2019年1月电动车销量点评:1月电动车销量超预期,乘用车结构升级明量超预期,乘用车结构升级明显继续看好龙头行情","2019年1月电动车销量点评:1月电动车销量超预期,乘用车结构升级明量超预期,乘用车结构升级明显继续看好龙头行情"
2019-02-20,电力设备新能源行业周报:常熟支持燃料电池汽车发展,电力设备新能源行业周报:常熟支持燃料电池汽车发展
2019-02-20,1月新能源销量激增，今年150万辆销量目标有谱了？,1月新能源销量激增，今年150万辆销量目标有谱了？
2019-02-21,2019年1月中国新能源汽车行业产销量分析 新政策优势进一步扩大市场,2019年1月中国新能源汽车行业产销量分析 新政策优势进一步扩大市场
2019-02-21,汽车：工信部发布《新能源汽车推广应用推荐车型目录》亮点颇多 一月份新能源车销量长势喜人,汽车：工信部发布《新能源汽车推广应用推荐车型目录》亮点颇多 一月份新能源车销量长势喜人
2019-02-21,比亚迪发行30亿元5年期债券，补充新能源和电池业务流动资金,比亚迪发行30亿元5年期债券，补充新能源和电池业务流动资金
2019-02-21,新能源市场“狼”要来了？比“同伴”跑得快就行！,新能源市场“狼”要来了？比“同伴”跑得快就行！
2019-02-21,2019年1月车企销量榜单揭晓！比亚迪增长最迅猛 长安下滑幅度最大,2019年1月车企销量榜单揭晓！比亚迪增长最迅猛 长安下滑幅度最大
2019-02-21,特斯拉已盈利 新造车势力何时能赚钱？,特斯拉已盈利 新造车势力何时能赚钱？
2019-02-21,"汽车和汽车零部件行业2019年1月汽车销量跟踪报告:销量持续下滑,厂商主动去库,新能源汽车迎来开门红 盈利能力下降","汽车和汽车零部件行业2019年1月汽车销量跟踪报告:销量持续下滑,厂商主动去库,新能源汽车迎来开门红 盈利能力下降"
2019-02-22,【2.22 锂电快讯】20GWh！远景动力电池项目正式开工*工信部长：大力推进5G和全光纤网络部署,【2.22 锂电快讯】20GWh！远景动力电池项目正式开工*工信部长：大力推进5G和全光纤网络部署
2019-02-22,比亚迪(002594.SZ)2019年第一期公司债全部发行品种一 票息4.60%,比亚迪(002594.SZ)2019年第一期公司债全部发行品种一 票息4.60%
2019-02-22,比亚迪(01211.HK)：“19亚迪01”票面利率为4.60%,比亚迪(01211.HK)：“19亚迪01”票面利率为4.60%
2019-02-22,不惧补贴退坡50%压力 中外电池巨头各寻各妈,不惧补贴退坡50%压力 中外电池巨头各寻各妈
2019-02-22,新能源汽车时代来临 谁将成为动力电池行业龙头？,新能源汽车时代来临 谁将成为动力电池行业龙头？
2019-02-22,锂电池概念人气爆棚！股价创新高，融捷股份（002192.SZ）上演“否极泰来”,锂电池概念人气爆棚！股价创新高，融捷股份（002192.SZ）上演“否极泰来”
2019-02-22,比亚迪电车销量比燃油车还高？自主新能源品牌的春天要来了吗？,比亚迪电车销量比燃油车还高？自主新能源品牌的春天要来了吗？
2019-02-22,汽蓝谷获补10.5亿 销量降四成仅4512辆,汽蓝谷获补10.5亿 销量降四成仅4512辆
2019-02-23,当母鹰不再喂食，唯强者生存，浅谈新能源后补贴时代,当母鹰不再喂食，唯强者生存，浅谈新能源后补贴时代
2019-02-23,车企营造“开门红”假象 新能源车补贴退坡前引抢购,车企营造“开门红”假象 新能源车补贴退坡前引抢购
2019-02-23,资金问题成燃眉之急 比亚迪受补贴退坡影响利润下滑,资金问题成燃眉之急 比亚迪受补贴退坡影响利润下滑
2019-02-24,被看衰的腾势，或比亚迪增资后能否“满血复活”？,被看衰的腾势，或比亚迪增资后能否“满血复活”？
2019-02-24,亿纬锂能|系列深度③：动力电池突破显著，高举高打逐见成效,亿纬锂能|系列深度③：动力电池突破显著，高举高打逐见成效
2019-02-24,从电动化到智能化：比亚迪的“汽车经”,从电动化到智能化：比亚迪的“汽车经”
2019-02-24,电气设备：2019年光伏国内需求确定性增加 荐17股,电气设备：2019年光伏国内需求确定性增加 荐17股
2019-02-24,汽车：1月新能源车逆势高增 A0及A级车占比提升,汽车：1月新能源车逆势高增 A0及A级车占比提升
2019-02-24,【东吴电新曾朵红团队】周策略：光伏征求意见总体需求旺盛，电动车静待政策落地,【东吴电新曾朵红团队】周策略：光伏征求意见总体需求旺盛，电动车静待政策落地
2019-02-25,2019MWC别样精彩！华为、小米产业链企业迎5G红利,2019MWC别样精彩！华为、小米产业链企业迎5G红利
2019-02-25,锂电卷绕机市场需求大爆发 先导/赢合/诚捷/吉阳/华冠PK日韩,锂电卷绕机市场需求大爆发 先导/赢合/诚捷/吉阳/华冠PK日韩
2019-02-25,【G20周刊】比亚迪募资30亿 宁德时代扩产至98GWh,【G20周刊】比亚迪募资30亿 宁德时代扩产至98GWh
2019-02-25,重庆比亚迪新能源汽车电池生产基地开工,重庆比亚迪新能源汽车电池生产基地开工
2019-02-25,【电池企业特写】看国轩高科如何“发力铁锂 蓄力三元”？,【电池企业特写】看国轩高科如何“发力铁锂 蓄力三元”？
2019-02-25,终端补贴暂未退坡 现在是2019年入手新能源车的最好时机吗？,终端补贴暂未退坡 现在是2019年入手新能源车的最好时机吗？
2019-02-25,【锂电G20】30亿加码动力电池 比亚迪1月装机电量排名第2,【锂电G20】30亿加码动力电池 比亚迪1月装机电量排名第2
2019-02-26,比亚迪：2018年净利润27.9亿元，同比下降31.37%,比亚迪：2018年净利润27.9亿元，同比下降31.37%
2019-02-26,比亚迪2018年增收不增利 营收进二成净利退三成,比亚迪2018年增收不增利 营收进二成净利退三成
2019-02-26,[公司]比亚迪2018年净利润同比下滑31% 营收增长23% 盈利能力下降,[公司]比亚迪2018年净利润同比下滑31% 营收增长23% 盈利能力下降
2019-02-26,26日晚间公告精选：一大波公司发布年报业绩！比亚迪2018年净利润降幅超30%,26日晚间公告精选：一大波公司发布年报业绩！比亚迪2018年净利润降幅超30%
2019-02-26,比亚迪：2018年实现净利27.9亿元 同比下降31.37%,比亚迪：2018年实现净利27.9亿元 同比下降31.37%
2019-02-26,比亚迪(002594.SZ)2018年度净利润降31.37%至27.91亿元 盈利能力下降,比亚迪(002594.SZ)2018年度净利润降31.37%至27.91亿元 盈利能力下降
2019-02-26,新一轮“厮杀”？全球第二大动力电池市场争夺将爆发,新一轮“厮杀”？全球第二大动力电池市场争夺将爆发
2019-02-26,传腾势汽车原销售团队解散 奔驰接收 经营问题,传腾势汽车原销售团队解散 奔驰接收 经营问题
2019-02-26,10家车企的动力电池回收选择,10家车企的动力电池回收选择
2019-02-26,走势承压，2019年1月汽车市场和企业分析,走势承压，2019年1月汽车市场和企业分析
2019-02-26,充电运营补贴实施细则望很快出台 六股值得关注,充电运营补贴实施细则望很快出台 六股值得关注
2019-02-26,乘用车市1月的冰与火：整体销量创5年新低 豪车及新能源车成绩亮眼,乘用车市1月的冰与火：整体销量创5年新低 豪车及新能源车成绩亮眼
2019-02-26,王传福出席开工 投资100亿元 比亚迪什么新能源项目这么受重视,王传福出席开工 投资100亿元 比亚迪什么新能源项目这么受重视
2019-02-27,2019胡润富豪榜出炉 6位新入榜富豪全与储能相关,2019胡润富豪榜出炉 6位新入榜富豪全与储能相关
2019-02-27,净利润下滑31%，比亚迪发2018业绩快报 盈利能力下降,净利润下滑31%，比亚迪发2018业绩快报 盈利能力下降
2019-02-27,花旗：市场对比亚迪(01211.HK)业绩反应负面或创造入市良机,花旗：市场对比亚迪(01211.HK)业绩反应负面或创造入市良机
2019-02-27,比亚迪新能源汽车卓越品质占领市场，比亚迪财报业绩数据亮眼,比亚迪新能源汽车卓越品质占领市场，比亚迪财报业绩数据亮眼
2019-02-27,大摩：比亚迪(01211.HK)去年业绩逊预期 评级“减持” 盈利能力下降,大摩：比亚迪(01211.HK)去年业绩逊预期 评级“减持” 盈利能力下降
2019-02-27,电池回收势在必行 看十大车企布局动力回收市场,电池回收势在必行 看十大车企布局动力回收市场
2019-02-27,比亚迪业绩快报：2018年度净利同比下降 盈利能力下降,比亚迪业绩快报：2018年度净利同比下降 盈利能力下降
2019-02-27,2018年净利润同比下滑31.37% 比亚迪财报称“燃油车业务盈利水平下降带来压力” 盈利能力下降,2018年净利润同比下滑31.37% 比亚迪财报称“燃油车业务盈利水平下降带来压力” 盈利能力下降
2019-02-27,腾势汽车回应奔驰接收其销售团队：此事尚未定论,腾势汽车回应奔驰接收其销售团队：此事尚未定论
2019-02-27,首席汽车要闻丨许家印成立新造车公司；比亚迪2018年度净利27.9亿元,首席汽车要闻丨许家印成立新造车公司；比亚迪2018年度净利27.9亿元
2019-02-27,内参：行情来得太突然 33只灵活配置混合基金踏空A股,内参：行情来得太突然 33只灵活配置混合基金踏空A股
2019-02-27,比亚迪2018年净利润同比下滑31.37% 盈利能力下降,比亚迪2018年净利润同比下滑31.37% 盈利能力下降
2019-02-28,斥资10亿成立第八家合资公司 宁德时代净利润微降难挡加速扩张 盈利能力下降,斥资10亿成立第八家合资公司 宁德时代净利润微降难挡加速扩张 盈利能力下降
2019-02-28,广汽比亚迪三部门一线员工放假3月 比亚迪：淡季调整,广汽比亚迪三部门一线员工放假3月 比亚迪：淡季调整
2019-02-28,比亚迪知情人士:一线人员放假是适应生产情况应变的短期行为 合资公司经营运转一切正常,比亚迪知情人士:一线人员放假是适应生产情况应变的短期行为 合资公司经营运转一切正常
2019-02-28,比亚迪回应工厂停产传闻：只是淡季短期行为，经营正常,比亚迪回应工厂停产传闻：只是淡季短期行为，经营正常
2019-02-28,广汽比亚迪新能源客车公司停产放大假？比亚迪回应：正在核实,广汽比亚迪新能源客车公司停产放大假？比亚迪回应：正在核实
2019-02-28,净利润被CATL碾压 比亚迪分拆动力电池业务可能要提速,净利润被CATL碾压 比亚迪分拆动力电池业务可能要提速
2019-02-28,腾势“续命”难题,腾势“续命”难题
2019-02-28,营收1300亿元增23% 比亚迪发布2018年业绩快报,营收1300亿元增23% 比亚迪发布2018年业绩快报
2019-02-28,比亚迪公布2018年业绩快报 营收超1300亿元,比亚迪公布2018年业绩快报 营收超1300亿元
2019-02-28,上调评级至买入策略选股（2月28日）,上调评级至买入策略选股（2月28日）
2019-02-28,比亚迪：2018年新能源车业务支撑公司业绩。,比亚迪：2018年新能源车业务支撑公司业绩。
2019-02-28,清华开发出超快速柔性电子制造技术 六股受关注,清华开发出超快速柔性电子制造技术 六股受关注
2019-02-28,"三花智控:业绩符合预期,汽零业务快速增长","三花智控:业绩符合预期,汽零业务快速增长"
2019-02-28,传奔驰接管、团队分流，靠增资续命的腾势正在革自己的命？,传奔驰接管、团队分流，靠增资续命的腾势正在革自己的命？
2019-03-01,电气设备：光伏征求意见总体需求旺盛 荐10股,电气设备：光伏征求意见总体需求旺盛 荐10股
2019-03-01,独家探访广汽比亚迪：补贴退坡笼罩下的“寂静岭”,独家探访广汽比亚迪：补贴退坡笼罩下的“寂静岭”
2019-03-01,比亚迪电子(00285.HK)与比亚迪订立供电服务协议,比亚迪电子(00285.HK)与比亚迪订立供电服务协议
2019-03-01,比亚迪(01211.HK)聘任何志奇和陈刚为副总裁,比亚迪(01211.HK)聘任何志奇和陈刚为副总裁
2019-03-01,一只中国股票“套牢”巴菲特,一只中国股票“套牢”巴菲特
2019-03-01,车云日报 | 特斯拉发布基础版Model 3，自动驾驶企业飞步科技获数千万美元投资,车云日报 | 特斯拉发布基础版Model 3，自动驾驶企业飞步科技获数千万美元投资
2019-03-01,1月全球电动车销量惊喜连连 中国电动车强刷存在感！,1月全球电动车销量惊喜连连 中国电动车强刷存在感！
2019-03-01,动力电池争霸：时代上汽惊艳，外资电池仅供插混,动力电池争霸：时代上汽惊艳，外资电池仅供插混
2019-03-01,激进or保守 车企今年销量目标严重分化,激进or保守 车企今年销量目标严重分化
2019-03-01,全球新能源乘用车1月榜单：比亚迪第一、上汽第二、特斯拉第三,全球新能源乘用车1月榜单：比亚迪第一、上汽第二、特斯拉第三
2019-03-01,广汽比亚迪一线人员放假3个月 比亚迪回应经营正常,广汽比亚迪一线人员放假3个月 比亚迪回应经营正常
2019-03-01,比亚迪“拐点”：营收增长净利却下滑31% 补贴竟占利润超9成,比亚迪“拐点”：营收增长净利却下滑31% 补贴竟占利润超9成
2019-03-01,比亚迪工厂停工？广汽比亚迪一线员工放假三个月是怎么回事？,比亚迪工厂停工？广汽比亚迪一线员工放假三个月是怎么回事？
2019-03-01,比亚迪积极布局新能源交通 以创新构建未来城市图景,比亚迪积极布局新能源交通 以创新构建未来城市图景
2019-03-01,比亚迪2018年财报：营收同比增长22.79%，净利润同比下滑31.37%,比亚迪2018年财报：营收同比增长22.79%，净利润同比下滑31.37%
2019-03-02,新能源补贴退坡引市场担忧 车企面临涨价与否难题,新能源补贴退坡引市场担忧 车企面临涨价与否难题
2019-03-02,一线员工放假三个月过冬，广汽比亚迪是否在“裸泳”？,一线员工放假三个月过冬，广汽比亚迪是否在“裸泳”？
2019-03-03,广汽比亚迪放长假背后：当政府补贴退潮 谁在裸泳？,广汽比亚迪放长假背后：当政府补贴退潮 谁在裸泳？
2019-03-03,【山证汽车】比亚迪（002594.SZ）快报点评：业绩基本符合预期，传统业务拖累整体利润,【山证汽车】比亚迪（002594.SZ）快报点评：业绩基本符合预期，传统业务拖累整体利润
2019-03-04,疯长的新能源车:去年广州新能源汽车销量为62688万辆,疯长的新能源车:去年广州新能源汽车销量为62688万辆
2019-03-04,降价34万算什么？20多万的特斯拉恐将斩杀所有国产电动车,降价34万算什么？20多万的特斯拉恐将斩杀所有国产电动车
2019-03-04,雷军宣布比亚迪成小米代工厂，米9难抢或因货大量铺向线下,雷军宣布比亚迪成小米代工厂，米9难抢或因货大量铺向线下
2019-03-04,配偶业绩披露前买268万股票 比亚迪副总裁王传方收监管函 其他违规处罚,配偶业绩披露前买268万股票 比亚迪副总裁王传方收监管函 其他违规处罚
2019-03-04,2019《财富》中国500强出炉！汽车业增加两个新面孔，共22家企业上榜！| 中国汽车报,2019《财富》中国500强出炉！汽车业增加两个新面孔，共22家企业上榜！| 中国汽车报
2019-03-04,控股子公司大规模招人 融捷股份准备大干一场？,控股子公司大规模招人 融捷股份准备大干一场？
2019-03-04,造车的比亚迪为啥能给小米9代工？网友实力科普,造车的比亚迪为啥能给小米9代工？网友实力科普
2019-03-04,长安新能源增资项目挂牌到期暂无战略投资者接盘等7条快讯,长安新能源增资项目挂牌到期暂无战略投资者接盘等7条快讯
2019-03-04,全球电动车销量暴涨83% 中国怒刷存在感,全球电动车销量暴涨83% 中国怒刷存在感
2019-03-04,雷军：首批比亚迪生产的小米9已下线！网友实力科普,雷军：首批比亚迪生产的小米9已下线！网友实力科普
2019-03-04,2019年1月动力电池装机4.98GWh，行业向头部企业集中趋势显著,2019年1月动力电池装机4.98GWh，行业向头部企业集中趋势显著
2019-03-04,iQOO卖2998元起剑指小米9 雷军宣布比亚迪代工提升产量,iQOO卖2998元起剑指小米9 雷军宣布比亚迪代工提升产量
2019-03-04,小米9代工厂不止富士康一家 比亚迪制造的小米9将大批出货,小米9代工厂不止富士康一家 比亚迪制造的小米9将大批出货
2019-03-04,广州通达电气财务数据有待推敲 业绩增长与下游客户及同业竞争对手背离,广州通达电气财务数据有待推敲 业绩增长与下游客户及同业竞争对手背离
2019-03-04,少了国家补贴就露馅，比亚迪水份到底有多大,少了国家补贴就露馅，比亚迪水份到底有多大
2019-03-04,比亚迪响应“汽车下乡”，不限户籍购买，并推出多项补贴,比亚迪响应“汽车下乡”，不限户籍购买，并推出多项补贴
2019-03-04,2月份锂电行业投扩产事件盘点,2月份锂电行业投扩产事件盘点
2019-03-04,美元全球石油行业巨头加大光伏储能布局 湖南拓展电池储能电站,美元全球石油行业巨头加大光伏储能布局 湖南拓展电池储能电站
2019-03-05,"新能源汽车行业周报:1月比亚迪销量全球第一,中汽协,地方补贴将取消","新能源汽车行业周报:1月比亚迪销量全球第一,中汽协,地方补贴将取消"
2019-03-05,连亏16年马斯克终盈利，国内的造车新势力们，离特斯拉还有多远 亏损,连亏16年马斯克终盈利，国内的造车新势力们，离特斯拉还有多远 亏损
2019-03-05,科创板、A股其他板块与港股市场IPO制度及定价估值体系对比分析——会议纪要,科创板、A股其他板块与港股市场IPO制度及定价估值体系对比分析——会议纪要
2019-03-05,1月比亚迪销量全球第一 中汽协：地方补贴将取消新——能源汽车行业周报（2019年2.25-3.1）,1月比亚迪销量全球第一 中汽协：地方补贴将取消新——能源汽车行业周报（2019年2.25-3.1）
2019-03-05,比亚迪戴勒姆再增资 腾势多项工商变更,比亚迪戴勒姆再增资 腾势多项工商变更
2019-03-05,上汽荣威/比亚迪公布汽车下乡优惠政策,上汽荣威/比亚迪公布汽车下乡优惠政策
2019-03-05,比亚迪副总裁配偶窗口期耗资268万增持股份 深交所下发监管函,比亚迪副总裁配偶窗口期耗资268万增持股份 深交所下发监管函
2019-03-05,比亚迪副总裁王传方收到监管函：你的配偶违规买了比亚迪股票 其他违规处罚,比亚迪副总裁王传方收到监管函：你的配偶违规买了比亚迪股票 其他违规处罚
2019-03-05,比亚迪BYD新注册商标Logo曝光,比亚迪BYD新注册商标Logo曝光
2019-03-06,【中金固收·信用】中国短期融资券及中期票据信用分析周报 20190306,【中金固收·信用】中国短期融资券及中期票据信用分析周报 20190306
2019-03-06,汽车：2月新能源汽车合格证同比增长43%,汽车：2月新能源汽车合格证同比增长43%
2019-03-06,比亚迪副总裁配偶买股票 深交所：违规了！ 其他违规处罚,比亚迪副总裁配偶买股票 深交所：违规了！ 其他违规处罚
2019-03-06,【新时代电新 开文明团队】三花智控：业绩符合预期，汽零业务快速增长,【新时代电新 开文明团队】三花智控：业绩符合预期，汽零业务快速增长
2019-03-06,增量不增利 比亚迪的新能源事业怎么了？,增量不增利 比亚迪的新能源事业怎么了？
2019-03-06,『早安，新时代！』晨会早读2019/3/6：今日关注东易日盛、三花智控、步步高,『早安，新时代！』晨会早读2019/3/6：今日关注东易日盛、三花智控、步步高
2019-03-06,"新能源汽车行业周报:中汽协透露新能源新政,地方补贴将转向“补电”","新能源汽车行业周报:中汽协透露新能源新政,地方补贴将转向“补电”"
2019-03-06,周三机构一致看好的七大金股,周三机构一致看好的七大金股
2019-03-07,比亚迪：2月份销量26833辆 其中新能源汽车占14429辆,比亚迪：2月份销量26833辆 其中新能源汽车占14429辆
2019-03-07,比亚迪：1-2月份新能源汽车销量同比增长175%,比亚迪：1-2月份新能源汽车销量同比增长175%
2019-03-07,比亚迪：1-2月新能源汽车累计销量同比增174.73%,比亚迪：1-2月新能源汽车累计销量同比增174.73%
2019-03-07,动力电池：1月装机量4.982GWh，同比暴涨282.5%,动力电池：1月装机量4.982GWh，同比暴涨282.5%
2019-03-07,比亚迪响应汽车下乡政策 不限户籍购买,比亚迪响应汽车下乡政策 不限户籍购买
2019-03-07,年销量打对折 众泰质量问题承压“汽车下乡” 产品问题,年销量打对折 众泰质量问题承压“汽车下乡” 产品问题
2019-03-07,【国金研究】高新兴深度：战略聚焦主航道，转型蜕变再出发,【国金研究】高新兴深度：战略聚焦主航道，转型蜕变再出发
2019-03-07,出海记｜这家中国企业在印度电动车市场悄然做大,出海记｜这家中国企业在印度电动车市场悄然做大
2019-03-08,"2019年机械行业周报3月第1期:国内工业机器人领域竞争加剧,检验检测行业仍处成长阶段","2019年机械行业周报3月第1期:国内工业机器人领域竞争加剧,检验检测行业仍处成长阶段"
2019-03-08,每日资讯：比亚迪新能源车1-2月销量大涨 特斯拉关闭在华门店,每日资讯：比亚迪新能源车1-2月销量大涨 特斯拉关闭在华门店
2019-03-08,一年亏近百亿！蔚来汽车暴跌 国产新能源前景如何？,一年亏近百亿！蔚来汽车暴跌 国产新能源前景如何？
2019-03-08,新能源乘用车1月产量排行：比亚迪产量近三万，蔚来领跑新势力,新能源乘用车1月产量排行：比亚迪产量近三万，蔚来领跑新势力
2019-03-08,【SMM分析】比亚迪2月新能源汽车数据出炉 销量同增73%但面临挑战,【SMM分析】比亚迪2月新能源汽车数据出炉 销量同增73%但面临挑战
2019-03-08,比亚迪：2月新能源销量符合预期，传统车加速去库存【安信汽车】,比亚迪：2月新能源销量符合预期，传统车加速去库存【安信汽车】
2019-03-08,比亚迪2月销量增长2.1% 新能源车大涨七成,比亚迪2月销量增长2.1% 新能源车大涨七成
2019-03-08,比亚迪2019年2月销量26833辆,比亚迪2019年2月销量26833辆
2019-03-08,特斯拉空手套白狼35亿贷款建厂，国产品牌该拿什么竞争市场？,特斯拉空手套白狼35亿贷款建厂，国产品牌该拿什么竞争市场？
2019-03-08,苹果更新前200家供应商名单，多家上市公司为新面孔,苹果更新前200家供应商名单，多家上市公司为新面孔
2019-03-08,因妻子违规操作，比亚迪副总裁王传方遭深交所警告 其他违规处罚,因妻子违规操作，比亚迪副总裁王传方遭深交所警告 其他违规处罚
2019-03-09,1月动力电池装机量暴涨 宁德时代、比亚迪瓜分70%市场,1月动力电池装机量暴涨 宁德时代、比亚迪瓜分70%市场
2019-03-09,专访法国商务投资署董事局主席、法国国际投资大使帕斯卡·卡格尼： 并非全盘限制外资 欢迎中国科技企业在法落户研发中心,专访法国商务投资署董事局主席、法国国际投资大使帕斯卡·卡格尼： 并非全盘限制外资 欢迎中国科技企业在法落户研发中心
2019-03-09,洞察者| 首探广汽比亚迪：补贴退坡笼罩下的“寂静岭”,洞察者| 首探广汽比亚迪：补贴退坡笼罩下的“寂静岭”
2019-03-10,是否参与科创板？ 私募基金经理这么说,是否参与科创板？ 私募基金经理这么说
2019-03-10,腾势新能源多项工商变更 股东再次“输血救援”,腾势新能源多项工商变更 股东再次“输血救援”
2019-03-11,"汽车及新能源行业周报:政府工作报告再提汽车消费,海南2030年禁售燃油车","汽车及新能源行业周报:政府工作报告再提汽车消费,海南2030年禁售燃油车"
2019-03-11,罕见！这个板块单日超80只股票涨停，北上资金又抄对底了,罕见！这个板块单日超80只股票涨停，北上资金又抄对底了
2019-03-11,比亚迪成中消协汽车投诉榜首位 公司称因新能源车提车周期太长,比亚迪成中消协汽车投诉榜首位 公司称因新能源车提车周期太长
2019-03-11,中汽协：2月汽车销量为148.2万辆 比1月下降37.4%,中汽协：2月汽车销量为148.2万辆 比1月下降37.4%
2019-03-11,中消协发布2018汽车投诉报告 比亚迪、奔驰、宝马投诉量位居前三,中消协发布2018汽车投诉报告 比亚迪、奔驰、宝马投诉量位居前三
2019-03-11,"汽车行业周报:增值税由16%降至13%,汽车行业持续去库存","汽车行业周报:增值税由16%降至13%,汽车行业持续去库存"
2019-03-11,动力电池2月装机量同比增长118% 珠海银隆首进前五,动力电池2月装机量同比增长118% 珠海银隆首进前五
2019-03-11,2月比亚迪动力/储能电池装机总量约为0.77GWh,2月比亚迪动力/储能电池装机总量约为0.77GWh
2019-03-11,"电气设备与新能源行业点评:2019年1月海外电动车销量6.2万辆,同增46%","电气设备与新能源行业点评:2019年1月海外电动车销量6.2万辆,同增46%"
2019-03-11,中消协：汽车投诉品牌比亚迪第一，德系三大豪车居前五,中消协：汽车投诉品牌比亚迪第一，德系三大豪车居前五
2019-03-11,去年被投诉汽车品牌比亚迪居首 奔驰、宝马、奥迪进前十,去年被投诉汽车品牌比亚迪居首 奔驰、宝马、奥迪进前十
2019-03-11,中消协发汽车投诉榜单：比亚迪奔驰宝马“包揽”前三,中消协发汽车投诉榜单：比亚迪奔驰宝马“包揽”前三
2019-03-11,比亚迪2月销量超2.6万辆 一半以上为新能源,比亚迪2月销量超2.6万辆 一半以上为新能源
2019-03-11,[看好评级]新能源汽车产业链行业周报(3月第2周)：我们为什么看好磷酸铁锂,[看好评级]新能源汽车产业链行业周报(3月第2周)：我们为什么看好磷酸铁锂
2019-03-11,"电气设备行业:2月动力电池装机同增118%,2019年度风电投资监测预警结果出炉","电气设备行业:2月动力电池装机同增118%,2019年度风电投资监测预警结果出炉"
2019-03-11,补贴退坡成本承压 日韩动力电池发力后补贴时代,补贴退坡成本承压 日韩动力电池发力后补贴时代
2019-03-12,第七批减免车船税车型目录发布，374款新能源汽车入选,第七批减免车船税车型目录发布，374款新能源汽车入选
2019-03-12,【IPO前哨】背靠天赐材料与比亚迪，华盛锂电欲做“电解液添加剂一哥”？,【IPO前哨】背靠天赐材料与比亚迪，华盛锂电欲做“电解液添加剂一哥”？
2019-03-12,电气设备：2019年1月海外电动车销量6.2万辆 荐15股,电气设备：2019年1月海外电动车销量6.2万辆 荐15股
2019-03-12,【新时代电新】光华科技首次覆盖报告：PCB 化学品龙头，锂电回收蓝海扬帆起航,【新时代电新】光华科技首次覆盖报告：PCB 化学品龙头，锂电回收蓝海扬帆起航
2019-03-12,得山东者得天下 山东车市失速自主车企最受伤,得山东者得天下 山东车市失速自主车企最受伤
2019-03-12,充电桩龙头开始挣钱了！15大玩家将迎洗牌,充电桩龙头开始挣钱了！15大玩家将迎洗牌
2019-03-12,2月销量：奥迪A4L和宝马3系上榜，3款日系SUV销量正增长,2月销量：奥迪A4L和宝马3系上榜，3款日系SUV销量正增长
2019-03-12,"汽车行业周报:卡车客车销量逐渐稳定,乘用车销量仍处于底部","汽车行业周报:卡车客车销量逐渐稳定,乘用车销量仍处于底部"
2019-03-13,中消协：2018年汽车投诉比亚迪位居榜首,中消协：2018年汽车投诉比亚迪位居榜首
2019-03-13,比亚迪因订单骤减，暂停广州电动汽车工厂生产3个月 盈利能力下降,比亚迪因订单骤减，暂停广州电动汽车工厂生产3个月 盈利能力下降
2019-03-13,比亚迪广州电动汽车工厂暂时停产 进入淡季 经营问题,比亚迪广州电动汽车工厂暂时停产 进入淡季 经营问题
2019-03-13,[增持评级]新能源汽车2019年春季投资策略：从电动车全球供应链视角 寻找确定性溢价,[增持评级]新能源汽车2019年春季投资策略：从电动车全球供应链视角 寻找确定性溢价
2019-03-13,[路演]广和通：核心外协厂商包括比亚迪等 现阶段产能不会限制业务发展,[路演]广和通：核心外协厂商包括比亚迪等 现阶段产能不会限制业务发展
2019-03-13,3·15晚会开幕在即 比亚迪成为中消协投诉榜单“座上宾”,3·15晚会开幕在即 比亚迪成为中消协投诉榜单“座上宾”
2019-03-13,比亚迪暂停广州电动汽车工厂的生产,比亚迪暂停广州电动汽车工厂的生产
2019-03-13,汽车：中汽协透露新能源新政 荐4股,汽车：中汽协透露新能源新政 荐4股
2019-03-13,从电动车全球供应链视角，寻找确定性溢价【中泰电新】,从电动车全球供应链视角，寻找确定性溢价【中泰电新】
2019-03-13,"汽车行业2月销量数据点评:商用车销量稳定增长,新能源汽车表现继续亮眼","汽车行业2月销量数据点评:商用车销量稳定增长,新能源汽车表现继续亮眼"
2019-03-13,"2019年2月动力电池装机数据点评:锂电装机同比高增,行业集中度持续攀升","2019年2月动力电池装机数据点评:锂电装机同比高增,行业集中度持续攀升"
2019-03-13,"电气设备与新能源行业:电动车2月销5.3万辆,同增54%,产5.9万辆,同增51%","电气设备与新能源行业:电动车2月销5.3万辆,同增54%,产5.9万辆,同增51%"
2019-03-13,比亚迪上投诉榜首？厂商：只怪销量太好,比亚迪上投诉榜首？厂商：只怪销量太好
2019-03-13,开门红！新能源乘用车2月批发销售5万台，同比增长7成,开门红！新能源乘用车2月批发销售5万台，同比增长7成
2019-03-14,乘用车与商用车分化明显，2月汽车各细分市场竞争分析,乘用车与商用车分化明显，2月汽车各细分市场竞争分析
2019-03-14,第23批免购置税新能源车型目录发布，比亚迪e1\别克VELITE 6\新宝马i3等201款车型入选,第23批免购置税新能源车型目录发布，比亚迪e1\别克VELITE 6\新宝马i3等201款车型入选
2019-03-14,成绩达到预期比亚迪:我们的征途是星辰大海,成绩达到预期比亚迪:我们的征途是星辰大海
2019-03-14,广汽比亚迪停产三月？官方回应：一切正常,广汽比亚迪停产三月？官方回应：一切正常
2019-03-14,[领先大市-A评级]电力设备行业动态分析：泛在电力物联网加速 引来投资热潮,[领先大市-A评级]电力设备行业动态分析：泛在电力物联网加速 引来投资热潮
2019-03-14,[推荐评级]2月新能源汽车产销量数据点评：纯电动乘用车高端化趋势明显 动力电池同比快速增长,[推荐评级]2月新能源汽车产销量数据点评：纯电动乘用车高端化趋势明显 动力电池同比快速增长
2019-03-15,汽车：春节致2月乘用车销量表现不佳 荐4股,汽车：春节致2月乘用车销量表现不佳 荐4股
2019-03-15,隔岸喧嚣：吉利汽车“一动一静”,隔岸喧嚣：吉利汽车“一动一静”
2019-03-15,微增2.13% 比亚迪2月份交付新车2.6万辆,微增2.13% 比亚迪2月份交付新车2.6万辆
2019-03-15,[增持评级]2月乘用车市场销量点评：厂家继续去库存,[增持评级]2月乘用车市场销量点评：厂家继续去库存
2019-03-15,比亚迪：3月销量有望超预期，产品线逐渐完善,比亚迪：3月销量有望超预期，产品线逐渐完善
2019-03-15,行业动态：乘用车需求复苏尚待时日 首推潍柴和比亚迪,行业动态：乘用车需求复苏尚待时日 首推潍柴和比亚迪
2019-03-15,动力电池争霸：银隆卡耐逆势上扬，松下潜入丰田插混和小鹏,动力电池争霸：银隆卡耐逆势上扬，松下潜入丰田插混和小鹏
2019-03-15,传已解除扣押特斯拉新车 比亚迪弹3%暂最佳国指股,传已解除扣押特斯拉新车 比亚迪弹3%暂最佳国指股
2019-03-15,比亚迪显著造好弹升3% 暂为最佳国指股,比亚迪显著造好弹升3% 暂为最佳国指股
2019-03-15,福田欧辉第一 南京金龙份额翻倍 2月新能源客车前十大换血,福田欧辉第一 南京金龙份额翻倍 2月新能源客车前十大换血
2019-03-16,收入严重依赖宁德时代 德方纳米能否成功过会,收入严重依赖宁德时代 德方纳米能否成功过会
2019-03-17,星源材质被动扩产依赖补贴 隔膜持续跌价竞争白热化,星源材质被动扩产依赖补贴 隔膜持续跌价竞争白热化
2019-03-17,一周热点 | 2月新能源汽车销售5.3万辆；吉利GE11定名几何 A；特斯拉Model Y首发,一周热点 | 2月新能源汽车销售5.3万辆；吉利GE11定名几何 A；特斯拉Model Y首发
2019-03-17,纯电动暴增1215.7%，燃油车下降30%，比亚迪公布2月销量数据,纯电动暴增1215.7%，燃油车下降30%，比亚迪公布2月销量数据
2019-03-18,2月乘用车企业销量排行：仅3成车企上涨 日系和韩系表现“强劲”,2月乘用车企业销量排行：仅3成车企上涨 日系和韩系表现“强劲”
2019-03-18,深交所：上周投资者在互动易提问最多的公司为长安汽车,深交所：上周投资者在互动易提问最多的公司为长安汽车
2019-03-19,2019年二月新能源汽车生产52805辆,2019年二月新能源汽车生产52805辆
2019-03-19,汽车：1月比亚迪销量全球第一中汽协 荐2股,汽车：1月比亚迪销量全球第一中汽协 荐2股
2019-03-19,机械制造：国内工业机器人领域竞争加剧 荐8股,机械制造：国内工业机器人领域竞争加剧 荐8股
2019-03-19,背靠“大树”宁德时代，德方纳米过会！新发审委IPO通过率暂100%,背靠“大树”宁德时代，德方纳米过会！新发审委IPO通过率暂100%
2019-03-19,恒指开盘涨0.03% 比亚迪大涨4%,恒指开盘涨0.03% 比亚迪大涨4%
2019-03-19,港股异动丨第一季度业绩或超预期 比亚迪高开4.10%,港股异动丨第一季度业绩或超预期 比亚迪高开4.10%
2019-03-19,【港股早评：恒指微升0.03% 比亚迪大涨4% 中石油、碧桂园涨超1%】,【港股早评：恒指微升0.03% 比亚迪大涨4% 中石油、碧桂园涨超1%】
2019-03-19,电动车共享平台降成本：比亚迪、大众率先试水,电动车共享平台降成本：比亚迪、大众率先试水
2019-03-19,工信部第318批新车公示：蔚来ES6/哪吒/威马等269款新能源车进入,工信部第318批新车公示：蔚来ES6/哪吒/威马等269款新能源车进入
2019-03-20,2019年CCRT第一批车型评价发布 自主品牌全军覆没,2019年CCRT第一批车型评价发布 自主品牌全军覆没
2019-03-20,【锂电G20】工信部公示2015-2016补贴清算结果 比亚迪补贴合计26.88亿元,【锂电G20】工信部公示2015-2016补贴清算结果 比亚迪补贴合计26.88亿元
2019-03-21,"电气设备行业周报:首选锂盐电解液龙头,关注充电与加氢投资机会","电气设备行业周报:首选锂盐电解液龙头,关注充电与加氢投资机会"
2019-03-21,"电气设备行业研究周报:特斯拉发布Model Y,国网2019年第一次信息化设备招标完成","电气设备行业研究周报:特斯拉发布Model Y,国网2019年第一次信息化设备招标完成"
2019-03-21,新型“插座”望破解电动汽车充电难题 六股冲天,新型“插座”望破解电动汽车充电难题 六股冲天
2019-03-21,新能源乘用车企争霸：吉利超越上汽，北汽不敌长城,新能源乘用车企争霸：吉利超越上汽，北汽不敌长城
2019-03-21,125.8亿元新能源补贴发放在即，有多少车企能顺利领取 | 中国汽车报,125.8亿元新能源补贴发放在即，有多少车企能顺利领取 | 中国汽车报
2019-03-22,背靠新宙邦 合作比亚迪 这家拟上科创板公司三年现金流为负,背靠新宙邦 合作比亚迪 这家拟上科创板公司三年现金流为负
2019-03-22,百家企业将获近126亿新能源补贴 比亚迪领取金额居首,百家企业将获近126亿新能源补贴 比亚迪领取金额居首
2019-03-22,新能源汽车累计补贴审核情况：比亚迪、吉利两家独大,新能源汽车累计补贴审核情况：比亚迪、吉利两家独大
2019-03-22,吉利、长城、比亚迪、长安，谁是最赚钱的车企？,吉利、长城、比亚迪、长安，谁是最赚钱的车企？
2019-03-22,汽车行业月报:市场复苏在波折中前进,汽车行业月报:市场复苏在波折中前进
2019-03-22,比亚迪今日大宗交易成交4万股，成交价57.0元折价0.0%,比亚迪今日大宗交易成交4万股，成交价57.0元折价0.0%
2019-03-22,展望2019：中国汽车离“弯道超车”还有多远,展望2019：中国汽车离“弯道超车”还有多远
2019-03-22,中国模具出口规模达到日本两倍 后者“不淡定”了,中国模具出口规模达到日本两倍 后者“不淡定”了
2019-03-23,七成补贴因电池信息不一致被拒 新能源补贴严卡投机和侥幸心理,七成补贴因电池信息不一致被拒 新能源补贴严卡投机和侥幸心理
2019-03-24,5大客户4家“骗补”，中信投资的这家公司上市之前被坑哭 欺诈造假,5大客户4家“骗补”，中信投资的这家公司上市之前被坑哭 欺诈造假
2019-03-25,天奈科技：碳纳米管行业龙头，受益锂电需求爆发,天奈科技：碳纳米管行业龙头，受益锂电需求爆发
2019-03-25,A股早报2019年3月25日星期一,A股早报2019年3月25日星期一
2019-03-25,【G20周刊】宁德时代开发出比能量达304Wh/kg电池样品,【G20周刊】宁德时代开发出比能量达304Wh/kg电池样品
2019-03-25,首批受理科创板企业及相应投资机会分析,首批受理科创板企业及相应投资机会分析
2019-03-25,比亚迪宣布今日起在日本接受J6电动公交订单，定价1950万日元,比亚迪宣布今日起在日本接受J6电动公交订单，定价1950万日元
2019-03-25,“丑媳妇见公婆”：科创板首批9家受理企业基本面深度解读,“丑媳妇见公婆”：科创板首批9家受理企业基本面深度解读
2019-03-25,【SMM午间要闻】欧洲经济多面承压*唐山市3月25日-27日启动重污染强化管控,【SMM午间要闻】欧洲经济多面承压*唐山市3月25日-27日启动重污染强化管控
2019-03-25,比亚迪：未来关注量价变化 谨慎推荐评级,比亚迪：未来关注量价变化 谨慎推荐评级
2019-03-25,摩通：维持长汽“减持”评级 行业推荐比亚迪等,摩通：维持长汽“减持”评级 行业推荐比亚迪等
2019-03-25,比亚迪“抢占”日本市场，2024年前在日本销售1000辆电动巴士,比亚迪“抢占”日本市场，2024年前在日本销售1000辆电动巴士
2019-03-25,吉利、长城、长安和比亚迪，到底哪家车企最赚钱,吉利、长城、长安和比亚迪，到底哪家车企最赚钱
2019-03-26,利元亨闯关科创板 毛利率曾低于同行11%,利元亨闯关科创板 毛利率曾低于同行11%
2019-03-26,比亚迪(01211.HK)完成发行10亿元超短融,比亚迪(01211.HK)完成发行10亿元超短融
2019-03-26,Lyft将于本周首次公开募股丨抖音将开放5分钟长视频权限【Do说】,Lyft将于本周首次公开募股丨抖音将开放5分钟长视频权限【Do说】
2019-03-26,【汽车行业】每周观察：科创板引发关注，锂电板块预期向好,【汽车行业】每周观察：科创板引发关注，锂电板块预期向好
2019-03-26,出海记｜这家企业收到又一笔来自日本的订单,出海记｜这家企业收到又一笔来自日本的订单
2019-03-26,【中信建投电新】容百科技——进击中的811三元正极龙头,【中信建投电新】容百科技——进击中的811三元正极龙头
2019-03-26,华为官宣助力比亚迪智能网联汽车业务,华为官宣助力比亚迪智能网联汽车业务
2019-03-27,【华泰汽车研究】补贴政策靴子落地，助优胜劣汰,【华泰汽车研究】补贴政策靴子落地，助优胜劣汰
2019-03-27,比亚迪2018全年营收1300亿，同比增长22.8%,比亚迪2018全年营收1300亿，同比增长22.8%
2019-03-27,揣20亿政府补贴比亚迪净利仍跌三成 没了补贴可咋整？,揣20亿政府补贴比亚迪净利仍跌三成 没了补贴可咋整？
2019-03-27,新京报：补贴新政重质提效 让新能源车“跑得更远”,新京报：补贴新政重质提效 让新能源车“跑得更远”
2019-03-27,比亚迪2018净利润27.8亿元：今年汽车销量目标65万辆,比亚迪2018净利润27.8亿元：今年汽车销量目标65万辆
2019-03-27,比亚迪2019年首季度净利预增5-7倍 全年汽车销量目标65万辆,比亚迪2019年首季度净利预增5-7倍 全年汽车销量目标65万辆
2019-03-27,比亚迪去年净利降31.63% 新能源车收入占比提升至四成 盈利能力下降,比亚迪去年净利降31.63% 新能源车收入占比提升至四成 盈利能力下降
2019-03-27,公告精选：中兴通讯一季度盈利8亿-12亿元；五粮液2018年度拟10派17元；佳隆股份大股东拟减持不超过10.07%股份,公告精选：中兴通讯一季度盈利8亿-12亿元；五粮液2018年度拟10派17元；佳隆股份大股东拟减持不超过10.07%股份
2019-03-27,比亚迪业绩承压区间缩窄电池业务能否成利润增长点? 盈利能力下降,比亚迪业绩承压区间缩窄电池业务能否成利润增长点? 盈利能力下降
2019-03-27,比亚迪年报：净利润27.8亿下降31.63% 拟10派2.04元 盈利能力下降,比亚迪年报：净利润27.8亿下降31.63% 拟10派2.04元 盈利能力下降
2019-03-27,比亚迪：2018年净利润同比下降31.63％ 拟10派2.04元 盈利能力下降,比亚迪：2018年净利润同比下降31.63％ 拟10派2.04元 盈利能力下降
2019-03-27,比亚迪：一季度净利预增583%-779%,比亚迪：一季度净利预增583%-779%
2019-03-27,比亚迪去年实现净利润27.8亿，同比下降31.63%,比亚迪去年实现净利润27.8亿，同比下降31.63%
2019-03-27,比亚迪：2018年净利27.8亿元 同比降32%,比亚迪：2018年净利27.8亿元 同比降32%
2019-03-27,比亚迪：预计2019年第一季度净利润为7-9亿元,比亚迪：预计2019年第一季度净利润为7-9亿元
2019-03-27,比亚迪年报：2018年净利润27.8亿元，同比下降31.63% 盈利能力下降,比亚迪年报：2018年净利润27.8亿元，同比下降31.63% 盈利能力下降
2019-03-27,比亚迪：拟使用不超10亿元资金进行风险投资,比亚迪：拟使用不超10亿元资金进行风险投资
2019-03-27,银河证券：补贴降幅符合预期 建议关注比亚迪、宁德时代等,银河证券：补贴降幅符合预期 建议关注比亚迪、宁德时代等
2019-03-27,年内券商调低80家公司评级 中信证券等12只个股被“调上调下” 投资评级恶化,年内券商调低80家公司评级 中信证券等12只个股被“调上调下” 投资评级恶化
2019-03-27,比亚迪：寻找最强电池到寻找最优汽车；补贴新政利好比亚迪,比亚迪：寻找最强电池到寻找最优汽车；补贴新政利好比亚迪
2019-03-27,三家民营车企营收均至千亿规模 长城2018年净利逆势回升3.59%,三家民营车企营收均至千亿规模 长城2018年净利逆势回升3.59%
2019-03-27,瑞信：降比亚迪(01211.HK)目标价至57港元 新能源车补贴政策略逊预期,瑞信：降比亚迪(01211.HK)目标价至57港元 新能源车补贴政策略逊预期
2019-03-27,汽车｜新能源汽车：靴子落地，扰动消除,汽车｜新能源汽车：靴子落地，扰动消除
2019-03-27,新能源汽车行业产业链2019系列报告(二):19年看好二线电池厂和磷酸铁锂,新能源汽车行业产业链2019系列报告(二):19年看好二线电池厂和磷酸铁锂
2019-03-27,信息速递| 2019年3月27日格林大华信息速递,信息速递| 2019年3月27日格林大华信息速递
2019-03-27,补贴新政落地24小时后：中通、金龙客车股价逼近跌停，部分车企“全额兜底”销售,补贴新政落地24小时后：中通、金龙客车股价逼近跌停，部分车企“全额兜底”销售
2019-03-27,新能源汽车补贴退坡，高度市场化或将促进小鹏蔚来们优胜劣汰,新能源汽车补贴退坡，高度市场化或将促进小鹏蔚来们优胜劣汰
2019-03-27,2018财报发布：比亚迪净利逆势逐季上扬一季度预增5-7倍,2018财报发布：比亚迪净利逆势逐季上扬一季度预增5-7倍
2019-03-27,能造好汽车还闯关细分领域 比亚迪电子研发投入持续增加,能造好汽车还闯关细分领域 比亚迪电子研发投入持续增加
2019-03-27,售价一夜暴涨5万元 补贴退坡后新能源汽车要凉了？,售价一夜暴涨5万元 补贴退坡后新能源汽车要凉了？
2019-03-28,大和：比亚迪首季销售指引正面 重申予其“买入”投资评级,大和：比亚迪首季销售指引正面 重申予其“买入”投资评级
2019-03-28,李书福再联姻,李书福再联姻
2019-03-28,补贴大退坡重构竞争格局，中日韩等国抢占新能源车制高点,补贴大退坡重构竞争格局，中日韩等国抢占新能源车制高点
2019-03-28,【招商汽车|公司点评】比亚迪：莫为“补贴”遮望眼，风物长宜放眼量,【招商汽车|公司点评】比亚迪：莫为“补贴”遮望眼，风物长宜放眼量
2019-03-28,俘获比亚迪宁德时代，牢牢占据新能源物流市场，18年净利大增48%，这家运输设备龙头开启主升浪【3月29日个股掘金】,俘获比亚迪宁德时代，牢牢占据新能源物流市场，18年净利大增48%，这家运输设备龙头开启主升浪【3月29日个股掘金】
2019-03-28,比亚迪2018年净利润下跌超三成 大摩已下调其评级 盈利能力下降,比亚迪2018年净利润下跌超三成 大摩已下调其评级 盈利能力下降
2019-03-28,比亚迪2018年净利润27.8亿元 预计2019年一季度净利润7亿至9亿元,比亚迪2018年净利润27.8亿元 预计2019年一季度净利润7亿至9亿元
2019-03-28,比亚迪2018年卖车卖了760亿，新能源汽车成“主力选手”,比亚迪2018年卖车卖了760亿，新能源汽车成“主力选手”
2019-03-28,一季报预热开始，3股打头阵，16只5倍股大放异彩,一季报预热开始，3股打头阵，16只5倍股大放异彩
2019-03-28,最被看好十大港股：大摩升润地至41.15元 评级增持,最被看好十大港股：大摩升润地至41.15元 评级增持
2019-03-28,比亚迪：18年业绩符合预期，一季报业绩高增长【AX汽车】,比亚迪：18年业绩符合预期，一季报业绩高增长【AX汽车】
2019-03-28,连夜紧急公告：补贴退坡，车“不涨价”！比亚迪、广汽等车企自掏腰包，图个啥？,连夜紧急公告：补贴退坡，车“不涨价”！比亚迪、广汽等车企自掏腰包，图个啥？
2019-03-28,2018年比亚迪营收再破千亿，新能源更亮眼,2018年比亚迪营收再破千亿，新能源更亮眼
2019-03-28,比亚迪：18年年报解读电话会议纪要190327【AX汽车】,比亚迪：18年年报解读电话会议纪要190327【AX汽车】
2019-03-28,最高补9.90万 比亚迪推新能源保价计划,最高补9.90万 比亚迪推新能源保价计划
2019-03-28,观势谋局干事 比亚迪报表外的未尽事宜,观势谋局干事 比亚迪报表外的未尽事宜
2019-03-28,北汽蓝谷的中场战事：产销逆市巨幅滑落 靠补贴才勉强盈利,北汽蓝谷的中场战事：产销逆市巨幅滑落 靠补贴才勉强盈利
2019-03-28,最新公告揭露重大利好 20只股今日或冲涨停,最新公告揭露重大利好 20只股今日或冲涨停
2019-03-28,内参：基金经理称股票仓位不宜过低 捕捉强势股回调买入机会,内参：基金经理称股票仓位不宜过低 捕捉强势股回调买入机会
2019-03-28,净利润27.8亿元 比亚迪2018年财报发布,净利润27.8亿元 比亚迪2018年财报发布
2019-03-28,补贴退坡超50％还喊话“不涨价”，比亚迪、蔚来等车企咋想的？,补贴退坡超50％还喊话“不涨价”，比亚迪、蔚来等车企咋想的？
2019-03-28,A股早报2019年3月28日星期四,A股早报2019年3月28日星期四
2019-03-28,比亚迪公布2018财报：营收1300亿/真不只是卖车的,比亚迪公布2018财报：营收1300亿/真不只是卖车的
2019-03-28,比亚迪一季度盈利预增超5.8倍,比亚迪一季度盈利预增超5.8倍
2019-03-28,比亚迪2018年净利润降80.39% 盈利能力下降,比亚迪2018年净利润降80.39% 盈利能力下降
2019-03-28,GGII：补贴新政对产业链短期冲击较大,GGII：补贴新政对产业链短期冲击较大
2019-03-28,“山寨车”末路：陆风X7抄袭捷豹路虎遭停产禁售 保时捷瞄准众泰？ 诉讼纠纷,“山寨车”末路：陆风X7抄袭捷豹路虎遭停产禁售 保时捷瞄准众泰？ 诉讼纠纷
2019-03-28,比亚迪2018年净利跌三成 新能源车业务收入524亿元 同比增34%,比亚迪2018年净利跌三成 新能源车业务收入524亿元 同比增34%
2019-03-28,【华泰汽车研究】比亚迪(002594): 新能源车增速快，Q1业绩高增长,【华泰汽车研究】比亚迪(002594): 新能源车增速快，Q1业绩高增长
2019-03-28,比亚迪离世界500强还有多远？就差一个宁德时代,比亚迪离世界500强还有多远？就差一个宁德时代
2019-03-29,比亚迪“补贴依赖症”加重：政府补助占利润3/4 遭大摩看空 股票卖空,比亚迪“补贴依赖症”加重：政府补助占利润3/4 遭大摩看空 股票卖空
2019-03-29,比亚迪财报解读:研发费用年复合增长32.4%背后的野望,比亚迪财报解读:研发费用年复合增长32.4%背后的野望
2019-03-29,Lyft宣布IPO定价为72美元丨法院裁定斗鱼停止投诉虎牙【Do说】,Lyft宣布IPO定价为72美元丨法院裁定斗鱼停止投诉虎牙【Do说】
2019-03-29,1日机构强推买入 六股成摇钱树,1日机构强推买入 六股成摇钱树
2019-03-29,比亚迪：核心利润高增长；现金流改善,比亚迪：核心利润高增长；现金流改善
2019-03-29,新能源汽车补贴政策点评：技术路线中性化 车企各寻最优解,新能源汽车补贴政策点评：技术路线中性化 车企各寻最优解
2019-03-29,大和：降比亚迪(01211.HK)盈测反映补贴下调 削目标价至59港元,大和：降比亚迪(01211.HK)盈测反映补贴下调 削目标价至59港元
2019-03-29,新能源乘用车2月产量排行：比亚迪产能回调 威马领跑新势力,新能源乘用车2月产量排行：比亚迪产能回调 威马领跑新势力
2019-03-29,"新能源汽车行业周报:财政部长刘昆,继续支持新能源汽车","新能源汽车行业周报:财政部长刘昆,继续支持新能源汽车"
2019-03-29,比亚迪2018年净利27.8亿 新能源汽车业务收入超524亿,比亚迪2018年净利27.8亿 新能源汽车业务收入超524亿
2019-03-29,奔驰负责颜值、吉利负责内心 中国版smart能否扭亏为盈？,奔驰负责颜值、吉利负责内心 中国版smart能否扭亏为盈？
2019-03-29,比亚迪去年净利27.8亿元 同比下滑32% 董事长王传福年薪567万元,比亚迪去年净利27.8亿元 同比下滑32% 董事长王传福年薪567万元
2019-03-29,EV晨报 | 吉利戴姆勒组建合资公司；比亚迪新能源车最高补9.9万；曝Dacia Duster EV谍照,EV晨报 | 吉利戴姆勒组建合资公司；比亚迪新能源车最高补9.9万；曝Dacia Duster EV谍照
2019-03-29,美银美林：下调比亚迪(01211.HK)目标价至33.2港元 评级“跑输大市”,美银美林：下调比亚迪(01211.HK)目标价至33.2港元 评级“跑输大市”
2019-03-30,政策利好 甲醇汽车会迎来爆发期吗,政策利好 甲醇汽车会迎来爆发期吗
2019-03-30,【山证汽车】比亚迪（002594.SZ）年报点评：18年销量翻倍，19年龙头地位继续巩固,【山证汽车】比亚迪（002594.SZ）年报点评：18年销量翻倍，19年龙头地位继续巩固
2019-03-31,没了政府补助 比亚迪等国产新能源汽车还剩什么？,没了政府补助 比亚迪等国产新能源汽车还剩什么？
2019-03-31,【天风电新|周报】补贴靴子终落地，板块主线仍是分层；财政部发布第二批光伏扶贫补助目录,【天风电新|周报】补贴靴子终落地，板块主线仍是分层；财政部发布第二批光伏扶贫补助目录
2019-03-31,新能源商用车2月产量排行：多数企业产量低迷，北汽福田独领风骚,新能源商用车2月产量排行：多数企业产量低迷，北汽福田独领风骚
2019-04-01,电气设备：风电招标量同增23％ 荐5股,电气设备：风电招标量同增23％ 荐5股
2019-04-01,比亚迪(01211.HK)：减持计划时间已经过半 董事夏佐全未减持公司股份,比亚迪(01211.HK)：减持计划时间已经过半 董事夏佐全未减持公司股份
2019-04-01,比亚迪：公司董事减持时间过半，尚未减持股份,比亚迪：公司董事减持时间过半，尚未减持股份
2019-04-01,官降出了新花样，比亚迪全新一代宋“限量”给予降价优惠,官降出了新花样，比亚迪全新一代宋“限量”给予降价优惠
2019-04-01,新能源2月销售榜单出炉：特斯拉车型NO.1 比亚迪总量领跑,新能源2月销售榜单出炉：特斯拉车型NO.1 比亚迪总量领跑
2019-04-01,德方纳米：估值波动诡异募投前景存疑,德方纳米：估值波动诡异募投前景存疑
2019-04-01,“高镍三元”之星：容百科技,“高镍三元”之星：容百科技
2019-04-01,汽车：虽临补贴退潮之夜终抵初心激昂之晨 荐3股,汽车：虽临补贴退潮之夜终抵初心激昂之晨 荐3股
2019-04-01,【中泰电新】第14周观点：风电招标量同增23%，新能源车Q2或抢装，PMI指数回暖下工控望企稳,【中泰电新】第14周观点：风电招标量同增23%，新能源车Q2或抢装，PMI指数回暖下工控望企稳
2019-04-01,全球新能源乘用车2月销量榜单：特斯拉重返No.1，比亚迪特斯拉龙争虎斗,全球新能源乘用车2月销量榜单：特斯拉重返No.1，比亚迪特斯拉龙争虎斗
2019-04-01,【G20周刊】宁德时代/比亚迪斩获储能订单,【G20周刊】宁德时代/比亚迪斩获储能订单
2019-04-01,补贴大幅退坡 新能源汽车继续“断奶”,补贴大幅退坡 新能源汽车继续“断奶”
2019-04-01,动力电池：2月装机量2.249GWh，同比增长118.9%,动力电池：2月装机量2.249GWh，同比增长118.9%
2019-04-01,"汽车行业周报:燃料电池补贴推后发布,或将提高推广力度","汽车行业周报:燃料电池补贴推后发布,或将提高推广力度"
2019-04-01,成本倒挂 对手降价 新能源车迎来“裸泳前夜”,成本倒挂 对手降价 新能源车迎来“裸泳前夜”
2019-04-02,财经观察家｜蓝河：新能源车补贴退坡 谁会饿死？ 政策恶化,财经观察家｜蓝河：新能源车补贴退坡 谁会饿死？ 政策恶化
2019-04-02,【招商银行|行业点评】新能源汽车补贴退坡影响：补贴依赖度与毛利率双降，整车销量增长不变 政策恶化,【招商银行|行业点评】新能源汽车补贴退坡影响：补贴依赖度与毛利率双降，整车销量增长不变 政策恶化
2019-04-02,2月全球电动车销量TOP20：特斯拉Model 3重回榜首,2月全球电动车销量TOP20：特斯拉Model 3重回榜首
2019-04-02,2月新能源乘用车上牌量：租赁市场助北汽上量，造车新势力“二八”局面初显,2月新能源乘用车上牌量：租赁市场助北汽上量，造车新势力“二八”局面初显
2019-04-02,中金：新政严控下纯电动车型退补幅度可能逾7成,中金：新政严控下纯电动车型退补幅度可能逾7成
2019-04-02,千亿营收的比亚迪难盈利没了补贴就“露馅”,千亿营收的比亚迪难盈利没了补贴就“露馅”
2019-04-02,流通协会：新能源二手车价格逐渐提升，比亚迪唐保值率达51%,流通协会：新能源二手车价格逐渐提升，比亚迪唐保值率达51%
2019-04-02,驱动电机：2月装机量超6万台，同比增长48.4%,驱动电机：2月装机量超6万台，同比增长48.4%
2019-04-02,"电气设备行业周报:2019年新能源汽车补贴政策终落地,强者恒强加速行业变革","电气设备行业周报:2019年新能源汽车补贴政策终落地,强者恒强加速行业变革"
2019-04-02,"汽车行业周报第11期:减税有望刺激汽车需求回暖,加速库存去化,继续推荐乘用车","汽车行业周报第11期:减税有望刺激汽车需求回暖,加速库存去化,继续推荐乘用车"
2019-04-03,比亚迪：一季度净利预增583%-779%,比亚迪：一季度净利预增583%-779%
2019-04-03,补贴退坡，新能源车涨价，消费者慌了？,补贴退坡，新能源车涨价，消费者慌了？
2019-04-03,广汽2018年净利增1% 蔚来三月交车1373辆 比亚迪e1预售,广汽2018年净利增1% 蔚来三月交车1373辆 比亚迪e1预售
2019-04-03,比亚迪过去两年补助资金预拨通过审核金额为20亿元,比亚迪过去两年补助资金预拨通过审核金额为20亿元
2019-04-03,比亚迪的2009—2019：用十年为传统汽车产业写下墓志铭,比亚迪的2009—2019：用十年为传统汽车产业写下墓志铭
2019-04-03,比亚迪：新能源汽车推广补助资金审核共69.3亿元,比亚迪：新能源汽车推广补助资金审核共69.3亿元
2019-04-03,【新时代机械 郭泰团队】赢合科技：客户结构优化，经营质量提升，有望受益新一轮动力电池产能扩建,【新时代机械 郭泰团队】赢合科技：客户结构优化，经营质量提升，有望受益新一轮动力电池产能扩建
2019-04-03,各地积极落实减税降费部署 推进深化增值税改革,各地积极落实减税降费部署 推进深化增值税改革
2019-04-03,不是“恐吓”！离新能源车企的“生死劫”，只差三个月,不是“恐吓”！离新能源车企的“生死劫”，只差三个月
2019-04-03,一季报六成公司业绩预喜 12股业绩预增10倍以上,一季报六成公司业绩预喜 12股业绩预增10倍以上
2019-04-04,动力电池双雄争霸：失衡的天平,动力电池双雄争霸：失衡的天平
2019-04-04,比亚迪在美国生产的第300辆电动大巴下线,比亚迪在美国生产的第300辆电动大巴下线
2019-04-04,花旗：比亚迪(01211.HK)获新能源车补贴消息正面 目标价90港元,花旗：比亚迪(01211.HK)获新能源车补贴消息正面 目标价90港元
2019-04-04,鼎胜转债发行定价及申购建议：深耕铝箔 盈利回暖,鼎胜转债发行定价及申购建议：深耕铝箔 盈利回暖
2019-04-04,利元亨：先进的智能制造设备商，消费锂电和动力锂电行业齐发力【国君机械】,利元亨：先进的智能制造设备商，消费锂电和动力锂电行业齐发力【国君机械】
2019-04-04,补贴大退坡 税率下降 过渡期内新能源客车还会爆发吗？,补贴大退坡 税率下降 过渡期内新能源客车还会爆发吗？
2019-04-04,310亿新能源汽车补贴通过审核 比亚迪获墨西哥100MWh电池储能订单,310亿新能源汽车补贴通过审核 比亚迪获墨西哥100MWh电池储能订单
2019-04-04,电气设备：工控提前复苏超预期 荐9股,电气设备：工控提前复苏超预期 荐9股
2019-04-04,比亚迪：更好的现金流，更稳健的资产负债表,比亚迪：更好的现金流，更稳健的资产负债表
2019-04-04,透彻解读：2019年新能源汽车补贴调整对市场将产生哪些影响,透彻解读：2019年新能源汽车补贴调整对市场将产生哪些影响
2019-04-04,新能源汽车补贴“腰斩” 车企“杀戮战”箭在弦上,新能源汽车补贴“腰斩” 车企“杀戮战”箭在弦上
2019-04-04,"汽车行业:补贴大幅退坡,新能源车市场化元年开启","汽车行业:补贴大幅退坡,新能源车市场化元年开启"
2019-04-06,【东吴电新】比亚迪：业绩符合预期，电动车将延续高增长态势,【东吴电新】比亚迪：业绩符合预期，电动车将延续高增长态势
2019-04-07,新能源补贴没了不用愁 买这些车优惠还是这么大,新能源补贴没了不用愁 买这些车优惠还是这么大
2019-04-07,电气设备：风电平价项目大规模招标 荐5股,电气设备：风电平价项目大规模招标 荐5股
2019-04-08,比亚迪：1-3月新能源汽车销量7.32万辆，同比增长146.89%,比亚迪：1-3月新能源汽车销量7.32万辆，同比增长146.89%
2019-04-08,比亚迪(01211.HK)“18亚迪01”将于4月12日付息,比亚迪(01211.HK)“18亚迪01”将于4月12日付息
2019-04-08,第3批新能源汽车推荐目录发布，蔚来ES6/奥迪Q2L e -ron等178款车型入选,第3批新能源汽车推荐目录发布，蔚来ES6/奥迪Q2L e -ron等178款车型入选
2019-04-08,【中泰电新】第15周观点：乌兰察布6GW风电基地开标，电动车关注边际改善环节,【中泰电新】第15周观点：乌兰察布6GW风电基地开标，电动车关注边际改善环节
2019-04-08,310亿新能源补贴在路上，近200家车企怎么分？,310亿新能源补贴在路上，近200家车企怎么分？
2019-04-08,年内首家高价股德方纳米上市 押宝的纳米碳酸锂电池前景堪忧,年内首家高价股德方纳米上市 押宝的纳米碳酸锂电池前景堪忧
2019-04-08,比亚迪拿了最多 新能源补贴都给哪些车企了,比亚迪拿了最多 新能源补贴都给哪些车企了
2019-04-08,新能源车销量恐现40%断崖下跌 车企施压电池企业降成本,新能源车销量恐现40%断崖下跌 车企施压电池企业降成本
2019-04-08,海外机构2019年以来调研123家公司 26只一季报预喜股值得关注,海外机构2019年以来调研123家公司 26只一季报预喜股值得关注
2019-04-08,【招商汽车|行业点评】基本面转好，行业进入估值修复期,【招商汽车|行业点评】基本面转好，行业进入估值修复期
2019-04-09,电气设备：1月装机电量超预期 荐14股,电气设备：1月装机电量超预期 荐14股
2019-04-09,比亚迪3月新能源车销30075辆 燃油汽车正在缩减,比亚迪3月新能源车销30075辆 燃油汽车正在缩减
2019-04-09,比亚迪“18亚迪01”债券将1年期满 派息额为每张5.17元,比亚迪“18亚迪01”债券将1年期满 派息额为每张5.17元
2019-04-09,民营车企领衔身价榜 比亚迪包揽高管薪酬前三,民营车企领衔身价榜 比亚迪包揽高管薪酬前三
2019-04-09,工信部发布2018年度乘用车企业双积分“成绩单”，比亚迪新能源积分最高,工信部发布2018年度乘用车企业双积分“成绩单”，比亚迪新能源积分最高
2019-04-09,工信部发布2019年第三批新能源汽车推广目录 38%纯电车型可获1倍补贴,工信部发布2019年第三批新能源汽车推广目录 38%纯电车型可获1倍补贴
2019-04-09,豪言未来5-10年营收翻6倍 比亚迪电子将冲击三千亿营收,豪言未来5-10年营收翻6倍 比亚迪电子将冲击三千亿营收
2019-04-09,解构比亚迪电子业务 5G时代下如何布局？,解构比亚迪电子业务 5G时代下如何布局？
2019-04-09,比亚迪新能源汽车二季度将持续热销,比亚迪新能源汽车二季度将持续热销
2019-04-09,同比增8.5% 比亚迪3月销售新车4.7万辆,同比增8.5% 比亚迪3月销售新车4.7万辆
2019-04-09,"新能源汽车行业周报:商务部发言人高峰,将采取措施提振汽车消费","新能源汽车行业周报:商务部发言人高峰,将采取措施提振汽车消费"
2019-04-09,德方纳米销售采购数据存疑，募资金额缩减了6亿元 欺诈造假,德方纳米销售采购数据存疑，募资金额缩减了6亿元 欺诈造假
2019-04-09,"汽车行业:增值税下调,车企开始降价促销","汽车行业:增值税下调,车企开始降价促销"
2019-04-09,"汽车和汽车零部件行业周报:厂商陆续公布18年业绩,行业寒冬,业绩承压 盈利能力下降","汽车和汽车零部件行业周报:厂商陆续公布18年业绩,行业寒冬,业绩承压 盈利能力下降"
2019-04-09,机械行业:浙江鼎力,机械行业:浙江鼎力
2019-04-09,比亚迪：3月新能源销量超3万台，重点关注上海车展新车型【安信汽车】,比亚迪：3月新能源销量超3万台，重点关注上海车展新车型【安信汽车】
2019-04-09,2019年一季度比亚迪新能源汽车销量同比涨幅147% 燃油汽车销量滑坡,2019年一季度比亚迪新能源汽车销量同比涨幅147% 燃油汽车销量滑坡
2019-04-09,中信建投高端制造最新投资策略,中信建投高端制造最新投资策略
2019-04-09,北汽新能源/比亚迪/吉利发布3月销量快报 喜忧参半,北汽新能源/比亚迪/吉利发布3月销量快报 喜忧参半
2019-04-09,13家车企总负债达8556亿元 金杯汽车负债率超80% 偿债能力下降,13家车企总负债达8556亿元 金杯汽车负债率超80% 偿债能力下降
2019-04-09,【招商汽车|公司点评】比亚迪：3月销量持续高增长，看好后续催化不断,【招商汽车|公司点评】比亚迪：3月销量持续高增长，看好后续催化不断
2019-04-10,3月销量快报：CR-V同比暴涨1425%，轩逸反超朗逸成榜首,3月销量快报：CR-V同比暴涨1425%，轩逸反超朗逸成榜首
2019-04-10,[路演]比亚迪：持续新能源车领域布局 陆续推出新车型,[路演]比亚迪：持续新能源车领域布局 陆续推出新车型
2019-04-10,[路演]比亚迪董事长王传福：持续拓展轨道交通及相关领域业务,[路演]比亚迪董事长王传福：持续拓展轨道交通及相关领域业务
2019-04-10,[路演]比亚迪董事长王传福：电池的发展未来还有很大空间,[路演]比亚迪董事长王传福：电池的发展未来还有很大空间
2019-04-10,[路演]比亚迪：乘用车总产能超80万辆 产能利用率持续提升,[路演]比亚迪：乘用车总产能超80万辆 产能利用率持续提升
2019-04-10,[路演]比亚迪：公司有相应的产品规划应对补贴退坡,[路演]比亚迪：公司有相应的产品规划应对补贴退坡
2019-04-10,上汽集团3月乘用车跌幅前5占3席 一季度销售领跌同行,上汽集团3月乘用车跌幅前5占3席 一季度销售领跌同行
2019-04-10,[路演]比亚迪：汽车产能具有弹性 根据市场需求进行调整,[路演]比亚迪：汽车产能具有弹性 根据市场需求进行调整
2019-04-10,汽车：整车基本面拐点将至 荐5股,汽车：整车基本面拐点将至 荐5股
2019-04-10,锂电正极材料商振华新材拟上科创板 为宁德时代、比亚迪供货,锂电正极材料商振华新材拟上科创板 为宁德时代、比亚迪供货
2019-04-10,"今天国际事件点评:新增订单强劲,医药领域实现重大突破","今天国际事件点评:新增订单强劲,医药领域实现重大突破"
2019-04-10,2018双积分公示 新能源车Q1销量同比增118%,2018双积分公示 新能源车Q1销量同比增118%
2019-04-10,比亚迪3月新能源车销30075辆 动力及储能电池装机约1.65GWh,比亚迪3月新能源车销30075辆 动力及储能电池装机约1.65GWh
2019-04-10,第3批新能源推荐目录乘用车分析：一汽奥迪不满足2019补贴标准，仅3款车型获1.1倍补贴,第3批新能源推荐目录乘用车分析：一汽奥迪不满足2019补贴标准，仅3款车型获1.1倍补贴
2019-04-10,年收入超400亿但市值只有230亿 比亚迪电子为何被低估？,年收入超400亿但市值只有230亿 比亚迪电子为何被低估？
2019-04-11,一线自主、日韩系车3月销量普涨 “上汽系”全线下滑整体大跌15.88% 盈利能力下降,一线自主、日韩系车3月销量普涨 “上汽系”全线下滑整体大跌15.88% 盈利能力下降
2019-04-11,乘联会：3月销量同比增长99.1%，北汽EU、比亚迪元销量破万,乘联会：3月销量同比增长99.1%，北汽EU、比亚迪元销量破万
2019-04-11,3月汽车销量快报：上汽广汽下降，吉利长城回增,3月汽车销量快报：上汽广汽下降，吉利长城回增
2019-04-11,工信部“钦点”！第3批目录62款纯电动客车及货车符合补贴新规,工信部“钦点”！第3批目录62款纯电动客车及货车符合补贴新规
2019-04-11,3月车市回暖，日系车企成关键因素,3月车市回暖，日系车企成关键因素
2019-04-11,【4.11锂电快讯】西部首条！氢燃料电池自动化生产线投入使用*上海发布汽车“以旧换新”政策,【4.11锂电快讯】西部首条！氢燃料电池自动化生产线投入使用*上海发布汽车“以旧换新”政策
2019-04-11,宁德时代Q1利润或达10亿 坚瑞沃能面临停牌退市危机 重大事项停牌,宁德时代Q1利润或达10亿 坚瑞沃能面临停牌退市危机 重大事项停牌
2019-04-11,2018年比亚迪制霸新能源积分榜 长城油耗积分大逆转,2018年比亚迪制霸新能源积分榜 长城油耗积分大逆转
2019-04-11,【电新行业*曾朵红】 3月装机电量点评： 延续抢装态势，装机电量同环比高增长,【电新行业*曾朵红】 3月装机电量点评： 延续抢装态势，装机电量同环比高增长
2019-04-11,比亚迪：特斯拉，今年我还是先跑一步！,比亚迪：特斯拉，今年我还是先跑一步！
2019-04-11,2019年新能源汽车市场何去何从？,2019年新能源汽车市场何去何从？
2019-04-11,比亚迪电子未来可期 旗下业务前途光明,比亚迪电子未来可期 旗下业务前途光明
2019-04-11,股东户数与首季业绩预告锁定170只潜力股 逾7亿大单抢筹16股,股东户数与首季业绩预告锁定170只潜力股 逾7亿大单抢筹16股
2019-04-11,"新能源汽车行业2019年第3批新能源汽车推广目录点评:平均能量密度继续提升,磷酸铁锂复苏仍需等待","新能源汽车行业2019年第3批新能源汽车推广目录点评:平均能量密度继续提升,磷酸铁锂复苏仍需等待"
2019-04-11,田渭东：在犹豫中负重前行 在怀疑中不断新高,田渭东：在犹豫中负重前行 在怀疑中不断新高
2019-04-11,【东吴电新】3月装机电量点评：延续抢装态势，装机电量同环比高增长！,【东吴电新】3月装机电量点评：延续抢装态势，装机电量同环比高增长！
2019-04-12,一季度新能源持续走高 销量达25.3万辆,一季度新能源持续走高 销量达25.3万辆
2019-04-12,增逾两成，1178家公司去年研发费用达3846亿,增逾两成，1178家公司去年研发费用达3846亿
2019-04-12,2019年第一季度车市销量出炉,2019年第一季度车市销量出炉
2019-04-12,3月中国汽车销量榜出炉：朗逸再夺冠 本田CR-V/荣威i5暴涨,3月中国汽车销量榜出炉：朗逸再夺冠 本田CR-V/荣威i5暴涨
2019-04-12,花旗：车股估值已反映市场憧憬 料投资者或先行获利,花旗：车股估值已反映市场憧憬 料投资者或先行获利
2019-04-12,车企去年净利差异大：东风增长最多 一汽轿车下滑4成,车企去年净利差异大：东风增长最多 一汽轿车下滑4成
2019-04-14,一周热点 | 2018年双积分成绩出炉；比亚迪e1/吉利几何A/Polestar 2上市,一周热点 | 2018年双积分成绩出炉；比亚迪e1/吉利几何A/Polestar 2上市
2019-04-14,电气设备：电力设备风光平价加速 荐10股,电气设备：电力设备风光平价加速 荐10股
2019-04-15,"汽车行业周报:商用车销量逐渐走强,乘用车销量或将开始好转","汽车行业周报:商用车销量逐渐走强,乘用车销量或将开始好转"
2019-04-15,中国车市寻底：4月是转机？,中国车市寻底：4月是转机？
2019-04-15,铁锂回归|200亿市值！深绑宁德时代，德方纳米渐成铁锂正极“隐形冠军”？,铁锂回归|200亿市值！深绑宁德时代，德方纳米渐成铁锂正极“隐形冠军”？
2019-04-15,汽车：漏油事件发酵考验经销商行业脆弱生态 荐4股,汽车：漏油事件发酵考验经销商行业脆弱生态 荐4股
2019-04-15,国泰君安中小盘·首次覆盖【湘潭电化（002125）：电解二氧化锰潜龙，入得新能源正极海阔天空】,国泰君安中小盘·首次覆盖【湘潭电化（002125）：电解二氧化锰潜龙，入得新能源正极海阔天空】
2019-04-15,1-2月全球动力电池TOP10：CATL第一，比亚迪增势最猛,1-2月全球动力电池TOP10：CATL第一，比亚迪增势最猛
2019-04-15,大和：升比亚迪(01211.HK)目标价至64港元 料今年新能源车涨价,大和：升比亚迪(01211.HK)目标价至64港元 料今年新能源车涨价
2019-04-15,比亚迪或成立镍矿合资企业,比亚迪或成立镍矿合资企业
2019-04-15,【G20周刊】宁德时代/比亚迪/新宙邦/格林美Q1成绩单,【G20周刊】宁德时代/比亚迪/新宙邦/格林美Q1成绩单
2019-04-15,电气设备：2019年风光管理方法征求意见 荐5股,电气设备：2019年风光管理方法征求意见 荐5股
2019-04-16,外媒：中国180亿美元的电动汽车市场洗牌在即,外媒：中国180亿美元的电动汽车市场洗牌在即
2019-04-16,【电新行业*曾朵红】电动乘用车3月销11万，同比翻倍，基本符合预期,【电新行业*曾朵红】电动乘用车3月销11万，同比翻倍，基本符合预期
2019-04-16,负债上千亿元的比亚迪： 再次被弯道超车已无可避免？,负债上千亿元的比亚迪： 再次被弯道超车已无可避免？
2019-04-16,美银美林：降比亚迪(01211.HK)目标价至33.2港元 评级“跑输大市”,美银美林：降比亚迪(01211.HK)目标价至33.2港元 评级“跑输大市”
2019-04-17,汽车股今日大涨，机构、游资接力炒作,汽车股今日大涨，机构、游资接力炒作
2019-04-17,北向资金净流出近19亿元，格力电器、五粮液净卖出均超3亿元,北向资金净流出近19亿元，格力电器、五粮液净卖出均超3亿元
2019-04-17,网传汽车限购将放开 比亚迪等多个汽车股价上涨,网传汽车限购将放开 比亚迪等多个汽车股价上涨
2019-04-17,奔驰、奥迪之后，宝马也出事了！,奔驰、奥迪之后，宝马也出事了！
2019-04-17,传闻的文件全文来了！让汽车股暴走的政策到底有多强？,传闻的文件全文来了！让汽车股暴走的政策到底有多强？
2019-04-17,花旗：市场料内地部分一线城市新能源车发牌或倍增 维持比亚迪首选,花旗：市场料内地部分一线城市新能源车发牌或倍增 维持比亚迪首选
2019-04-17,4月17日A股龙虎榜揭秘，机构最青睐5股,4月17日A股龙虎榜揭秘，机构最青睐5股
2019-04-17,深港通十大成交活跃股排名（4月17日）,深港通十大成交活跃股排名（4月17日）
2019-04-17,港股汽车股涨幅继续扩大 比亚迪涨逾12%,港股汽车股涨幅继续扩大 比亚迪涨逾12%
2019-04-17,比亚迪龙虎榜数据（4月17日）,比亚迪龙虎榜数据（4月17日）
2019-04-17,比亚迪午后封涨停 成交额20.68亿元封单3.45万手,比亚迪午后封涨停 成交额20.68亿元封单3.45万手
2019-04-17,汽车股午后大涨，比亚迪、北汽蓝谷等超10股涨停,汽车股午后大涨，比亚迪、北汽蓝谷等超10股涨停
2019-04-17,快讯：汽车股集体上涨 永达汽车涨近7%比亚迪涨逾5%,快讯：汽车股集体上涨 永达汽车涨近7%比亚迪涨逾5%
2019-04-17,港股异动︱获大和看高至64元评级“买入” 比亚迪(01211)涨超5%,港股异动︱获大和看高至64元评级“买入” 比亚迪(01211)涨超5%
2019-04-17,中消协：比亚迪奔驰宝马投诉量最大,中消协：比亚迪奔驰宝马投诉量最大
2019-04-17,港股异动 | 3月新能源汽车销量同比大涨 比亚迪港A齐涨,港股异动 | 3月新能源汽车销量同比大涨 比亚迪港A齐涨
2019-04-17,【港股早评：恒指小幅高开0.1% 燃气股大跌 比亚迪盘前涨2.86%】,【港股早评：恒指小幅高开0.1% 燃气股大跌 比亚迪盘前涨2.86%】
2019-04-17,比亚迪（01211.HK/002594）：车展向新而行，预期边际改善,比亚迪（01211.HK/002594）：车展向新而行，预期边际改善
2019-04-17,一季度市级重点工业项目实现“开门红”,一季度市级重点工业项目实现“开门红”
2019-04-17,[快讯]13:10华映科技、比亚迪封涨停,[快讯]13:10华映科技、比亚迪封涨停
2019-04-18,花旗：维持比亚迪(01211)为行业首选 评级“买入”,花旗：维持比亚迪(01211)为行业首选 评级“买入”
2019-04-18,瑞信：大升比亚迪(01211)目标价22%至70港元 维持“跑赢大市”评级,瑞信：大升比亚迪(01211)目标价22%至70港元 维持“跑赢大市”评级
2019-04-18,这个板块竟成年内最大热门，最大黑马却是它,这个板块竟成年内最大热门，最大黑马却是它
2019-04-18,工信部公示第8批减免车船税车型目录，389款新能源汽车在列,工信部公示第8批减免车船税车型目录，389款新能源汽车在列
2019-04-18,守住40%“市占率红线” 自主车企发动新车攻势,守住40%“市占率红线” 自主车企发动新车攻势
2019-04-18,【中泰电新】3月新能源车抢装高增，19Q2仍景气向上——新能源汽车产业跟踪系列06,【中泰电新】3月新能源车抢装高增，19Q2仍景气向上——新能源汽车产业跟踪系列06
2019-04-18,A股早报2019年4月18日星期四,A股早报2019年4月18日星期四
2019-04-18,重度依赖新能源科技 利元亨硬闯科创板,重度依赖新能源科技 利元亨硬闯科创板
2019-04-18,融资客青睐43股，江河集团买入占比高达45.32%,融资客青睐43股，江河集团买入占比高达45.32%
2019-04-19,【华创电新】本周行业动态信息归总,【华创电新】本周行业动态信息归总
2019-04-19,宁德时代一季度装配9.6万辆三元动力电池汽车 比亚迪装配6.8万辆,宁德时代一季度装配9.6万辆三元动力电池汽车 比亚迪装配6.8万辆
2019-04-19,锂电池企业抢滩科创板 两大阵营比拼,锂电池企业抢滩科创板 两大阵营比拼
2019-04-19,奇点学堂：新能源汽车迎来寡头时代 现在布局正当时,奇点学堂：新能源汽车迎来寡头时代 现在布局正当时
2019-04-19,汽车行业研究报告:多措并举刺激汽车消费,汽车行业研究报告:多措并举刺激汽车消费
2019-04-19,车企年报风向标：成败新能源 自主品牌仍弱,车企年报风向标：成败新能源 自主品牌仍弱
2019-04-21,【华泰汽车每周谈】上海车展电动化浪潮势不可挡，多方车企齐发力,【华泰汽车每周谈】上海车展电动化浪潮势不可挡，多方车企齐发力
2019-04-21,上海车展比亚迪展台遭“维权”：“BYD还钱”,上海车展比亚迪展台遭“维权”：“BYD还钱”
2019-04-22,GGII：2018年全球汽车动力锂电池出货量TOP10企业,GGII：2018年全球汽车动力锂电池出货量TOP10企业
2019-04-22,《对话》王传福：新能源高速增长的“列车”不会放慢,《对话》王传福：新能源高速增长的“列车”不会放慢
2019-04-22,比亚迪：比亚迪汉预计明年上市,比亚迪：比亚迪汉预计明年上市
2019-04-22,新能源汽车平台化，光伏从周期迈向成长【安信电新·周观察·0422】,新能源汽车平台化，光伏从周期迈向成长【安信电新·周观察·0422】
2019-04-22,关于车市寒冬 新能源汽车第一季度交出了不一样的答卷,关于车市寒冬 新能源汽车第一季度交出了不一样的答卷
2019-04-22,电气设备：2月海外电动车销量5.9万辆 荐14股,电气设备：2月海外电动车销量5.9万辆 荐14股
2019-04-22,基岩大咖说 |新能源专题：面临变局，并非所有产业链都能腾飞,基岩大咖说 |新能源专题：面临变局，并非所有产业链都能腾飞
2019-04-22,电气设备：光伏产业链价格磨底 荐5股,电气设备：光伏产业链价格磨底 荐5股
2019-04-22,西安新能源汽车享有“六大政策和四大特权” 陕西销量同比增长36%,西安新能源汽车享有“六大政策和四大特权” 陕西销量同比增长36%
2019-04-22,比亚迪首批e1车主交车庆典圆满举行,比亚迪首批e1车主交车庆典圆满举行
2019-04-23,第319批新车公示：297款新能源商用车申报，上海申龙独占20款；燃料电池产品比重再提升,第319批新车公示：297款新能源商用车申报，上海申龙独占20款；燃料电池产品比重再提升
2019-04-23,【汽车行业】公募基金19Q1汽车行业持仓分析,【汽车行业】公募基金19Q1汽车行业持仓分析
2019-04-24,"电气设备行业周报:晶科和协鑫投资乐山单多晶基地,发改委推进增量配电改革","电气设备行业周报:晶科和协鑫投资乐山单多晶基地,发改委推进增量配电改革"
2019-04-24,[互动]盾安环境：新能源汽车配件客户包括金龙、比亚迪和宁德时代等,[互动]盾安环境：新能源汽车配件客户包括金龙、比亚迪和宁德时代等
2019-04-25,自主车企分化加剧 高压之下长城汽车逆势增长,自主车企分化加剧 高压之下长城汽车逆势增长
2019-04-25,武汉一辆比亚迪新能源车自燃，官方称原因在调查,武汉一辆比亚迪新能源车自燃，官方称原因在调查
2019-04-25,【国金研究】当机器人遇到科创板，为什么多是系统集成商？,【国金研究】当机器人遇到科创板，为什么多是系统集成商？
2019-04-25,新能源汽车开自燃派对？特斯拉蔚来后比亚迪也出事了,新能源汽车开自燃派对？特斯拉蔚来后比亚迪也出事了
2019-04-25,跟表哥借250万创业，如今公司负债超1千亿，赚的钱还没利息多,跟表哥借250万创业，如今公司负债超1千亿，赚的钱还没利息多
2019-04-26,深交所追问比亚迪：净利为何降，有无通过经销商收金融服务费 问询,深交所追问比亚迪：净利为何降，有无通过经销商收金融服务费 问询
2019-04-26,深交所就比亚迪年报内容提出“15连问”,深交所就比亚迪年报内容提出“15连问”
2019-04-26,比亚迪遭15项拷问！深交所不放年报疑点：为何净利下滑 问询,比亚迪遭15项拷问！深交所不放年报疑点：为何净利下滑 问询
2019-04-26,比亚迪收年报问询函：是否收取金融服务费 问询,比亚迪收年报问询函：是否收取金融服务费 问询
2019-04-26,比亚迪收深交所年报问询函：金融服务费咋回事？新能源汽车补贴退坡影响如何？,比亚迪收深交所年报问询函：金融服务费咋回事？新能源汽车补贴退坡影响如何？
2019-04-26,比亚迪e5也失火 一周内四家车企事故爆新能源车隐患 安全事故,比亚迪e5也失火 一周内四家车企事故爆新能源车隐患 安全事故
2019-04-26,比亚迪收年报问询函，说明新能源汽车补贴退坡的情况及对公司的影响 问询,比亚迪收年报问询函，说明新能源汽车补贴退坡的情况及对公司的影响 问询
2019-04-26,继特斯拉、蔚来之后 比亚迪也“火”了,继特斯拉、蔚来之后 比亚迪也“火”了
2019-04-26,汽车股见反弹 广汽集团升近2%比亚迪今放榜涨近1%,汽车股见反弹 广汽集团升近2%比亚迪今放榜涨近1%
2019-04-26,自主品牌生死劫？豪华车与日系品牌异军突起逆市上扬,自主品牌生死劫？豪华车与日系品牌异军突起逆市上扬
2019-04-26,比亚迪收年报问询函：要求说明净利润下降的原因 问询,比亚迪收年报问询函：要求说明净利润下降的原因 问询
2019-04-28,比亚迪：一季报符合预期，中报预告继续高增长【安信汽车】,比亚迪：一季报符合预期，中报预告继续高增长【安信汽车】
2019-04-28,比亚迪2019年一季度盈利同比增长631.98%,比亚迪2019年一季度盈利同比增长631.98%
2019-04-28,知名私募持股曝光：高毅资产新进8股，淡水泉新进中材科技,知名私募持股曝光：高毅资产新进8股，淡水泉新进中材科技
2019-04-28,公告精选：五粮液一季度净利增30%获港资增持；乐视网一季度亏损1.77亿元；宁波建工实控人将变为佛山市国资委,公告精选：五粮液一季度净利增30%获港资增持；乐视网一季度亏损1.77亿元；宁波建工实控人将变为佛山市国资委
2019-04-28,深度丨谁能终结宁德时代？,深度丨谁能终结宁德时代？
2019-04-28,一线|比亚迪Q1净利润增长631.98% 上半年预增超2倍,一线|比亚迪Q1净利润增长631.98% 上半年预增超2倍
2019-04-28,比亚迪：一季度净利润同比增631.98%,比亚迪：一季度净利润同比增631.98%
2019-04-28,比亚迪：一季度净利润7.49亿元，同比增长超6倍,比亚迪：一季度净利润7.49亿元，同比增长超6倍
2019-04-28,一周热点 | 特斯拉自动驾驶芯片发布；广汽新能源Aion S正式上市；2019年新能源汽车领域补助资金预算下发,一周热点 | 特斯拉自动驾驶芯片发布；广汽新能源Aion S正式上市；2019年新能源汽车领域补助资金预算下发
2019-04-28,【G20周刊】宁德时代2018储能营收1.89亿 增长超10倍,【G20周刊】宁德时代2018储能营收1.89亿 增长超10倍
2019-04-28,【盖世周报】大众与江淮投资50.6亿元新建电动车工厂;戴姆勒计划裁员10000人等 员工变动,【盖世周报】大众与江淮投资50.6亿元新建电动车工厂;戴姆勒计划裁员10000人等 员工变动
2019-04-28,比亚迪：一季度净利同比增长631.98%,比亚迪：一季度净利同比增长631.98%
2019-04-29,8家主流车企财报全解析！哪家车企利润高？| 中国汽车报,8家主流车企财报全解析！哪家车企利润高？| 中国汽车报
2019-04-29,每日资讯：广汽Aion.S/吉利M1甲醇车上市、比亚迪Q1净利增6倍,每日资讯：广汽Aion.S/吉利M1甲醇车上市、比亚迪Q1净利增6倍
2019-04-29,汽车：氢能与纯电动协同发展 荐7股,汽车：氢能与纯电动协同发展 荐7股
2019-04-29,净利润7.5亿元增632% 比亚迪发布一季度报告,净利润7.5亿元增632% 比亚迪发布一季度报告
2019-04-29,比亚迪一季度净利润为7.5亿元 今年销量目标锁定65万辆,比亚迪一季度净利润为7.5亿元 今年销量目标锁定65万辆
2019-04-29,比亚迪一季度净利达7.5亿新能源补贴收入占比超四成,比亚迪一季度净利达7.5亿新能源补贴收入占比超四成
2019-04-29,3月新能源汽车全产业链数据简报,3月新能源汽车全产业链数据简报
2019-04-29,比亚迪(1211.HK)高开4.67% Q1净利增631.98% 上半年预增超2倍,比亚迪(1211.HK)高开4.67% Q1净利增631.98% 上半年预增超2倍
2019-04-29,3月新能源乘用车上牌量：北京市上牌量破万，蔚来、威马持续领跑造车新势力,3月新能源乘用车上牌量：北京市上牌量破万，蔚来、威马持续领跑造车新势力
2019-04-29,A股早报2019年4月29日星期一,A股早报2019年4月29日星期一
2019-04-29,比亚迪集团3月销46825辆 同比增长8.5%,比亚迪集团3月销46825辆 同比增长8.5%
2019-04-29,港股早评：恒指小幅高开0.43% 比亚迪高开4.67%,港股早评：恒指小幅高开0.43% 比亚迪高开4.67%
2019-04-29,比亚迪港股高开4.7%,比亚迪港股高开4.7%
2019-04-30,过半车企一季度净利下滑 新能源汽车成车企增长新动力 盈利能力下降,过半车企一季度净利下滑 新能源汽车成车企增长新动力 盈利能力下降
2019-04-30,西安女车主质疑比亚迪刹车失灵 连撞数车至1死5伤 产品问题,西安女车主质疑比亚迪刹车失灵 连撞数车至1死5伤 产品问题
2019-04-30,科创板燃料电池行业适用估值方法探讨,科创板燃料电池行业适用估值方法探讨
2019-04-30,互不相让 车企与电池企业间的博弈,互不相让 车企与电池企业间的博弈
2019-04-30,比亚迪股份(1211.HK)：策略无误，但见效仍需时日，维持“增持”评级,比亚迪股份(1211.HK)：策略无误，但见效仍需时日，维持“增持”评级
2019-04-30,电动汽车内忧外患：自燃频发遭遇信任危机，氢能源汽车产生挤压效应,电动汽车内忧外患：自燃频发遭遇信任危机，氢能源汽车产生挤压效应
2019-04-30,百度李彦宏、王海峰，阿里王坚，比亚迪王传福候选工程院院士,百度李彦宏、王海峰，阿里王坚，比亚迪王传福候选工程院院士
2019-04-30,比亚迪：补贴政策落地 预期公司新能源汽车产销量仍保持高速增长,比亚迪：补贴政策落地 预期公司新能源汽车产销量仍保持高速增长
2019-05-01,半数车企年报净利下滑 新能源车能否单骑救主？ 盈利能力下降,半数车企年报净利下滑 新能源车能否单骑救主？ 盈利能力下降
2019-05-01,新能源乘用车企争霸：北汽新能源重夺亚军，长城紧追吉利,新能源乘用车企争霸：北汽新能源重夺亚军，长城紧追吉利
2019-05-01,第24批免购置税新能源车型目录发布，领途K-ONE\哪吒N01\比亚迪S2等319款车型入选,第24批免购置税新能源车型目录发布，领途K-ONE\哪吒N01\比亚迪S2等319款车型入选
2019-05-01,A股车企一季报集体滑铁卢：仅两家新能源车企净利增长,A股车企一季报集体滑铁卢：仅两家新能源车企净利增长
2019-05-01,全球新能源乘用车3月销量榜单：特斯拉Model 3单月交付超3.3万辆,全球新能源乘用车3月销量榜单：特斯拉Model 3单月交付超3.3万辆
2019-05-02,新能源汽车板块：锂电材料价格走向平稳行业洗牌将会持续,新能源汽车板块：锂电材料价格走向平稳行业洗牌将会持续
2019-05-02,新能源乘用车3月产量排行：总体产能超10万辆，合资车企再发力,新能源乘用车3月产量排行：总体产能超10万辆，合资车企再发力
2019-05-03,新能源商用车3月产量排行：产能回暖，重庆瑞驰新能源货车夺榜首,新能源商用车3月产量排行：产能回暖，重庆瑞驰新能源货车夺榜首
2019-05-03,车企们的一季度财报陆续公布，勒紧裤腰带的日子来了,车企们的一季度财报陆续公布，勒紧裤腰带的日子来了
2019-05-04,新能源商用车3月上牌量排行：北汽福田再次问鼎冠军；比亚迪自卸车亮实力,新能源商用车3月上牌量排行：北汽福田再次问鼎冠军；比亚迪自卸车亮实力
2019-05-05,2018净利润翻倍 动力电池上游企业嘉元科技冲刺科创板,2018净利润翻倍 动力电池上游企业嘉元科技冲刺科创板
2019-05-05,将终结宁德“时代”的，也许不是比亚迪丨EV进化论,将终结宁德“时代”的，也许不是比亚迪丨EV进化论
2019-05-05,动力电池企业内忧外患：宁德时代地位并不稳，行业面临大洗牌 行业恶化,动力电池企业内忧外患：宁德时代地位并不稳，行业面临大洗牌 行业恶化
2019-05-05,机会来了！巴菲特投资中国或有大动作 哪些标的能入股神法眼？,机会来了！巴菲特投资中国或有大动作 哪些标的能入股神法眼？
2019-05-05,电气设备：国内光伏电价政策落地,电气设备：国内光伏电价政策落地
2019-05-05,上市车企一季报：长城长安上汽广汽遭营收净利双杀,上市车企一季报：长城长安上汽广汽遭营收净利双杀
2019-05-05,【天风汽车】汽车行业年报一季报总结,【天风汽车】汽车行业年报一季报总结
2019-05-06,电子政务需依托5G 可灵活组建虚拟端网 6股掘金,电子政务需依托5G 可灵活组建虚拟端网 6股掘金
2019-05-06,比亚迪再获北欧最大公交运营商订单,比亚迪再获北欧最大公交运营商订单
2019-05-06,分化持续，上游盈利下滑，龙头效应凸显--新能源汽车产业链2018年&2019Q1财报总结【中泰电新】,分化持续，上游盈利下滑，龙头效应凸显--新能源汽车产业链2018年&2019Q1财报总结【中泰电新】
2019-05-06,新能源汽车行业谁赚钱了？,新能源汽车行业谁赚钱了？
2019-05-06,【G20周刊】宁德时代/比亚迪/中航锂电等企业一周动态,【G20周刊】宁德时代/比亚迪/中航锂电等企业一周动态
2019-05-06,股神巴菲特的汽车局,股神巴菲特的汽车局
2019-05-06,半数车企年报净利下滑 新能源车能否单骑救主？,半数车企年报净利下滑 新能源车能否单骑救主？
2019-05-06,3月全球电动车销量：比亚迪特斯拉冠军之争激烈 北汽卷土重来,3月全球电动车销量：比亚迪特斯拉冠军之争激烈 北汽卷土重来
2019-05-07,【申万宏源汽车】2019汽车行业一季报总结：一季度业绩探底，边际改善趋势渐显，商用车表现亮眼,【申万宏源汽车】2019汽车行业一季报总结：一季度业绩探底，边际改善趋势渐显，商用车表现亮眼
2019-05-07,关于投资中国公司，“卖关子”的巴菲特十年前就给答案了,关于投资中国公司，“卖关子”的巴菲特十年前就给答案了
2019-05-07,58股获券商买入评级 建设机械目标涨幅达62.75%,58股获券商买入评级 建设机械目标涨幅达62.75%
2019-05-07,A股车企一季报集体滑铁卢 仅两家新能源净利增长,A股车企一季报集体滑铁卢 仅两家新能源净利增长
2019-05-07,机械行业:本周暂停,机械行业:本周暂停
2019-05-07,信达证券化工新材料行业卓越推:高盟新材,信达证券化工新材料行业卓越推:高盟新材
2019-05-07,3月全球新能源销量榜: Model 3首破3万刷新单月最高纪录,3月全球新能源销量榜: Model 3首破3万刷新单月最高纪录
2019-05-08,财报快车：2019一季度净利猛增的比亚迪,财报快车：2019一季度净利猛增的比亚迪
2019-05-08,新能源车补贴退坡①｜过渡期不涨价，车企纷纷自掏腰包“保价”,新能源车补贴退坡①｜过渡期不涨价，车企纷纷自掏腰包“保价”
2019-05-08,“储能元年”里行业发展如何？一文读完锂电池企业财报,“储能元年”里行业发展如何？一文读完锂电池企业财报
2019-05-08,整车厂业绩下滑拖累零部件企业 新能源汽车也难独善其身 盈利能力下降,整车厂业绩下滑拖累零部件企业 新能源汽车也难独善其身 盈利能力下降
2019-05-08,深圳上市公司86%去年盈利 亏损公司增多 亏损,深圳上市公司86%去年盈利 亏损公司增多 亏损
2019-05-08,比亚迪夺冠 3月全球新能源车数据出炉,比亚迪夺冠 3月全球新能源车数据出炉
2019-05-08,比亚迪下跌4%暂最差国指股 遭麦格理维持跑输大市,比亚迪下跌4%暂最差国指股 遭麦格理维持跑输大市
2019-05-08,港股异动 | 汽车股走弱 比亚迪(1211.HK)跌3.51%领跌,港股异动 | 汽车股走弱 比亚迪(1211.HK)跌3.51%领跌
2019-05-08,动力电池争霸：宁德时代比亚迪差距缩小，中航锂电冲进前六,动力电池争霸：宁德时代比亚迪差距缩小，中航锂电冲进前六
2019-05-08,上市车企一季度财报分析,上市车企一季度财报分析
2019-05-09,透视科创板“最高龄考生”中国电器,透视科创板“最高龄考生”中国电器
2019-05-09,乘用车销量连续10个月负增长，新能源汽车将打出一片新天地,乘用车销量连续10个月负增长，新能源汽车将打出一片新天地
2019-05-09,新能源公交车补贴新政落地 6股强势迎良机,新能源公交车补贴新政落地 6股强势迎良机
2019-05-09,吉利长城抢滩新能源剧变,吉利长城抢滩新能源剧变
2019-05-09,超八成车企一季度盈利不佳(2),超八成车企一季度盈利不佳(2)
2019-05-09,新能源汽车｜电动公交补贴新政落地，符合市场预期,新能源汽车｜电动公交补贴新政落地，符合市场预期
2019-05-09,新能源企业对补贴的依赖程度如何，看看财报就知道了,新能源企业对补贴的依赖程度如何，看看财报就知道了
2019-05-09,超八成车企一季度盈利不佳 江淮等生存状况举步维艰,超八成车企一季度盈利不佳 江淮等生存状况举步维艰
2019-05-09,【东北汽车李恒光/赵季新】行业周报：4月零售低于预期，比亚迪Q1业绩改善，继续推荐乘用车+双击零部件,【东北汽车李恒光/赵季新】行业周报：4月零售低于预期，比亚迪Q1业绩改善，继续推荐乘用车+双击零部件
2019-05-10,【东吴电新】电动车年报季报总结：中游重回增长，龙头表现突出,【东吴电新】电动车年报季报总结：中游重回增长，龙头表现突出
2019-05-10,新能源汽车继续发力 比亚迪四月份销量逆势增长,新能源汽车继续发力 比亚迪四月份销量逆势增长
2019-05-10,4月汽车销量快报：又见“断崖式”下滑？多家车企暴跌为哪般 盈利能力下降,4月汽车销量快报：又见“断崖式”下滑？多家车企暴跌为哪般 盈利能力下降
2019-05-10,比亚迪：e5和元EV销量不利，4月销量略不及预期【安信汽车】 盈利能力下降,比亚迪：e5和元EV销量不利，4月销量略不及预期【安信汽车】 盈利能力下降
2019-05-10,比亚迪前四个月新能源车销量超9万辆 同比增长123%,比亚迪前四个月新能源车销量超9万辆 同比增长123%
2019-05-10,早间公告：比亚迪前4月新能源汽车销量同比增123%,早间公告：比亚迪前4月新能源汽车销量同比增123%
2019-05-10,特斯拉一燃再燃，动力电池该当何罪？,特斯拉一燃再燃，动力电池该当何罪？
2019-05-10,早间公告：天健集团全资子公司参与上海临港资产重组,早间公告：天健集团全资子公司参与上海临港资产重组
2019-05-10,电新行业2018年报&2019一季报重点公司业绩回顾:2018年步履维艰2019年关注风光与电网投资边际变化,电新行业2018年报&2019一季报重点公司业绩回顾:2018年步履维艰2019年关注风光与电网投资边际变化
2019-05-10,深评：起火频发特斯拉电池策略可靠吗 安全事故,深评：起火频发特斯拉电池策略可靠吗 安全事故
2019-05-10,售价百万的纯电公交依旧享有双重补贴！公交人员：没钱，换不起,售价百万的纯电公交依旧享有双重补贴！公交人员：没钱，换不起
2019-05-11,别等巴菲特了 中国企业价值不需要别人证明,别等巴菲特了 中国企业价值不需要别人证明
2019-05-11,4月车市销量跌势不止 车企纷纷在降价中寻找存在感？,4月车市销量跌势不止 车企纷纷在降价中寻找存在感？
2019-05-11,品牌价值增长28.2%，比亚迪入选中国上市公司品牌价值榜Top100,品牌价值增长28.2%，比亚迪入选中国上市公司品牌价值榜Top100
2019-05-12,【东吴电新】4月装机5.4gwh，环比略微提升，符合预期,【东吴电新】4月装机5.4gwh，环比略微提升，符合预期
2019-05-12,4月销售2.4万辆，增长近八成，比亚迪率先完成油转电的切换！,4月销售2.4万辆，增长近八成，比亚迪率先完成油转电的切换！
2019-05-12,滴滴与比亚迪合作的无人车亮相智博会，搭载6颗摄像头,滴滴与比亚迪合作的无人车亮相智博会，搭载6颗摄像头
2019-05-12,汽车：二季度预期市场较弱 荐2股,汽车：二季度预期市场较弱 荐2股
2019-05-12,滴滴与比亚迪合作的无人车亮相智博会 搭载6颗摄像头,滴滴与比亚迪合作的无人车亮相智博会 搭载6颗摄像头
2019-05-13,【G20周刊】比亚迪4月动力&储能电池装机总量约1.625GWh,【G20周刊】比亚迪4月动力&储能电池装机总量约1.625GWh
2019-05-13,比亚迪回复年报问询：补贴退坡不会改变新能源汽车产业长期成长趋势,比亚迪回复年报问询：补贴退坡不会改变新能源汽车产业长期成长趋势
2019-05-13,比亚迪回复问询：补贴退坡等多因素导致营收增长而净利下滑 政策恶化,比亚迪回复问询：补贴退坡等多因素导致营收增长而净利下滑 政策恶化
2019-05-13,【协会资讯】中国汽车工业协会2019年5月信息发布会在京举行,【协会资讯】中国汽车工业协会2019年5月信息发布会在京举行
2019-05-13,4月车市深评：吉利跌奇瑞增，德美下滑日系飘红，新能源大势初定,4月车市深评：吉利跌奇瑞增，德美下滑日系飘红，新能源大势初定
2019-05-13,比亚迪4月售36563辆 新能源销量暴涨73.5%,比亚迪4月售36563辆 新能源销量暴涨73.5%
2019-05-13,2019年4月汽车销量排行榜，跌跌不休,2019年4月汽车销量排行榜，跌跌不休
2019-05-13,【万联汽车】业绩探底，预期向上--汽车行业2018年年报及2019Q1季报综述,【万联汽车】业绩探底，预期向上--汽车行业2018年年报及2019Q1季报综述
2019-05-13,【华创电新】周观点：新能源平价项目持续落地，动力电池行业集中度继续提升,【华创电新】周观点：新能源平价项目持续落地，动力电池行业集中度继续提升
2019-05-13,"汽车和汽车零部件行业研究:终端需求仍旧低迷,期待下半年市场回暖","汽车和汽车零部件行业研究:终端需求仍旧低迷,期待下半年市场回暖"
2019-05-13,中国电器院三年分红5.2亿超净利16% 1.35亿补助贡献三成利润应收账款6.53亿,中国电器院三年分红5.2亿超净利16% 1.35亿补助贡献三成利润应收账款6.53亿
2019-05-13,2019年第4批推荐目录新能源专用车分析：东风回归榜首 电池竞争激烈,2019年第4批推荐目录新能源专用车分析：东风回归榜首 电池竞争激烈
2019-05-13,智能驾驭进展加速关注产业链股 六股人气旺,智能驾驭进展加速关注产业链股 六股人气旺
2019-05-13,增长28.4% 4月新能源乘用车销量9.1万辆,增长28.4% 4月新能源乘用车销量9.1万辆
2019-05-13,车市延续“寒冬” 自主车企季度财报解读,车市延续“寒冬” 自主车企季度财报解读
2019-05-13,宇通2802辆强势回归榜首 重汽进六强 4月新能源客车畅销车型生变,宇通2802辆强势回归榜首 重汽进六强 4月新能源客车畅销车型生变
2019-05-14,【东吴电新】3月海外电动车销量8.71万辆，同增17%，新车型支撑增长！,【东吴电新】3月海外电动车销量8.71万辆，同增17%，新车型支撑增长！
2019-05-14,2019新财富500强出炉，4位汽车大佬财富缩水近一半！| 中国汽车报,2019新财富500强出炉，4位汽车大佬财富缩水近一半！| 中国汽车报
2019-05-14,第4批新能源推荐目录乘用车分析：20款车型获1倍补贴,第4批新能源推荐目录乘用车分析：20款车型获1倍补贴
2019-05-14,乘联会：4月销量同比增长28.2%，合资品牌助力插混市场走强,乘联会：4月销量同比增长28.2%，合资品牌助力插混市场走强
2019-05-14,【电新行业*曾朵红】3月海外电动车销量8.71万辆，同增17%，新车型支撑增长,【电新行业*曾朵红】3月海外电动车销量8.71万辆，同增17%，新车型支撑增长
2019-05-14,【天风电新】当前时点，我们怎么看二线电池厂的投资价值？,【天风电新】当前时点，我们怎么看二线电池厂的投资价值？
2019-05-15,数说丨难逃下滑噩梦，自主品牌跌破40%市占率红线,数说丨难逃下滑噩梦，自主品牌跌破40%市占率红线
2019-05-15,电器院谋求科创板上市：格力比亚迪是其重要客户,电器院谋求科创板上市：格力比亚迪是其重要客户
2019-05-15,宁德时代与沃尔沃签亿元订单 其“朋友圈”车企数量已超20家,宁德时代与沃尔沃签亿元订单 其“朋友圈”车企数量已超20家
2019-05-15,数说丨新能源乘用车排位突变 插混进入“战国时代”,数说丨新能源乘用车排位突变 插混进入“战国时代”
2019-05-15,补贴退坡50%，市场竞争加剧，比亚迪、宁德时代该如何应对？,补贴退坡50%，市场竞争加剧，比亚迪、宁德时代该如何应对？
2019-05-15,日系品牌销量喜人，南北大众成绩显眼，4月销量有料看,日系品牌销量喜人，南北大众成绩显眼，4月销量有料看
2019-05-15,4月新能源乘用车批发销量Top30：比亚迪元EV夺冠 吉利几何A首月销量破千,4月新能源乘用车批发销量Top30：比亚迪元EV夺冠 吉利几何A首月销量破千
2019-05-15,比亚迪年报遭深交所连环拷问：净利为何降 有无收金融服务费 问询,比亚迪年报遭深交所连环拷问：净利为何降 有无收金融服务费 问询
2019-05-15,“攻心”戴姆勒：北汽与吉利谁能笑到最后？,“攻心”戴姆勒：北汽与吉利谁能笑到最后？
2019-05-15,4月新能源销9.2万辆 帕萨特PHEV闯入新能源前十,4月新能源销9.2万辆 帕萨特PHEV闯入新能源前十
2019-05-15,补贴退坡触发行业拐点 新能源电机行业阵痛待解,补贴退坡触发行业拐点 新能源电机行业阵痛待解
2019-05-15,【东吴电新】重磅！欣旺达深度报告：从消费pack龙头到动力新星，大客户开启公司动力元年,【东吴电新】重磅！欣旺达深度报告：从消费pack龙头到动力新星，大客户开启公司动力元年
2019-05-16,大众挑起SiC抢购大战,大众挑起SiC抢购大战
2019-05-16,监管问询千万条，年报问询第一条：上市公司这四大业绩“痛点”最受交易所关注！,监管问询千万条，年报问询第一条：上市公司这四大业绩“痛点”最受交易所关注！
2019-05-16,违规担保或致6千万亏损 这家光伏企业疑点重重 其他违规处罚,违规担保或致6千万亏损 这家光伏企业疑点重重 其他违规处罚
2019-05-16,比亚迪连年增收减利遭深交所15连问 回复称新能源补贴退坡是主因 问询,比亚迪连年增收减利遭深交所15连问 回复称新能源补贴退坡是主因 问询
2019-05-16,上市汽车公司年报：上汽通用汽车金融营收达90.88亿,上市汽车公司年报：上汽通用汽车金融营收达90.88亿
2019-05-16,挣扎过后加速下滑 4月乘用车销量出现近年最大环比下滑 盈利能力下降,挣扎过后加速下滑 4月乘用车销量出现近年最大环比下滑 盈利能力下降
2019-05-16,高端装备制造行业科创板受理企业概览(一):高端装备制造业科创板专题系列报告(一),高端装备制造行业科创板受理企业概览(一):高端装备制造业科创板专题系列报告(一)
2019-05-16,【电新行业*曾朵红】4月新能源车销9.7万辆，同增18.1%，基本符合预期,【电新行业*曾朵红】4月新能源车销9.7万辆，同增18.1%，基本符合预期
2019-05-16,汽车4月产销同比降幅扩大 专家：下半年有望回暖，拐点大概率会在7月和8月,汽车4月产销同比降幅扩大 专家：下半年有望回暖，拐点大概率会在7月和8月
2019-05-16,【东吴电新】4月新能源车销9.7万辆，同增18.1%，基本符合预期,【东吴电新】4月新能源车销9.7万辆，同增18.1%，基本符合预期
2019-05-16,"电气设备行业周报:新能源汽车Q1业绩分化,光伏新政带动需求向好 盈利能力下降","电气设备行业周报:新能源汽车Q1业绩分化,光伏新政带动需求向好 盈利能力下降"
2019-05-16,"新能源汽车行业一季报总结:风雨中见韧性,成长依旧","新能源汽车行业一季报总结:风雨中见韧性,成长依旧"
2019-05-16,如此禁不住考验？4月新能源市场喜忧参半,如此禁不住考验？4月新能源市场喜忧参半
2019-05-17,比亚迪子公司和戴姆勒向腾势新能源总计增资3亿元,比亚迪子公司和戴姆勒向腾势新能源总计增资3亿元
2019-05-17,比亚迪和戴姆勒向腾势分别增资1.5亿元 股权比例保持不变,比亚迪和戴姆勒向腾势分别增资1.5亿元 股权比例保持不变
2019-05-17,比亚迪与戴姆勒大中华区投资拟对腾势新能源分别增资1.5亿元,比亚迪与戴姆勒大中华区投资拟对腾势新能源分别增资1.5亿元
2019-05-17,比亚迪拟对参股公司腾势新能源增资1.5亿元,比亚迪拟对参股公司腾势新能源增资1.5亿元
2019-05-17,辣评4月车企销量TOP30：仅1/3车企正增长其中4家是日系,辣评4月车企销量TOP30：仅1/3车企正增长其中4家是日系
2019-05-17,【财通通信李宏涛团队】科创板重点领域，通信企业估值逻辑与应用,【财通通信李宏涛团队】科创板重点领域，通信企业估值逻辑与应用
2019-05-17,电力设备与新能源行业2019年第4批推广目录点评:高续航里程趋势继续加强,电力设备与新能源行业2019年第4批推广目录点评:高续航里程趋势继续加强
2019-05-17,"新能源汽车行业周报:四部门支持新能源公交车推广,保留地补","新能源汽车行业周报:四部门支持新能源公交车推广,保留地补"
2019-05-17,工信部第320批新车公示：奔驰EQC/蔚来ES6/小鹏G3/爱驰U5等429款新能源车进入,工信部第320批新车公示：奔驰EQC/蔚来ES6/小鹏G3/爱驰U5等429款新能源车进入
2019-05-18,国内外车市持续低迷，新能源汽车为何逆势增长？,国内外车市持续低迷，新能源汽车为何逆势增长？
2019-05-18,公告点题｜5月17日这些公告有看头,公告点题｜5月17日这些公告有看头
2019-05-20,数据详解 || 增速放缓 新能源车市淘汰赛即将开局？| 中国汽车报,数据详解 || 增速放缓 新能源车市淘汰赛即将开局？| 中国汽车报
2019-05-20,比亚迪股东吴经胜减持60万股 套现约3427万元,比亚迪股东吴经胜减持60万股 套现约3427万元
2019-05-20,比亚迪(002594.SZ)：吴经胜减持期届满 累计减持60万股,比亚迪(002594.SZ)：吴经胜减持期届满 累计减持60万股
2019-05-20,"汽车行业周报:四月汽车产销公布,车市回暖仍需时日","汽车行业周报:四月汽车产销公布,车市回暖仍需时日"
2019-05-20,汽车：车市回暖仍需时日 荐7股,汽车：车市回暖仍需时日 荐7股
2019-05-20,比亚迪回复深交所：这年头，新能源不好干 问询,比亚迪回复深交所：这年头，新能源不好干 问询
2019-05-20,获比亚迪戴姆勒第七次增资 腾势新能源将并入奔驰销售体系,获比亚迪戴姆勒第七次增资 腾势新能源将并入奔驰销售体系
2019-05-20,比亚迪：高管吴经胜完成减持计划，共卖出60万股 减持股份,比亚迪：高管吴经胜完成减持计划，共卖出60万股 减持股份
2019-05-21,电动汽车自燃“冰山一角”：高歌猛进下的安全隐患,电动汽车自燃“冰山一角”：高歌猛进下的安全隐患
2019-05-21,比亚迪叉车布局农机领域——“广阔天地，大有可为”,比亚迪叉车布局农机领域——“广阔天地，大有可为”
2019-05-21,动力电池装机四月榜单：松下进入广汽丰田供应链,动力电池装机四月榜单：松下进入广汽丰田供应链
2019-05-21,第八批减免车船税车型目录发布，宋MAX/金康瑞驰ER3/荣威eRX5等391款新能源汽车进入,第八批减免车船税车型目录发布，宋MAX/金康瑞驰ER3/荣威eRX5等391款新能源汽车进入
2019-05-22,格隆汇港股聚焦(5.22)︱美团明日公布业绩 比亚迪获34.58亿元新能源汽车补贴,格隆汇港股聚焦(5.22)︱美团明日公布业绩 比亚迪获34.58亿元新能源汽车补贴
2019-05-22,【中投早知道】2019-05-23,【中投早知道】2019-05-23
2019-05-22,公告精选：实达集团涉及华为项目金额比例很小；比亚迪收到34亿新能源汽车补贴,公告精选：实达集团涉及华为项目金额比例很小；比亚迪收到34亿新能源汽车补贴
2019-05-22,稀土板块行情降温，涨势起伏背后仍看政策态度,稀土板块行情降温，涨势起伏背后仍看政策态度
2019-05-22,比亚迪收新能源汽车推广补贴34.6亿 超去年利润28%,比亚迪收新能源汽车推广补贴34.6亿 超去年利润28%
2019-05-22,5月22日利好利空公告(更新中)：比亚迪收到新能源汽车补贴,5月22日利好利空公告(更新中)：比亚迪收到新能源汽车补贴
2019-05-22,北汽蓝谷产销量4月断崖下挫 库存激增研发加速资本化,北汽蓝谷产销量4月断崖下挫 库存激增研发加速资本化
2019-05-22,比亚迪：控股子公司今日收到国家新能源汽车推广补贴34.58亿元,比亚迪：控股子公司今日收到国家新能源汽车推广补贴34.58亿元
2019-05-22,2019年中国新能源汽车行业市场分析：涨价潮未至，“超续航产品”或将成新增长点,2019年中国新能源汽车行业市场分析：涨价潮未至，“超续航产品”或将成新增长点
2019-05-22,【锂电G20】供货CATL/比亚迪/孚能 正业科技2018成绩如何,【锂电G20】供货CATL/比亚迪/孚能 正业科技2018成绩如何
2019-05-22,2019年新能源汽车补贴调整对市场将产生哪些影响,2019年新能源汽车补贴调整对市场将产生哪些影响
2019-05-22,物以“稀”为贵 稀土永磁王者归来,物以“稀”为贵 稀土永磁王者归来
2019-05-22,新能源电池供应商翔丰华拟创业板IPO 毛利率持续下滑,新能源电池供应商翔丰华拟创业板IPO 毛利率持续下滑
2019-05-22,比亚迪：收到34.58亿元国家新能源汽车推广补贴,比亚迪：收到34.58亿元国家新能源汽车推广补贴
2019-05-23,比亚迪获35亿新能源车国家补贴 成主要净利润来源,比亚迪获35亿新能源车国家补贴 成主要净利润来源
2019-05-23,【招商汽车|政策深度】双积分专题：双积分保障新能源乘用车36%复合增速“底线”,【招商汽车|政策深度】双积分专题：双积分保障新能源乘用车36%复合增速“底线”
2019-05-23,比亚迪获34.58亿新能源补贴：去年一整年赚得都没这么多,比亚迪获34.58亿新能源补贴：去年一整年赚得都没这么多
2019-05-23,比亚迪子公司比亚迪汽车收到政府补贴34.58亿元,比亚迪子公司比亚迪汽车收到政府补贴34.58亿元
2019-05-23,扩内需促消费国常会放重磅信号新一轮下乡刺激汽车股再度活跃,扩内需促消费国常会放重磅信号新一轮下乡刺激汽车股再度活跃
2019-05-23,一季度全球电动汽车销量突破50万辆 中国市场增速猛,一季度全球电动汽车销量突破50万辆 中国市场增速猛
2019-05-23,提升现金流 比亚迪收到34.58亿元国补,提升现金流 比亚迪收到34.58亿元国补
2019-05-23,"机械行业专题报告:高端装备制造业科创板受理企业概览(二),高端装备制造业科创板专题系列报告(二)","机械行业专题报告:高端装备制造业科创板受理企业概览(二),高端装备制造业科创板专题系列报告(二)"
2019-05-23,每日资讯：比亚迪收35亿补贴、传长安绿驰合作造电动车、九城将建充电桩公司,每日资讯：比亚迪收35亿补贴、传长安绿驰合作造电动车、九城将建充电桩公司
2019-05-24,动力电池争霸：“白马”“黑马”齐奔腾,动力电池争霸：“白马”“黑马”齐奔腾
2019-05-24,比亚迪新增6条专利信息 拟进军共享单车,比亚迪新增6条专利信息 拟进军共享单车
2019-05-24,江淮汽车扭亏成疑：涉嫌排放造假,江淮汽车扭亏成疑：涉嫌排放造假
2019-05-24,国轩高科走到十字路口:行业步入寡头 现金流骤然恶化,国轩高科走到十字路口:行业步入寡头 现金流骤然恶化
2019-05-25,下周主流机构最看好的板块个股,下周主流机构最看好的板块个股
2019-05-26,机械制造：机械设备周报 荐5股,机械制造：机械设备周报 荐5股
2019-05-26,【华创电新】本周行业动态信息归总,【华创电新】本周行业动态信息归总
2019-05-26,电气设备：风光平价项目公布 风电电价政策出台,电气设备：风光平价项目公布 风电电价政策出台
2019-05-26,要实现弯道超车，自主品牌能依靠新能源吗？,要实现弯道超车，自主品牌能依靠新能源吗？
2019-05-26,一周热点 | 爱驰收购江铃控股50%股权；Model S/X售价下调；大众/江淮/一汽成立充电服务公司,一周热点 | 爱驰收购江铃控股50%股权；Model S/X售价下调；大众/江淮/一汽成立充电服务公司
2019-05-27,汽车行业周报:车辆购置税新规明确按实际支付的车价款扣税,汽车行业周报:车辆购置税新规明确按实际支付的车价款扣税
2019-05-27,汽车行业周报:车辆购置税新政发布,汽车行业周报:车辆购置税新政发布
2019-05-27,【G20周刊】宁德时代LFP储能系统出海 中航锂电装机量排第四,【G20周刊】宁德时代LFP储能系统出海 中航锂电装机量排第四
2019-05-27,是春光易逝，还是青山不改，华为汽车概念股的未来何续何存，拭目以待。,是春光易逝，还是青山不改，华为汽车概念股的未来何续何存，拭目以待。
2019-05-27,电气设备：二季度产销有望爬升 荐6股,电气设备：二季度产销有望爬升 荐6股
2019-05-27,汽车：第一季度全球新能源乘用车销量同比高增长,汽车：第一季度全球新能源乘用车销量同比高增长
2019-05-28,融捷股份旗下大型锂矿时隔4年复产 错过行业黄金期前景如何,融捷股份旗下大型锂矿时隔4年复产 错过行业黄金期前景如何
2019-05-28,A股共发生54宗大宗交易成交10.6亿元（5月28日）,A股共发生54宗大宗交易成交10.6亿元（5月28日）
2019-05-28,比亚迪获新能源补贴款34.58亿元,比亚迪获新能源补贴款34.58亿元
2019-05-28,宁德时代们开启“后白皮书”时代,宁德时代们开启“后白皮书”时代
2019-05-28,比亚迪今日大宗交易成交10万股，成交价43.93元折价13.01%,比亚迪今日大宗交易成交10万股，成交价43.93元折价13.01%
2019-05-29,"电气设备行业周报:20.76gw第一批平价项目公布,1-4月全社会用电量增速放缓","电气设备行业周报:20.76gw第一批平价项目公布,1-4月全社会用电量增速放缓"
2019-05-29,【招商银行|汽车行业】新能源车产业链2018~2019Q1盈利分析（2019年5月）,【招商银行|汽车行业】新能源车产业链2018~2019Q1盈利分析（2019年5月）
2019-05-29,腾势汽车成鸡肋？ 多次获注资产品仍乏力,腾势汽车成鸡肋？ 多次获注资产品仍乏力
2019-05-30,2019年4月动力电池装机量：松下上升至16名,2019年4月动力电池装机量：松下上升至16名
2019-05-30,36页PPT：2019年4月新能源乘用车销量报告,36页PPT：2019年4月新能源乘用车销量报告
2019-05-30,原料紧缺行业盈利拐点显现 4股即将迎良机,原料紧缺行业盈利拐点显现 4股即将迎良机
2019-05-31,新能源汽车退补最大受益者！三年狂揽18亿，还要以54亿估值登陆科创板,新能源汽车退补最大受益者！三年狂揽18亿，还要以54亿估值登陆科创板
2019-05-31,【增减持】比亚迪(01211.HK)获The Goldman Sachs Group场外增持71.35万股H股,【增减持】比亚迪(01211.HK)获The Goldman Sachs Group场外增持71.35万股H股
2019-05-31,比亚迪：高级副总裁兼财务总监辞职 董监高成员变化,比亚迪：高级副总裁兼财务总监辞职 董监高成员变化
2019-05-31,中部地区的重要布局 宁乡比亚迪动力电池生产基地一期开建,中部地区的重要布局 宁乡比亚迪动力电池生产基地一期开建
2019-05-31,比亚迪短期融资券发行 总额为10亿元,比亚迪短期融资券发行 总额为10亿元
2019-06-01,动力电池：4月装机量5.386GWh，同比增长43.4%,动力电池：4月装机量5.386GWh，同比增长43.4%
2019-06-02,全球新能源乘用车4月销量榜单：比亚迪反超特斯拉夺冠,全球新能源乘用车4月销量榜单：比亚迪反超特斯拉夺冠
2019-06-02,一周动态丨国产Model 3售32.8万，蔚来融资100亿，全新宝马7系上市,一周动态丨国产Model 3售32.8万，蔚来融资100亿，全新宝马7系上市
2019-06-02,夏普将推出廉价8K摄像机丨华为和非洲联盟签署谅解备忘录【Do说】,夏普将推出廉价8K摄像机丨华为和非洲联盟签署谅解备忘录【Do说】
2019-06-03,比亚迪：2019年比亚迪股份有限公司绿色债券名称变更,比亚迪：2019年比亚迪股份有限公司绿色债券名称变更
2019-06-03,中信建投高端制造团队最新研究观点,中信建投高端制造团队最新研究观点
2019-06-03,新能源乘用车4月销量：长安汽车销量不足千跌出榜单，插混市场合资车型再抢份额,新能源乘用车4月销量：长安汽车销量不足千跌出榜单，插混市场合资车型再抢份额
2019-06-03,比亚迪财务总监吴经胜先生辞职 周亚琳女士接任,比亚迪财务总监吴经胜先生辞职 周亚琳女士接任
2019-06-03,光伏展或刺激相关概念板块走强,光伏展或刺激相关概念板块走强
2019-06-03,新能源汽车产业链价格周报第12期:钴价带动正极价格下降,新能源汽车产业链价格周报第12期:钴价带动正极价格下降
2019-06-03,电力设备行业周报:两部委修订出台《输配电定价成本监审办法》,电力设备行业周报:两部委修订出台《输配电定价成本监审办法》
2019-06-03,4月全球电动车销量：比亚迪仍居榜首,4月全球电动车销量：比亚迪仍居榜首
2019-06-04,汽车行业周报:车辆限购放松预期逐步兑现,汽车行业周报:车辆限购放松预期逐步兑现
2019-06-04,2个月内4起自燃！特斯拉股价半年“腰斩”，你还会买吗？ 产品问题,2个月内4起自燃！特斯拉股价半年“腰斩”，你还会买吗？ 产品问题
2019-06-04,比亚迪将在广州建设锂电池生产基地,比亚迪将在广州建设锂电池生产基地
2019-06-05,比亚迪：王传福增持100万股，完成增持计划,比亚迪：王传福增持100万股，完成增持计划
2019-06-05,驱动电机：4月装机量11.6万台，乘用车配套装机同比增长40%,驱动电机：4月装机量11.6万台，乘用车配套装机同比增长40%
2019-06-05,汽车：5月新能源乘用车合格证同比增长48% 客车受高基数影响大幅下滑,汽车：5月新能源乘用车合格证同比增长48% 客车受高基数影响大幅下滑
2019-06-05,比亚迪日本公司合作京瓷为电动汽车研发综合能源供需系统,比亚迪日本公司合作京瓷为电动汽车研发综合能源供需系统
2019-06-05,比亚迪补贴退潮它不涨价，不是不涨，而是不敢涨,比亚迪补贴退潮它不涨价，不是不涨，而是不敢涨
2019-06-05,动力电池与电气系统(三十七)：下游应用领域持续拓展，下游应用领域持续拓展，磷酸铁锂产业将良性发展,动力电池与电气系统(三十七)：下游应用领域持续拓展，下游应用领域持续拓展，磷酸铁锂产业将良性发展
2019-06-05,4月全球新能源：Model 3连续3月夺冠 北汽腰斩掉队前五,4月全球新能源：Model 3连续3月夺冠 北汽腰斩掉队前五
2019-06-05,动力电池迎第一波报废潮：车企无力回收 终端市场乱象丛生,动力电池迎第一波报废潮：车企无力回收 终端市场乱象丛生
2019-06-05,1-4月新能源汽车产销双增长，荣威超比亚迪夺魁,1-4月新能源汽车产销双增长，荣威超比亚迪夺魁
2019-06-06,【安信计算机】5G发牌一周年，行业应用进展喜人,【安信计算机】5G发牌一周年，行业应用进展喜人
2019-06-06,给比亚迪、宁德时代这些“大爷”供货 “小媳妇”翔丰华连续三年毛利率下滑,给比亚迪、宁德时代这些“大爷”供货 “小媳妇”翔丰华连续三年毛利率下滑
2019-06-06,比亚迪(002594.SZ)5月新能源汽车销量21899辆 同比增长53.77%,比亚迪(002594.SZ)5月新能源汽车销量21899辆 同比增长53.77%
2019-06-06,比亚迪：前5个月新能源汽车销量同比增106%,比亚迪：前5个月新能源汽车销量同比增106%
2019-06-06,比亚迪：1-5月新能源汽车累计销量同比增长106.04%,比亚迪：1-5月新能源汽车累计销量同比增长106.04%
2019-06-06,比亚迪：计划明年发布音乐汽车,比亚迪：计划明年发布音乐汽车
2019-06-06,新能源汽车获“力挺”，港股比亚迪、吉利尾盘大幅拉升,新能源汽车获“力挺”，港股比亚迪、吉利尾盘大幅拉升
2019-06-06,王传福：比亚迪会根据实际情况适度扩大电池产能,王传福：比亚迪会根据实际情况适度扩大电池产能
2019-06-06,比亚迪股东王传福增持100万股 耗资4860万元,比亚迪股东王传福增持100万股 耗资4860万元
2019-06-06,比亚迪上涨此前发改委发布政策推动汽车消费,比亚迪上涨此前发改委发布政策推动汽车消费
2019-06-06,百度李彦宏、比亚迪王传福未进入中国工程院院士增选次轮评审,百度李彦宏、比亚迪王传福未进入中国工程院院士增选次轮评审
2019-06-06,新能源商用车4月产量排行：行业呈现大幅度同比下滑，宇通、比亚迪优势凸显,新能源商用车4月产量排行：行业呈现大幅度同比下滑，宇通、比亚迪优势凸显
2019-06-06,比亚迪仍居榜首 4月份全球电动车销量,比亚迪仍居榜首 4月份全球电动车销量
2019-06-06,车云日报 | 长安福特被罚款1.628亿元，工信部发布5G商用牌照，Uber股价大涨,车云日报 | 长安福特被罚款1.628亿元，工信部发布5G商用牌照，Uber股价大涨
2019-06-06,比亚迪：前四月在新能源汽车市场占有率约25%,比亚迪：前四月在新能源汽车市场占有率约25%
2019-06-06,【东北汽车李恒光/赵季新】行业周报：发改委发文推动重点消费品更新升级，比亚迪与丰田达成合作,【东北汽车李恒光/赵季新】行业周报：发改委发文推动重点消费品更新升级，比亚迪与丰田达成合作
2019-06-06,港股收评：恒指涨0.26% 汽车股午后拉升 比亚迪大涨5.76%,港股收评：恒指涨0.26% 汽车股午后拉升 比亚迪大涨5.76%
2019-06-07,丰田将和宁德时代、比亚迪在电池供应方面展开合作,丰田将和宁德时代、比亚迪在电池供应方面展开合作
2019-06-07,公告点题｜6月6日这些公告有看头,公告点题｜6月6日这些公告有看头
2019-06-07,丰田牵手比亚迪 或在三电领域开启合作,丰田牵手比亚迪 或在三电领域开启合作
2019-06-08,新能源增长106% 比亚迪发布5月销量快报,新能源增长106% 比亚迪发布5月销量快报
2019-06-09,机械制造：锂电投资不断超预期 荐10股,机械制造：锂电投资不断超预期 荐10股
2019-06-09,化工：醋酸价格反弹 荐8股,化工：醋酸价格反弹 荐8股
2019-06-09,汽车：国五清库最后冲刺 国家禁止限购新能源车,汽车：国五清库最后冲刺 国家禁止限购新能源车
2019-06-10,融捷股份甲基卡锂辉矿项目终投产 完整年度将产出锂精矿逾7万吨,融捷股份甲基卡锂辉矿项目终投产 完整年度将产出锂精矿逾7万吨
2019-06-10,比亚迪新能源汽车时代盈利能力有多大？,比亚迪新能源汽车时代盈利能力有多大？
2019-06-10,6.10研报精粹：三部委发文刺激汽车更新消费,6.10研报精粹：三部委发文刺激汽车更新消费
2019-06-10,交易所问询函密袭车企，部分公司资不抵债,交易所问询函密袭车企，部分公司资不抵债
2019-06-10,比亚迪新能源累计增长106%，销量或将继续爆增,比亚迪新能源累计增长106%，销量或将继续爆增
2019-06-10,"电气设备行业周报:2019SNEC光伏展在沪举办,发改委出台政策推动汽车产业电动","电气设备行业周报:2019SNEC光伏展在沪举办,发改委出台政策推动汽车产业电动"
2019-06-10,比亚迪：5月份新能源汽车销量2.19万辆,比亚迪：5月份新能源汽车销量2.19万辆
2019-06-10,【汽车】002594*比亚迪深度:全方位领先叠加经营拐点，新能源龙头再起航*买入,【汽车】002594*比亚迪深度:全方位领先叠加经营拐点，新能源龙头再起航*买入
2019-06-10,为何增收不增利？八家上市车企遭问询,为何增收不增利？八家上市车企遭问询
2019-06-11,王传福增持比亚迪股份(002594.SZ)100万股，分别作价48.91元人民币和47.9元人民币,王传福增持比亚迪股份(002594.SZ)100万股，分别作价48.91元人民币和47.9元人民币
2019-06-11,翔丰华IPO：比亚迪的大腿不好抱，供应商成立当年即位列5大供应商,翔丰华IPO：比亚迪的大腿不好抱，供应商成立当年即位列5大供应商
2019-06-11,比亚迪前5月累计销量18.9万辆 燃油车业务跌势依旧,比亚迪前5月累计销量18.9万辆 燃油车业务跌势依旧
2019-06-11,比亚迪发布5月销量快报 纯电动成新增长点,比亚迪发布5月销量快报 纯电动成新增长点
2019-06-11,【国泰君安国际速评】比亚迪(01211.HK):纯电车型支撑5月销量，关注与丰田的合作,【国泰君安国际速评】比亚迪(01211.HK):纯电车型支撑5月销量，关注与丰田的合作
2019-06-11,比亚迪5月销量解读：燃油车全线溃败 新能源车逆势大涨54%,比亚迪5月销量解读：燃油车全线溃败 新能源车逆势大涨54%
2019-06-11,5月产销快报出炉：超八成车企销量增长率为负,5月产销快报出炉：超八成车企销量增长率为负
2019-06-11,汽车板块下半年有望复苏 五股突围拉开序幕,汽车板块下半年有望复苏 五股突围拉开序幕
2019-06-11,【东吴电新】发改委稳消费，供需两端重点促进电动车发展,【东吴电新】发改委稳消费，供需两端重点促进电动车发展
2019-06-11,"比亚迪动态点评报告:丰田合作再下一城,板块底部预期改善龙头受益","比亚迪动态点评报告:丰田合作再下一城,板块底部预期改善龙头受益"
2019-06-11,"汽车和汽车零部件行业周报:丰田布局纯电动汽车,发改委出台汽车限购放宽政策","汽车和汽车零部件行业周报:丰田布局纯电动汽车,发改委出台汽车限购放宽政策"
2019-06-11,5月动力电池装机量解析：TOP10占比下滑8% 欣旺达挺进前十,5月动力电池装机量解析：TOP10占比下滑8% 欣旺达挺进前十
2019-06-12,谁说自主品牌都在跌？这两家车企5月同比增长超过100%,谁说自主品牌都在跌？这两家车企5月同比增长超过100%
2019-06-12,海外机构调研股揭秘：6股获北上资金加仓,海外机构调研股揭秘：6股获北上资金加仓
2019-06-12,5月车市盘点：上市车企、自主集体下滑，神龙、长安福特最惨，日系继续强势！,5月车市盘点：上市车企、自主集体下滑，神龙、长安福特最惨，日系继续强势！
2019-06-12,电池联盟：5月动力电池装车量5.7GWh，宁德时代/比亚迪/合肥国轩排前三,电池联盟：5月动力电池装车量5.7GWh，宁德时代/比亚迪/合肥国轩排前三
2019-06-12,工信部发布第5批新能源车推荐目录，理想ONE/欧拉R2等3453款车型入选,工信部发布第5批新能源车推荐目录，理想ONE/欧拉R2等3453款车型入选
2019-06-12,油价创年内最大降幅，手持这4类股票的股民要笑了,油价创年内最大降幅，手持这4类股票的股民要笑了
2019-06-12,跌跌不休连跌12个月5月份乘用车销量仍未止跌汽车业怎么了？,跌跌不休连跌12个月5月份乘用车销量仍未止跌汽车业怎么了？
2019-06-12,汽车：迎接拐点到来 荐9股,汽车：迎接拐点到来 荐9股
2019-06-12,【东吴电新】5月装机5.4gwh，环比微增5%，符合预期,【东吴电新】5月装机5.4gwh，环比微增5%，符合预期
2019-06-12,"汽车和汽车零部件行业研究:终端促销清库零售环比改善,市场需求仍待激发","汽车和汽车零部件行业研究:终端促销清库零售环比改善,市场需求仍待激发"
2019-06-12,周三机构一致看好的七大金股（06.12）,周三机构一致看好的七大金股（06.12）
2019-06-12,【晨会聚焦】医疗信息化行业深度：政策指引、需求确定，医疗信息化生态向好,【晨会聚焦】医疗信息化行业深度：政策指引、需求确定，医疗信息化生态向好
2019-06-12,北汽蓝谷业绩目标恐成泡影 再获超15亿补贴,北汽蓝谷业绩目标恐成泡影 再获超15亿补贴
2019-06-12,丰田牵手宁德时代透露了哪些信息？,丰田牵手宁德时代透露了哪些信息？
2019-06-12,机械行业:中航光电,机械行业:中航光电
2019-06-12,"电气设备行业周报:政策温和加码或助推需求,光伏龙头共谋产业大局","电气设备行业周报:政策温和加码或助推需求,光伏龙头共谋产业大局"
2019-06-12,【锂电G20】比亚迪消费类锂电池2018年营收48.4亿元,【锂电G20】比亚迪消费类锂电池2018年营收48.4亿元
2019-06-13,比亚迪1-5月电池出货量累计达6.9GWh,比亚迪1-5月电池出货量累计达6.9GWh
2019-06-13,比亚迪：2019年电池出货量累计达6.9GWh,比亚迪：2019年电池出货量累计达6.9GWh
2019-06-13,乘联会：比亚迪元销量疲软，帕萨特超越比亚迪唐DM获插混市场冠军,乘联会：比亚迪元销量疲软，帕萨特超越比亚迪唐DM获插混市场冠军
2019-06-13,比亚迪纯电动专用车获165万元 北京公示第四批新能源地补共3441万元,比亚迪纯电动专用车获165万元 北京公示第四批新能源地补共3441万元
2019-06-13,5月车市众生相：刺激与甩卖并存，自主跌跌不休，合资加紧蚕食,5月车市众生相：刺激与甩卖并存，自主跌跌不休，合资加紧蚕食
2019-06-13,乘联会：5月新能源乘用车销售96918台，同比增长5.1%,乘联会：5月新能源乘用车销售96918台，同比增长5.1%
2019-06-13,比亚迪e2内饰官图发布 设计简约风格年轻化,比亚迪e2内饰官图发布 设计简约风格年轻化
2019-06-13,中国5月动力电池装车量达5.7GWh，三元占65%，宁德比亚迪国轩包揽前三,中国5月动力电池装车量达5.7GWh，三元占65%，宁德比亚迪国轩包揽前三
2019-06-13,整体设计极具年轻化 比亚迪e2内饰官图,整体设计极具年轻化 比亚迪e2内饰官图
2019-06-13,吉利与LG成立电池合资公司：日韩电池卷土重来，动力电池行业面临大洗牌,吉利与LG成立电池合资公司：日韩电池卷土重来，动力电池行业面临大洗牌
2019-06-13,比亚迪错失第一，北汽荣登榜首，5月销量榜单有惊有喜！,比亚迪错失第一，北汽荣登榜首，5月销量榜单有惊有喜！
2019-06-13,宁德时代宝座不稳？大众拟收购国轩高科30%股份？深交所闪电关注，公司这样回应 关注函,宁德时代宝座不稳？大众拟收购国轩高科30%股份？深交所闪电关注，公司这样回应 关注函
2019-06-13,"电气设备和新能源行业:政策保障新能车消费,持续看好光伏需求启动","电气设备和新能源行业:政策保障新能车消费,持续看好光伏需求启动"
2019-06-13,"汽车及新能源行业周报:广深松绑限购先行,行业协会指导国六进度","汽车及新能源行业周报:广深松绑限购先行,行业协会指导国六进度"
2019-06-13,"新能源汽车行业点评报告:政策温和加码或助推需求,建议关注细分龙头","新能源汽车行业点评报告:政策温和加码或助推需求,建议关注细分龙头"
2019-06-13,智利新增183台纯电动大巴 比亚迪市场份额超过60%,智利新增183台纯电动大巴 比亚迪市场份额超过60%
2019-06-14,日本京瓷与比亚迪合作研究电动汽车能源供需系统,日本京瓷与比亚迪合作研究电动汽车能源供需系统
2019-06-14,比亚迪：1-4月在新能源汽车市场占有率为25%左右，去年为20%,比亚迪：1-4月在新能源汽车市场占有率为25%左右，去年为20%
2019-06-14,仅增5% 5月新能源乘用车销量9.7万辆,仅增5% 5月新能源乘用车销量9.7万辆
2019-06-14,比亚迪e2内饰官图发布 配旋转大屏7月中旬上市,比亚迪e2内饰官图发布 配旋转大屏7月中旬上市
2019-06-14,比亚迪动力电池开放“加速度”,比亚迪动力电池开放“加速度”
2019-06-14,"电力设备行业:拥抱光伏平价大周期,关注促消费政策后续实施","电力设备行业:拥抱光伏平价大周期,关注促消费政策后续实施"
2019-06-14,【东吴晨报0614】【行业】电新【个股】光威复材,【东吴晨报0614】【行业】电新【个股】光威复材
2019-06-14,比亚迪S2的一个恰当身份标识：更实在的元EV,比亚迪S2的一个恰当身份标识：更实在的元EV
2019-06-14,第25批免征车辆购置税目录公布,第25批免征车辆购置税目录公布
2019-06-14,比亚迪e2内饰设计官图抢先看,比亚迪e2内饰设计官图抢先看
2019-06-14,下半年科技趋势一览：华为和比亚迪挑战极多，但也格外耀眼,下半年科技趋势一览：华为和比亚迪挑战极多，但也格外耀眼
2019-06-15,"盖世E周看点|上海嘉定建氢能港,CATL推两轮换电,大众投9亿欧元研发电池","盖世E周看点|上海嘉定建氢能港,CATL推两轮换电,大众投9亿欧元研发电池"
2019-06-15,智能汽车不是安卓手机！CESAsia唯一智能座舱论坛干货,智能汽车不是安卓手机！CESAsia唯一智能座舱论坛干货
2019-06-16,广州+恒大携手发力新能源汽车产业！本周新能源汽车行业大事件盘点,广州+恒大携手发力新能源汽车产业！本周新能源汽车行业大事件盘点
2019-06-16,汽车：5月新能源车销量受国五清库影响较大 荐2股,汽车：5月新能源车销量受国五清库影响较大 荐2股
2019-06-16,汽车：乘用车批量继续走低 荐7股,汽车：乘用车批量继续走低 荐7股
2019-06-17,五月新能源突现颓势，这一届新势力还真是不行,五月新能源突现颓势，这一届新势力还真是不行
2019-06-17,6月底落成 比亚迪全球设计中心曝光,6月底落成 比亚迪全球设计中心曝光
2019-06-17,比亚迪全球设计中心图曝光 预计6月底正式落成,比亚迪全球设计中心图曝光 预计6月底正式落成
2019-06-17,新能源汽车一周动态：比亚迪S2于今日正式上市，预售价10万元,新能源汽车一周动态：比亚迪S2于今日正式上市，预售价10万元
2019-06-17,比亚迪全球化“野心”暴露 全新设计中心将于6月底落成,比亚迪全球化“野心”暴露 全新设计中心将于6月底落成
2019-06-17,“富士康老对手”正在崛起，郭台铭若一意孤行，未来或将追悔莫及,“富士康老对手”正在崛起，郭台铭若一意孤行，未来或将追悔莫及
2019-06-17,后补贴时代 磷酸铁锂电池市场回暖,后补贴时代 磷酸铁锂电池市场回暖
2019-06-17,它竟是国产代加工新巨头，或将顶替富士康位置，郭台铭坐不住了？,它竟是国产代加工新巨头，或将顶替富士康位置，郭台铭坐不住了？
2019-06-17,比亚迪(002594.SZ)成功发行10亿元绿色债券,比亚迪(002594.SZ)成功发行10亿元绿色债券
2019-06-17,5月MPV销量前十：自主6席/宋MAX大跌/GL8第二,5月MPV销量前十：自主6席/宋MAX大跌/GL8第二
2019-06-17,一周动态：5月乘用车批发同比-16.9%；比亚迪进入丰田电池供应体系,一周动态：5月乘用车批发同比-16.9%；比亚迪进入丰田电池供应体系
2019-06-17,【G20周刊】宁德时代LFP电池配套纯电动公务船,【G20周刊】宁德时代LFP电池配套纯电动公务船
2019-06-17,预售价10万/3款车型 比亚迪S2今日上市,预售价10万/3款车型 比亚迪S2今日上市
2019-06-17,日系两田纷纷入局纯电动，这可能是比特斯拉国产更可怕的消息,日系两田纷纷入局纯电动，这可能是比特斯拉国产更可怕的消息
2019-06-17,"2019年5月新能源汽车销量点评:销量阶段性走弱,长期趋势向好","2019年5月新能源汽车销量点评:销量阶段性走弱,长期趋势向好"
2019-06-17,"汽车行业周报:汽车5月产销不佳,拖累行业走势","汽车行业周报:汽车5月产销不佳,拖累行业走势"
2019-06-17,"电力设备与新能源行业周报:电动车5月产销平淡,工控5月需求偏弱","电力设备与新能源行业周报:电动车5月产销平淡,工控5月需求偏弱"
2019-06-17,分“手”48小时 比亚迪DiLink系统开启智能网联汽车大挑战,分“手”48小时 比亚迪DiLink系统开启智能网联汽车大挑战
2019-06-18,五个问题灵魂拷问智能座舱未来！堆屏幕上安卓靠谱吗？,五个问题灵魂拷问智能座舱未来！堆屏幕上安卓靠谱吗？
2019-06-18,踉跄中前行，5月新能源汽车销量五大看点,踉跄中前行，5月新能源汽车销量五大看点
2019-06-18,补贴过渡期将满，除了“焦虑”，新能源车企还在做些什么？| 中国汽车报,补贴过渡期将满，除了“焦虑”，新能源车企还在做些什么？| 中国汽车报
2019-06-18,工信部第321批新车公示：哪吒N01/奥迪e-tron/奔驰E300等256款新能源车进入,工信部第321批新车公示：哪吒N01/奥迪e-tron/奔驰E300等256款新能源车进入
2019-06-18,电气设备：深度解析新能源车推广目录及免购置税目录 荐4股,电气设备：深度解析新能源车推广目录及免购置税目录 荐4股
2019-06-18,又一中国代工巨头崛起，规模不亚于富士康！制造业黑马,又一中国代工巨头崛起，规模不亚于富士康！制造业黑马
2019-06-18,5月BMS配套top20：BYD/CATL/亿能前三 奇瑞进前五,5月BMS配套top20：BYD/CATL/亿能前三 奇瑞进前五
2019-06-18,第5批新能源推荐目录专用车分析：1105款入选，132款可获得最高补贴,第5批新能源推荐目录专用车分析：1105款入选，132款可获得最高补贴
2019-06-18,吉利合资LG化学 主机厂“开二供”危及宁德时代霸主地位,吉利合资LG化学 主机厂“开二供”危及宁德时代霸主地位
2019-06-18,5月宁德时代比亚迪市场份额下降，动力电池出货量环比仅微增,5月宁德时代比亚迪市场份额下降，动力电池出货量环比仅微增
2019-06-18,日韩系重返中国： 本土动力电池加速“捆绑”车企,日韩系重返中国： 本土动力电池加速“捆绑”车企
2019-06-18,"汽车行业周报:5月销量继续下滑,静待行业拐点","汽车行业周报:5月销量继续下滑,静待行业拐点"
2019-06-18,车企密集布局核心三电产业 背后逻辑是什么,车企密集布局核心三电产业 背后逻辑是什么
2019-06-19,电气设备：4月海外电动车销量6.02万辆 荐15股,电气设备：4月海外电动车销量6.02万辆 荐15股
2019-06-19,资讯丨工信部启动新能源汽车安全排查；5月新能源乘销量同比微增,资讯丨工信部启动新能源汽车安全排查；5月新能源乘销量同比微增
2019-06-19,【会员资讯】汽车之家与比亚迪战略合作车网融合共探汽车行业转型升级,【会员资讯】汽车之家与比亚迪战略合作车网融合共探汽车行业转型升级
2019-06-19,容百科技闯关科创板 但17亿应收账款安全吗？,容百科技闯关科创板 但17亿应收账款安全吗？
2019-06-19,电气设备：龙头增长潜力无限 荐14股,电气设备：龙头增长潜力无限 荐14股
2019-06-19,首款合资品牌微型纯电动，东风雷诺K-ZE值不值得等？,首款合资品牌微型纯电动，东风雷诺K-ZE值不值得等？
2019-06-19,"电力设备新能源行业2019年中期投资策略:锂电池,补贴下调力度大,中短期产业链利润承压 盈利能力下降","电力设备新能源行业2019年中期投资策略:锂电池,补贴下调力度大,中短期产业链利润承压 盈利能力下降"
2019-06-19,续航不低价格实惠 6月上市新能源汽车汇总,续航不低价格实惠 6月上市新能源汽车汇总
2019-06-19,第321批新车公示：257款新能源商用车申报，上海申龙23款继续蝉联榜首；东风汽车专用车发力,第321批新车公示：257款新能源商用车申报，上海申龙23款继续蝉联榜首；东风汽车专用车发力
2019-06-19,434家公司发布半年报业绩预告，逾四成预喜,434家公司发布半年报业绩预告，逾四成预喜
2019-06-19,比亚迪5月销量3.48万辆 同比下降6.1% 盈利能力下降,比亚迪5月销量3.48万辆 同比下降6.1% 盈利能力下降
2019-06-20,比亚迪(002594.SZ)：董事夏佐全减持计划完成 累计减持470万股A股,比亚迪(002594.SZ)：董事夏佐全减持计划完成 累计减持470万股A股
2019-06-20,比亚迪：董事减持计划实施完成，累计减持0.17%公司股份 减持股份,比亚迪：董事减持计划实施完成，累计减持0.17%公司股份 减持股份
2019-06-20,吉利联姻LG化学 日韩电池大举进入国内市场,吉利联姻LG化学 日韩电池大举进入国内市场
2019-06-20,又一代工厂强势崛起，承包全部华为订单，郭台铭的一锤定音成笑谈,又一代工厂强势崛起，承包全部华为订单，郭台铭的一锤定音成笑谈
2019-06-20,补贴退坡倒计时一周 各地再现电动车抢购潮,补贴退坡倒计时一周 各地再现电动车抢购潮
2019-06-20,一周新资讯:GLB/3系旅行/新飞驰争奇斗艳,一周新资讯:GLB/3系旅行/新飞驰争奇斗艳
2019-06-20,研发费用资本化之谜：同样是车企为何研发占比相差这么多？,研发费用资本化之谜：同样是车企为何研发占比相差这么多？
2019-06-20,【东吴电新】4月海外电动车销量6.02万辆，同比增19%，但EV表现较强,【东吴电新】4月海外电动车销量6.02万辆，同比增19%，但EV表现较强
2019-06-20,销量不佳只是断奶之痛，新能源市场或将迎来新生,销量不佳只是断奶之痛，新能源市场或将迎来新生
2019-06-20,新能源乘用车5月销量：宝马5系、帕萨特夺插混市场冠亚军，小鹏G3环比再涨23%,新能源乘用车5月销量：宝马5系、帕萨特夺插混市场冠亚军，小鹏G3环比再涨23%
2019-06-20,上市车企年报遭证交所密集问询 问询,上市车企年报遭证交所密集问询 问询
2019-06-20,"汽车行业中期策略:政策逐步落地,静待行业拐点","汽车行业中期策略:政策逐步落地,静待行业拐点"
2019-06-20,"动力电池海外专题一之LG化学:厚积薄发,龙头增长潜力无限","动力电池海外专题一之LG化学:厚积薄发,龙头增长潜力无限"
2019-06-20,5月动力电池PACK装机量top10：国轩高科前三 蜂巢能源/欣旺达进前十,5月动力电池PACK装机量top10：国轩高科前三 蜂巢能源/欣旺达进前十
2019-06-20,5月增幅仅为个位数，新能源暴增时代结束了吗？,5月增幅仅为个位数，新能源暴增时代结束了吗？
2019-06-21,推4款车型 比亚迪宋Pro燃油版配置曝光,推4款车型 比亚迪宋Pro燃油版配置曝光
2019-06-21,车市寒冬下 车企高管减持股票套现成风 减持股份,车市寒冬下 车企高管减持股票套现成风 减持股份
2019-06-21,比亚迪(002594)确定2019年公开发行可续期公司债券(第一期)全部发行2+N年品种一，首个周期票面利率为6.20%。,比亚迪(002594)确定2019年公开发行可续期公司债券(第一期)全部发行2+N年品种一，首个周期票面利率为6.20%。
2019-06-21,浙江首家！杭可科技获准科创板IPO注册，三星、 LG、比亚迪都是合作伙伴,浙江首家！杭可科技获准科创板IPO注册，三星、 LG、比亚迪都是合作伙伴
2019-06-21,“差钱”的翔丰华 财况欠佳谋上市？,“差钱”的翔丰华 财况欠佳谋上市？
2019-06-21,车市低迷 22家车企前5月何以实现逆势增长,车市低迷 22家车企前5月何以实现逆势增长
2019-06-21,全新标致2008官图发布 比亚迪全新秦EV内饰曝光？ | 车闻,全新标致2008官图发布 比亚迪全新秦EV内饰曝光？ | 车闻
2019-06-21,电动朗逸 大众为何沉迷非主流电动车,电动朗逸 大众为何沉迷非主流电动车
2019-06-22,探营浙企头筹杭可科技：36年锂电老兵“冲刺产能”存货押款承压,探营浙企头筹杭可科技：36年锂电老兵“冲刺产能”存货押款承压
2019-06-22,动力电池：5月比亚迪环比下跌36.1%，国轩市场份额提升至9%,动力电池：5月比亚迪环比下跌36.1%，国轩市场份额提升至9%
2019-06-22,奇安信左英男：工业主机和工业大数据安全问题亟待解决,奇安信左英男：工业主机和工业大数据安全问题亟待解决
2019-06-23,富士康停止为华为手机代工？华为这两个动作，却让郭台铭始料不及,富士康停止为华为手机代工？华为这两个动作，却让郭台铭始料不及
2019-06-23,最近的华为专业人士表示华为的,最近的华为专业人士表示华为的
2019-06-24,中国“科”公司评选之中小板中科研投入最高：比亚迪,中国“科”公司评选之中小板中科研投入最高：比亚迪
2019-06-24,反思吉利汽车：销量暴跌、股价腰斩背后的致命弱点 盈利能力下降,反思吉利汽车：销量暴跌、股价腰斩背后的致命弱点 盈利能力下降
2019-06-24,补贴后5.99万起，比亚迪e1、S2华东区上市,补贴后5.99万起，比亚迪e1、S2华东区上市
2019-06-24,长安汽车自燃门背后：销量超百万辆，今被吉利反超3个月亏20亿 产品问题,长安汽车自燃门背后：销量超百万辆，今被吉利反超3个月亏20亿 产品问题
2019-06-24,5月新能源乘用车销量排行：轩逸突围纯电前十 宝马5系插混夺冠,5月新能源乘用车销量排行：轩逸突围纯电前十 宝马5系插混夺冠
2019-06-24,买不起丰田埃尔法？这6款高颜值MPV，最低9万起,买不起丰田埃尔法？这6款高颜值MPV，最低9万起
2019-06-24,电力设备与新能源行业周报:2019年可再生能源电价补贴资金预算发布,电力设备与新能源行业周报:2019年可再生能源电价补贴资金预算发布
2019-06-24,研发投入失控，车企大做“资本化”文章美化业绩,研发投入失控，车企大做“资本化”文章美化业绩
2019-06-24,市场环境剧变 新能源车型能否持续走高？,市场环境剧变 新能源车型能否持续走高？
2019-06-25,汽车行业周报:零售数据回暖-190624,汽车行业周报:零售数据回暖-190624
2019-06-25,附表 5月新能源汽车热销排行榜（部分）,附表 5月新能源汽车热销排行榜（部分）
2019-06-25,5月新能源乘用车上牌量：出租租赁市场占比上升，小鹏G3蝉联单月新势力上牌冠军,5月新能源乘用车上牌量：出租租赁市场占比上升，小鹏G3蝉联单月新势力上牌冠军
2019-06-25,新能源乘用车5月产量排行：比亚迪产量下滑49%，插混市场合资品牌产量再提升,新能源乘用车5月产量排行：比亚迪产量下滑49%，插混市场合资品牌产量再提升
2019-06-25,头号研报：丰田牵手宁德时代比亚迪,头号研报：丰田牵手宁德时代比亚迪
2019-06-25,一步到位零排放，比亚迪纯电动卡车无惧排放标准升级,一步到位零排放，比亚迪纯电动卡车无惧排放标准升级
2019-06-25,汽车：汽车政策的经济效应 荐9股,汽车：汽车政策的经济效应 荐9股
2019-06-25,【中信建投机械日报20190625】比亚迪22台集装箱储能系统出货英国,【中信建投机械日报20190625】比亚迪22台集装箱储能系统出货英国
2019-06-25,比亚迪(002594.SZ)完成发行10亿元超短期融资劵,比亚迪(002594.SZ)完成发行10亿元超短期融资劵
2019-06-25,王传福：比亚迪产品从“技术”单轮驱动转变为“技术+设计”双轮驱动,王传福：比亚迪产品从“技术”单轮驱动转变为“技术+设计”双轮驱动
2019-06-26,通达电气IPO：净资产不及应收账款、票据及存货之和 大客户业绩普降,通达电气IPO：净资产不及应收账款、票据及存货之和 大客户业绩普降
2019-06-26,电池“白名单”取消 国内电池产业迎来“洗牌”时代,电池“白名单”取消 国内电池产业迎来“洗牌”时代
2019-06-26,"新能源汽车动力电池市场跟踪报告-装机电量稳步增长,龙头占比略有下降","新能源汽车动力电池市场跟踪报告-装机电量稳步增长,龙头占比略有下降"
2019-06-26,补贴过渡期结束：新能源车大规模涨价潮或在所难免,补贴过渡期结束：新能源车大规模涨价潮或在所难免
2019-06-27,"电新行业5月深度跟踪:光伏风电高景气,新能源汽车需求增速放缓","电新行业5月深度跟踪:光伏风电高景气,新能源汽车需求增速放缓"
2019-06-27,比亚迪e1、S2登陆华东区域,比亚迪e1、S2登陆华东区域
2019-06-27,比亚迪全新秦EV七月底上市 续航提升至421km,比亚迪全新秦EV七月底上市 续航提升至421km
2019-06-27,新能源乘用车6大车企产量、销量、上险数对比分析,新能源乘用车6大车企产量、销量、上险数对比分析
2019-06-27,国补退坡/地补取消 新能源车企谁要涨价？,国补退坡/地补取消 新能源车企谁要涨价？
2019-06-27,A股进入中报时间！行业回暖成关键词，5要素透露玄机,A股进入中报时间！行业回暖成关键词，5要素透露玄机
2019-06-27,科创板新股报告|【杭可科技】绑定国际一线电池厂的锂电后道设备龙头【东吴机械】,科创板新股报告|【杭可科技】绑定国际一线电池厂的锂电后道设备龙头【东吴机械】
2019-06-27,减税降费为比亚迪腾飞积蓄动能,减税降费为比亚迪腾飞积蓄动能
2019-06-28,国产电池生死劫？工信部取消“白名单”,国产电池生死劫？工信部取消“白名单”
2019-06-28,比亚迪电子(00285.HK)与控股股东比亚迪订立资产销售协议及资产采购协议,比亚迪电子(00285.HK)与控股股东比亚迪订立资产销售协议及资产采购协议
2019-06-28,比亚迪向印度交付10台纯电动巴士，3个月内完成125台总交付量,比亚迪向印度交付10台纯电动巴士，3个月内完成125台总交付量
2019-06-28,5月电池装机量：欣旺达首次进入前十,5月电池装机量：欣旺达首次进入前十
2019-06-28,动力电池行业竞争白热化：二三梯队企业“夹缝求生”,动力电池行业竞争白热化：二三梯队企业“夹缝求生”
2019-06-28,预售11万起 宋Pro将于7月11日正式上市,预售11万起 宋Pro将于7月11日正式上市
2019-06-29,动力电池“白名单”退出历史舞台 市场竞争格局生变,动力电池“白名单”退出历史舞台 市场竞争格局生变
2019-06-29,全球新能源乘用车5月销量榜单：特斯拉Model 3傲冠群雄,全球新能源乘用车5月销量榜单：特斯拉Model 3傲冠群雄
2019-07-01,宇通客车意在长远,宇通客车意在长远
2019-07-01,全球新能源乘用车5月销量榜单 新能源汽车需求增速放缓,全球新能源乘用车5月销量榜单 新能源汽车需求增速放缓
2019-07-01,前5月全球新能源车型与车企销量排行榜,前5月全球新能源车型与车企销量排行榜
2019-07-01,新能源补贴退坡开始 车企应对措施汇总,新能源补贴退坡开始 车企应对措施汇总
2019-07-02,港股异动 | 比亚迪港A两市齐涨 董事长料今年新能源车销量增70%-80%,港股异动 | 比亚迪港A两市齐涨 董事长料今年新能源车销量增70%-80%
2019-07-02,比亚迪董事长王传福：预计2025年新能源汽车市场渗透率将达30%,比亚迪董事长王传福：预计2025年新能源汽车市场渗透率将达30%
2019-07-02,中国“科”公司评选之：谁是锂电池行业“科创龙头”,中国“科”公司评选之：谁是锂电池行业“科创龙头”
2019-07-02,新能源车要涨价？别慌，补贴退坡后这些车企给了回应,新能源车要涨价？别慌，补贴退坡后这些车企给了回应
2019-07-02,纯电动车价格“暗涨”,纯电动车价格“暗涨”
2019-07-02,王传福：比亚迪今年新能源增幅会达到70%-80%,王传福：比亚迪今年新能源增幅会达到70%-80%
2019-07-02,"汽车行业周报:回暖可期,积极布局优质车企","汽车行业周报:回暖可期,积极布局优质车企"
2019-07-02,流通协会：插电混动车型保值率持续下降 比亚迪唐DM继续领先,流通协会：插电混动车型保值率持续下降 比亚迪唐DM继续领先
2019-07-02,嘉元科技科创板过会 募资9.69亿元扩充铜箔产能,嘉元科技科创板过会 募资9.69亿元扩充铜箔产能
2019-07-02,16股获券商买入评级 鸿合科技目标涨幅达42.17%,16股获券商买入评级 鸿合科技目标涨幅达42.17%
2019-07-02,5月全球电动车销量：特斯拉比亚迪冠军之争激烈,5月全球电动车销量：特斯拉比亚迪冠军之争激烈
2019-07-02,"电气设备行业周报:动力电池白名单取消,隆基股份下调海外单晶硅片价格","电气设备行业周报:动力电池白名单取消,隆基股份下调海外单晶硅片价格"
2019-07-03,百度AI产业化“多点开花”：与吉利推出智能汽车、与华为麒麟芯片合作增强AI底层,百度AI产业化“多点开花”：与吉利推出智能汽车、与华为麒麟芯片合作增强AI底层
2019-07-03,比亚迪与ADL正式向伦敦Metroline交付纯电动双层大巴,比亚迪与ADL正式向伦敦Metroline交付纯电动双层大巴
2019-07-03,新能源车角逐进入淘汰赛 未来车价上涨或不可避免,新能源车角逐进入淘汰赛 未来车价上涨或不可避免
2019-07-03,中国“科”公司：上汽集团研发支出硕士占比超比亚迪,中国“科”公司：上汽集团研发支出硕士占比超比亚迪
2019-07-03,比亚迪与英国巴士制造商合力打造纯电动双层大巴,比亚迪与英国巴士制造商合力打造纯电动双层大巴
2019-07-03,综合续航502km 比亚迪宋Pro EV参数曝光,综合续航502km 比亚迪宋Pro EV参数曝光
2019-07-03,电气设备：国产车型加速节能减排 荐3股,电气设备：国产车型加速节能减排 荐3股
2019-07-03,海南省长向保时捷、比亚迪介绍发展新能源汽车计划,海南省长向保时捷、比亚迪介绍发展新能源汽车计划
2019-07-03,超260GWh 上半年国内动力电池产能竞赛“升级”,超260GWh 上半年国内动力电池产能竞赛“升级”
2019-07-03,比亚迪5亿元可续期公司债券7月4日在深交所上市，简称“19亚迪Y1”，代码“112918”。,比亚迪5亿元可续期公司债券7月4日在深交所上市，简称“19亚迪Y1”，代码“112918”。
2019-07-03,海南省长沈晓明与保时捷、比亚迪、华为等企业负责人洽谈,海南省长沈晓明与保时捷、比亚迪、华为等企业负责人洽谈
2019-07-03,GGII：6月新能源电池企业动态汇总,GGII：6月新能源电池企业动态汇总
2019-07-04,5月全球电动车排行Top20：比亚迪/特斯拉竞争激烈，国内品牌占近半,5月全球电动车排行Top20：比亚迪/特斯拉竞争激烈，国内品牌占近半
2019-07-04,自主品牌靠新能源弯道超车？你可能是想多了～～,自主品牌靠新能源弯道超车？你可能是想多了～～
2019-07-04,奔腾5款全新车曝光 纯电大SUV轴距超比亚迪唐,奔腾5款全新车曝光 纯电大SUV轴距超比亚迪唐
2019-07-04,广汽丰田纯电SUV比蔚来ES8还大 年产11.2万辆,广汽丰田纯电SUV比蔚来ES8还大 年产11.2万辆
2019-07-04,双积分核算：比亚迪优势明显，广汽东风压力较大，长城进步显著,双积分核算：比亚迪优势明显，广汽东风压力较大，长城进步显著
2019-07-04,反思吉利汽车：销量暴跌与股价腰斩背后的致命弱点 盈利能力下降,反思吉利汽车：销量暴跌与股价腰斩背后的致命弱点 盈利能力下降
2019-07-04,"汽车行业:新补贴政策正式实施,头部企业优势显著","汽车行业:新补贴政策正式实施,头部企业优势显著"
2019-07-04,"汽车周报2019第22期:新能源汽车继续免征购置税,蔚来大规模召回ES8 产品问题","汽车周报2019第22期:新能源汽车继续免征购置税,蔚来大规模召回ES8 产品问题"
2019-07-04,中国新能源车猛增 5月销量占全球份额超40%,中国新能源车猛增 5月销量占全球份额超40%
2019-07-05,比亚迪上半年新能源汽车卖出了超14万辆 ，同比增94.50%,比亚迪上半年新能源汽车卖出了超14万辆 ，同比增94.50%
2019-07-05,比亚迪：上半年新能源车销量增95%，纯电动车增逾300%,比亚迪：上半年新能源车销量增95%，纯电动车增逾300%
2019-07-05,比亚迪：上半年新能源汽车销量14.57万辆，同比增长94.5%,比亚迪：上半年新能源汽车销量14.57万辆，同比增长94.5%
2019-07-05,比亚迪：公司当年累计新增借款超过上年末净资产20% 大额借贷担保,比亚迪：公司当年累计新增借款超过上年末净资产20% 大额借贷担保
2019-07-05,"比亚迪(002594.SZ)6月新能源汽车销量26,571辆 同比增长55.5%","比亚迪(002594.SZ)6月新能源汽车销量26,571辆 同比增长55.5%"
2019-07-05,比亚迪(01211-HK)6月销量3.87万辆升3.08%新能源汽车增55.5%,比亚迪(01211-HK)6月销量3.87万辆升3.08%新能源汽车增55.5%
2019-07-05,比亚迪：上半年新能源汽车销量14.6万辆，同比增长94.5%,比亚迪：上半年新能源汽车销量14.6万辆，同比增长94.5%
2019-07-05,四大进阶，秦pro燃油超能版将助比亚迪进燃油车第一梯队？,四大进阶，秦pro燃油超能版将助比亚迪进燃油车第一梯队？
2019-07-05,车云日报丨全国机动车保有量达3.4亿辆，Waymo将提供自动驾驶乘车服务,车云日报丨全国机动车保有量达3.4亿辆，Waymo将提供自动驾驶乘车服务
2019-07-05,比亚迪秦Pro超能版能成为年轻人的第一款车吗？,比亚迪秦Pro超能版能成为年轻人的第一款车吗？
2019-07-05,车云晨报 | Waymo将提供自动驾驶服务，特斯拉电池降解新专利,车云晨报 | Waymo将提供自动驾驶服务，特斯拉电池降解新专利
2019-07-05,我省新能源汽车应对“后补贴时代”,我省新能源汽车应对“后补贴时代”
2019-07-05,比亚迪：上半年汽车销量22.8万辆，同比增长1.59%,比亚迪：上半年汽车销量22.8万辆，同比增长1.59%
2019-07-06,“舔美”不成富士康，遭国内手机巨头拒绝合作，郭台铭悔不当初,“舔美”不成富士康，遭国内手机巨头拒绝合作，郭台铭悔不当初
2019-07-06,补贴退坡车企『硬扛』，谁先涨价谁就输了？,补贴退坡车企『硬扛』，谁先涨价谁就输了？
2019-07-06,网约车不赚钱，为何车企还在纷纷投资？,网约车不赚钱，为何车企还在纷纷投资？
2019-07-06,比亚迪新能源上半年销量涨97.5% S2上市即热销,比亚迪新能源上半年销量涨97.5% S2上市即热销
2019-07-06,比亚迪“两厢”秦Pro配置曝光 8月上市续航402km,比亚迪“两厢”秦Pro配置曝光 8月上市续航402km
2019-07-06,比亚迪今年累计销售145653辆新能源汽车 同比增长94.5%,比亚迪今年累计销售145653辆新能源汽车 同比增长94.5%
2019-07-07,汽车：四部委公布2018年双积分成绩 自主品牌表现占优,汽车：四部委公布2018年双积分成绩 自主品牌表现占优
2019-07-07,【招商汽车|公司点评】比亚迪(002594.SZ)：6月销量略超预期，看好市占率持续提升,【招商汽车|公司点评】比亚迪(002594.SZ)：6月销量略超预期，看好市占率持续提升
2019-07-07,宁德时代们开启“后白皮书”时代,宁德时代们开启“后白皮书”时代
2019-07-07,7款新SUV下周上市！红旗HS7领衔/最低只要8万元,7款新SUV下周上市！红旗HS7领衔/最低只要8万元
2019-07-07,【东吴电新】5月海外电动车销量6.71万辆，同比+13%，环比+11%,【东吴电新】5月海外电动车销量6.71万辆，同比+13%，环比+11%
2019-07-07,富士康一心追随苹果，却把“金主”得罪了，网友：郭台铭该后悔了,富士康一心追随苹果，却把“金主”得罪了，网友：郭台铭该后悔了
2019-07-07,增长1.6% 比亚迪上半年销售22.8万辆,增长1.6% 比亚迪上半年销售22.8万辆
2019-07-07,比亚迪有多狂？不仅跟特斯拉对着干，还抢了富士康饭碗,比亚迪有多狂？不仅跟特斯拉对着干，还抢了富士康饭碗
2019-07-08,比亚迪上半年新增借款138.7亿 连续三年新增借款超上年净资产20% 大额借贷担保,比亚迪上半年新增借款138.7亿 连续三年新增借款超上年净资产20% 大额借贷担保
2019-07-08,自主品牌清库存带动销量上扬，透支后还有硬仗要打,自主品牌清库存带动销量上扬，透支后还有硬仗要打
2019-07-08,新能源车销量大增95%的比亚迪，也难掩偿债困难问题？,新能源车销量大增95%的比亚迪，也难掩偿债困难问题？
2019-07-08,头号研报：动力电池装机量增长明确,头号研报：动力电池装机量增长明确
2019-07-08,上半年热销近4万辆比亚迪宣布宋MAX累计销量突破21万辆,上半年热销近4万辆比亚迪宣布宋MAX累计销量突破21万辆
2019-07-08,比亚迪联合青岛公交成立新能源汽车销售公司,比亚迪联合青岛公交成立新能源汽车销售公司
2019-07-08,丰田雷凌及凯美瑞PHEV推动力电池终身质保,丰田雷凌及凯美瑞PHEV推动力电池终身质保
2019-07-08,比亚迪：6月新能源汽车销量增速稳定,比亚迪：6月新能源汽车销量增速稳定
2019-07-08,比亚迪上半年销量超22.8万辆 新能源超60%,比亚迪上半年销量超22.8万辆 新能源超60%
2019-07-08,比亚迪：中长期看公司具备“爆款新能源汽车”能力,比亚迪：中长期看公司具备“爆款新能源汽车”能力
2019-07-08,【G20周刊】中航锂电100亿元投建20GWh动力电池项目,【G20周刊】中航锂电100亿元投建20GWh动力电池项目
2019-07-08,本周新能源汽车行业大事件盘点,本周新能源汽车行业大事件盘点
2019-07-08,EV晨报 | 恒大为造车再花8亿买地；比亚迪1-6月纯电动车增3倍；宝马将推燃料电池车,EV晨报 | 恒大为造车再花8亿买地；比亚迪1-6月纯电动车增3倍；宝马将推燃料电池车
2019-07-08,"电气设备行业周报:发改委发文促进储能技术发展,特斯拉上海工厂将于年底投产","电气设备行业周报:发改委发文促进储能技术发展,特斯拉上海工厂将于年底投产"
2019-07-08,机械行业:浙江鼎力,机械行业:浙江鼎力
2019-07-08,电力设备行业电动车产业链全景图:充电篇,电力设备行业电动车产业链全景图:充电篇
2019-07-08,硬挺还是涨价？各大新能源车企如何应对？,硬挺还是涨价？各大新能源车企如何应对？
2019-07-09,头号研报：汽车零售销量转正 行业迎来拐点期,头号研报：汽车零售销量转正 行业迎来拐点期
2019-07-09,比亚迪发债10亿，用于新能源投资,比亚迪发债10亿，用于新能源投资
2019-07-09,全系标配四轮驱动 曝宋Pro DM详细配置,全系标配四轮驱动 曝宋Pro DM详细配置
2019-07-09,比亚迪上半年总销量超22.8万 新能源车约占64%,比亚迪上半年总销量超22.8万 新能源车约占64%
2019-07-09,中国车市半年盘点：六成上市汽车公司销量下滑 盈利能力下降,中国车市半年盘点：六成上市汽车公司销量下滑 盈利能力下降
2019-07-09,补贴走了 阵痛将至,补贴走了 阵痛将至
2019-07-09,【东吴电新】6月装机6.6gwh，同比+131%，环比+16%,【东吴电新】6月装机6.6gwh，同比+131%，环比+16%
2019-07-09,【中泰电新】6月新能源车销量环比高增，双积分政策意见稿发布,【中泰电新】6月新能源车销量环比高增，双积分政策意见稿发布
2019-07-09,比亚迪能解决盈利难题吗？,比亚迪能解决盈利难题吗？
2019-07-09,BAT、车企智能汽车拼生态：车联网快速迭代延展边界,BAT、车企智能汽车拼生态：车联网快速迭代延展边界
2019-07-09,一篇文章读懂电驱动的现状和趋势,一篇文章读懂电驱动的现状和趋势
2019-07-09,2018双积分成绩单出炉：比亚迪、上汽当“优等生”，进口车企成“差生”,2018双积分成绩单出炉：比亚迪、上汽当“优等生”，进口车企成“差生”
2019-07-09,2019年中国新能源汽车消费者调研结果发布 奇瑞比亚迪表现亮眼,2019年中国新能源汽车消费者调研结果发布 奇瑞比亚迪表现亮眼
2019-07-09,比亚迪逆市弹逾1% 此前获大和给予买入评级,比亚迪逆市弹逾1% 此前获大和给予买入评级
2019-07-09,截至目前 比亚迪本年动力电池及储能电池装机量达8.19GWh,截至目前 比亚迪本年动力电池及储能电池装机量达8.19GWh
2019-07-09,特斯拉夺冠 比亚迪紧随 5月电动车销量解读,特斯拉夺冠 比亚迪紧随 5月电动车销量解读
2019-07-09,6月新能源车销量|吉利半年大增301.06% 江淮单月涨幅惊人,6月新能源车销量|吉利半年大增301.06% 江淮单月涨幅惊人
2019-07-09,"汽车行业周报:车企分化,静待拐点","汽车行业周报:车企分化,静待拐点"
2019-07-09,前5月新能源销量榜单发布 自主品牌占半壁江山,前5月新能源销量榜单发布 自主品牌占半壁江山
2019-07-10,电池联盟：6月动力电池装车量6.6GWh，宁德时代/比亚迪/合肥国轩蝉联前三,电池联盟：6月动力电池装车量6.6GWh，宁德时代/比亚迪/合肥国轩蝉联前三
2019-07-10,创板容百科技今日申购 金沙江资本等多家机构注资 科创板再添新军,创板容百科技今日申购 金沙江资本等多家机构注资 科创板再添新军
2019-07-10,比亚迪(002594.SZ)完成发行10亿元超短期融资劵,比亚迪(002594.SZ)完成发行10亿元超短期融资劵
2019-07-10,新能源占比提升30个百分点 比亚迪新能源车全年目标达成34%,新能源占比提升30个百分点 比亚迪新能源车全年目标达成34%
2019-07-10,非晶材料站上投资风口 宜安科技等业内企业受关注,非晶材料站上投资风口 宜安科技等业内企业受关注
2019-07-10,10亿预估市值起步 新汽车冲击科创板需迈N道坎,10亿预估市值起步 新汽车冲击科创板需迈N道坎
2019-07-10,比亚迪(01211-HK)发行10亿人民币超短融利率2.8%,比亚迪(01211-HK)发行10亿人民币超短融利率2.8%
2019-07-10,整车厂电池需求迫切，长城旗下蜂巢能源斥资20亿在欧建厂,整车厂电池需求迫切，长城旗下蜂巢能源斥资20亿在欧建厂
2019-07-10,汽车：双积分制修订 荐1股,汽车：双积分制修订 荐1股
2019-07-10,比亚迪转向“技术+设计”双轮驱动,比亚迪转向“技术+设计”双轮驱动
2019-07-10,乘联会6月新能源乘用车销量排行：北汽EU系列蝉联冠军，长安逸动EV超越比亚迪元EV,乘联会6月新能源乘用车销量排行：北汽EU系列蝉联冠军，长安逸动EV超越比亚迪元EV
2019-07-10,北汽新能源上半年销售6.5万辆，仅完成年目标三成 盈利能力下降,北汽新能源上半年销售6.5万辆，仅完成年目标三成 盈利能力下降
2019-07-10,宁德时代和比亚迪的市占率已经超过60%，动力电池市场基本形成了双龙头的局面,宁德时代和比亚迪的市占率已经超过60%，动力电池市场基本形成了双龙头的局面
2019-07-10,新能源汽车｜补贴进入执行期，抢装销量超预期,新能源汽车｜补贴进入执行期，抢装销量超预期
2019-07-10,推荐2019款耀版 比亚迪e1购车手册,推荐2019款耀版 比亚迪e1购车手册
2019-07-10,上半年汽车销量数据 | 吉利销量同比下滑15%；长安累计销售82.5万辆 盈利能力下降,上半年汽车销量数据 | 吉利销量同比下滑15%；长安累计销售82.5万辆 盈利能力下降
2019-07-10,比亚迪(01211-HK)10亿人民币绿色债券明日深交所上市,比亚迪(01211-HK)10亿人民币绿色债券明日深交所上市
2019-07-10,"汽车和汽车零部件行业:双积分政策修正,助力行业健康发展","汽车和汽车零部件行业:双积分政策修正,助力行业健康发展"
2019-07-10,"中小市值组新能源汽车行业周报,第26期:新能源汽车大会定产业方向,2019H1装机超30GWh","中小市值组新能源汽车行业周报,第26期:新能源汽车大会定产业方向,2019H1装机超30GWh"
2019-07-11,直击|比亚迪宋Pro正式上市 EV版补贴后售17.98万元起,直击|比亚迪宋Pro正式上市 EV版补贴后售17.98万元起
2019-07-11,DiLink 2.0系统搭载宋Pro正式发布,DiLink 2.0系统搭载宋Pro正式发布
2019-07-11,公用事业：6月电动车销15.2万量 荐18股,公用事业：6月电动车销15.2万量 荐18股
2019-07-11,比亚迪与滴滴合资公司入股南京江南纯电动出租汽车有限公司,比亚迪与滴滴合资公司入股南京江南纯电动出租汽车有限公司
2019-07-11,滴滴与比亚迪合资公司入股电动出租汽车,滴滴与比亚迪合资公司入股电动出租汽车
2019-07-11,上半年最热销的10款新能源车 6月销量近2万,上半年最热销的10款新能源车 6月销量近2万
2019-07-11,【东吴电新】容百科技深度：高镍先驱，技术加成，龙头终启航,【东吴电新】容百科技深度：高镍先驱，技术加成，龙头终启航
2019-07-11,中国6月动力电池装车量6.6GWh，宁德比亚迪国轩包揽前三,中国6月动力电池装车量6.6GWh，宁德比亚迪国轩包揽前三
2019-07-11,"冠军无悬念，新能源""期中考试""成绩出炉","冠军无悬念，新能源""期中考试""成绩出炉"
2019-07-11,深度！【东吴电新】容百科技：锁定大客户和重视研发，铸就全球高镍龙头,深度！【东吴电新】容百科技：锁定大客户和重视研发，铸就全球高镍龙头
2019-07-11,新能源退补搅动深圳车市：比亚迪涨价 荣威不涨反降,新能源退补搅动深圳车市：比亚迪涨价 荣威不涨反降
2019-07-11,车市终结12连跌：中国品牌仍跌跌不休，日系成最大赢家,车市终结12连跌：中国品牌仍跌跌不休，日系成最大赢家
2019-07-11,"新能源汽车行业点评报告:需求拐点临近,行业迎布局佳期","新能源汽车行业点评报告:需求拐点临近,行业迎布局佳期"
2019-07-11,汽车：6月全国新能源乘用车销量13.4万辆 过渡期抢装明显纯电A级车占比较高,汽车：6月全国新能源乘用车销量13.4万辆 过渡期抢装明显纯电A级车占比较高
2019-07-12,比亚迪宋Pro家族三箭齐发 售价8.98万—21.98万元,比亚迪宋Pro家族三箭齐发 售价8.98万—21.98万元
2019-07-12,3个版本多种动力选择，搭载L2 Plus智能驾驶辅助，比亚迪宋Pro正式上市 | 一线车讯,3个版本多种动力选择，搭载L2 Plus智能驾驶辅助，比亚迪宋Pro正式上市 | 一线车讯
2019-07-12,比亚迪宋Pro正式上市：8.98万起售价入局A+级SUV市场,比亚迪宋Pro正式上市：8.98万起售价入局A+级SUV市场
2019-07-12,比亚迪宋PRO系列强势出击：重塑A+SUV市场 性价比远超市场期待,比亚迪宋PRO系列强势出击：重塑A+SUV市场 性价比远超市场期待
2019-07-12,自主汽车的换标、雪藏频发生 “另起炉灶”式重建背后有隐忧,自主汽车的换标、雪藏频发生 “另起炉灶”式重建背后有隐忧
2019-07-12,重庆上半年招商引资态势整体向好 签约项目541个,重庆上半年招商引资态势整体向好 签约项目541个
2019-07-12,燃油、双模、纯电三箭齐发 宋Pro能成为比亚迪的新销冠吗？,燃油、双模、纯电三箭齐发 宋Pro能成为比亚迪的新销冠吗？
2019-07-12,“中考”成绩出炉 新能源汽车产业这半年过得怎么样？,“中考”成绩出炉 新能源汽车产业这半年过得怎么样？
2019-07-12,【东吴晨报0715】【固收】【行业】电新【个股】安科生物、开润股份、福光股份、嘉元科技、当升科技、中联重科、汇川技术、宁德时代,【东吴晨报0715】【固收】【行业】电新【个股】安科生物、开润股份、福光股份、嘉元科技、当升科技、中联重科、汇川技术、宁德时代
2019-07-12,【电新行业*曾朵红】6月电动车销15.2万量，同比+80%，环比+49.6%,【电新行业*曾朵红】6月电动车销15.2万量，同比+80%，环比+49.6%
2019-07-12,上半年BMS配套top20：BYD/CATL/北汽前三 大众进前十,上半年BMS配套top20：BYD/CATL/北汽前三 大众进前十
2019-07-13,迪迪比亚迪合作是怎么回事？迪迪比亚迪合作具体什么情况？,迪迪比亚迪合作是怎么回事？迪迪比亚迪合作具体什么情况？
2019-07-13,汽车行业低迷，这家动力电池公司却预计上半年盈利同比增长1.2-1.5倍,汽车行业低迷，这家动力电池公司却预计上半年盈利同比增长1.2-1.5倍
2019-07-13,国轩高科“闯三关”,国轩高科“闯三关”
2019-07-14,一周热点：本周新能源汽车行业大事件盘点,一周热点：本周新能源汽车行业大事件盘点
2019-07-14,滴滴与比亚迪合资入股电动出租车公司 命名迪滴新能源汽车公司,滴滴与比亚迪合资入股电动出租车公司 命名迪滴新能源汽车公司
2019-07-14,6月新能源五大热销车：北汽EU夺冠，轩逸纯电上榜,6月新能源五大热销车：北汽EU夺冠，轩逸纯电上榜
2019-07-14,【东吴电新】嘉元科技深度：高性能锂电铜箔先趋，6um率先放量,【东吴电新】嘉元科技深度：高性能锂电铜箔先趋，6um率先放量
2019-07-14,放眼全球，2019年卖得最好的五款新能源车都有谁？,放眼全球，2019年卖得最好的五款新能源车都有谁？
2019-07-14,电动汽车电池如何保证“安全第一条”,电动汽车电池如何保证“安全第一条”
2019-07-14,一周热点 | 双积分修正案将发布；吉利电动汽车自燃；深圳将建大功率充电站；北汽换新LOGO,一周热点 | 双积分修正案将发布；吉利电动汽车自燃；深圳将建大功率充电站；北汽换新LOGO
2019-07-14,6月热销MPV销量跌幅前5：宝骏360约降7成，五菱宏光上榜 盈利能力下降,6月热销MPV销量跌幅前5：宝骏360约降7成，五菱宏光上榜 盈利能力下降
2019-07-14,比亚迪夺冠，特斯拉陪跑，1-5月全球新能源销量最高的五大车企,比亚迪夺冠，特斯拉陪跑，1-5月全球新能源销量最高的五大车企
2019-07-15,广汽版“蔚来ES6”配置曝光 动力超比亚迪唐EV,广汽版“蔚来ES6”配置曝光 动力超比亚迪唐EV
2019-07-15,比亚迪与ADL合作打造的纯电动双层大巴在英销量将破百,比亚迪与ADL合作打造的纯电动双层大巴在英销量将破百
2019-07-15,工信部发布第6批新能源车推荐目录，零跑/哪吒等316款车型入选,工信部发布第6批新能源车推荐目录，零跑/哪吒等316款车型入选
2019-07-15,CCF-GAIR 2019 大咖齐聚 高新兴共话5G车联网未来,CCF-GAIR 2019 大咖齐聚 高新兴共话5G车联网未来
2019-07-15,半年战绩出炉 自主三强谁喜谁忧,半年战绩出炉 自主三强谁喜谁忧
2019-07-15,汽车：牵引车持续高景气 荐4股,汽车：牵引车持续高景气 荐4股
2019-07-15,宁德在、时代变 昔日风口独角兽今时面临几多愁？,宁德在、时代变 昔日风口独角兽今时面临几多愁？
2019-07-15,新能源的中国式发展：边“狂飙”边“灭火”,新能源的中国式发展：边“狂飙”边“灭火”
2019-07-15,比亚迪再获电动双层大巴订单：英国销量将破百,比亚迪再获电动双层大巴订单：英国销量将破百
2019-07-15,从比亚迪e2的内饰中，我看到王朝系列的影子,从比亚迪e2的内饰中，我看到王朝系列的影子
2019-07-15,纯电动双层大巴销量破百 比亚迪加速推动英国公共交通电动化进程,纯电动双层大巴销量破百 比亚迪加速推动英国公共交通电动化进程
2019-07-15,"2019年6月动力电池装机数据点评:过渡期内抢装效应凸显,二线企业洗牌加剧","2019年6月动力电池装机数据点评:过渡期内抢装效应凸显,二线企业洗牌加剧"
2019-07-15,自主汽车换标、雪藏频发 另起炉灶式重建背后或有隐忧,自主汽车换标、雪藏频发 另起炉灶式重建背后或有隐忧
2019-07-15,“真实”与“超越” 上半年汽车市场两大关键词,“真实”与“超越” 上半年汽车市场两大关键词
2019-07-15,【东吴电新】6月电动车销15.2万量，同比+80%，环比+49.6%,【东吴电新】6月电动车销15.2万量，同比+80%，环比+49.6%
2019-07-15,2019上半年新能源汽车销量61.7万辆 完成全年目标38.6%,2019上半年新能源汽车销量61.7万辆 完成全年目标38.6%
2019-07-15,"盖世E周看点|大众布局充电, 蜂巢首发无钴电池，威旺407EV被召回","盖世E周看点|大众布局充电, 蜂巢首发无钴电池，威旺407EV被召回"
2019-07-15,夹缝中的自主品牌：不怕造车新势力叫嚣，就怕合资品牌较劲,夹缝中的自主品牌：不怕造车新势力叫嚣，就怕合资品牌较劲
2019-07-15,汽车行业指标追踪周报:汽车个股估值追踪5,汽车行业指标追踪周报:汽车个股估值追踪5
2019-07-15,新能源汽车行业周报:工信部就双积分管理办法征求意见,新能源汽车行业周报:工信部就双积分管理办法征求意见
2019-07-15,"新能源汽车行业周报第27期:双积分修正案征求意见稿出台,提振行业信心","新能源汽车行业周报第27期:双积分修正案征求意见稿出台,提振行业信心"
2019-07-15,禁售燃油车 就能实现弯道超车？看看长城和比亚迪的老板咋说,禁售燃油车 就能实现弯道超车？看看长城和比亚迪的老板咋说
2019-07-16,5月份全球电池容量报告：特斯拉(TSLA.US)Model 3居首 比亚迪(01211)排第二占4%,5月份全球电池容量报告：特斯拉(TSLA.US)Model 3居首 比亚迪(01211)排第二占4%
2019-07-16,想买国产高端纯电SUV，比亚迪唐EV和蔚来ES6，怎么选？,想买国产高端纯电SUV，比亚迪唐EV和蔚来ES6，怎么选？
2019-07-16,未上市先火爆，比亚迪e2为什么能和《长安十二时辰》一样大受年轻人欢迎？,未上市先火爆，比亚迪e2为什么能和《长安十二时辰》一样大受年轻人欢迎？
2019-07-16,新能源汽车推广第6批目录：宁德时代/亿纬/国轩配套前三 磷酸铁锂占比79.2%,新能源汽车推广第6批目录：宁德时代/亿纬/国轩配套前三 磷酸铁锂占比79.2%
2019-07-16,互联网汽车的一千零一夜,互联网汽车的一千零一夜
2019-07-16,预算30W，打算考虑唐DM，想知道动力是不是像大家说的那样强,预算30W，打算考虑唐DM，想知道动力是不是像大家说的那样强
2019-07-16,上半年同比暴增94.5%，比亚迪新能源逆市狂飙,上半年同比暴增94.5%，比亚迪新能源逆市狂飙
2019-07-16,简约设计配旋转Pad屏 比亚迪e2实车内饰曝光,简约设计配旋转Pad屏 比亚迪e2实车内饰曝光
2019-07-16,达标未过半 新能源积分交易倒计时,达标未过半 新能源积分交易倒计时
2019-07-16,E周看点|北汽EU系列夺“半年考”冠军，何小鹏为改款G3事件道歉，广汽新能源Aion LX信息曝光！,E周看点|北汽EU系列夺“半年考”冠军，何小鹏为改款G3事件道歉，广汽新能源Aion LX信息曝光！
2019-07-17,工信部第322批新车公示：比亚迪e3/蔚来ES6/现代菲斯塔等334款新能源车进入,工信部第322批新车公示：比亚迪e3/蔚来ES6/现代菲斯塔等334款新能源车进入
2019-07-17,比亚迪王传福为何总提禁售燃油汽车 是大局意识还是另有目的？,比亚迪王传福为何总提禁售燃油汽车 是大局意识还是另有目的？
2019-07-17,头号研报：新能源汽车的核心是什么？,头号研报：新能源汽车的核心是什么？
2019-07-17,比亚迪“小号”秦EV谍照曝光 起售价低于10万,比亚迪“小号”秦EV谍照曝光 起售价低于10万
2019-07-17,宝骏RS-3 SUV实车曝光 尺寸超比亚迪元6万元起售,宝骏RS-3 SUV实车曝光 尺寸超比亚迪元6万元起售
2019-07-17,上半年动力电池PACK装机量top20：比亚迪榜首 国轩高科/欣旺达进前十,上半年动力电池PACK装机量top20：比亚迪榜首 国轩高科/欣旺达进前十
2019-07-17,"新能源汽车行业2019年6月销量点评:6月新能源汽车产销景气,对全年销量保持乐观","新能源汽车行业2019年6月销量点评:6月新能源汽车产销景气,对全年销量保持乐观"
2019-07-17,比亚迪全新产品e3曝光 续航有望突破400公里,比亚迪全新产品e3曝光 续航有望突破400公里
2019-07-18,电动化的丰田又出手了 NEV动力电池携手宁德全面合作,电动化的丰田又出手了 NEV动力电池携手宁德全面合作
2019-07-18,拓普集团（601689）汽车需求下滑，Q2业绩低于预期【华泰汽车研究】 盈利能力下降,拓普集团（601689）汽车需求下滑，Q2业绩低于预期【华泰汽车研究】 盈利能力下降
2019-07-18,哪些自主品牌在车市寒冬中逆势上行,哪些自主品牌在车市寒冬中逆势上行
2019-07-19,比亚迪与丰田合作开发电动车 拟2025年前在华投放,比亚迪与丰田合作开发电动车 拟2025年前在华投放
2019-07-19,比亚迪(002594.SZ)完成发行10亿元超短期融资劵,比亚迪(002594.SZ)完成发行10亿元超短期融资劵
2019-07-19,丰田与比亚迪开发纯电动车 能否成功争得国内市场？,丰田与比亚迪开发纯电动车 能否成功争得国内市场？
2019-07-19,比亚迪牵手丰田联合造车 2025年投放市场,比亚迪牵手丰田联合造车 2025年投放市场
2019-07-19,又是危机时刻：自主份额重回到五年前，但同样的数字背后有大不同,又是危机时刻：自主份额重回到五年前，但同样的数字背后有大不同
2019-07-19,丰田比亚迪联盟 联合开发新车2025年前中国上市,丰田比亚迪联盟 联合开发新车2025年前中国上市
2019-07-19,重磅：车界的“电动大佬”和“混动大佬”达成合作！,重磅：车界的“电动大佬”和“混动大佬”达成合作！
2019-07-19,联手比亚迪开发电动车 丰田在下什么棋,联手比亚迪开发电动车 丰田在下什么棋
2019-07-19,格隆汇A股公告精选(7.20) | 长城汽车上半年归母净利润预降近六成 多家公司股东抛出大额减持计划,格隆汇A股公告精选(7.20) | 长城汽车上半年归母净利润预降近六成 多家公司股东抛出大额减持计划
2019-07-19,比亚迪：将与丰田合作开发电动车 计划2025年前投放中国市场,比亚迪：将与丰田合作开发电动车 计划2025年前投放中国市场
2019-07-19,比亚迪和丰田汽车达成协议 将联合研发电动汽车,比亚迪和丰田汽车达成协议 将联合研发电动汽车
2019-07-19,比亚迪：与丰田汽车公司合作开发电动车及动力电池,比亚迪：与丰田汽车公司合作开发电动车及动力电池
2019-07-19,比亚迪与丰田达成合作：新车型2025年前在华投放,比亚迪与丰田达成合作：新车型2025年前在华投放
2019-07-19,比亚迪与丰田合作开发动力电池 车型将使用丰田品牌,比亚迪与丰田合作开发动力电池 车型将使用丰田品牌
2019-07-19,一电排行榜 | 6月驱动电机装机13万台，比亚迪/北汽新能源保持领先,一电排行榜 | 6月驱动电机装机13万台，比亚迪/北汽新能源保持领先
2019-07-19,大潮涌动，央企重组加速，汽车“国家队”重组何时完成？,大潮涌动，央企重组加速，汽车“国家队”重组何时完成？
2019-07-19,车企鏖战下半场 市场竞争加剧,车企鏖战下半场 市场竞争加剧
2019-07-19,百份问询函透露汽车业新常态 现金流吃紧资产减值“埋雷” 问询,百份问询函透露汽车业新常态 现金流吃紧资产减值“埋雷” 问询
2019-07-19,比亚迪与丰田达成合作将联合研发纯电动车型及动力电池,比亚迪与丰田达成合作将联合研发纯电动车型及动力电池
2019-07-19,比亚迪与丰田达成合作，共同开发纯电动车及动力电池,比亚迪与丰田达成合作，共同开发纯电动车及动力电池
2019-07-19,比亚迪将与丰田合作开发纯电动车 拟2025年前投放中国市场,比亚迪将与丰田合作开发纯电动车 拟2025年前投放中国市场
2019-07-19,比亚迪与丰田宣布合作开发电动汽车,比亚迪与丰田宣布合作开发电动汽车
2019-07-19,比亚迪与丰田达成合作 探讨纯电动汽车及动力电池开发,比亚迪与丰田达成合作 探讨纯电动汽车及动力电池开发
2019-07-20,正式签署协议，比亚迪丰田合作纯电动汽车及动力电池,正式签署协议，比亚迪丰田合作纯电动汽车及动力电池
2019-07-20,牵手比亚迪和宁德时代，丰田初现“电动野心”,牵手比亚迪和宁德时代，丰田初现“电动野心”
2019-07-20,丰田再牵手比亚迪，野心如此大，自主品牌将面临巨大压力？,丰田再牵手比亚迪，野心如此大，自主品牌将面临巨大压力？
2019-07-20,比亚迪高层关系这么乱？王传福表哥为第三大股东亲哥还因这事被警告 关联方问题,比亚迪高层关系这么乱？王传福表哥为第三大股东亲哥还因这事被警告 关联方问题
2019-07-20,年中回望 || 上半年新能源汽车相关重磅政策，将如何影响市场？| 中国汽车报,年中回望 || 上半年新能源汽车相关重磅政策，将如何影响市场？| 中国汽车报
2019-07-20,继宁德时代之后，丰田又牵手比亚迪，丰田电动化之路只会越来越稳,继宁德时代之后，丰田又牵手比亚迪，丰田电动化之路只会越来越稳
2019-07-21,比亚迪唐/秦Pro EV将“换标”丰田 专供中国市场,比亚迪唐/秦Pro EV将“换标”丰田 专供中国市场
2019-07-21,一周热点：本周新能源汽车行业大事件盘点,一周热点：本周新能源汽车行业大事件盘点
2019-07-21,比亚迪(01211-HK)与丰田汽车合作开发纯电动车及动力电池,比亚迪(01211-HK)与丰田汽车合作开发纯电动车及动力电池
2019-07-21,比亚迪(01211-HK)完成发行10亿人民币利率3.91%短融,比亚迪(01211-HK)完成发行10亿人民币利率3.91%短融
2019-07-21,两款合资产品上榜销量前十 外资车企正式开始薅新能源“羊毛”,两款合资产品上榜销量前十 外资车企正式开始薅新能源“羊毛”
2019-07-21,汽车：加码新能源汽车 荐8股,汽车：加码新能源汽车 荐8股
2019-07-22,比亚迪：造车实力获认可，电池外供再突破,比亚迪：造车实力获认可，电池外供再突破
2019-07-22,将于7月27日上市 比亚迪元EV360回归,将于7月27日上市 比亚迪元EV360回归
2019-07-22,补贴退坡 20万-30万元部分新能源车仍有优惠,补贴退坡 20万-30万元部分新能源车仍有优惠
2019-07-22,比亚迪：新能源汽车占有率显著提高，行业龙头地位稳固,比亚迪：新能源汽车占有率显著提高，行业龙头地位稳固
2019-07-22,宁德时代：靠“圈地运动”撑起的电池帝国也有隐忧,宁德时代：靠“圈地运动”撑起的电池帝国也有隐忧
2019-07-22,12家汽车相关企业科创板上市，三位实控人身家超100亿,12家汽车相关企业科创板上市，三位实控人身家超100亿
2019-07-22,丰田联手比亚迪共推新能源车，这段“姻缘”能走多远？,丰田联手比亚迪共推新能源车，这段“姻缘”能走多远？
2019-07-22,ABB为新加坡电动巴士提供充电基础设施,ABB为新加坡电动巴士提供充电基础设施
2019-07-22,牵手比亚迪 揭底丰田背后的野心,牵手比亚迪 揭底丰田背后的野心
2019-07-22,北京出租更新纯电最高奖7万、丰田比亚迪合作、北汽EC5上市,北京出租更新纯电最高奖7万、丰田比亚迪合作、北汽EC5上市
2019-07-22,头号研报｜汽车零售销量转正 行业迎来拐点期,头号研报｜汽车零售销量转正 行业迎来拐点期
2019-07-22,行业近况：丰田携手比亚迪；龙头自主相继下调销量目标,行业近况：丰田携手比亚迪；龙头自主相继下调销量目标
2019-07-22,汽车：北京出租车电动化将获补贴 荐11股,汽车：北京出租车电动化将获补贴 荐11股
2019-07-22,终于知道 为何比亚迪老总王传福有底气说：要弯道超车了,终于知道 为何比亚迪老总王传福有底气说：要弯道超车了
2019-07-22,比亚迪（002594）快评：联合丰田，夯实新能源锂电龙头地位,比亚迪（002594）快评：联合丰田，夯实新能源锂电龙头地位
2019-07-22,"比亚迪:丰田合作彰显新能源技术优势,发展前景可期","比亚迪:丰田合作彰显新能源技术优势,发展前景可期"
2019-07-22,"电气设备行业:比亚迪与丰田联合开发电动车,特斯拉上海工厂最早于11月投产","电气设备行业:比亚迪与丰田联合开发电动车,特斯拉上海工厂最早于11月投产"
2019-07-22,"汽车行业周报:传统车企逐渐开放,推进智能化与网络平台","汽车行业周报:传统车企逐渐开放,推进智能化与网络平台"
2019-07-22,电力设备与新能源行业7月第3周周报:第6批新能源汽车推广目录发布,电力设备与新能源行业7月第3周周报:第6批新能源汽车推广目录发布
2019-07-22,"比亚迪跟踪报告:牵手丰田,电池外供走出实质性一步","比亚迪跟踪报告:牵手丰田,电池外供走出实质性一步"
2019-07-22,【招商汽车|公司点评】比亚迪：与丰田达成深度合作，纯电技术获得认可,【招商汽车|公司点评】比亚迪：与丰田达成深度合作，纯电技术获得认可
2019-07-22,与比亚迪共同开发BEV专供中国市场 丰田意欲何为？,与比亚迪共同开发BEV专供中国市场 丰田意欲何为？
2019-07-22,比亚迪这款旗舰车，就是要对标特斯拉、宝马和奥迪,比亚迪这款旗舰车，就是要对标特斯拉、宝马和奥迪
2019-07-22,盖世E周看点|宁德时代/比亚迪官宣牵手丰田，雷诺江铃合资，特斯拉再调价,盖世E周看点|宁德时代/比亚迪官宣牵手丰田，雷诺江铃合资，特斯拉再调价
2019-07-22,一电排行榜 | 6月新能源乘用车上牌量大涨207%，出租市场占比35.4%,一电排行榜 | 6月新能源乘用车上牌量大涨207%，出租市场占比35.4%
2019-07-22,"汽车行业周报:批发环比有所提升,比亚迪与丰田宣布共同开发电动车","汽车行业周报:批发环比有所提升,比亚迪与丰田宣布共同开发电动车"
2019-07-23,【G20周刊】宁德时代牵手丰田 4家企业上榜财富中国500强,【G20周刊】宁德时代牵手丰田 4家企业上榜财富中国500强
2019-07-23,2019年过半，新能源汽车全年销售目标完成率不到40%,2019年过半，新能源汽车全年销售目标完成率不到40%
2019-07-23,花旗：比亚迪(1211.HK)与丰田新合作策略有助提升估值,花旗：比亚迪(1211.HK)与丰田新合作策略有助提升估值
2019-07-23,抢装推动装机大涨；宁德时代占据半壁江山,抢装推动装机大涨；宁德时代占据半壁江山
2019-07-23,【国泰君安国际速评】比亚迪(01211.HK):与丰田的合作点评,【国泰君安国际速评】比亚迪(01211.HK):与丰田的合作点评
2019-07-23,继宁德时代后，丰田又与比亚迪合作，意欲何为？,继宁德时代后，丰田又与比亚迪合作，意欲何为？
2019-07-23,47股获券商买入评级 雄帝科技目标涨幅达64.55%,47股获券商买入评级 雄帝科技目标涨幅达64.55%
2019-07-23,比亚迪微卡入市 为城市配送带来纯净新能源,比亚迪微卡入市 为城市配送带来纯净新能源
2019-07-23,实销数据解读6月MPV市场，销量整体下滑，“洗牌”时刻到来！ 盈利能力下降,实销数据解读6月MPV市场，销量整体下滑，“洗牌”时刻到来！ 盈利能力下降
2019-07-23,2019年已过半 细数各新能源车企年度销量目标完成情况,2019年已过半 细数各新能源车企年度销量目标完成情况
2019-07-23,想买长续航新能源车，有哪些可以选？,想买长续航新能源车，有哪些可以选？
2019-07-23,丰田牵手比亚迪提速电动化,丰田牵手比亚迪提速电动化
2019-07-23,"新能源汽车行业周报第27期:丰田加速推进电动化,高续航车型持续推出","新能源汽车行业周报第27期:丰田加速推进电动化,高续航车型持续推出"
2019-07-23,"汽车行业2019Q2基金持仓分析:整体持仓占比处历史低位,零部件仓位小幅下滑,确定性龙头仍为核心偏好","汽车行业2019Q2基金持仓分析:整体持仓占比处历史低位,零部件仓位小幅下滑,确定性龙头仍为核心偏好"
2019-07-23,"汽车行业周报:部分车企中报业绩预减,至暗时刻已至 盈利能力下降","汽车行业周报:部分车企中报业绩预减,至暗时刻已至 盈利能力下降"
2019-07-23,"比亚迪:合作丰田开发纯电动汽车,电池外供获得突破","比亚迪:合作丰田开发纯电动汽车,电池外供获得突破"
2019-07-23,动力电池：6月同比大涨127%，宁德时代市场占有率再次过半,动力电池：6月同比大涨127%，宁德时代市场占有率再次过半
2019-07-24,动力电池“白名单”废止 寡头市场格局要被打破？,动力电池“白名单”废止 寡头市场格局要被打破？
2019-07-24,数说丨 新能源年中盘点：电动SUV走红 北汽新能源紧追比亚迪,数说丨 新能源年中盘点：电动SUV走红 北汽新能源紧追比亚迪
2019-07-24,A股61家汽车企业上半年业绩预告出炉，汽车行业至暗时刻已到来？,A股61家汽车企业上半年业绩预告出炉，汽车行业至暗时刻已到来？
2019-07-24,新能源头部车企的硬核实力，全新宋Pro上市,新能源头部车企的硬核实力，全新宋Pro上市
2019-07-24,比亚迪秦Pro插混增高配版 油耗仅1L售16.99万起,比亚迪秦Pro插混增高配版 油耗仅1L售16.99万起
2019-07-24,【锂电G20】电池外供再获突破 比亚迪与丰田开发动力电池,【锂电G20】电池外供再获突破 比亚迪与丰田开发动力电池
2019-07-24,“丰亚迪”你喜欢吗？丰田比亚迪合作开发新品牌，用的是丰田车标,“丰亚迪”你喜欢吗？丰田比亚迪合作开发新品牌，用的是丰田车标
2019-07-24,上汽大众六月插混市场占比超比亚迪，途观L PHEV功不可没,上汽大众六月插混市场占比超比亚迪，途观L PHEV功不可没
2019-07-24,37股获券商买入评级 中石科技目标涨幅达63.14%,37股获券商买入评级 中石科技目标涨幅达63.14%
2019-07-24,【东北中小市值笪佳敏/胡洋】新能源汽车周报：丰田加速推进电动化，高续航车型持续推出,【东北中小市值笪佳敏/胡洋】新能源汽车周报：丰田加速推进电动化，高续航车型持续推出
2019-07-24,新能源商用车6月上牌量排行：宇通客车优势明显，专用车领域比亚迪/四川吉利商用车领先,新能源商用车6月上牌量排行：宇通客车优势明显，专用车领域比亚迪/四川吉利商用车领先
2019-07-24,"汽车汽配行业汽车基础研究系列(三):存量与增量,汽车行业空间与机会","汽车汽配行业汽车基础研究系列(三):存量与增量,汽车行业空间与机会"
2019-07-24,"电气设备行业周报:新能源车底部布局正当时,光伏国内需求启动在即","电气设备行业周报:新能源车底部布局正当时,光伏国内需求启动在即"
2019-07-24,北汽入股戴姆勒，给行业提供一种解题思路,北汽入股戴姆勒，给行业提供一种解题思路
2019-07-25,【预见】号角已吹响，固态电池酝酿大机遇？,【预见】号角已吹响，固态电池酝酿大机遇？
2019-07-25,牵引车市场来了电动车 比亚迪重卡行业新突破,牵引车市场来了电动车 比亚迪重卡行业新突破
2019-07-25,售价1.9万元人民币 比亚迪推出MINIES家庭储能系统,售价1.9万元人民币 比亚迪推出MINIES家庭储能系统
2019-07-25,国开证券：比亚迪新增借款超过2018年净资产的20%,国开证券：比亚迪新增借款超过2018年净资产的20%
2019-07-25,眼见为实|北京工厂停产 国能深陷欠薪门 经营问题,眼见为实|北京工厂停产 国能深陷欠薪门 经营问题
2019-07-25,丰田电动化战略的“菊”与“刀”,丰田电动化战略的“菊”与“刀”
2019-07-25,"2019年汽车行业6月月报:三季度行业复苏期,折扣减少批发转正,9月份开始零售转正","2019年汽车行业6月月报:三季度行业复苏期,折扣减少批发转正,9月份开始零售转正"
2019-07-25,6月国内新能源汽车销量排行榜：比亚迪和北汽新能源争霸，多生孩子好打架,6月国内新能源汽车销量排行榜：比亚迪和北汽新能源争霸，多生孩子好打架
2019-07-26,【中泰电新 苏晨团队】恩捷股份：全球湿法隔膜龙头，多领域齐头并进,【中泰电新 苏晨团队】恩捷股份：全球湿法隔膜龙头，多领域齐头并进
2019-07-26,丰田转战电动车的背后,丰田转战电动车的背后
2019-07-26,比亚迪(002594.SZ)完成发行20亿元超短期融资劵 发行利率3.84%,比亚迪(002594.SZ)完成发行20亿元超短期融资劵 发行利率3.84%
2019-07-26,比亚迪纯电动底盘车带来新绿能,比亚迪纯电动底盘车带来新绿能
2019-07-26,销量“止跌”上扬，新能源商用车发展迎来新拐点？| 中国汽车报,销量“止跌”上扬，新能源商用车发展迎来新拐点？| 中国汽车报
2019-07-26,与比亚迪合作造车之后，丰田将联合滴滴卖车,与比亚迪合作造车之后，丰田将联合滴滴卖车
2019-07-26,2019年上半年新能源汽车销量榜，前五名都是谁？,2019年上半年新能源汽车销量榜，前五名都是谁？
2019-07-26,我国动力电池行业正在进入洗牌期,我国动力电池行业正在进入洗牌期
2019-07-26,再获新生 比亚迪元EV 360能否找回状态？,再获新生 比亚迪元EV 360能否找回状态？
2019-07-26,私扣华为物料被踢出供应链！伟创力一季度净利润大幅下滑 盈利能力下降,私扣华为物料被踢出供应链！伟创力一季度净利润大幅下滑 盈利能力下降
2019-07-26,丰田和比亚迪达成合作，强强联手谁才是最大赢家？,丰田和比亚迪达成合作，强强联手谁才是最大赢家？
2019-07-27,比亚迪全新元EV360上市 这价格还香吗？,比亚迪全新元EV360上市 这价格还香吗？
2019-07-27,比亚迪元EV360标准续航版上市：指导价10.6万元起,比亚迪元EV360标准续航版上市：指导价10.6万元起
2019-07-27,比亚迪全新元EV推新车 1公里7分钱售10.58万起,比亚迪全新元EV推新车 1公里7分钱售10.58万起
2019-07-27,前有奔驰，后有丰田，国际汽车巨头为什么都青睐比亚迪？| 中国汽车报,前有奔驰，后有丰田，国际汽车巨头为什么都青睐比亚迪？| 中国汽车报
2019-07-27,合作伙伴华泰汽车爆雷不断 富力地产高举债转型陷迷局,合作伙伴华泰汽车爆雷不断 富力地产高举债转型陷迷局
2019-07-27,交易所问询函“密袭”车企 汽车行业新常态：净利润普降 产能闲置矛盾突出 问询,交易所问询函“密袭”车企 汽车行业新常态：净利润普降 产能闲置矛盾突出 问询
2019-07-27,采用最新家族内饰 元EV360今日上市,采用最新家族内饰 元EV360今日上市
2019-07-27,补贴后售10.58万元起 新款元EV360上市,补贴后售10.58万元起 新款元EV360上市
2019-07-28,从红米和比亚迪的策略看，为什么很多科技企业选择小步快跑？,从红米和比亚迪的策略看，为什么很多科技企业选择小步快跑？
2019-07-28,比亚迪(01211-HK)发行20亿元人民币短期融资券利率3.84%,比亚迪(01211-HK)发行20亿元人民币短期融资券利率3.84%
2019-07-28,涨停乍现，庞大集团领涨；高层变动，中通客车领跌,涨停乍现，庞大集团领涨；高层变动，中通客车领跌
2019-07-28,仅三家上涨 上半年自主车企销量TOP10,仅三家上涨 上半年自主车企销量TOP10
2019-07-29,丰田成功牵手比亚迪 电动化浪潮席卷全球,丰田成功牵手比亚迪 电动化浪潮席卷全球
2019-07-29,比亚迪上半年仅完成34.7% 下半年如何完成剩下任务？,比亚迪上半年仅完成34.7% 下半年如何完成剩下任务？
2019-07-29,四成车企半年业绩预降，谁在苦苦挣扎，谁在逆风飞扬？ 盈利能力下降,四成车企半年业绩预降，谁在苦苦挣扎，谁在逆风飞扬？ 盈利能力下降
2019-07-29,全新元EV360北京上市 售10.58万元起首发收单286台,全新元EV360北京上市 售10.58万元起首发收单286台
2019-07-29,全新比亚迪元EV360搭载第三代电池智能温控管理系统,全新比亚迪元EV360搭载第三代电池智能温控管理系统
2019-07-29,2019上半年新能源销量：比亚迪获胜 吉利/长安翻倍增长,2019上半年新能源销量：比亚迪获胜 吉利/长安翻倍增长
2019-07-29,头号研报：动力电池装机量增长明确,头号研报：动力电池装机量增长明确
2019-07-29,谁抢了北京电车市场？,谁抢了北京电车市场？
2019-07-29,LG或供货上海特斯拉 动力电池“新陈代谢”加速,LG或供货上海特斯拉 动力电池“新陈代谢”加速
2019-07-29,"电力设备新能源行业电动车2019年专题深度3:政策面超预期,基本面筑底回升,明年均是大年","电力设备新能源行业电动车2019年专题深度3:政策面超预期,基本面筑底回升,明年均是大年"
2019-07-29,"汽车行业周报:科创板开市,首批公司中半数与汽车有关","汽车行业周报:科创板开市,首批公司中半数与汽车有关"
2019-07-29,【G20周刊】CATL/BYD/星源材质/格林美一周动态,【G20周刊】CATL/BYD/星源材质/格林美一周动态
2019-07-30,"电新行业6月深度跟踪:新能源汽车抢装明显,风电景气度大幅提升","电新行业6月深度跟踪:新能源汽车抢装明显,风电景气度大幅提升"
2019-07-30,汽车行业周报:行业盈利能力拐点将至,汽车行业周报:行业盈利能力拐点将至
2019-07-30,新泉股份实现商用+乘用+新能源全覆盖 致力汽车内饰中国领跑者,新泉股份实现商用+乘用+新能源全覆盖 致力汽车内饰中国领跑者
2019-07-30,没有一家完成半年目标！新能源车企的“小目标”要落空？,没有一家完成半年目标！新能源车企的“小目标”要落空？
2019-07-30,北京工厂停产 国能深陷欠薪门 经营问题,北京工厂停产 国能深陷欠薪门 经营问题
2019-07-30,[路演]紫科环保：合作伙伴包括格力、比亚迪、广药白云山等,[路演]紫科环保：合作伙伴包括格力、比亚迪、广药白云山等
2019-07-31,国能电池北京工厂停工 12亿元应收账款未到账 经营问题,国能电池北京工厂停工 12亿元应收账款未到账 经营问题
2019-07-31,上半年全球新能源车销量榜：特斯拉终于打败比亚迪,上半年全球新能源车销量榜：特斯拉终于打败比亚迪
2019-07-31,比亚迪“牵手”丰田为哪般？,比亚迪“牵手”丰田为哪般？
2019-07-31,一电排行榜 | 新能源乘用车6月产量：宝马5系插混暴涨573.03%，小鹏G3下跌50%,一电排行榜 | 新能源乘用车6月产量：宝马5系插混暴涨573.03%，小鹏G3下跌50%
2019-07-31,左手宁德时代右手比亚迪，丰田在新能源已经迎来人生巅峰,左手宁德时代右手比亚迪，丰田在新能源已经迎来人生巅峰
2019-07-31,北汽戴姆勒交叉持股后新动作：北汽新能源称将与奔驰“全面合作”,北汽戴姆勒交叉持股后新动作：北汽新能源称将与奔驰“全面合作”
2019-07-31,警惕！丰田转型电动车 比任何人想象的都要快！,警惕！丰田转型电动车 比任何人想象的都要快！
2019-08-01,锂电池概念板块逆市被引爆 整个行业呈现三大特征,锂电池概念板块逆市被引爆 整个行业呈现三大特征
2019-08-01,这一概念板块逆市被引爆：两张图告诉你，185只个股中哪6只才是最“硬核”标的！,这一概念板块逆市被引爆：两张图告诉你，185只个股中哪6只才是最“硬核”标的！
2019-08-01,中国电池企业哪家强？“百强榜”透露出行业哪些特点？| 中国汽车报,中国电池企业哪家强？“百强榜”透露出行业哪些特点？| 中国汽车报
2019-08-01,上半年的车市，到底啥情况？,上半年的车市，到底啥情况？
2019-08-01,西安年底将投6000余辆纯电动出租车,西安年底将投6000余辆纯电动出租车
2019-08-01,北京每卖五辆电动汽车就有二辆它 巴菲特当初没有看错的企业,北京每卖五辆电动汽车就有二辆它 巴菲特当初没有看错的企业
2019-08-01,瑞虎e/比亚迪e2领衔 8月上市新能源车型汇总,瑞虎e/比亚迪e2领衔 8月上市新能源车型汇总
2019-08-01,特斯拉超越比亚迪，成为2019交付电动汽车最多品牌,特斯拉超越比亚迪，成为2019交付电动汽车最多品牌
2019-08-01,10万拿下的纯电SUV 比亚迪S2和北汽EX360要买谁,10万拿下的纯电SUV 比亚迪S2和北汽EX360要买谁
2019-08-01,再保守的丰田也耐不住电动化的“寂寞”,再保守的丰田也耐不住电动化的“寂寞”
2019-08-01,一电排行榜 | 全球新能源乘用车上半年销量榜单：特斯拉交付16万辆，超越比亚迪夺第一,一电排行榜 | 全球新能源乘用车上半年销量榜单：特斯拉交付16万辆，超越比亚迪夺第一
2019-08-01,电动汽车卖到哪去了？,电动汽车卖到哪去了？
2019-08-02,【数说车市】2019上半年电池、电机、电控装机量TOP10企业及配套情况,【数说车市】2019上半年电池、电机、电控装机量TOP10企业及配套情况
2019-08-02,盖世晨报｜上半年全球新能源车销量榜/林肯首款国产车下线,盖世晨报｜上半年全球新能源车销量榜/林肯首款国产车下线
2019-08-02,上半年新能源年销目标完成率：比亚迪仅3成多,上半年新能源年销目标完成率：比亚迪仅3成多
2019-08-02,丰田首款纯电动轿车即将正式发布,丰田首款纯电动轿车即将正式发布
2019-08-02,新能源上半年增幅收窄 比亚迪卫冕 新势力三足鼎立,新能源上半年增幅收窄 比亚迪卫冕 新势力三足鼎立
2019-08-02,百公里加速4.4s 续航超500km 比亚迪唐EV选这款准没错,百公里加速4.4s 续航超500km 比亚迪唐EV选这款准没错
2019-08-02,王传福：人才是比亚迪最宝贵的财富,王传福：人才是比亚迪最宝贵的财富
2019-08-03,将于8月内上市比亚迪e2实车现已到店,将于8月内上市比亚迪e2实车现已到店
2019-08-03,8月十大金股,8月十大金股
2019-08-03,丰田三天签三家中企 日系车企在华新能源战略集体转向？,丰田三天签三家中企 日系车企在华新能源战略集体转向？
2019-08-04,补贴过渡期结束后，新能源汽车市场平静下暗流涌动 | 中国汽车报,补贴过渡期结束后，新能源汽车市场平静下暗流涌动 | 中国汽车报
2019-08-04,内忧外患，2019是造车新势力的“生死之年”？,内忧外患，2019是造车新势力的“生死之年”？
2019-08-05,"电力设备与新能源行业周报:电池排产逐步恢复迎旺季,光伏降价临尾声等旺季","电力设备与新能源行业周报:电池排产逐步恢复迎旺季,光伏降价临尾声等旺季"
2019-08-05,"电气设备行业:锂电池市场初见好转苗头,光伏过后有望迎景气回升","电气设备行业:锂电池市场初见好转苗头,光伏过后有望迎景气回升"
2019-08-05,"新能源汽车行业周报:材料价格弱势,外企加速布局国内新能源汽车领域","新能源汽车行业周报:材料价格弱势,外企加速布局国内新能源汽车领域"
2019-08-05,长江汽车欠薪停产、华人运通发布高合HiPhi 1|新能源汽车7月大事记 违约失信,长江汽车欠薪停产、华人运通发布高合HiPhi 1|新能源汽车7月大事记 违约失信
2019-08-05,“左拥右抱”宁德时代和桑顿 一汽能否赢回“老大哥”尊严？,“左拥右抱”宁德时代和桑顿 一汽能否赢回“老大哥”尊严？
2019-08-05,新泉股份：技术优势赋能自主品牌汽车，产能扩充业绩拐点出现,新泉股份：技术优势赋能自主品牌汽车，产能扩充业绩拐点出现
2019-08-06,比亚迪(01211-HK)：7月新能源汽车销量約1.66万辆降11.84% 盈利能力下降,比亚迪(01211-HK)：7月新能源汽车销量約1.66万辆降11.84% 盈利能力下降
2019-08-06,实销数据解读北汽新能源，6月再上新高 ？,实销数据解读北汽新能源，6月再上新高 ？
2019-08-06,多家汽车公司公布7月份销量 比亚迪新能源汽车销量同比增长73%,多家汽车公司公布7月份销量 比亚迪新能源汽车销量同比增长73%
2019-08-06,比亚迪：前7月新能源汽车销量16.22万辆 同比增73%,比亚迪：前7月新能源汽车销量16.22万辆 同比增73%
2019-08-06,"比亚迪(002594.SZ)7月新能源汽车销量16,567辆 同比下降11.84% 盈利能力下降","比亚迪(002594.SZ)7月新能源汽车销量16,567辆 同比下降11.84% 盈利能力下降"
2019-08-06,比亚迪：1-7月销量162220辆 同比增长73.17%,比亚迪：1-7月销量162220辆 同比增长73.17%
2019-08-06,高颜值、高销量、高性价比！这3款新能源汽车值得挑选,高颜值、高销量、高性价比！这3款新能源汽车值得挑选
2019-08-06,比亚迪：7月新能源汽车销量16567辆，7月合计销量30985辆,比亚迪：7月新能源汽车销量16567辆，7月合计销量30985辆
2019-08-06,国际汽车巨头为何青睐比亚迪,国际汽车巨头为何青睐比亚迪
2019-08-06,工信部发布第7批新能源车型推荐目录，广汽丰田iA5/现代菲斯塔EV等273款车型入选,工信部发布第7批新能源车型推荐目录，广汽丰田iA5/现代菲斯塔EV等273款车型入选
2019-08-06,【异动股】汽车股全线下跌 比亚迪(00285-HK)、华晨中国(01114-HK)均跌超4% 连续下跌,【异动股】汽车股全线下跌 比亚迪(00285-HK)、华晨中国(01114-HK)均跌超4% 连续下跌
2019-08-06,从丰田与比亚迪合作看汽车行业“大趋势”投资逻辑,从丰田与比亚迪合作看汽车行业“大趋势”投资逻辑
2019-08-06,MPV霸主岌岌可危 宝骏RM-5能否力挽狂澜？,MPV霸主岌岌可危 宝骏RM-5能否力挽狂澜？
2019-08-06,比亚迪:1-7月新能源汽销量逾16万辆 同比增长73.17%,比亚迪:1-7月新能源汽销量逾16万辆 同比增长73.17%
2019-08-07,比亚迪、江淮汽车7月份新能源车销量均同比下滑 盈利能力下降,比亚迪、江淮汽车7月份新能源车销量均同比下滑 盈利能力下降
2019-08-07,比亚迪7月燃油车销量暴跌22.16% 前七月总销量近腰斩 盈利能力下降,比亚迪7月燃油车销量暴跌22.16% 前七月总销量近腰斩 盈利能力下降
2019-08-07,比亚迪：预计2022年前后会把电池业务分拆上市,比亚迪：预计2022年前后会把电池业务分拆上市
2019-08-07,比亚迪：预计2022年前后会把动力电池业务分拆上市,比亚迪：预计2022年前后会把动力电池业务分拆上市
2019-08-07,比亚迪：腾势全新概念车Concept X首批量产车型预计2020年初交付使用,比亚迪：腾势全新概念车Concept X首批量产车型预计2020年初交付使用
2019-08-07,理性·数说·“铁锂”在EV乘用车中的表现,理性·数说·“铁锂”在EV乘用车中的表现
2019-08-07,比亚迪跌1.11%，创近1个月新低，报50.80元 连续下跌,比亚迪跌1.11%，创近1个月新低，报50.80元 连续下跌
2019-08-07,比亚迪今年累计销售16.2万辆新能源汽车 同比增长73.17%,比亚迪今年累计销售16.2万辆新能源汽车 同比增长73.17%
2019-08-07,比亚迪“小号”秦Pro EV动力曝光 综合续航405km,比亚迪“小号”秦Pro EV动力曝光 综合续航405km
2019-08-07,比亚迪7月卖了3.1万辆，同比下降17%,比亚迪7月卖了3.1万辆，同比下降17%
2019-08-07,比亚迪：腾势全新概念车Concept X首批量产车型预计2020年初交付,比亚迪：腾势全新概念车Concept X首批量产车型预计2020年初交付
2019-08-07,吉利帝豪EV500上市，售13.58万元起,吉利帝豪EV500上市，售13.58万元起
2019-08-07,比亚迪：电动销量步入低谷，后续趋向改善,比亚迪：电动销量步入低谷，后续趋向改善
2019-08-07,7月汽车销量同比减少17%比亚迪(01211-HK)跌近6%股价刷新年内新低 盈利能力下降,7月汽车销量同比减少17%比亚迪(01211-HK)跌近6%股价刷新年内新低 盈利能力下降
2019-08-07,"比亚迪跟踪报告:7月新能源承压,传统车企稳","比亚迪跟踪报告:7月新能源承压,传统车企稳"
2019-08-07,"8月汽车行业折扣率分析:细拆行业折扣数据看行业复苏,格局优化,锚已稳","8月汽车行业折扣率分析:细拆行业折扣数据看行业复苏,格局优化,锚已稳"
2019-08-07,3款上班代步纯电新能源值得推荐,3款上班代步纯电新能源值得推荐
2019-08-07,《自主车企生死局》：C7阵营雏形已现 蓄力第三次“升维”,《自主车企生死局》：C7阵营雏形已现 蓄力第三次“升维”
2019-08-07,上半年哪些车企纯电动和混动汽车卖得好,上半年哪些车企纯电动和混动汽车卖得好
2019-08-07,比亚迪港股跌至近一年最低7月新能源汽车销量降12% 盈利能力下降,比亚迪港股跌至近一年最低7月新能源汽车销量降12% 盈利能力下降
2019-08-07,A股早报2019年8月7日星期三,A股早报2019年8月7日星期三
2019-08-07,7月比亚迪新能源车销量环比降万辆 安信:全年仍看好 盈利能力下降,7月比亚迪新能源车销量环比降万辆 安信:全年仍看好 盈利能力下降
2019-08-07,比亚迪：2017年面向合格投资者公开发行公司债券更名,比亚迪：2017年面向合格投资者公开发行公司债券更名
2019-08-07,比亚迪跌近2%暂为最差国指股 上月销量跌17% 盈利能力下降,比亚迪跌近2%暂为最差国指股 上月销量跌17% 盈利能力下降
2019-08-07,西安200辆比亚迪纯电动出租车上路,西安200辆比亚迪纯电动出租车上路
2019-08-08,比亚迪：新能源汽车还是不赚钱，其实是个“手机代工厂”！,比亚迪：新能源汽车还是不赚钱，其实是个“手机代工厂”！
2019-08-08,A股共发生52宗大宗交易成交7.8亿元（8月8日）,A股共发生52宗大宗交易成交7.8亿元（8月8日）
2019-08-08,锂业巨头营收下滑 抢矿潮后引发蝴蝶效应 盈利能力下降,锂业巨头营收下滑 抢矿潮后引发蝴蝶效应 盈利能力下降
2019-08-08,比亚迪新增住宿服务业务 7月汽车销量同比下降16.96% 盈利能力下降,比亚迪新增住宿服务业务 7月汽车销量同比下降16.96% 盈利能力下降
2019-08-08,比亚迪新增住宿服务业务 注册资本增至12.5亿,比亚迪新增住宿服务业务 注册资本增至12.5亿
2019-08-08,虽成功过会但核心问题未改善 天奈科技上市仍需等待,虽成功过会但核心问题未改善 天奈科技上市仍需等待
2019-08-08,【广证恒生电新】-容百科技深度报告-高镍三元龙头，强者后来居上,【广证恒生电新】-容百科技深度报告-高镍三元龙头，强者后来居上
2019-08-08,汽车之家的多重“隐忧”,汽车之家的多重“隐忧”
2019-08-08,比亚迪今日大宗交易成交4万股，成交价50.86元溢价0.0%,比亚迪今日大宗交易成交4万股，成交价50.86元溢价0.0%
2019-08-08,比亚迪“两厢”秦Pro开启预售 10万元起本月上市,比亚迪“两厢”秦Pro开启预售 10万元起本月上市
2019-08-08,同比下降17% 比亚迪7月销售新车3.1万辆 盈利能力下降,同比下降17% 比亚迪7月销售新车3.1万辆 盈利能力下降
2019-08-08,第7批目录：CATL/亿纬锂能/BYD动力电池配套前三 磷酸铁锂占比65.9%,第7批目录：CATL/亿纬锂能/BYD动力电池配套前三 磷酸铁锂占比65.9%
2019-08-08,【锂电G20】比亚迪前7月动力及储能电池装机总量近9GWh,【锂电G20】比亚迪前7月动力及储能电池装机总量近9GWh
2019-08-08,能排火排烟 比亚迪e平台电池有多安全？,能排火排烟 比亚迪e平台电池有多安全？
2019-08-08,"比亚迪销量快报点评:7月销量探底,下半年持续增长可期","比亚迪销量快报点评:7月销量探底,下半年持续增长可期"
2019-08-08,2019年上半年全球新能源车企销量排行,2019年上半年全球新能源车企销量排行
2019-08-08,EV晨报 | 比亚迪2022年前后将动力电池业务分拆上市；特斯拉发现新电池技术路线；首款太阳能汽车上市,EV晨报 | 比亚迪2022年前后将动力电池业务分拆上市；特斯拉发现新电池技术路线；首款太阳能汽车上市
2019-08-08,7月销量全线下滑，江淮新能源发展疲态尽显 盈利能力下降,7月销量全线下滑，江淮新能源发展疲态尽显 盈利能力下降
2019-08-08,比亚迪与丰田将成立合资公司 纯电产品应用e平台挂丰田标,比亚迪与丰田将成立合资公司 纯电产品应用e平台挂丰田标
2019-08-09,8月乘用车产销回升潜力较大，机构建议在周期底部阶段提前布局两条主线,8月乘用车产销回升潜力较大，机构建议在周期底部阶段提前布局两条主线
2019-08-09,比亚迪欲独立电池业务 但2022年上市的可能性不大,比亚迪欲独立电池业务 但2022年上市的可能性不大
2019-08-09,比亚迪(002594.SZ)2019年第二期公司债票面利率定为4.80%,比亚迪(002594.SZ)2019年第二期公司债票面利率定为4.80%
2019-08-09,"电气设备与新能源行业:7月装机4.70gwh,龙头占比大幅提升","电气设备与新能源行业:7月装机4.70gwh,龙头占比大幅提升"
2019-08-09,戴姆勒和丰田们 为什么都选择了比亚迪作为合作伙伴？,戴姆勒和丰田们 为什么都选择了比亚迪作为合作伙伴？
2019-08-10,小鹏、威马等半年销量未过万 造车新势力未来如何走？,小鹏、威马等半年销量未过万 造车新势力未来如何走？
2019-08-10,比亚迪电动跨界车型e2开启预售丨华为全面开放HMS【Do说】,比亚迪电动跨界车型e2开启预售丨华为全面开放HMS【Do说】
2019-08-10,全生命周期资产运营进入议事日程，金融工具能否再造动力电池产业？| 中国汽车报,全生命周期资产运营进入议事日程，金融工具能否再造动力电池产业？| 中国汽车报
2019-08-10,车市寒潮下，新旧势力的出路在何方？,车市寒潮下，新旧势力的出路在何方？
2019-08-10,比亚迪唐EV600D和特斯拉Model X怎么选？,比亚迪唐EV600D和特斯拉Model X怎么选？
2019-08-11,比亚迪：联手华为智卡将推出NFC车钥匙,比亚迪：联手华为智卡将推出NFC车钥匙
2019-08-11,蔚来7月销量为1502辆 ES6比ES8多卖630辆,蔚来7月销量为1502辆 ES6比ES8多卖630辆
2019-08-12,中美新能源汽车7月同时首次负增长 “黑色7月”是巧合还是必然？,中美新能源汽车7月同时首次负增长 “黑色7月”是巧合还是必然？
2019-08-12,比亚迪(002594.SZ)完成发行25亿元的公司债券,比亚迪(002594.SZ)完成发行25亿元的公司债券
2019-08-12,伟创力被踢出供应链后，富士康、比亚迪“摘桃”华为订单,伟创力被踢出供应链后，富士康、比亚迪“摘桃”华为订单
2019-08-12,首推四驱性能版豪华型，比亚迪宋Pro DM购车指南,首推四驱性能版豪华型，比亚迪宋Pro DM购车指南
2019-08-12,比亚迪DiLink联手华为率先发布手机NFC车钥匙,比亚迪DiLink联手华为率先发布手机NFC车钥匙
2019-08-12,15张表看懂全球新能源车市场：中美欧差别竟如此之大！,15张表看懂全球新能源车市场：中美欧差别竟如此之大！
2019-08-12,3系当仁不让/豪车保持火热 7月购车热度,3系当仁不让/豪车保持火热 7月购车热度
2019-08-12,"电气设备行业:7月动力电池装机量环比下降近三成,发改委出台电力现货市场建设意见","电气设备行业:7月动力电池装机量环比下降近三成,发改委出台电力现货市场建设意见"
2019-08-12,北汽新能源7月销量逆势增78%，仍难完成22万辆年目标,北汽新能源7月销量逆势增78%，仍难完成22万辆年目标
2019-08-12,比亚迪7月新能源销量下滑11.84%动力电池或将拆分上市 盈利能力下降,比亚迪7月新能源销量下滑11.84%动力电池或将拆分上市 盈利能力下降
2019-08-12,【G20周刊】比亚迪/中航锂电/星源材质/深圳斯诺一周动态,【G20周刊】比亚迪/中航锂电/星源材质/深圳斯诺一周动态
2019-08-12,1-7月动力电池PACK装机量top20：宁德时代居首 国轩高科/欣旺达稳居前十,1-7月动力电池PACK装机量top20：宁德时代居首 国轩高科/欣旺达稳居前十
2019-08-13,"新能源汽车行业周报:新能源乘用车7月同比下跌4.2,市场迎首次负增长","新能源汽车行业周报:新能源乘用车7月同比下跌4.2,市场迎首次负增长"
2019-08-13,MPV市场遭遇“黑7月”：销量前五名四席大跌 盈利能力下降,MPV市场遭遇“黑7月”：销量前五名四席大跌 盈利能力下降
2019-08-13,汽车行业周报:7月乘用车批发销量下滑收窄 盈利能力下降,汽车行业周报:7月乘用车批发销量下滑收窄 盈利能力下降
2019-08-13,A股明日风口：黄金突破1530关口 华为订单接手方出炉,A股明日风口：黄金突破1530关口 华为订单接手方出炉
2019-08-13,乘联会：北汽EU蝉联车型榜冠军，比亚迪元环比下跌34.2%,乘联会：北汽EU蝉联车型榜冠军，比亚迪元环比下跌34.2%
2019-08-13,乘联会7月新能源乘用车销量排行：北汽EU系列蝉联冠军，广汽AionS进前五,乘联会7月新能源乘用车销量排行：北汽EU系列蝉联冠军，广汽AionS进前五
2019-08-13,丰田在华频频“触电”，与大众抢新能源车地盘,丰田在华频频“触电”，与大众抢新能源车地盘
2019-08-13,伟创力被踢出供应链后，富士康比亚迪“摘挑”华为订单,伟创力被踢出供应链后，富士康比亚迪“摘挑”华为订单
2019-08-13,宇通暴涨689% 中车升第二 金龙份额上升 7月新能源客车“火山爆发”,宇通暴涨689% 中车升第二 金龙份额上升 7月新能源客车“火山爆发”
2019-08-13,【电新行业*曾朵红】7月电动车销8万辆，同比-4.7%，环比-47.5%，低点已过，布局正当时,【电新行业*曾朵红】7月电动车销8万辆，同比-4.7%，环比-47.5%，低点已过，布局正当时
2019-08-13,20家上市车企累计负债破万亿元 上汽集团负债额占行业43% 偿债能力下降,20家上市车企累计负债破万亿元 上汽集团负债额占行业43% 偿债能力下降
2019-08-13,比亚迪跌近3% 创一年低位兼最差国指股,比亚迪跌近3% 创一年低位兼最差国指股
2019-08-13,补贴锐减油价下降，7月新能源汽车销量陷入负增长 盈利能力下降,补贴锐减油价下降，7月新能源汽车销量陷入负增长 盈利能力下降
2019-08-14,比亚迪全新秦EV九月底上市 续航提升至421km,比亚迪全新秦EV九月底上市 续航提升至421km
2019-08-14,比亚迪短期融资券发行 总额为20亿元,比亚迪短期融资券发行 总额为20亿元
2019-08-14,不只关心造车与卖车，车企加码AI和新能源欲抢跑下一程,不只关心造车与卖车，车企加码AI和新能源欲抢跑下一程
2019-08-14,7月新能源销量TOP10：宝骏暴增近5倍，奇瑞eQ“裸泳”,7月新能源销量TOP10：宝骏暴增近5倍，奇瑞eQ“裸泳”
2019-08-14,补贴前售19.78万起 领动插电混动版上市,补贴前售19.78万起 领动插电混动版上市
2019-08-14,比亚迪(01211-HK)完成发行总额20亿人民币融资券,比亚迪(01211-HK)完成发行总额20亿人民币融资券
2019-08-14,比亚迪(002594.SZ)完成发行20亿元超短期融资劵,比亚迪(002594.SZ)完成发行20亿元超短期融资劵
2019-08-14,7月汽车产销同比降幅继续收窄 自主品牌压力凸显,7月汽车产销同比降幅继续收窄 自主品牌压力凸显
2019-08-14,造车不简单，卖车更不易,造车不简单，卖车更不易
2019-08-14,补贴退坡后首考：新能源汽车7月集体缩水，面临市场化转型阵痛 政策恶化,补贴退坡后首考：新能源汽车7月集体缩水，面临市场化转型阵痛 政策恶化
2019-08-14,乘用车格局：供给侧加速出清 头部公司更强,乘用车格局：供给侧加速出清 头部公司更强
2019-08-14,汽车行业资金承压储粮过冬？前7月车企发债大增8成,汽车行业资金承压储粮过冬？前7月车企发债大增8成
2019-08-14,累销超600万辆 全球新能源车企哪家强？,累销超600万辆 全球新能源车企哪家强？
2019-08-14,全新比亚迪秦EV将于8月19日正式亮相,全新比亚迪秦EV将于8月19日正式亮相
2019-08-14,前七月车企发债大增八成： 汽车行业储粮过冬？,前七月车企发债大增八成： 汽车行业储粮过冬？
2019-08-14,"电力设备与新能源行业周报:电动车筑底待旺季,光伏降价见底等旺季","电力设备与新能源行业周报:电动车筑底待旺季,光伏降价见底等旺季"
2019-08-14,"半年销量均未过万 造车新势力或将面临新一轮""洗牌""","半年销量均未过万 造车新势力或将面临新一轮""洗牌"""
2019-08-15,戴姆勒首批纯电卡车交付，叫板特斯拉,戴姆勒首批纯电卡车交付，叫板特斯拉
2019-08-15,新能源销量近三年首跌 “变数”成下半年关键词 盈利能力下降,新能源销量近三年首跌 “变数”成下半年关键词 盈利能力下降
2019-08-15,援手华为！全球每10台手机，就有2台应用比亚迪电子技术,援手华为！全球每10台手机，就有2台应用比亚迪电子技术
2019-08-15,工信部第323批新车公示：腾势X/敏安MX-6/比亚迪宋pro等307款新能源车进入,工信部第323批新车公示：腾势X/敏安MX-6/比亚迪宋pro等307款新能源车进入
2019-08-15,e1折戟 比亚迪靠什么冲击50万销量目标？,e1折戟 比亚迪靠什么冲击50万销量目标？
2019-08-15,"电气设备行业2019年7月新能源汽车销量点评:7月新能车产销符合预期,对全年销量保持乐观","电气设备行业2019年7月新能源汽车销量点评:7月新能车产销符合预期,对全年销量保持乐观"
2019-08-15,"电力设备与新能源行业2019年7月动力电池装机数据点评:装机环比下滑,龙头高度集中,二线竞争加剧","电力设备与新能源行业2019年7月动力电池装机数据点评:装机环比下滑,龙头高度集中,二线竞争加剧"
2019-08-15,"万里扬:CVT客户拓展顺利,新能源产品布局齐全","万里扬:CVT客户拓展顺利,新能源产品布局齐全"
2019-08-15,纯电动+混动 丰田的双轮驱动电气化时代,纯电动+混动 丰田的双轮驱动电气化时代
2019-08-16,"新闻精选| 恒大造车业务上半年亏损约20亿, 一汽股份出售子公司股权底价6.95亿元","新闻精选| 恒大造车业务上半年亏损约20亿, 一汽股份出售子公司股权底价6.95亿元"
2019-08-16,全球新能源车销量：比亚迪两款车入围前3,全球新能源车销量：比亚迪两款车入围前3
2019-08-16,丰田在华悄然提速新一轮产业布局,丰田在华悄然提速新一轮产业布局
2019-08-16,头号研报：动力电池竞争加剧 关注3只龙头公司,头号研报：动力电池竞争加剧 关注3只龙头公司
2019-08-16,又一代工厂巨头“崛起”，富士康进退两难，郭台铭扬言：奉陪到底,又一代工厂巨头“崛起”，富士康进退两难，郭台铭扬言：奉陪到底
2019-08-16,补贴退坡杀伤力凸显，比亚迪、江淮7月新能源车销量下滑 政策恶化,补贴退坡杀伤力凸显，比亚迪、江淮7月新能源车销量下滑 政策恶化
2019-08-16,7月新能源汽车产量：我命由补贴,7月新能源汽车产量：我命由补贴
2019-08-16,【EV战略】比亚迪新能源战略布局全解析,【EV战略】比亚迪新能源战略布局全解析
2019-08-16,"汽车和汽车零部件行业:供给保守需求透支,底部逐步回暖","汽车和汽车零部件行业:供给保守需求透支,底部逐步回暖"
2019-08-16,电力设备与新能源行业8月第2周周报:全球最大钴矿Mutanda计划2019年底停产 经营问题,电力设备与新能源行业8月第2周周报:全球最大钴矿Mutanda计划2019年底停产 经营问题
2019-08-16,“腾势X”实车图曝光，推插混及纯电两种动力,“腾势X”实车图曝光，推插混及纯电两种动力
2019-08-17,寒流从下往上蔓延 新能源汽车产业链分化明显,寒流从下往上蔓延 新能源汽车产业链分化明显
2019-08-17,全球新能源车半年销量逾百万辆 特斯拉居首比亚迪第2,全球新能源车半年销量逾百万辆 特斯拉居首比亚迪第2
2019-08-17,再等11天！比亚迪“两厢”秦Pro将上市 预售10万起,再等11天！比亚迪“两厢”秦Pro将上市 预售10万起
2019-08-18,一周热点 |云度汽车街头自燃；7月新能源汽车销售8万辆；宝马同比增长超40%,一周热点 |云度汽车街头自燃；7月新能源汽车销售8万辆；宝马同比增长超40%
2019-08-19,【安信汽车】工信部发布2019年乘用车企业双积分，自主品牌领先,【安信汽车】工信部发布2019年乘用车企业双积分，自主品牌领先
2019-08-19,容百科技上市前后问题依旧 科创板首份财报黯然失色,容百科技上市前后问题依旧 科创板首份财报黯然失色
2019-08-19,补贴退坡影响新能源销量比亚迪65万辆目标依然可期?,补贴退坡影响新能源销量比亚迪65万辆目标依然可期?
2019-08-19,媒体：特斯拉、宁德时代、比亚迪对印度电池厂项目表现出了兴趣,媒体：特斯拉、宁德时代、比亚迪对印度电池厂项目表现出了兴趣
2019-08-19,323批公告：比亚迪配套长安 腾势新车型换装三元,323批公告：比亚迪配套长安 腾势新车型换装三元
2019-08-19,不再犹豫！新能源龙头比亚迪果断下调销量目标,不再犹豫！新能源龙头比亚迪果断下调销量目标
2019-08-20,调查丨地补取消后4S店“苦不堪言”，车企正酝酿“涨价”,调查丨地补取消后4S店“苦不堪言”，车企正酝酿“涨价”
2019-08-20,数说丨7月新能源销量两年来首次下滑，“知豆们”悄悄逆袭 盈利能力下降,数说丨7月新能源销量两年来首次下滑，“知豆们”悄悄逆袭 盈利能力下降
2019-08-20,比亚迪入选《财富》“改变世界的企业”：因扩大电动汽车市场位列第三,比亚迪入选《财富》“改变世界的企业”：因扩大电动汽车市场位列第三
2019-08-20,印度拟建锂离子电池厂 特斯拉宁德时代比亚迪等公司有兴趣参与,印度拟建锂离子电池厂 特斯拉宁德时代比亚迪等公司有兴趣参与
2019-08-20,21视频丨《财富》发布“改变世界的企业”榜单 高通第一 比亚迪列第三,21视频丨《财富》发布“改变世界的企业”榜单 高通第一 比亚迪列第三
2019-08-21,比亚迪发布半年报：销售汽车22.8万辆，净利增长203.61%,比亚迪发布半年报：销售汽车22.8万辆，净利增长203.61%
2019-08-21,比亚迪上半年业绩飘红 行业低迷下半年仍承压,比亚迪上半年业绩飘红 行业低迷下半年仍承压
2019-08-21,多公司发布晚间重要公告22号走势或将反转,多公司发布晚间重要公告22号走势或将反转
2019-08-21,比亚迪净利增速骤缓，65万辆销售目标恐难达成 盈利能力下降,比亚迪净利增速骤缓，65万辆销售目标恐难达成 盈利能力下降
2019-08-21,2019年52家改变世界的公司：比亚迪、阿里巴巴等上榜,2019年52家改变世界的公司：比亚迪、阿里巴巴等上榜
2019-08-21,新能源优势加大 比亚迪上半年净利翻番上演“一枝独秀”,新能源优势加大 比亚迪上半年净利翻番上演“一枝独秀”
2019-08-21,比亚迪上半年净利同比增204% 预计前三季度净利增速低于15%,比亚迪上半年净利同比增204% 预计前三季度净利增速低于15%
2019-08-21,比亚迪(002594.SZ)完成发行10亿元超短期融资劵 发行利率2.85%,比亚迪(002594.SZ)完成发行10亿元超短期融资劵 发行利率2.85%
2019-08-21,比亚迪中报：上半年净利润14.55亿元，同比增长203.61%,比亚迪中报：上半年净利润14.55亿元，同比增长203.61%
2019-08-21,比亚迪e5“起火” 自燃起因或为动力电池 安全事故,比亚迪e5“起火” 自燃起因或为动力电池 安全事故
2019-08-21,比亚迪杀入汽车级MCU市场,比亚迪杀入汽车级MCU市场
2019-08-21,比亚迪全新秦EV亮相：纯电续航达420km，1.5小时充满电量,比亚迪全新秦EV亮相：纯电续航达420km，1.5小时充满电量
2019-08-21,引领中国企业改变世界 比亚迪位列《财富》“改变世界企业榜”前三,引领中国企业改变世界 比亚迪位列《财富》“改变世界企业榜”前三
2019-08-21,新比亚迪秦EV或三季度上市，续航421km,新比亚迪秦EV或三季度上市，续航421km
2019-08-21,中报五大看点：25股净利增超300% 18股二季度环比猛增10倍+,中报五大看点：25股净利增超300% 18股二季度环比猛增10倍+
2019-08-21,新能源汽车行业周报:比亚迪动力电池配套长安,新能源汽车行业周报:比亚迪动力电池配套长安
2019-08-21,比亚迪：预计三季度公司新能源汽车销售将有所放缓,比亚迪：预计三季度公司新能源汽车销售将有所放缓
2019-08-22,比亚迪：补贴退坡产业链盈利承压；泥头车业务将贡献增量,比亚迪：补贴退坡产业链盈利承压；泥头车业务将贡献增量
2019-08-22,比亚迪发布上半年财报：净利润14.55亿元同比增两倍,比亚迪发布上半年财报：净利润14.55亿元同比增两倍
2019-08-22,比亚迪上半年营收、利润实现双增长，汽车业务收入同比增长16.27%,比亚迪上半年营收、利润实现双增长，汽车业务收入同比增长16.27%
2019-08-22,8月以来 评级及目标价遭中金公司下调的上市公司 投资评级恶化,8月以来 评级及目标价遭中金公司下调的上市公司 投资评级恶化
2019-08-22,比亚迪唐混动SUV新增入门版 9月上市售价下调,比亚迪唐混动SUV新增入门版 9月上市售价下调
2019-08-22,野村：下调比亚迪(1211.HK)目标价至39.2港元 评级“减持” 机构下调估值,野村：下调比亚迪(1211.HK)目标价至39.2港元 评级“减持” 机构下调估值
2019-08-22,比亚迪上半年业绩报告：新能源车依旧强势 占总销量超六成,比亚迪上半年业绩报告：新能源车依旧强势 占总销量超六成
2019-08-22,财富发布2019年改变世界的52家公司：比亚迪排名前三,财富发布2019年改变世界的52家公司：比亚迪排名前三
2019-08-22,比亚迪(002594.SZ)前三季度净利润预增1.83%-14.93%至15.55亿元-17.55亿元,比亚迪(002594.SZ)前三季度净利润预增1.83%-14.93%至15.55亿元-17.55亿元
2019-08-22,车企体检报告：首次下跌的新能源汽车市场 也要变冷了？,车企体检报告：首次下跌的新能源汽车市场 也要变冷了？
2019-08-22,比亚迪干不过吉利？净利暴增超两倍股价反跌 下半年业绩堪忧 盈利能力下降,比亚迪干不过吉利？净利暴增超两倍股价反跌 下半年业绩堪忧 盈利能力下降
2019-08-22,中金：下调比亚迪(1211.HK)目标价29％ 补贴退坡令盈利受压 机构下调估值,中金：下调比亚迪(1211.HK)目标价29％ 补贴退坡令盈利受压 机构下调估值
2019-08-22,比亚迪销量泡沫破灭！这次巴菲特看走眼了？,比亚迪销量泡沫破灭！这次巴菲特看走眼了？
2019-08-22,比亚迪中报净利同比增逾2倍 业务布局多点开花带来增长新动能,比亚迪中报净利同比增逾2倍 业务布局多点开花带来增长新动能
2019-08-22,快讯：比亚迪股份跌6.02% 净利润增速趋缓,快讯：比亚迪股份跌6.02% 净利润增速趋缓
2019-08-22,比亚迪上半年财报：净利润同比增203.55% 但隐忧已现,比亚迪上半年财报：净利润同比增203.55% 但隐忧已现
2019-08-22,【异动股】比亚迪(01211-HK)绩后曾跌5.9%,【异动股】比亚迪(01211-HK)绩后曾跌5.9%
2019-08-22,业绩低于预期 比亚迪H股盘中跌超7%创16个月最大跌幅,业绩低于预期 比亚迪H股盘中跌超7%创16个月最大跌幅
2019-08-22,"比亚迪:半年度业绩符合预期,下半年压力中前行","比亚迪:半年度业绩符合预期,下半年压力中前行"
2019-08-22,"比亚迪2019中报点评:H1业绩靓丽,H2将承压","比亚迪2019中报点评:H1业绩靓丽,H2将承压"
2019-08-22,总营收621.8亿元 比亚迪公布上半年业绩,总营收621.8亿元 比亚迪公布上半年业绩
2019-08-22,出海记｜入榜“改变世界的企业” 比亚迪高居第三位,出海记｜入榜“改变世界的企业” 比亚迪高居第三位
2019-08-22,财富发布改变世界52家公司：比亚迪、阿里、百度上榜,财富发布改变世界52家公司：比亚迪、阿里、百度上榜
2019-08-22,同比增逾200% 比亚迪上半年实现净利润14.5亿元,同比增逾200% 比亚迪上半年实现净利润14.5亿元
2019-08-22,比亚迪(01211-HK)中期多赚2倍预计3季度盈利或大降 盈利能力下降,比亚迪(01211-HK)中期多赚2倍预计3季度盈利或大降 盈利能力下降
2019-08-22,车企新合资项目“开花不结果”(2),车企新合资项目“开花不结果”(2)
2019-08-22,驱动电机：采埃孚、大众、日本电产、东芝挺入Top 10，外资企业占比28%,驱动电机：采埃孚、大众、日本电产、东芝挺入Top 10，外资企业占比28%
2019-08-22,比亚迪：中报业绩高增长，新能源短期承压长期看好,比亚迪：中报业绩高增长，新能源短期承压长期看好
2019-08-22,中金：下调比亚迪A和H股目标价 新能源车补贴退坡令盈利承压 机构下调估值,中金：下调比亚迪A和H股目标价 新能源车补贴退坡令盈利承压 机构下调估值
2019-08-22,3家中国公司入围2019改变世界的52家公司,3家中国公司入围2019改变世界的52家公司
2019-08-22,中期净利大增两倍，但三季度高度承压，比亚迪AH齐跌,中期净利大增两倍，但三季度高度承压，比亚迪AH齐跌
2019-08-22,【安信汽车】比亚迪：中报基本符合预期，补贴下滑对盈利影响可控 盈利能力下降,【安信汽车】比亚迪：中报基本符合预期，补贴下滑对盈利影响可控 盈利能力下降
2019-08-22,比亚迪“期中考”放榜：净利润增逾两倍，新能源贡献四成,比亚迪“期中考”放榜：净利润增逾两倍，新能源贡献四成
2019-08-22,上半年全球电动车市扫描：中国市场正转型，特斯拉扩大优势,上半年全球电动车市扫描：中国市场正转型，特斯拉扩大优势
2019-08-23,重磅！A股分拆上市来了，7大硬性条件如何影响市场？,重磅！A股分拆上市来了，7大硬性条件如何影响市场？
2019-08-23,比亚迪上半年盈利14.55亿 下半年补贴腰斩能否继续笑傲 盈利能力下降,比亚迪上半年盈利14.55亿 下半年补贴腰斩能否继续笑傲 盈利能力下降
2019-08-23,补贴退坡 电池企业多途径寻求出路,补贴退坡 电池企业多途径寻求出路
2019-08-23,比亚迪明年推新铁锂电池丨惠普发布Q3财报【Do说】,比亚迪明年推新铁锂电池丨惠普发布Q3财报【Do说】
2019-08-23,青海比亚迪锂电池厂部分车间放假，预计持续至9月底,青海比亚迪锂电池厂部分车间放假，预计持续至9月底
2019-08-23,中国车企公布“期中考试”成绩单，仅比亚迪财报净利润同比增长？,中国车企公布“期中考试”成绩单，仅比亚迪财报净利润同比增长？
2019-08-23,美银美林：下调比亚迪(1211.HK)目标价至30港元 重申“跑输大市”评级 机构下调估值,美银美林：下调比亚迪(1211.HK)目标价至30港元 重申“跑输大市”评级 机构下调估值
2019-08-23,净利润同比增长203.61% 解读比亚迪上半年的进退攻守,净利润同比增长203.61% 解读比亚迪上半年的进退攻守
2019-08-23,广汽斥资6.5亿 造Aion新SUV 竞争比亚迪元EV,广汽斥资6.5亿 造Aion新SUV 竞争比亚迪元EV
2019-08-23,比亚迪昨跌近7% 现续跌逾1%创一年新低 连续下跌,比亚迪昨跌近7% 现续跌逾1%创一年新低 连续下跌
2019-08-23,比亚迪推新电池：体积能量密度升50%,比亚迪推新电池：体积能量密度升50%
2019-08-23,比亚迪明年或推新磷酸铁锂电池 能量密度升50%成本降30%,比亚迪明年或推新磷酸铁锂电池 能量密度升50%成本降30%
2019-08-23,大和：大降比亚迪(1211.HK)目标价至57港元 评级“买入” 机构下调估值,大和：大降比亚迪(1211.HK)目标价至57港元 评级“买入” 机构下调估值
2019-08-24,成本降30% 比亚迪将推新磷酸铁锂电池,成本降30% 比亚迪将推新磷酸铁锂电池
2019-08-24,比亚迪发布“即插即充”技术,比亚迪发布“即插即充”技术
2019-08-24,外媒曝大众或入股国轩高科，谁在“哄抢”中国电池？,外媒曝大众或入股国轩高科，谁在“哄抢”中国电池？
2019-08-24,【山证汽车】比亚迪（002594.SZ）半年报点评：受益补贴过渡期与车型全面更新，营收持续高增长,【山证汽车】比亚迪（002594.SZ）半年报点评：受益补贴过渡期与车型全面更新，营收持续高增长
2019-08-24,旨在便利充电 比亚迪发布即插即充技术,旨在便利充电 比亚迪发布即插即充技术
2019-08-26,"世纪证券：将比亚迪评级调低为""增持""","世纪证券：将比亚迪评级调低为""增持"""
2019-08-26,补贴前19.90-22.30万元 福特领界EV上市,补贴前19.90-22.30万元 福特领界EV上市
2019-08-26,7月二手车保值率数据公布 特斯拉比亚迪宝马5列新能源品牌前三名,7月二手车保值率数据公布 特斯拉比亚迪宝马5列新能源品牌前三名
2019-08-26,【锂电G20】比亚迪H1营收逾600亿 动力电池业务拆分加速,【锂电G20】比亚迪H1营收逾600亿 动力电池业务拆分加速
2019-08-26,比亚迪董事局主席王传福：汽车是长了腿的智能手机,比亚迪董事局主席王传福：汽车是长了腿的智能手机
2019-08-26,麦格理：下调比亚迪(1211.HK)目标价至20.7港元 重申“跑输大市”评级 机构下调估值,麦格理：下调比亚迪(1211.HK)目标价至20.7港元 重申“跑输大市”评级 机构下调估值
2019-08-26,补贴退坡影响大新能源车要涨价？车企宣称不涨价,补贴退坡影响大新能源车要涨价？车企宣称不涨价
2019-08-27,买了“国六”比亚迪却上不了车牌？引发消费者质疑,买了“国六”比亚迪却上不了车牌？引发消费者质疑
2019-08-27,比亚迪LFP迭代：体积比能量升50% 成本降30%,比亚迪LFP迭代：体积比能量升50% 成本降30%
2019-08-27,新能源乘用车7月产量排行：同比近年首现负增长，网约车热门车型产量下调是主因,新能源乘用车7月产量排行：同比近年首现负增长，网约车热门车型产量下调是主因
2019-08-27,新兴产业集群“千亿俱乐部”迎来生力军,新兴产业集群“千亿俱乐部”迎来生力军
2019-08-27,各大车企上半年业绩分化 新能源汽车仍是亮点 盈利能力下降,各大车企上半年业绩分化 新能源汽车仍是亮点 盈利能力下降
2019-08-28,【山证汽车】汽车行业周报 （20190819-20190825）：中报陆续公布，汽车营收普降 盈利能力下降,【山证汽车】汽车行业周报 （20190819-20190825）：中报陆续公布，汽车营收普降 盈利能力下降
2019-08-28,7月动力电池市场：宁德时代市占率近70%，客车市场反超乘用车市场,7月动力电池市场：宁德时代市占率近70%，客车市场反超乘用车市场
2019-08-28,一电排行榜 | 7月新能源乘用车上牌量同比下跌27.9%，出租市场占比下降16个百分点,一电排行榜 | 7月新能源乘用车上牌量同比下跌27.9%，出租市场占比下降16个百分点
2019-08-28,进军西南电动出行市场,进军西南电动出行市场
2019-08-28,花旗：降比亚迪(1211.HK)目标价至78.7港元 维持“买入”评级 机构下调估值,花旗：降比亚迪(1211.HK)目标价至78.7港元 维持“买入”评级 机构下调估值
2019-08-28,车企半年报出炉：新能源持续吸金，边缘品牌加速优胜劣汰,车企半年报出炉：新能源持续吸金，边缘品牌加速优胜劣汰
2019-08-29,利润暴涨203％！奥迪上门商议合作、汽车限购将放宽 348只基金产品押宝这个行业龙头,利润暴涨203％！奥迪上门商议合作、汽车限购将放宽 348只基金产品押宝这个行业龙头
2019-08-29,奥迪接近与比亚迪达成电池供应协议,奥迪接近与比亚迪达成电池供应协议
2019-08-29,动力电池的的死亡游戏：竞争只会更加残酷，谁能撑到天明？,动力电池的的死亡游戏：竞争只会更加残酷，谁能撑到天明？
2019-08-29,比亚迪再获数千台锂电叉车超级订单,比亚迪再获数千台锂电叉车超级订单
2019-08-29,在e平台标准化之下，比亚迪e2的个性又该如何表达？,在e平台标准化之下，比亚迪e2的个性又该如何表达？
2019-08-29,"新能源汽车行业周报:工信部,支持有条件地方建立燃油车禁行区试点","新能源汽车行业周报:工信部,支持有条件地方建立燃油车禁行区试点"
2019-08-29,传统车企VS新造车企，谁家的新能源汽车最保值？,传统车企VS新造车企，谁家的新能源汽车最保值？
2019-08-30,奥迪“选美”比亚迪？大众频频替动力电池抛绣球为哪般？,奥迪“选美”比亚迪？大众频频替动力电池抛绣球为哪般？
2019-08-30,下午被杀个措手不及,下午被杀个措手不及
2019-08-30,免征车辆购置税新能源车型目录发布，产业链龙头企业竞争潜力将凸显,免征车辆购置税新能源车型目录发布，产业链龙头企业竞争潜力将凸显
2019-08-30,港股复盘：下午被杀个措手不及,港股复盘：下午被杀个措手不及
2019-08-30,大众、国轩传绯闻之后，奥迪、比亚迪也悄悄牵起小手,大众、国轩传绯闻之后，奥迪、比亚迪也悄悄牵起小手
2019-08-30,车云日报丨全国ETC用户累计达到1.16亿，比亚迪与奥迪洽谈电池供货协议,车云日报丨全国ETC用户累计达到1.16亿，比亚迪与奥迪洽谈电池供货协议
2019-08-30,比亚迪成立深圳比亚迪电子有限公司,比亚迪成立深圳比亚迪电子有限公司
2019-08-30,比亚迪(1211.HK)涨4.5% 正与奥迪洽谈电池供货协议及其他深度合作,比亚迪(1211.HK)涨4.5% 正与奥迪洽谈电池供货协议及其他深度合作
2019-08-30,17家上市车企超7成净利下滑 亏损名单继续增员 亏损,17家上市车企超7成净利下滑 亏损名单继续增员 亏损
2019-08-30,电力设备与新能源行业周报:招标开启迎来光伏旺季政策助推公交出租电动化,电力设备与新能源行业周报:招标开启迎来光伏旺季政策助推公交出租电动化
2019-08-30,奥迪据悉与比亚迪达成电池供货协议 双方回应：暂时未果,奥迪据悉与比亚迪达成电池供货协议 双方回应：暂时未果
2019-08-30,传奥迪正与比亚迪就电池供应进行谈判,传奥迪正与比亚迪就电池供应进行谈判
2019-08-30,汽车股涨超2%，北京汽车涨4.8%,汽车股涨超2%，北京汽车涨4.8%
2019-08-30,奥迪或就电池供应合作比亚迪 设立合资、购买股份都有可能,奥迪或就电池供应合作比亚迪 设立合资、购买股份都有可能
2019-08-30,奥迪或入股比亚迪电池部门 达成电池采购,奥迪或入股比亚迪电池部门 达成电池采购
2019-08-30,比亚迪、奥迪将携手 是什么在悄然变化？,比亚迪、奥迪将携手 是什么在悄然变化？
2019-08-30,电池为王，奥迪或将牵手比亚迪,电池为王，奥迪或将牵手比亚迪
2019-08-30,比亚迪新秦EV/燃油将于9月5日开启预售,比亚迪新秦EV/燃油将于9月5日开启预售
2019-08-31,第26批免购置税新能源车目录发布，特斯拉/国能93/广汽丰田iA5/奔驰EQC等在列,第26批免购置税新能源车目录发布，特斯拉/国能93/广汽丰田iA5/奔驰EQC等在列
2019-08-31,汽车家电龙头业绩逆势增长,汽车家电龙头业绩逆势增长
2019-08-31,展现建设者风采 弘扬企业家精神,展现建设者风采 弘扬企业家精神
2019-09-02,长城汽车第五座整车工厂投产 ，重庆汽车产业朝“智慧”方向转型,长城汽车第五座整车工厂投产 ，重庆汽车产业朝“智慧”方向转型
2019-09-02,比亚迪和宁德时代拟开始在日本销售蓄电池,比亚迪和宁德时代拟开始在日本销售蓄电池
2019-09-02,全球新能源乘用车7月销量榜单：外资车企发力，中国车企仅比亚迪北汽上汽挺入Top 10,全球新能源乘用车7月销量榜单：外资车企发力，中国车企仅比亚迪北汽上汽挺入Top 10
2019-09-02,25家锂电池上市公司上半年业绩排名分析：比亚迪营收最高 宁德时代净利最多,25家锂电池上市公司上半年业绩排名分析：比亚迪营收最高 宁德时代净利最多
2019-09-02,不止电动车，比亚迪与宁德还要争日本蓄电池市场,不止电动车，比亚迪与宁德还要争日本蓄电池市场
2019-09-02,大数据报告：新能源车进入置换期 8月销量同比增长近130%,大数据报告：新能源车进入置换期 8月销量同比增长近130%
2019-09-02,【东吴电新】6月海外电动车销量8.08万辆，同比+23%，环比+20%,【东吴电新】6月海外电动车销量8.08万辆，同比+23%，环比+20%
2019-09-02,助推公交一体化 170辆比亚迪纯电动公交车投运西安市长安区,助推公交一体化 170辆比亚迪纯电动公交车投运西安市长安区
2019-09-02,日媒：宁德时代和比亚迪将角逐日本电池市场,日媒：宁德时代和比亚迪将角逐日本电池市场
2019-09-02,“坚守”铁锂/发展储能/牵手大众，国轩高科如何下好这盘棋？,“坚守”铁锂/发展储能/牵手大众，国轩高科如何下好这盘棋？
2019-09-03,广积粮，缓称王，比亚迪为何能在新能源汽车市场立于不败之地？,广积粮，缓称王，比亚迪为何能在新能源汽车市场立于不败之地？
2019-09-03,车企财报背后的三个“疑点”,车企财报背后的三个“疑点”
2019-09-03,主流车企半年财报：净利润普遍下滑，只有2家实现增长 | 中国汽车报 盈利能力下降,主流车企半年财报：净利润普遍下滑，只有2家实现增长 | 中国汽车报 盈利能力下降
2019-09-03,车市寒冬“冰封”车企半年报,车市寒冬“冰封”车企半年报
2019-09-03,透视汽车业半年报：“消失”的利润,透视汽车业半年报：“消失”的利润
2019-09-03,2019年上半年新建、拟建动力电池项目总投资超1900亿,2019年上半年新建、拟建动力电池项目总投资超1900亿
2019-09-03,后端锂电设备龙头，有望持续受益下游产能扩张--杭可科技(688006)深度报告,后端锂电设备龙头，有望持续受益下游产能扩张--杭可科技(688006)深度报告
2019-09-03,[路演]比亚迪：目前在中国新能源汽车市场占有率为24%,[路演]比亚迪：目前在中国新能源汽车市场占有率为24%
2019-09-04,透视18家车企半年报：仅3家实现净利润增长 长安汽车净亏损22亿 亏损,透视18家车企半年报：仅3家实现净利润增长 长安汽车净亏损22亿 亏损
2019-09-04,12家新能源汽车上市公司半年报：半数净利润下滑 寒流从下至上蔓延 盈利能力下降,12家新能源汽车上市公司半年报：半数净利润下滑 寒流从下至上蔓延 盈利能力下降
2019-09-04,比亚迪瞄准日本电池市场 或与松下正面交锋,比亚迪瞄准日本电池市场 或与松下正面交锋
2019-09-04,新能源汽车｜短期业绩承压，期待高质发展：2019年中报回顾 盈利能力下降,新能源汽车｜短期业绩承压，期待高质发展：2019年中报回顾 盈利能力下降
2019-09-04,中信证券：新能源汽车短期业绩承压，期待高质发展 盈利能力下降,中信证券：新能源汽车短期业绩承压，期待高质发展 盈利能力下降
2019-09-04,中国车企到底有多少钱花在了研发上？,中国车企到底有多少钱花在了研发上？
2019-09-04,电池企业与主机厂紧密捆绑，动力电池行业洗牌加速,电池企业与主机厂紧密捆绑，动力电池行业洗牌加速
2019-09-04,【东吴电新】电动车中报总结：中游业绩好于上游，各环节龙头优势凸显,【东吴电新】电动车中报总结：中游业绩好于上游，各环节龙头优势凸显
2019-09-04,拆解上半年车市：下降的利润、增长的研发投入与加重的资金压力 盈利能力下降,拆解上半年车市：下降的利润、增长的研发投入与加重的资金压力 盈利能力下降
2019-09-05,成都车展：比亚迪新秦EV预售13.98万起,成都车展：比亚迪新秦EV预售13.98万起
2019-09-05,预售价13.98万元起，比亚迪全新秦EV正式开启预售,预售价13.98万元起，比亚迪全新秦EV正式开启预售
2019-09-05,头号研报：锂电市场产生新变化,头号研报：锂电市场产生新变化
2019-09-05,孚能科技科创板IPO辅导提速 总结报告曝去年亏9000余万 亏损,孚能科技科创板IPO辅导提速 总结报告曝去年亏9000余万 亏损
2019-09-05,电力：新能源车上游利润向中游电池转移 荐7股,电力：新能源车上游利润向中游电池转移 荐7股
2019-09-05,【东吴晨报0905】【策略】周评【行业】电新【个股】正泰电器,【东吴晨报0905】【策略】周评【行业】电新【个股】正泰电器
2019-09-05,【电新行业*曾朵红】深度：电动车板块整体稳健增长，板块分化明显,【电新行业*曾朵红】深度：电动车板块整体稳健增长，板块分化明显
2019-09-05,大湾区A股上市公司研发十强出炉 上半年研发费用均超7.4亿元,大湾区A股上市公司研发十强出炉 上半年研发费用均超7.4亿元
2019-09-05,外媒：比亚迪或将为奥迪电池供应商 挑战宁德时代,外媒：比亚迪或将为奥迪电池供应商 挑战宁德时代
2019-09-06,比亚迪：8月汽车总销量下滑2.83%，新能源汽车销量大增逾五成 盈利能力下降,比亚迪：8月汽车总销量下滑2.83%，新能源汽车销量大增逾五成 盈利能力下降
2019-09-06,比亚迪：前8月新能源汽车销量17.89万辆 同比增55%,比亚迪：前8月新能源汽车销量17.89万辆 同比增55%
2019-09-06,比亚迪(002594.SZ)8月新能源汽车销量16719辆 同比下降23.44% 盈利能力下降,比亚迪(002594.SZ)8月新能源汽车销量16719辆 同比下降23.44% 盈利能力下降
2019-09-06,8月产销快报－乘用车：上汽/广汽/长安/吉利/比亚迪仍降，东风/长城/奇瑞增长,8月产销快报－乘用车：上汽/广汽/长安/吉利/比亚迪仍降，东风/长城/奇瑞增长
2019-09-06,上半年车企仅两家净利增长，得利的比亚迪为何股价不涨,上半年车企仅两家净利增长，得利的比亚迪为何股价不涨
2019-09-06,第一拨新能源车迎来置换高峰,第一拨新能源车迎来置换高峰
2019-09-06,17家上市车企仅2家上半年净利润增长，长安汽车亏了22亿 亏损,17家上市车企仅2家上半年净利润增长，长安汽车亏了22亿 亏损
2019-09-06,【盖世晨报】法兰克福车展开幕在即/长城获中信银行200亿授信,【盖世晨报】法兰克福车展开幕在即/长城获中信银行200亿授信
2019-09-06,比亚迪：前8月新能源汽车累计销量17.89万辆，同比增长54.91%,比亚迪：前8月新能源汽车累计销量17.89万辆，同比增长54.91%
2019-09-07,比亚迪8月销售16719辆新能源汽车 同比减少23.4% 盈利能力下降,比亚迪8月销售16719辆新能源汽车 同比减少23.4% 盈利能力下降
2019-09-07,比亚迪(01211-HK)8月销量万辆跌14% 盈利能力下降,比亚迪(01211-HK)8月销量万辆跌14% 盈利能力下降
2019-09-08,增长55% 比亚迪新能源车1-8月售18万辆,增长55% 比亚迪新能源车1-8月售18万辆
2019-09-08,【盖世周报】宁德时代为博世48V电池系统提供电芯；采埃孚8挡变速器在华投产,【盖世周报】宁德时代为博世48V电池系统提供电芯；采埃孚8挡变速器在华投产
2019-09-08,比亚迪为什么不赚钱？30亿元财务费用是重要原因,比亚迪为什么不赚钱？30亿元财务费用是重要原因
2019-09-09,车圈 | 只推电动车？错！比亚迪燃油车仍在推,车圈 | 只推电动车？错！比亚迪燃油车仍在推
2019-09-09,上半年多家车企营收净利双降 新能源汽车成新增长点 盈利能力下降,上半年多家车企营收净利双降 新能源汽车成新增长点 盈利能力下降
2019-09-09,售11.99万元 比亚迪宋MAX新增车型上市,售11.99万元 比亚迪宋MAX新增车型上市
2019-09-09,第8批新能源车型推荐目录发布，雪佛兰MENLO/腾势X/长安E-Rock等246款车型入选,第8批新能源车型推荐目录发布，雪佛兰MENLO/腾势X/长安E-Rock等246款车型入选
2019-09-09,比亚迪8月新能源汽车销量同比下滑23.44% 盈利能力下降,比亚迪8月新能源汽车销量同比下滑23.44% 盈利能力下降
2019-09-09,伟创力长沙工厂停产后，比亚迪长沙工厂首批华为手机下线 经营问题,伟创力长沙工厂停产后，比亚迪长沙工厂首批华为手机下线 经营问题
2019-09-09,A股早报2019年9月9日星期一,A股早报2019年9月9日星期一
2019-09-09,9月9日盘前汇 | 今年前8个月我国外贸进出口增长3.6%,9月9日盘前汇 | 今年前8个月我国外贸进出口增长3.6%
2019-09-09,港股公告精选：腾讯控股9月6日斥3760.74万港元回购11.01万股,港股公告精选：腾讯控股9月6日斥3760.74万港元回购11.01万股
2019-09-09,政府补贴退坡产品结构单一 北汽蓝谷欲驶向何方,政府补贴退坡产品结构单一 北汽蓝谷欲驶向何方
2019-09-09,"电力设备新能源行业2019年半年报综述:新能源业绩表现突出,下半年把握量增主线","电力设备新能源行业2019年半年报综述:新能源业绩表现突出,下半年把握量增主线"
2019-09-09,比亚迪：电动销量环比持平，9月有望回升,比亚迪：电动销量环比持平，9月有望回升
2019-09-10,比亚迪长沙工厂华为手机批量下线：预计年内可日产手机8万台,比亚迪长沙工厂华为手机批量下线：预计年内可日产手机8万台
2019-09-10,新能源市场，赚到钱的不只是比亚迪和宁德时代,新能源市场，赚到钱的不只是比亚迪和宁德时代
2019-09-10,动力电池行业的正在加速洗牌,动力电池行业的正在加速洗牌
2019-09-10,比亚迪：向以色列交付10台纯电动大巴,比亚迪：向以色列交付10台纯电动大巴
2019-09-10,去年1.5%，今年13%，合资车企正在吞噬中国新能源市场！,去年1.5%，今年13%，合资车企正在吞噬中国新能源市场！
2019-09-10,8月车企销量快报 | 长城哈弗同比劲增17.08%；比亚迪新能源下跌23.44% 盈利能力下降,8月车企销量快报 | 长城哈弗同比劲增17.08%；比亚迪新能源下跌23.44% 盈利能力下降
2019-09-10,商务部力促“针对性”政策出台 四季度车市能否被点燃？,商务部力促“针对性”政策出台 四季度车市能否被点燃？
2019-09-10,新能源汽车行业周报:2020年底重点区域新能源物流车使用比例将达80%,新能源汽车行业周报:2020年底重点区域新能源物流车使用比例将达80%
2019-09-10,32家储能企业成绩单：近6成净利润下滑 盈利能力下降,32家储能企业成绩单：近6成净利润下滑 盈利能力下降
2019-09-11,上市车企整体利润空间压缩,上市车企整体利润空间压缩
2019-09-11,出征海外储能 “迈开腿”的中国企业样本,出征海外储能 “迈开腿”的中国企业样本
2019-09-11,8月车企销量快报解读：乘用车底部特征明显 结构变化利好日系品牌,8月车企销量快报解读：乘用车底部特征明显 结构变化利好日系品牌
2019-09-11,8月新能源车仍下跌，工信部拟修改双积分政策引导节能车多元化,8月新能源车仍下跌，工信部拟修改双积分政策引导节能车多元化
2019-09-11,【成都车展特刊】TNGA成员悉数到场 一汽丰田携十余款车型亮相成都车展,【成都车展特刊】TNGA成员悉数到场 一汽丰田携十余款车型亮相成都车展
2019-09-12,比亚迪下跌4%暂领跌国指股 麦格理维持跑输大市评级,比亚迪下跌4%暂领跌国指股 麦格理维持跑输大市评级
2019-09-12,港股异动 | 比亚迪跌3.65% 8月新能源车销量继续下降 盈利能力下降,港股异动 | 比亚迪跌3.65% 8月新能源车销量继续下降 盈利能力下降
2019-09-12,为什么说比亚迪e2堪当人生首选座驾？,为什么说比亚迪e2堪当人生首选座驾？
2019-09-12,下半年往哪走？12家车企高管谈市场前景,下半年往哪走？12家车企高管谈市场前景
2019-09-12,广东探路民营经济高质量发展 政企合力跨越融资、市场、创新“三重门”,广东探路民营经济高质量发展 政企合力跨越融资、市场、创新“三重门”
2019-09-12,"汽车和汽车零部件行业:双积分再度修正,促进行业合理发展","汽车和汽车零部件行业:双积分再度修正,促进行业合理发展"
2019-09-12,8月新能源客车谁逆势增长？,8月新能源客车谁逆势增长？
2019-09-13,吉利汽车的下半场故事,吉利汽车的下半场故事
2019-09-13,动力电池装车量前8月增长近66%，宁德时代居首,动力电池装车量前8月增长近66%，宁德时代居首
2019-09-15,广东多措并举引领民营经济高质量发展 未来发展信心十足,广东多措并举引领民营经济高质量发展 未来发展信心十足
2019-09-15,一周热点 | 双积分管理办法再次征求意见；8月新能源汽车销售8.5万辆；宝马部署氢燃料电池技术,一周热点 | 双积分管理办法再次征求意见；8月新能源汽车销售8.5万辆；宝马部署氢燃料电池技术
2019-09-15,【东吴电新曾朵红团队】周策略：光伏中上游开始涨价，锂电龙头景气度提升,【东吴电新曾朵红团队】周策略：光伏中上游开始涨价，锂电龙头景气度提升
2019-09-15,或命名“汉” 曝比亚迪全新中型车谍照,或命名“汉” 曝比亚迪全新中型车谍照
2019-09-16,新能源车市迎涨价关口,新能源车市迎涨价关口
2019-09-16,2019中国汽车创新与趋势峰会暨年度颁奖盛典圆满落幕，大奖都有谁？｜车业杂谈,2019中国汽车创新与趋势峰会暨年度颁奖盛典圆满落幕，大奖都有谁？｜车业杂谈
2019-09-16,比亚迪车展上冒烟 4S店：第三方操作不当,比亚迪车展上冒烟 4S店：第三方操作不当
2019-09-16,汽车：如何看待我国汽车行业未来发展 荐5股,汽车：如何看待我国汽车行业未来发展 荐5股
2019-09-16,2019年重点行业中报总结（二）,2019年重点行业中报总结（二）
2019-09-16,汽车：四季度表现值得期待 荐8股,汽车：四季度表现值得期待 荐8股
2019-09-16,汽车：行业复苏在即 荐8股,汽车：行业复苏在即 荐8股
2019-09-16,比亚迪e2正式上市，综合补贴后价格8.98万元起,比亚迪e2正式上市，综合补贴后价格8.98万元起
2019-09-17,"电力设备与新能源行业点评:8月电动车销8.5万辆,环比+6.4%,同比-15.8%,纯电乘用车明显回暖","电力设备与新能源行业点评:8月电动车销8.5万辆,环比+6.4%,同比-15.8%,纯电乘用车明显回暖"
2019-09-17,电气设备：四季度将迎产销旺季 荐9股,电气设备：四季度将迎产销旺季 荐9股
2019-09-17,把手机装进汽车里，需要几步？,把手机装进汽车里，需要几步？
2019-09-17,奔驰CEO康林松：与吉利合作需“与现有合作领域不相冲突”,奔驰CEO康林松：与吉利合作需“与现有合作领域不相冲突”
2019-09-17,比亚迪宋Pro DM将推短纯电续航版 综合工况续航51公里,比亚迪宋Pro DM将推短纯电续航版 综合工况续航51公里
2019-09-17,比亚迪唐EV600“豪华版”曝光！续航超奔驰EQC,比亚迪唐EV600“豪华版”曝光！续航超奔驰EQC
2019-09-17,深圳近2万合规网约车明年底前“洗牌”：目前正加速退出，会否出现“打车难”,深圳近2万合规网约车明年底前“洗牌”：目前正加速退出，会否出现“打车难”
2019-09-17,软包动力电池全国第一 孚能科技开启科创板之旅,软包动力电池全国第一 孚能科技开启科创板之旅
2019-09-17,8月份新能源乘用车销量下滑 造车新势力蔚来进前十 盈利能力下降,8月份新能源乘用车销量下滑 造车新势力蔚来进前十 盈利能力下降
2019-09-18,新增网约车必须纯电动：深圳加速推进 其他城市呢？,新增网约车必须纯电动：深圳加速推进 其他城市呢？
2019-09-18,信托公司被骗大盘点 哪家栽的最“冤”？ 欺诈造假,信托公司被骗大盘点 哪家栽的最“冤”？ 欺诈造假
2019-09-18,新能源补贴退坡阵痛期 7大车企开出止痛药,新能源补贴退坡阵痛期 7大车企开出止痛药
2019-09-18,[互动]当升科技：为比亚迪批量供应多元正极材料,[互动]当升科技：为比亚迪批量供应多元正极材料
2019-09-18,新能源乘用车8月销量：纯电市场止跌回温，宝骏E100夺8月销冠,新能源乘用车8月销量：纯电市场止跌回温，宝骏E100夺8月销冠
2019-09-18,工信部第324批新车公示：吉利几何A/欧拉R2/比亚迪唐DM等299款新能源车进入,工信部第324批新车公示：吉利几何A/欧拉R2/比亚迪唐DM等299款新能源车进入
2019-09-19,10款经典车 传奇永留存(2),10款经典车 传奇永留存(2)
2019-09-19,销量同比下跌16%！8月新能源汽车产业链还好吗？ 盈利能力下降,销量同比下跌16%！8月新能源汽车产业链还好吗？ 盈利能力下降
2019-09-19,比亚迪唐DM低功率版现身 双擎四驱百公里加速5.1秒,比亚迪唐DM低功率版现身 双擎四驱百公里加速5.1秒
2019-09-19,第324批新车公示：260款新能源商用车申报，广西申龙/宇通客车申报车型达20款,第324批新车公示：260款新能源商用车申报，广西申龙/宇通客车申报车型达20款
2019-09-19,新能源汽车混战时代 比亚迪将如何突出重围？,新能源汽车混战时代 比亚迪将如何突出重围？
2019-09-19,纯电动车浪潮再掀，这些个股或受关注,纯电动车浪潮再掀，这些个股或受关注
2019-09-20,工信部发布拟撤销新能源车免购置税资格名单 比亚迪等上榜 资质撤销,工信部发布拟撤销新能源车免购置税资格名单 比亚迪等上榜 资质撤销
2019-09-20,头号研报：磷酸铁锂重获亲睐,头号研报：磷酸铁锂重获亲睐
2019-09-20,比亚迪成立深圳比亚迪电子有限公司,比亚迪成立深圳比亚迪电子有限公司
2019-09-20,数说丨自主“过冬”各谋出路：吉利冲高 长城多点布局,数说丨自主“过冬”各谋出路：吉利冲高 长城多点布局
2019-09-20,工信部拟撤销432款新能源车免购置税资格，前途K50/哪吒N01/威马EX5/别克VELITE 6等车型上榜 资质撤销,工信部拟撤销432款新能源车免购置税资格，前途K50/哪吒N01/威马EX5/别克VELITE 6等车型上榜 资质撤销
2019-09-20,决战补贴过渡期 磷酸铁锂重回车企视线,决战补贴过渡期 磷酸铁锂重回车企视线
2019-09-20,一电观察 | Aion LX能赌赢吗？,一电观察 | Aion LX能赌赢吗？
2019-09-20,数说风云：车市逐渐回暖/日产深陷泥潭,数说风云：车市逐渐回暖/日产深陷泥潭
2019-09-20,“戴姆勒将停止研发内燃机”是真是假？看其电气化攻略就明白了！,“戴姆勒将停止研发内燃机”是真是假？看其电气化攻略就明白了！
2019-09-21,新能源二手车保值率低 交易市场“门庭冷落”,新能源二手车保值率低 交易市场“门庭冷落”
2019-09-21,补贴红利不再 动力电池加速洗牌,补贴红利不再 动力电池加速洗牌
2019-09-21,角力海外市场，中国车企能否凭借新能源打开“新世界”？,角力海外市场，中国车企能否凭借新能源打开“新世界”？
2019-09-21,新能源汽车销量持续回落，补贴退坡导致竞争加剧 盈利能力下降,新能源汽车销量持续回落，补贴退坡导致竞争加剧 盈利能力下降
2019-09-21,孚能科技大客户依赖现象明显 营收和采购数据存在异常 关联方问题,孚能科技大客户依赖现象明显 营收和采购数据存在异常 关联方问题
2019-09-22,8月新能源汽车销量同比降幅扩大，完成全年150万辆目标，挑战重重 盈利能力下降,8月新能源汽车销量同比降幅扩大，完成全年150万辆目标，挑战重重 盈利能力下降
2019-09-23,比亚迪：在德国斩获22台12米纯电动大巴订单,比亚迪：在德国斩获22台12米纯电动大巴订单
2019-09-23,贝特瑞（835185）:锂电池负极材料龙头，正极材料成新爆点【寻找新三板精选层标的专题报告（十三）】,贝特瑞（835185）:锂电池负极材料龙头，正极材料成新爆点【寻找新三板精选层标的专题报告（十三）】
2019-09-23,奇瑞新能源新款车现身工信部第八批推荐名录,奇瑞新能源新款车现身工信部第八批推荐名录
2019-09-23,比亚迪唐DM新增车型将于9月26日上市,比亚迪唐DM新增车型将于9月26日上市
2019-09-23,比亚迪秦高速方向盘失灵 先前保养竟无人检出问题,比亚迪秦高速方向盘失灵 先前保养竟无人检出问题
2019-09-23,孚能科技闯关科创板，冲击动力电池头部阵营,孚能科技闯关科创板，冲击动力电池头部阵营
2019-09-23,数说丨8月仅两家车企新能源月销过万 “金九银十”能否回暖？,数说丨8月仅两家车企新能源月销过万 “金九银十”能否回暖？
2019-09-24,MCU芯片销量第一 产业链公司受关注 六股热,MCU芯片销量第一 产业链公司受关注 六股热
2019-09-24,汽车板块异动 众泰汽车、比亚迪涨2%,汽车板块异动 众泰汽车、比亚迪涨2%
2019-09-24,一电排行榜 | 8月新能源乘用车上牌量同比再跌32%，威马夺新势力上险冠军,一电排行榜 | 8月新能源乘用车上牌量同比再跌32%，威马夺新势力上险冠军
2019-09-24,8月新能源车销量分化严重 广汽集团爆款车型一锤定音,8月新能源车销量分化严重 广汽集团爆款车型一锤定音
2019-09-24,2019年中国动力电池行业市场竞争格局分析 行业补贴开始退坡 市场集中度不断上升,2019年中国动力电池行业市场竞争格局分析 行业补贴开始退坡 市场集中度不断上升
2019-09-24,新能源乘用车8月产量排行：北汽EU5产量再次破万，理想ONE开始量产,新能源乘用车8月产量排行：北汽EU5产量再次破万，理想ONE开始量产
2019-09-24,【东吴电新曾朵红团队】天奈科技：碳纳米管导电剂龙头，国产替代领路人,【东吴电新曾朵红团队】天奈科技：碳纳米管导电剂龙头，国产替代领路人
2019-09-25,独家丨比亚迪内部人士回应“让IGBT业务IPO”：一个月前就已确定,独家丨比亚迪内部人士回应“让IGBT业务IPO”：一个月前就已确定
2019-09-25,8月新能源汽车销量继续下滑，比亚迪跌近4% 盈利能力下降,8月新能源汽车销量继续下滑，比亚迪跌近4% 盈利能力下降
2019-09-25,比亚迪回应IGBT业务IPO：暂无可披露消息,比亚迪回应IGBT业务IPO：暂无可披露消息
2019-09-25,EV晨报 | 蔚来第二季度净亏损33亿；大众开始生产电池；本田2025年电动化；LG南京生产高镍电池,EV晨报 | 蔚来第二季度净亏损33亿；大众开始生产电池；本田2025年电动化；LG南京生产高镍电池
2019-09-25,比亚迪拟让绝缘栅双极型晶体管业务进行IPO,比亚迪拟让绝缘栅双极型晶体管业务进行IPO
2019-09-25,传比亚迪考虑让IGBT业务单独上市IPO,传比亚迪考虑让IGBT业务单独上市IPO
2019-09-25,2019新能源汽车盛典评选,2019新能源汽车盛典评选
2019-09-26,汽车：海外光伏持续景气 荐25股,汽车：海外光伏持续景气 荐25股
2019-09-26,动力电池观察：8月装机量跌入低谷，宁德时代占近7成市场,动力电池观察：8月装机量跌入低谷，宁德时代占近7成市场
2019-09-26,车企巨头不断削减燃油车，新能源车迎来关注,车企巨头不断削减燃油车，新能源车迎来关注
2019-09-26,8月动力电池市场：宁德时代市占率再提高，动力电池市场呈现“九一”局面,8月动力电池市场：宁德时代市占率再提高，动力电池市场呈现“九一”局面
2019-09-26,天奈科技上市首日涨221%IDG浮盈8亿 第一大客户比亚迪销售收入占比32%,天奈科技上市首日涨221%IDG浮盈8亿 第一大客户比亚迪销售收入占比32%
2019-09-26,8月动力电池BMS配套TOP 10:北汽/CATL/BYD前三 第三方企业占比仅12.52%,8月动力电池BMS配套TOP 10:北汽/CATL/BYD前三 第三方企业占比仅12.52%
2019-09-26,碳纳米管“老大”天奈科技上市科创板 比亚迪为第一大客户,碳纳米管“老大”天奈科技上市科创板 比亚迪为第一大客户
2019-09-27,IGBT业务单独IPO，比亚迪又一零件技术走向前台,IGBT业务单独IPO，比亚迪又一零件技术走向前台
2019-09-30,万科(02202-HK)附属拟与比亚迪及天津荣泰成长共同投资和谐鼎泰基金,万科(02202-HK)附属拟与比亚迪及天津荣泰成长共同投资和谐鼎泰基金
2019-09-30,比亚迪新能源乘用车累计产销突破70万辆,比亚迪新能源乘用车累计产销突破70万辆
2019-09-30,8月新能源销量榜单快报 哪款车你最爱？,8月新能源销量榜单快报 哪款车你最爱？
2019-09-30,汽车：一汽轿车270亿重组方案获国资委同意 荐4股,汽车：一汽轿车270亿重组方案获国资委同意 荐4股
2019-09-30,翔丰华三年现金流为负因讨债发14起诉讼 重要供应商真实性存疑关联交易盘根错节 关联方问题,翔丰华三年现金流为负因讨债发14起诉讼 重要供应商真实性存疑关联交易盘根错节 关联方问题
2019-09-30,新能源汽车行业周报:一汽轿车270亿重组方案获国资委同意,新能源汽车行业周报:一汽轿车270亿重组方案获国资委同意
2019-09-30,产业东移：全球汽车业聚焦“中国速度”,产业东移：全球汽车业聚焦“中国速度”
2019-09-30,售4.49万元/国六排放 新款比亚迪F3上市,售4.49万元/国六排放 新款比亚迪F3上市
2019-10-02,比亚迪电动洗扫车服务国庆盛典,比亚迪电动洗扫车服务国庆盛典
2019-10-04,想买新能源汽车的可以再等等！近30款新车将上市,想买新能源汽车的可以再等等！近30款新车将上市
2019-10-04,车市抢先看│9月新能源车热度增幅收窄,车市抢先看│9月新能源车热度增幅收窄
2019-10-07,牵手比亚迪 万科成都拟出资5亿投资和谐鼎泰基金,牵手比亚迪 万科成都拟出资5亿投资和谐鼎泰基金
2019-10-07,万科Ａ：拟与比亚迪和天津荣泰共同投资和谐鼎泰基金,万科Ａ：拟与比亚迪和天津荣泰共同投资和谐鼎泰基金
2019-10-07,万科(02202-HK)附属拟与比亚迪及天津荣泰成长共同投资和谐鼎泰基金,万科(02202-HK)附属拟与比亚迪及天津荣泰成长共同投资和谐鼎泰基金
2019-10-08,万科出资5亿携手比亚迪设立基金，投资物流、科技等领域,万科出资5亿携手比亚迪设立基金，投资物流、科技等领域
2019-10-08,中国储能企业的“出海记”,中国储能企业的“出海记”
2019-10-08,万科与比亚迪出资11亿元成立基金 拟投资于科技、物流领域,万科与比亚迪出资11亿元成立基金 拟投资于科技、物流领域
2019-10-09,五大角度解析前8月动力电池装机市场,五大角度解析前8月动力电池装机市场
2019-10-09,日韩动力电池企业在中国开启扩张 中国企业面临挑战,日韩动力电池企业在中国开启扩张 中国企业面临挑战
2019-10-09,锂电池改写整个汽车产业 2019诺贝尔化学奖授予锂电池发明人,锂电池改写整个汽车产业 2019诺贝尔化学奖授予锂电池发明人
2019-10-10,比亚迪：1-9月新能源汽车销量192620辆，同比增长34.31%,比亚迪：1-9月新能源汽车销量192620辆，同比增长34.31%
2019-10-10,比亚迪：9月新能源汽车销量1.37万辆 同比下降50.97% 盈利能力下降,比亚迪：9月新能源汽车销量1.37万辆 同比下降50.97% 盈利能力下降
2019-10-10,“够好先生”终获诺奖，背后还有一家企业让锂电池的世界变得“更好”,“够好先生”终获诺奖，背后还有一家企业让锂电池的世界变得“更好”
2019-10-10,比亚迪(01211-HK)9月汽车销量4.07万辆同比跌14.99% 盈利能力下降,比亚迪(01211-HK)9月汽车销量4.07万辆同比跌14.99% 盈利能力下降
2019-10-10,比亚迪(002594.SZ)9月新能源汽车销量13681辆 同比降50.97% 盈利能力下降,比亚迪(002594.SZ)9月新能源汽车销量13681辆 同比降50.97% 盈利能力下降
2019-10-10,比亚迪：1-9月新能源汽车销量同比增长34.31%,比亚迪：1-9月新能源汽车销量同比增长34.31%
2019-10-10,动力电池战争年代谱：市场、政策风云突变，比亚迪能否夺回“铁王座”？,动力电池战争年代谱：市场、政策风云突变，比亚迪能否夺回“铁王座”？
2019-10-10,汽车：道阻且长锂离子电池终获诺奖 行而将至新能源汽车厚积薄发,汽车：道阻且长锂离子电池终获诺奖 行而将至新能源汽车厚积薄发
2019-10-10,日本力推光伏+储能稳定电力系统,日本力推光伏+储能稳定电力系统
2019-10-10,诺贝尔化学奖揭晓，锂电池成关键元素！这些中国公司要火,诺贝尔化学奖揭晓，锂电池成关键元素！这些中国公司要火
2019-10-10,锂电池板块机会来临,锂电池板块机会来临
2019-10-10,“锂电池”斩获诺贝尔化学奖！国内锂电行业有何看点？,“锂电池”斩获诺贝尔化学奖！国内锂电行业有何看点？
2019-10-11,比亚迪2019年9月动力电池及储能电池装机总量约0.797GWh,比亚迪2019年9月动力电池及储能电池装机总量约0.797GWh
2019-10-11,“搁浅”在中国的合资电动车,“搁浅”在中国的合资电动车
2019-10-11,锂电池“大秀”2019年诺贝尔化学奖 相关概念股闻风而动,锂电池“大秀”2019年诺贝尔化学奖 相关概念股闻风而动
2019-10-11,比亚迪继续逆市上扬 前9月纯电动车销量同比增长129.29%,比亚迪继续逆市上扬 前9月纯电动车销量同比增长129.29%
2019-10-11,个人指标已上牌4.5万辆，北京新能源车主最爱车型Top 20,个人指标已上牌4.5万辆，北京新能源车主最爱车型Top 20
2019-10-11,2019胡润百富榜：吉利李书福蝉联车界榜首,2019胡润百富榜：吉利李书福蝉联车界榜首
2019-10-11,比亚迪：销量低于预期，四季度有望改善,比亚迪：销量低于预期，四季度有望改善
2019-10-11,新能源增幅近40% 比亚迪累销达33.6万辆,新能源增幅近40% 比亚迪累销达33.6万辆
2019-10-11,欣旺达王威：在大时代背景下共同成长,欣旺达王威：在大时代背景下共同成长
2019-10-11,补贴退坡余震未消 比亚迪两大汽车板块此消彼长,补贴退坡余震未消 比亚迪两大汽车板块此消彼长
2019-10-11,新中国成立70年献礼:从改革开放走来的比亚迪,新中国成立70年献礼:从改革开放走来的比亚迪
2019-10-11,比亚迪股份有限公司2019年9月销量快报,比亚迪股份有限公司2019年9月销量快报
2019-10-12,新能源汽车补助，比亚迪34亿“独领风骚”,新能源汽车补助，比亚迪34亿“独领风骚”
2019-10-12,宋Pro DM试驾 颠覆20万级SUV驾乘体验？,宋Pro DM试驾 颠覆20万级SUV驾乘体验？
2019-10-12,2019胡润百富榜：39位锂电企业家上榜 CATL占7席,2019胡润百富榜：39位锂电企业家上榜 CATL占7席
2019-10-12,9月车市盘点：国内车企销量普遍止跌，外资品牌全线反弹,9月车市盘点：国内车企销量普遍止跌，外资品牌全线反弹
2019-10-12,9月动力电池装机量3.96GWh 中航锂电第三 欣旺达进前五,9月动力电池装机量3.96GWh 中航锂电第三 欣旺达进前五
2019-10-12,5G“供应链大师”换位 声学器件龙头与大客户一荣俱荣,5G“供应链大师”换位 声学器件龙头与大客户一荣俱荣
2019-10-12,新能源汽车产业“断奶期”迎考 “后补贴时代”如何渡劫？,新能源汽车产业“断奶期”迎考 “后补贴时代”如何渡劫？
2019-10-12,【原创】比亚迪1-9月电池累计装机量超10GWh,【原创】比亚迪1-9月电池累计装机量超10GWh
2019-10-12,车市“金九银十”惨淡 比亚迪新能源车销量遭腰斩 盈利能力下降,车市“金九银十”惨淡 比亚迪新能源车销量遭腰斩 盈利能力下降
2019-10-13,一周母基金动态：首期55亿浦东科创母基金、30亿无锡惠合产业发展母基金启动,一周母基金动态：首期55亿浦东科创母基金、30亿无锡惠合产业发展母基金启动
2019-10-13,比亚迪王传福：新能源汽车高速增长不会放慢,比亚迪王传福：新能源汽车高速增长不会放慢
2019-10-13,2017年度新能源补贴公示，比亚迪获补34.6亿元,2017年度新能源补贴公示，比亚迪获补34.6亿元
2019-10-14,车市“金九银十”失色：自主品牌同比下降13%，新能源告别高增长,车市“金九银十”失色：自主品牌同比下降13%，新能源告别高增长
2019-10-14,对话AutoX肖健雄：如何打造自动驾驶领域的“Windows系统”？,对话AutoX肖健雄：如何打造自动驾驶领域的“Windows系统”？
2019-10-14,新能源车销量三连跌，淘汰赛加剧 盈利能力下降,新能源车销量三连跌，淘汰赛加剧 盈利能力下降
2019-10-14,【东吴电新】行业点评：9月装机3.95gwh，同比-31%，环比+9%,【东吴电新】行业点评：9月装机3.95gwh，同比-31%，环比+9%
2019-10-14,2017年度新能源汽车补贴公示，比亚迪获得补贴逾30亿元,2017年度新能源汽车补贴公示，比亚迪获得补贴逾30亿元
2019-10-14,自主品牌临考：前三季多家车企未达年销量目标一半,自主品牌临考：前三季多家车企未达年销量目标一半
2019-10-14,9月新能源汽车销8万辆，月销量三连跌 盈利能力下降,9月新能源汽车销8万辆，月销量三连跌 盈利能力下降
2019-10-14,瑞银：下调比亚迪(1211.HK)目标价至32港元 评级“沽售” 机构下调估值,瑞银：下调比亚迪(1211.HK)目标价至32港元 评级“沽售” 机构下调估值
2019-10-14,比亚迪：2017年度新能源汽车推广应用补助资金清算过审金额达31.58亿元,比亚迪：2017年度新能源汽车推广应用补助资金清算过审金额达31.58亿元
2019-10-14,光伏带动德国储能装机;Sonnen/比亚迪/LG市场份额居前三,光伏带动德国储能装机;Sonnen/比亚迪/LG市场份额居前三
2019-10-14,丰田汽车电动化战略转型启示录:居安思危、顺势应变、合作共赢、持续投入,丰田汽车电动化战略转型启示录:居安思危、顺势应变、合作共赢、持续投入
2019-10-14,日本多个行业企业纷纷投资虚拟电厂,日本多个行业企业纷纷投资虚拟电厂
2019-10-14,罕见的“倒挂”现象 比亚迪燃油车却迎来年内首次增长,罕见的“倒挂”现象 比亚迪燃油车却迎来年内首次增长
2019-10-14,1-9月客车动力电池装机量top10：宁德时代独占7成、亿纬锂能稳居前三,1-9月客车动力电池装机量top10：宁德时代独占7成、亿纬锂能稳居前三
2019-10-14,【东吴晨报1014】【行业】环保、电新【个股】海底捞、杰瑞股份、韶能股份,【东吴晨报1014】【行业】环保、电新【个股】海底捞、杰瑞股份、韶能股份
2019-10-14,【东吴晨报1016】【固收】【行业】传媒、电新、机械【个股】绿盟科技、宁德市代、深圳燃气、麦格米特、先导智能、天孚通信等,【东吴晨报1016】【固收】【行业】传媒、电新、机械【个股】绿盟科技、宁德市代、深圳燃气、麦格米特、先导智能、天孚通信等
2019-10-14,新能源汽车行业周报:新一轮新能源汽车补贴公示,新能源汽车行业周报:新一轮新能源汽车补贴公示
2019-10-14,"电力设备行业动态分析:装机量环比改善,泛在建设全面提速","电力设备行业动态分析:装机量环比改善,泛在建设全面提速"
2019-10-14,"汽车和汽车零部件行业研究:市场弱复苏,四季度产销或转正","汽车和汽车零部件行业研究:市场弱复苏,四季度产销或转正"
2019-10-14,"电气设备与新能源行业点评:9月装机3.95gwh,同比-31%,环比+9%(增持)","电气设备与新能源行业点评:9月装机3.95gwh,同比-31%,环比+9%(增持)"
2019-10-14,【国泰君安国际速评】比亚迪(01211.HK):燃油车型动力强劲，新能源压力依旧,【国泰君安国际速评】比亚迪(01211.HK):燃油车型动力强劲，新能源压力依旧
2019-10-15,比亚迪、北汽等销量完成不足5成 新能源车企如何过冬,比亚迪、北汽等销量完成不足5成 新能源车企如何过冬
2019-10-15,最被看好十大港股：高盛上调李宁目标价至31.6港元,最被看好十大港股：高盛上调李宁目标价至31.6港元
2019-10-15,“金九”车企销量：合资在笑，自主令人担忧，何以为继？,“金九”车企销量：合资在笑，自主令人担忧，何以为继？
2019-10-15,【东吴电新】电气设备与新能源行业点评：9月电动车销8.0万，同比-34.2%，环比-6.5%,【东吴电新】电气设备与新能源行业点评：9月电动车销8.0万，同比-34.2%，环比-6.5%
2019-10-15,君观车市 | 年销量目标完成率大考核 三季度后谁能稳坐钓鱼台？,君观车市 | 年销量目标完成率大考核 三季度后谁能稳坐钓鱼台？
2019-10-15,【东吴电新】电气设备与新能源行业点评：8月海外电动车销量6.87万辆，同比-2%，环比+9%,【东吴电新】电气设备与新能源行业点评：8月海外电动车销量6.87万辆，同比-2%，环比+9%
2019-10-15,宁德时代：预计Q3净利润最大下滑20% 装机量市占率涨至64% 盈利能力下降,宁德时代：预计Q3净利润最大下滑20% 装机量市占率涨至64% 盈利能力下降
2019-10-15,Bernstein：降比亚迪(1211.HK)A、H股目标价逾两成 机构下调估值,Bernstein：降比亚迪(1211.HK)A、H股目标价逾两成 机构下调估值
2019-10-15,贾跃亭称破产后就回国；乐视网前三季度预亏100亿 减资破产,贾跃亭称破产后就回国；乐视网前三季度预亏100亿 减资破产
2019-10-15,宁德时代三季度业绩预告:业绩出现下滑 市占率创新高 盈利能力下降,宁德时代三季度业绩预告:业绩出现下滑 市占率创新高 盈利能力下降
2019-10-15,开发电动飞行器 比亚迪推新锂离子电池,开发电动飞行器 比亚迪推新锂离子电池
2019-10-15,新能源车企三大财务难题：造血能力不足/现金流吃紧应收账款普遍高企 运营能力下降,新能源车企三大财务难题：造血能力不足/现金流吃紧应收账款普遍高企 运营能力下降
2019-10-15,"按照历史经验，每年的下半年国内新能源汽车销量会快速爬坡上升，但是今年七、八月份的表现却并不理想。行业人士正紧盯着2019年剩下时间里的市场表现，10月11日下午，比亚迪(01211-HK)(002594-CN)发布了9月份汽车销量快报，新能源汽车销量为13,681辆，环比下滑18.17%。
盈利能力下降","按照历史经验，每年的下半年国内新能源汽车销量会快速爬坡上升，但是今年七、八月份的表现却并不理想。行业人士正紧盯着2019年剩下时间里的市场表现，10月11日下午，比亚迪(01211-HK)(002594-CN)发布了9月份汽车销量快报，新能源汽车销量为13,681辆，环比下滑18.17%。
盈利能力下降"
2019-10-15,[路演]祥鑫科技：新能源汽车客户包括比亚迪和宁德时代等,[路演]祥鑫科技：新能源汽车客户包括比亚迪和宁德时代等
2019-10-15,丰田加速在华新能源布局 广汽集团等相关上市公司受益,丰田加速在华新能源布局 广汽集团等相关上市公司受益
2019-10-15,空客联手比亚迪研发电动飞机锂电池,空客联手比亚迪研发电动飞机锂电池
2019-10-16,孚能科技冲刺科创板 挑战动力电池市场一家独大格局,孚能科技冲刺科创板 挑战动力电池市场一家独大格局
2019-10-16,全球动力电池装机量回落，宁德时代、LG化学逆势上扬,全球动力电池装机量回落，宁德时代、LG化学逆势上扬
2019-10-16,汽车：业绩有望回暖 荐12股万里扬继峰股份拓普集团,汽车：业绩有望回暖 荐12股万里扬继峰股份拓普集团
2019-10-16,产业之问|是谁一骑绝尘 成为新能源汽车行业黑马？,产业之问|是谁一骑绝尘 成为新能源汽车行业黑马？
2019-10-16,三季度销量下滑，近50%利润靠国家补贴，比亚迪如何冲出低迷 盈利能力下降,三季度销量下滑，近50%利润靠国家补贴，比亚迪如何冲出低迷 盈利能力下降
2019-10-16,汽车行业九月份销量降幅环比收窄，Q4景气度料回升这些公司将受益,汽车行业九月份销量降幅环比收窄，Q4景气度料回升这些公司将受益
2019-10-16,新能源车“骗补”揭底 欺诈造假,新能源车“骗补”揭底 欺诈造假
2019-10-16,【电新*曾朵红】9月电动车销8.0万，同比-34.2%，环比-6.5%,【电新*曾朵红】9月电动车销8.0万，同比-34.2%，环比-6.5%
2019-10-16,【电新*曾朵红】8月海外电动车销量6.87万辆，同比-2%，环比+9%,【电新*曾朵红】8月海外电动车销量6.87万辆，同比-2%，环比+9%
2019-10-16,驱动电机：9月装机同比下降38%；为奔驰EQC配套，采埃孚守住前十,驱动电机：9月装机同比下降38%；为奔驰EQC配套，采埃孚守住前十
2019-10-16,车市“跌跌不休”， 比亚迪持续逆势增长,车市“跌跌不休”， 比亚迪持续逆势增长
2019-10-16,工信部发布第9批新能源车推荐目录，长安DS 9 PHEV/领克05 PHEV等240款车型入选,工信部发布第9批新能源车推荐目录，长安DS 9 PHEV/领克05 PHEV等240款车型入选
2019-10-17,工信部第325批新车公示：沃尔沃极星/风神奕炫EV等228款新能源车进入,工信部第325批新车公示：沃尔沃极星/风神奕炫EV等228款新能源车进入
2019-10-17,自燃、“趴窝”、没补贴……新能源车原来那么惨！,自燃、“趴窝”、没补贴……新能源车原来那么惨！
2019-10-17,车企突围 分拆成势,车企突围 分拆成势
2019-10-17,深度绑定宁德时代、比亚迪等龙头电池厂，锂电设备龙头将走向全球,深度绑定宁德时代、比亚迪等龙头电池厂，锂电设备龙头将走向全球
2019-10-17,连跌三个月！新能源汽车销量目标再下调 TOP10车型排名大调整 盈利能力下降,连跌三个月！新能源汽车销量目标再下调 TOP10车型排名大调整 盈利能力下降
2019-10-17,【原创】黑色Q3动力电池产业链哀嚎一片,【原创】黑色Q3动力电池产业链哀嚎一片
2019-10-17,2019年9月中国汽车行业销量现状分析 全国汽车销量连续下降 盈利能力下降,2019年9月中国汽车行业销量现状分析 全国汽车销量连续下降 盈利能力下降
2019-10-17,"电气设备行业周报:电力物联网加速建设,电动车产量环比略增","电气设备行业周报:电力物联网加速建设,电动车产量环比略增"
2019-10-17,智利开通首条比亚迪电动巴士专线,智利开通首条比亚迪电动巴士专线
2019-10-17,比亚迪8月动力电池装机量同比减幅超61%,比亚迪8月动力电池装机量同比减幅超61%
2019-10-18,陕西34.7亿财政资金助新能源汽车发展 比亚迪等获益,陕西34.7亿财政资金助新能源汽车发展 比亚迪等获益
2019-10-18,2019年动力电池产业的几个趋势,2019年动力电池产业的几个趋势
2019-10-18,分拆上市再成市场焦点，广汽集团或借势加速布局新能源,分拆上市再成市场焦点，广汽集团或借势加速布局新能源
2019-10-18,销量三连降，何小鹏言真实销量才十几万辆，补贴退坡杀伤力还在 盈利能力下降,销量三连降，何小鹏言真实销量才十几万辆，补贴退坡杀伤力还在 盈利能力下降
2019-10-18,比亚迪、一汽集团等9家企业成立中国汽车知识产权联盟,比亚迪、一汽集团等9家企业成立中国汽车知识产权联盟
2019-10-21,"汽车行业周报:特斯拉上海工厂获准生产,合资电动车开始进入国内市场","汽车行业周报:特斯拉上海工厂获准生产,合资电动车开始进入国内市场"
2019-10-21,宁德时代IPO后并没有平步青云：Q3净利润最大或降20% 盈利能力下降,宁德时代IPO后并没有平步青云：Q3净利润最大或降20% 盈利能力下降
2019-10-21,9月BMS配套TOP20：宁德时代/北汽/比亚迪排名前三 车企占据前十半壁江山！,9月BMS配套TOP20：宁德时代/北汽/比亚迪排名前三 车企占据前十半壁江山！
2019-10-21,新能源车从高歌猛进到三连跌，车企被推入“饥饿游戏”,新能源车从高歌猛进到三连跌，车企被推入“饥饿游戏”
2019-10-22,尴尬的“金九银十” 上市车企亏字当头 零部件公司命悬一线 亏损,尴尬的“金九银十” 上市车企亏字当头 零部件公司命悬一线 亏损
2019-10-22,新能源车市三连跌 造车新势力面临残酷考验,新能源车市三连跌 造车新势力面临残酷考验
2019-10-22,数说丨9月新能源再下滑 合资悄悄“上位”,数说丨9月新能源再下滑 合资悄悄“上位”
2019-10-22,谁来拯救电动车车主的续航焦虑？,谁来拯救电动车车主的续航焦虑？
2019-10-22,2017年国内新能源车企们都拿了多少补贴？,2017年国内新能源车企们都拿了多少补贴？
2019-10-22,"电力设备与新能源行业周报:9月工控略有复苏,光伏旺季有所延后","电力设备与新能源行业周报:9月工控略有复苏,光伏旺季有所延后"
2019-10-22,新能源汽车行业周报:中汽协:9月新能源汽车销量同比下降34.2% 盈利能力下降,新能源汽车行业周报:中汽协:9月新能源汽车销量同比下降34.2% 盈利能力下降
2019-10-22,3700亿购房资金要买车！国际大行发声力挺车市，上调4家车企评级！复苏还是寒冬？业内分歧巨大,3700亿购房资金要买车！国际大行发声力挺车市，上调4家车企评级！复苏还是寒冬？业内分歧巨大
2019-10-23,新能源汽车补贴累计发放1155亿元 部分车企补贴遭核减成本陡增,新能源汽车补贴累计发放1155亿元 部分车企补贴遭核减成本陡增
2019-10-23,新能源补贴趋严 倒逼车企提升竞争力,新能源补贴趋严 倒逼车企提升竞争力
2019-10-23,新能源乘用车9月销量：北汽EU夺销冠，主力造车新势力表现回暖,新能源乘用车9月销量：北汽EU夺销冠，主力造车新势力表现回暖
2019-10-23,前三季度车企销量辣评|领头羊易主TOP20中8家正增长,前三季度车企销量辣评|领头羊易主TOP20中8家正增长
2019-10-23,比亚迪在沪违规销售新能源车 车主购车5个月未能上牌 其他违规处罚,比亚迪在沪违规销售新能源车 车主购车5个月未能上牌 其他违规处罚
2019-10-24,2019前三季度动力电池产业关键词——冷,2019前三季度动力电池产业关键词——冷
2019-10-24,LG化学取代比亚迪成为全球第三大电池供应商,LG化学取代比亚迪成为全球第三大电池供应商
2019-10-24,比亚迪获得政府31亿补贴 却扶不起新能源销量滞缓态势,比亚迪获得政府31亿补贴 却扶不起新能源销量滞缓态势
2019-10-24,比亚迪居然拿到大额补贴中国的新能源汽车就靠补贴活,比亚迪居然拿到大额补贴中国的新能源汽车就靠补贴活
2019-10-25,伊藤忠商事与比亚迪将就电动车电池回收进行合作,伊藤忠商事与比亚迪将就电动车电池回收进行合作
2019-10-26,装机量滑坡、利润空间遭挤压 动力电池“玩家”难破盈利魔咒 盈利能力下降,装机量滑坡、利润空间遭挤压 动力电池“玩家”难破盈利魔咒 盈利能力下降
2019-10-26,“锂电池之父”获诺贝尔化学奖，中国企业在锂电池产业链布局如何？,“锂电池之父”获诺贝尔化学奖，中国企业在锂电池产业链布局如何？
2019-10-27,宁德时代的“一骑绝尘”与比亚迪的“战略转变”,宁德时代的“一骑绝尘”与比亚迪的“战略转变”
2019-10-28,前三季度动力电池装机量TOP10企业起底,前三季度动力电池装机量TOP10企业起底
2019-10-28,新能源汽车补贴新政即将实施 比亚迪获补贴31.59亿却面临何去何从,新能源汽车补贴新政即将实施 比亚迪获补贴31.59亿却面临何去何从
2019-10-28,伊藤忠携手中国企业开展车载电池再利用业务,伊藤忠携手中国企业开展车载电池再利用业务
2019-10-29,比亚迪：第三季度净利润1.2亿元 净利润下降89% 盈利能力下降,比亚迪：第三季度净利润1.2亿元 净利润下降89% 盈利能力下降
2019-10-29,前三季度新能源客车销4.8万辆，宇通/中通/比亚迪包揽前三,前三季度新能源客车销4.8万辆，宇通/中通/比亚迪包揽前三
2019-10-29,全球市场占有率创新高 比亚迪第三季报业绩成车市寒冬“暖流”,全球市场占有率创新高 比亚迪第三季报业绩成车市寒冬“暖流”
2019-10-29,比亚迪:全年净利同比预降 料四季度汽车需求依然疲弱 盈利能力下降,比亚迪:全年净利同比预降 料四季度汽车需求依然疲弱 盈利能力下降
2019-10-29,比亚迪：第三季度净利润同比下降88.58% 盈利能力下降,比亚迪：第三季度净利润同比下降88.58% 盈利能力下降
2019-10-29,国产特斯拉开启预售，自主电动车要凉凉？看完这几款再下定论！,国产特斯拉开启预售，自主电动车要凉凉？看完这几款再下定论！
2019-10-29,比亚迪：前三季度净利增3%，三季度业绩同比下滑近9成,比亚迪：前三季度净利增3%，三季度业绩同比下滑近9成
2019-10-29,8款电动车下月开卖 补贴后9万起 全新秦EV领衔,8款电动车下月开卖 补贴后9万起 全新秦EV领衔
2019-10-29,猛虎难敌群狼 宁德时代增长乏力透露业绩隐忧 盈利能力下降,猛虎难敌群狼 宁德时代增长乏力透露业绩隐忧 盈利能力下降
2019-10-29,深圳：央行贸易金融区块链平台有29家银行接入,深圳：央行贸易金融区块链平台有29家银行接入
2019-10-29,盘点新能源车企Q3销量完成情况：广汽逆势而上，多数车企目标实现无望 盈利能力下降,盘点新能源车企Q3销量完成情况：广汽逆势而上，多数车企目标实现无望 盈利能力下降
2019-10-29,比亚迪：前三季实现净利15.74亿 同比增长3.09%,比亚迪：前三季实现净利15.74亿 同比增长3.09%
2019-10-30,新能源汽车销量下滑：比亚迪三季度净利仅为1.2亿元 盈利能力下降,新能源汽车销量下滑：比亚迪三季度净利仅为1.2亿元 盈利能力下降
2019-10-30,第三季度利润锐减89%，比亚迪股份跌近7% 盈利能力下降,第三季度利润锐减89%，比亚迪股份跌近7% 盈利能力下降
2019-10-30,比亚迪第三季度营收超316亿元 净利润下跌近9成 盈利能力下降,比亚迪第三季度营收超316亿元 净利润下跌近9成 盈利能力下降
2019-10-30,比亚迪1-9月收入增长5.44% 净利润达15.74亿,比亚迪1-9月收入增长5.44% 净利润达15.74亿
2019-10-30,比亚迪：预计全年净利下滑约4成 四季度会有所改善 | 公司问答 盈利能力下降,比亚迪：预计全年净利下滑约4成 四季度会有所改善 | 公司问答 盈利能力下降
2019-10-30,第二十七批免征车辆购置税新能源汽车车型目录公布,第二十七批免征车辆购置税新能源汽车车型目录公布
2019-10-30,汽车寒冬下 比亚迪三季度净利缩水近九成 今日盘初一度跌超7% 盈利能力下降,汽车寒冬下 比亚迪三季度净利缩水近九成 今日盘初一度跌超7% 盈利能力下降
2019-10-30,比亚迪：前三季度营收净利双增 预计全年净利15.84-17.74亿元,比亚迪：前三季度营收净利双增 预计全年净利15.84-17.74亿元
2019-10-30,比亚迪第三季度净利跌88.58%，受新能源车补贴大幅退坡影响 盈利能力下降,比亚迪第三季度净利跌88.58%，受新能源车补贴大幅退坡影响 盈利能力下降
2019-10-30,靠补贴过活？ 比亚迪第三季度净利润暴跌近90% 盈利能力下降,靠补贴过活？ 比亚迪第三季度净利润暴跌近90% 盈利能力下降
2019-10-30,新一批免征车辆购置税新能源汽车公示：比亚迪在列,新一批免征车辆购置税新能源汽车公示：比亚迪在列
2019-10-30,比亚迪 | 业绩短期承压 静待新车型放量【华西汽车 崔琰团队】 盈利能力下降,比亚迪 | 业绩短期承压 静待新车型放量【华西汽车 崔琰团队】 盈利能力下降
2019-10-30,比亚迪Q3：需求疲软+补贴下滑，短期承压，看好长期前景,比亚迪Q3：需求疲软+补贴下滑，短期承压，看好长期前景
2019-10-30,一图解码：比亚迪第三季度业绩“双降” 盈利能力下降,一图解码：比亚迪第三季度业绩“双降” 盈利能力下降
2019-10-30,比亚迪“新能源神话”破灭？三季度销量下滑30% 盈利能力下降,比亚迪“新能源神话”破灭？三季度销量下滑30% 盈利能力下降
2019-10-30,中国成为新能源汽车混战市场 比亚迪能成为赢家吗,中国成为新能源汽车混战市场 比亚迪能成为赢家吗
2019-10-30,"补贴退坡威力显现:比亚迪利润降9成重投燃油车""怀抱"" 政策恶化","补贴退坡威力显现:比亚迪利润降9成重投燃油车""怀抱"" 政策恶化"
2019-10-30,比亚迪前三季度营收净利双增，第三季度扣非净利润依然下滑巨大 盈利能力下降,比亚迪前三季度营收净利双增，第三季度扣非净利润依然下滑巨大 盈利能力下降
2019-10-30,港股复盘：恒指跌0.44%，欲出售资产SOHO中国飙升近18% 资产异常,港股复盘：恒指跌0.44%，欲出售资产SOHO中国飙升近18% 资产异常
2019-10-30,午评：恒指跌0.26% 比亚迪大跌6%比亚迪电子涨11% 连续下跌,午评：恒指跌0.26% 比亚迪大跌6%比亚迪电子涨11% 连续下跌
2019-10-30,早盘复盘：A股半导体逆市走强区块链回调，比亚迪H股大跌近6% 连续下跌,早盘复盘：A股半导体逆市走强区块链回调，比亚迪H股大跌近6% 连续下跌
2019-10-30,9月销量为4.07万辆 比亚迪三季度净利润下滑88.58% 盈利能力下降,9月销量为4.07万辆 比亚迪三季度净利润下滑88.58% 盈利能力下降
2019-10-30,【安信汽车】比亚迪：三季报业绩符合预期，全年业绩承压 盈利能力下降,【安信汽车】比亚迪：三季报业绩符合预期，全年业绩承压 盈利能力下降
2019-10-30,【比亚迪三季报点评】新能源低迷，业绩承压 盈利能力下降,【比亚迪三季报点评】新能源低迷，业绩承压 盈利能力下降
2019-10-30,比亚迪第三季度业绩“跳水” 同比下滑近九成 盈利能力下降,比亚迪第三季度业绩“跳水” 同比下滑近九成 盈利能力下降
2019-10-30,净利润同比下降88.58% 比亚迪发布财报 盈利能力下降,净利润同比下降88.58% 比亚迪发布财报 盈利能力下降
2019-10-30,新能源首富王传福的烦恼：补贴退坡净利大降90%，靠燃油车撑门面 政策恶化,新能源首富王传福的烦恼：补贴退坡净利大降90%，靠燃油车撑门面 政策恶化
2019-10-30,第三季度业绩下滑 比亚迪、洋河股份大幅走低 盈利能力下降,第三季度业绩下滑 比亚迪、洋河股份大幅走低 盈利能力下降
2019-10-30,比亚迪三季度业绩不及预期 H股急跌逾7%A股跌近6% 盈利能力下降,比亚迪三季度业绩不及预期 H股急跌逾7%A股跌近6% 盈利能力下降
2019-10-30,港股汽车板块走低 比亚迪股份跌近9%广汽集团跌近4%,港股汽车板块走低 比亚迪股份跌近9%广汽集团跌近4%
2019-10-30,比亚迪跌近7% 首三季少赚近89% 盈利能力下降,比亚迪跌近7% 首三季少赚近89% 盈利能力下降
2019-10-30,推出一年后 比亚迪DiLink生态的下一步怎么走？,推出一年后 比亚迪DiLink生态的下一步怎么走？
2019-10-30,美银美林：降比亚迪股份目标价至26.5港元，料第四季基本面未复苏 机构下调估值,美银美林：降比亚迪股份目标价至26.5港元，料第四季基本面未复苏 机构下调估值
2019-10-30,车圈 | 比亚迪前三季度净利润15亿元 同比增长3%,车圈 | 比亚迪前三季度净利润15亿元 同比增长3%
2019-10-30,大和：降比亚迪(1211.HK)评级至“持有” 目标价下调至41港元 投资评级恶化,大和：降比亚迪(1211.HK)评级至“持有” 目标价下调至41港元 投资评级恶化
2019-10-30,比亚迪 ：3Q乘用车业务盈利承压；电动泥头车提供支撑,比亚迪 ：3Q乘用车业务盈利承压；电动泥头车提供支撑
2019-10-30,瑞信：下调比亚迪(1211.HK)目标价至60港元 第四季指引远低亿于市场预期 机构下调估值,瑞信：下调比亚迪(1211.HK)目标价至60港元 第四季指引远低亿于市场预期 机构下调估值
2019-10-30,比亚迪AH股双双大跌 三季度净利大跌88.6% 业绩指引不佳 盈利能力下降,比亚迪AH股双双大跌 三季度净利大跌88.6% 业绩指引不佳 盈利能力下降
2019-10-31,聚焦比亚迪逆市突围：前三季度营收、净利润、扣非净利三重增长,聚焦比亚迪逆市突围：前三季度营收、净利润、扣非净利三重增长
2019-10-31,从“自卖自买”到销量“爽约”，吉利新能源汽车销量占比90%的目标可实现？,从“自卖自买”到销量“爽约”，吉利新能源汽车销量占比90%的目标可实现？
2019-10-31,前三季半数A股车企亏损 车市寒冬谁最“抗冻”？ 亏损,前三季半数A股车企亏损 车市寒冬谁最“抗冻”？ 亏损
2019-10-31,抄底再等等——比亚迪三季度报点评,抄底再等等——比亚迪三季度报点评
2019-10-31,超半数A股车企前三季度亏损：八成车企净利润下滑 亏损,超半数A股车企前三季度亏损：八成车企净利润下滑 亏损
2019-10-31,新能源乘用车8月产量排行：北汽新能源蝉联冠军，比亚迪e2扩大产量,新能源乘用车8月产量排行：北汽新能源蝉联冠军，比亚迪e2扩大产量
2019-10-31,新能源汽车在哪些城市最受欢迎？北京上险量仅排第四,新能源汽车在哪些城市最受欢迎？北京上险量仅排第四
2019-10-31,【汽车/白宇团队】比亚迪：市场下滑与补贴退坡拖累业绩，新能源长期优势明显 政策恶化,【汽车/白宇团队】比亚迪：市场下滑与补贴退坡拖累业绩，新能源长期优势明显 政策恶化
2019-10-31,一电排行榜 | 新能源客车9月产量排行：比亚迪刷新年度纪录，再次进入前三,一电排行榜 | 新能源客车9月产量排行：比亚迪刷新年度纪录，再次进入前三
2019-10-31,比亚迪跌1.43%，创年度新低报43.33元 连续下跌,比亚迪跌1.43%，创年度新低报43.33元 连续下跌
2019-11-01,销量辣评｜大势拖累涨少跌多自主高端四条道路哪条通罗马？,销量辣评｜大势拖累涨少跌多自主高端四条道路哪条通罗马？
2019-11-01,后补贴时代 从逆势盈利看比亚迪的“稳”,后补贴时代 从逆势盈利看比亚迪的“稳”
2019-11-01,7.28万起现代新悦纳上市 宝马新X6官图帅气亮相,7.28万起现代新悦纳上市 宝马新X6官图帅气亮相
2019-11-01,2019年网约车行业发展现状分析 比亚迪、滴滴合力布局深圳纯电动网约车市场,2019年网约车行业发展现状分析 比亚迪、滴滴合力布局深圳纯电动网约车市场
2019-11-01,比亚迪三季报让人失望？别慌，四季度行业或将转暖,比亚迪三季报让人失望？别慌，四季度行业或将转暖
2019-11-01,补贴淡出需求萎缩 中国前几大电动汽车制造商纷纷发布盈利预警 盈利能力下降,补贴淡出需求萎缩 中国前几大电动汽车制造商纷纷发布盈利预警 盈利能力下降
2019-11-01,6家动力电池企业前三季度业绩“比拼”,6家动力电池企业前三季度业绩“比拼”
2019-11-01,三大运营商公布5G套餐，比亚迪Q3利润暴跌近九成 | 财经日日评 盈利能力下降,三大运营商公布5G套餐，比亚迪Q3利润暴跌近九成 | 财经日日评 盈利能力下降
2019-11-01,新能源汽车穿越“阵痛”： 当线性降本遇上“断崖式”退补,新能源汽车穿越“阵痛”： 当线性降本遇上“断崖式”退补
2019-11-01,银行增长放缓 观望气氛浓厚,银行增长放缓 观望气氛浓厚
2019-11-01,Q2世界汽车电动化指数：比亚迪第二，北汽第四,Q2世界汽车电动化指数：比亚迪第二，北汽第四
2019-11-01,汽车股见反弹 比亚迪两连跌后回升2%,汽车股见反弹 比亚迪两连跌后回升2%
2019-11-02,王传福旗下公司净利暴跌 盈利能力下降,王传福旗下公司净利暴跌 盈利能力下降
2019-11-02,大数据：豪华/合资/中国品牌谁喜谁忧？,大数据：豪华/合资/中国品牌谁喜谁忧？
2019-11-02,动力电池哪家强？宁德时代环比下跌，比亚迪逆势崛起,动力电池哪家强？宁德时代环比下跌，比亚迪逆势崛起
2019-11-02,宝马突围排第二 9月全球新能源车销量榜,宝马突围排第二 9月全球新能源车销量榜
2019-11-02,比亚迪刘亮：DiLink如何重新定义智能网联？,比亚迪刘亮：DiLink如何重新定义智能网联？
2019-11-03,霍尼韦尔任命张宇峰为中国总裁；ABB收购上海联桩新能源,霍尼韦尔任命张宇峰为中国总裁；ABB收购上海联桩新能源
2019-11-04,蔚来：月入10亿不是问题；比亚迪净利润暴跌 | 每周撩车 盈利能力下降,蔚来：月入10亿不是问题；比亚迪净利润暴跌 | 每周撩车 盈利能力下降
2019-11-04,金九银十落空六成乘用车企净亏损 力帆亏了近17亿 亏损,金九银十落空六成乘用车企净亏损 力帆亏了近17亿 亏损
2019-11-04,透析车企三季报：亏损压力加剧未释放，边缘企业逼近生死线 亏损,透析车企三季报：亏损压力加剧未释放，边缘企业逼近生死线 亏损
2019-11-04,又一锂电企业要来科创板 天力锂能火速IPO辅导 客户结构引忧,又一锂电企业要来科创板 天力锂能火速IPO辅导 客户结构引忧
2019-11-04,陕西现有和在建汽车产能突破200万辆,陕西现有和在建汽车产能突破200万辆
2019-11-04,动力、消费、储能“通吃” LG化学中国市场野心逐渐清晰,动力、消费、储能“通吃” LG化学中国市场野心逐渐清晰
2019-11-04,【申港汽车】周观点：汽车三季报总结-Q3营收环比改善 盈利能力仍承压,【申港汽车】周观点：汽车三季报总结-Q3营收环比改善 盈利能力仍承压
2019-11-04,动力电池企业又少20家 行业集中度再提升,动力电池企业又少20家 行业集中度再提升
2019-11-05,新能源汽车大涨揭秘！德国拟斥资35亿欧元建造充电站！（附股）,新能源汽车大涨揭秘！德国拟斥资35亿欧元建造充电站！（附股）
2019-11-05,吉利与丰田的“明争暗斗”,吉利与丰田的“明争暗斗”
2019-11-05,纯电车红海在即 新势力合众汽车能否等到那天？,纯电车红海在即 新势力合众汽车能否等到那天？
2019-11-05,新能源汽车销量连跌3个月 车企急了：免费充电 盈利能力下降,新能源汽车销量连跌3个月 车企急了：免费充电 盈利能力下降
2019-11-05,锂电池板块势头强劲 鹏辉能源连续两日涨停,锂电池板块势头强劲 鹏辉能源连续两日涨停
2019-11-05,辣评前三季度自主销量|Top20仅七家同比上涨一汽红旗/吉利有望完成年销目标,辣评前三季度自主销量|Top20仅七家同比上涨一汽红旗/吉利有望完成年销目标
2019-11-05,八成车企前三季净利下滑 汽车行业四季度有望回升 盈利能力下降,八成车企前三季净利下滑 汽车行业四季度有望回升 盈利能力下降
2019-11-05,车企业绩普降 江淮4.2亿增长利润从哪儿来,车企业绩普降 江淮4.2亿增长利润从哪儿来
2019-11-05,2019上半年国内外动力电池企业近况浅析,2019上半年国内外动力电池企业近况浅析
2019-11-05,年需求超100GWh！比亚迪/宁德时代/国轩/东旭光电等进军锂电叉车“新蓝海”,年需求超100GWh！比亚迪/宁德时代/国轩/东旭光电等进军锂电叉车“新蓝海”
2019-11-05,【东吴电新】电动车行业19年及20年一季度总结：行业集中度提升，中游龙头业绩逆市增长,【东吴电新】电动车行业19年及20年一季度总结：行业集中度提升，中游龙头业绩逆市增长
2019-11-05,【东吴电新】电动车行业三季报总结：行业集中度提升，中游龙头业绩逆市增长,【东吴电新】电动车行业三季报总结：行业集中度提升，中游龙头业绩逆市增长
2019-11-05,【东吴电新】中国电器：家电检测龙头，智能装备高质发展,【东吴电新】中国电器：家电检测龙头，智能装备高质发展
2019-11-05,【东吴电新】海外电池厂19Q3经营梳理：业绩分化，欧洲订单逐步落地 盈利能力下降,【东吴电新】海外电池厂19Q3经营梳理：业绩分化，欧洲订单逐步落地 盈利能力下降
2019-11-05,【电新*曾朵红】海外电池厂19Q3经营梳理：业绩分化， 欧洲订单逐步落地 盈利能力下降,【电新*曾朵红】海外电池厂19Q3经营梳理：业绩分化， 欧洲订单逐步落地 盈利能力下降
2019-11-05,卸下“车企”招牌？这家中国公司转型引发日媒关注,卸下“车企”招牌？这家中国公司转型引发日媒关注
2019-11-05,14家上市车企半数亏损 研发反增练内功 亏损,14家上市车企半数亏损 研发反增练内功 亏损
2019-11-06,比亚迪(01211-HK)10月销量跌15% 盈利能力下降,比亚迪(01211-HK)10月销量跌15% 盈利能力下降
2019-11-06,蔚来与Mobileye达成合作/沃尔沃10月销量上涨丨盖世E日速览,蔚来与Mobileye达成合作/沃尔沃10月销量上涨丨盖世E日速览
2019-11-06,比亚迪1-10月销量下滑5.29% 燃油汽车大降25% 盈利能力下降,比亚迪1-10月销量下滑5.29% 燃油汽车大降25% 盈利能力下降
2019-11-06,比亚迪10月销售逾1万辆新能源汽车 今年累计销售逾20万辆,比亚迪10月销售逾1万辆新能源汽车 今年累计销售逾20万辆
2019-11-06,重塑A级电动轿车格局 比亚迪全新秦EV竞争力分析,重塑A级电动轿车格局 比亚迪全新秦EV竞争力分析
2019-11-06,比亚迪(002594.SZ)：10月新能源销量同比降54.58% 燃油车升37.12% 盈利能力下降,比亚迪(002594.SZ)：10月新能源销量同比降54.58% 燃油车升37.12% 盈利能力下降
2019-11-06,"比亚迪全新秦、秦EV震撼上市 左右开弓""双拳出击""","比亚迪全新秦、秦EV震撼上市 左右开弓""双拳出击"""
2019-11-06,比亚迪：前10个月销量同比减少5.78% 盈利能力下降,比亚迪：前10个月销量同比减少5.78% 盈利能力下降
2019-11-06,比亚迪：前10月新能源汽车销20.5万辆 同比增19.93%,比亚迪：前10月新能源汽车销20.5万辆 同比增19.93%
2019-11-06,让利保份额：比亚迪全新秦5.99万低价上市,让利保份额：比亚迪全新秦5.99万低价上市
2019-11-06,比亚迪全新秦及秦EV上市 抢鲜价5.99万起,比亚迪全新秦及秦EV上市 抢鲜价5.99万起
2019-11-06,自主车企为何忽视宁德时代的存在，“自造”动力电池？,自主车企为何忽视宁德时代的存在，“自造”动力电池？
2019-11-06,补贴“断供”净利下滑 宁德时代可否守住江湖地位？ 盈利能力下降,补贴“断供”净利下滑 宁德时代可否守住江湖地位？ 盈利能力下降
2019-11-06,比亚迪：前10个月新能源汽车销量同比增长19.93%,比亚迪：前10个月新能源汽车销量同比增长19.93%
2019-11-07,丰田、比亚迪宣布一起造车,丰田、比亚迪宣布一起造车
2019-11-07,丰田和比亚迪组建合资公司：共同开发纯电动汽车,丰田和比亚迪组建合资公司：共同开发纯电动汽车
2019-11-07,丰田与比亚迪宣布合资研发电动车 各出资50%,丰田与比亚迪宣布合资研发电动车 各出资50%
2019-11-07,两家市值总和近5000亿的电池行业龙头，因为一根钢针吵起来了,两家市值总和近5000亿的电池行业龙头，因为一根钢针吵起来了
2019-11-07,比亚迪与丰田合资建纯电动车研发公司，双方各持股50%,比亚迪与丰田合资建纯电动车研发公司，双方各持股50%
2019-11-07,丰田与比亚迪互补短板 各出资50%成立纯电动车公司,丰田与比亚迪互补短板 各出资50%成立纯电动车公司
2019-11-07,比亚迪丰田成立合资公司官宣 双方各出资50%,比亚迪丰田成立合资公司官宣 双方各出资50%
2019-11-07,【安信汽车】比亚迪丰田合资公司落地，电动化全面提速,【安信汽车】比亚迪丰田合资公司落地，电动化全面提速
2019-11-07,丰田比亚迪“联姻”升级 即将在华成立合资公司,丰田比亚迪“联姻”升级 即将在华成立合资公司
2019-11-07,格隆汇港股聚焦(11.07)︱长城汽车10月销量升4.5%至11.5万辆 比亚迪与丰田成立合资电动车研发公司,格隆汇港股聚焦(11.07)︱长城汽车10月销量升4.5%至11.5万辆 比亚迪与丰田成立合资电动车研发公司
2019-11-07,各自出资50% 丰田/比亚迪将成立电动车研发公司,各自出资50% 丰田/比亚迪将成立电动车研发公司
2019-11-07,开发新产品 比亚迪与丰田签订合资协议,开发新产品 比亚迪与丰田签订合资协议
2019-11-07,新能源汽车市场疲软 比亚迪跟丰田报团取暖,新能源汽车市场疲软 比亚迪跟丰田报团取暖
2019-11-07,比亚迪股份(01211.HK)拟与丰田汽车合资成立纯电动车研发公司,比亚迪股份(01211.HK)拟与丰田汽车合资成立纯电动车研发公司
2019-11-07,多家车企公布10月销量，“银十”惨淡收官,多家车企公布10月销量，“银十”惨淡收官
2019-11-07,比亚迪：销量短期承压，看好中长期价值,比亚迪：销量短期承压，看好中长期价值
2019-11-07,补贴退坡余波持续：10月比亚迪新能源汽车销量下滑55% 政策恶化,补贴退坡余波持续：10月比亚迪新能源汽车销量下滑55% 政策恶化
2019-11-07,本批建议持续关注天迈科技——2019年第41批新股申购策略报告,本批建议持续关注天迈科技——2019年第41批新股申购策略报告
2019-11-07,比亚迪10月销量4.1万辆 燃油车同比增长超37%,比亚迪10月销量4.1万辆 燃油车同比增长超37%
2019-11-07,一线丨丰田与比亚迪明年成立纯电动车合资公司 各持股50%,一线丨丰田与比亚迪明年成立纯电动车合资公司 各持股50%
2019-11-07,比亚迪 | 与丰田深化合作 电动化引领者【华西汽车 崔琰团队】,比亚迪 | 与丰田深化合作 电动化引领者【华西汽车 崔琰团队】
2019-11-07,国产特斯拉Model3官方硬照曝光！一条消息引爆新能源汽车板块,国产特斯拉Model3官方硬照曝光！一条消息引爆新能源汽车板块
2019-11-07,丰田与比亚迪就合资成立纯电动车研发公司达成协议,丰田与比亚迪就合资成立纯电动车研发公司达成协议
2019-11-07,丰田和比亚迪明年将组建合资公司 各出资50%,丰田和比亚迪明年将组建合资公司 各出资50%
2019-11-07,比亚迪：与丰田汽车公司合资成立纯电动车研发公司,比亚迪：与丰田汽车公司合资成立纯电动车研发公司
2019-11-07,比亚迪升逾1% 工信部正编制新能源汽车发展规划,比亚迪升逾1% 工信部正编制新能源汽车发展规划
2019-11-08,【比亚迪】丰田合资落地；e平台技术获认可,【比亚迪】丰田合资落地；e平台技术获认可
2019-11-08,比亚迪1-10月销量下滑5.78% 新加推秦燃油版冲击销量 盈利能力下降,比亚迪1-10月销量下滑5.78% 新加推秦燃油版冲击销量 盈利能力下降
2019-11-08,互补短板 丰田、比亚迪“联姻”,互补短板 丰田、比亚迪“联姻”
2019-11-08,【华创汽车】比亚迪：合资丰田，电动技术输出的里程碑,【华创汽车】比亚迪：合资丰田，电动技术输出的里程碑
2019-11-08,比亚迪升近4% 暂表现最佳国指股,比亚迪升近4% 暂表现最佳国指股
2019-11-08,丰田与比亚迪“联姻”，新公司将于2020年诞生,丰田与比亚迪“联姻”，新公司将于2020年诞生
2019-11-08,全球20家车企众生相：9家中国车企6家在亏 亏损,全球20家车企众生相：9家中国车企6家在亏 亏损
2019-11-08,与丰田合作，比亚迪会迎来“第二春”？,与丰田合作，比亚迪会迎来“第二春”？
2019-11-08,比亚迪与丰田“联姻”彼此图啥？,比亚迪与丰田“联姻”彼此图啥？
2019-11-08,股比放开丰田比亚迪合资五五分 从市场换技术到技术换平等,股比放开丰田比亚迪合资五五分 从市场换技术到技术换平等
2019-11-08,丰田与比亚迪将于2020年在中国正式成立合资公司,丰田与比亚迪将于2020年在中国正式成立合资公司
2019-11-08,丰田比亚迪2020年合作新能源车 品质+安全能否在中国市场开花,丰田比亚迪2020年合作新能源车 品质+安全能否在中国市场开花
2019-11-08,汽车股持续回暖，长安汽车大涨5%,汽车股持续回暖，长安汽车大涨5%
2019-11-08,悬挂“Toyota”标识，丰田合资比亚迪造电动车,悬挂“Toyota”标识，丰田合资比亚迪造电动车
2019-11-08,中国连续4年拿下全球第一 美国推4412亿计划后 德日做出反击,中国连续4年拿下全球第一 美国推4412亿计划后 德日做出反击
2019-11-08,10月比亚迪燃油车销量上涨，新能源却大跌，下滑恐持续扩大 盈利能力下降,10月比亚迪燃油车销量上涨，新能源却大跌，下滑恐持续扩大 盈利能力下降
2019-11-08,1-10月动力电池装机量：中航锂电第5、鹏辉进前十,1-10月动力电池装机量：中航锂电第5、鹏辉进前十
2019-11-08,负极材料企业翔丰华创业板IPO不幸“折戟” IPO融资异常,负极材料企业翔丰华创业板IPO不幸“折戟” IPO融资异常
2019-11-08,比亚迪2019年10月动力电池及储能电池装机总量约0.599GWh,比亚迪2019年10月动力电池及储能电池装机总量约0.599GWh
2019-11-08,比亚迪与丰田成立合资公司丰田与中方首次“技术对等”的整车开发合作,比亚迪与丰田成立合资公司丰田与中方首次“技术对等”的整车开发合作
2019-11-08,最新公告透露利好 15只个股有望爆发（11.08）,最新公告透露利好 15只个股有望爆发（11.08）
2019-11-08,港股公告精选：比亚迪拟与丰田汽车公司合资成立纯电动车研发公司,港股公告精选：比亚迪拟与丰田汽车公司合资成立纯电动车研发公司
2019-11-08,上市车企三季报：超半数车企营收负增长，上汽广汽利润承压 盈利能力下降,上市车企三季报：超半数车企营收负增长，上汽广汽利润承压 盈利能力下降
2019-11-08,【钛晨报】滴滴顺风车对所有用户提供服务时间均调为5:00-20:00；刘强东请辞全国政协委员；联想税前利润创并购摩托罗拉后新高,【钛晨报】滴滴顺风车对所有用户提供服务时间均调为5:00-20:00；刘强东请辞全国政协委员；联想税前利润创并购摩托罗拉后新高
2019-11-08,与丰田“联姻”的资本 深度解密比亚迪e平台,与丰田“联姻”的资本 深度解密比亚迪e平台
2019-11-08,同比下降15.2% 比亚迪公布10月销量数据 盈利能力下降,同比下降15.2% 比亚迪公布10月销量数据 盈利能力下降
2019-11-08,快评：如何看待丰田与比亚迪合作电动车,快评：如何看待丰田与比亚迪合作电动车
2019-11-09,车企出海要借东风，更要找支点,车企出海要借东风，更要找支点
2019-11-10,中国动力电池发展报告：2019,中国动力电池发展报告：2019
2019-11-10,【民生电新】新能源汽车行业丨周跟踪：车企布局深化合作，电动全球化进程加速,【民生电新】新能源汽车行业丨周跟踪：车企布局深化合作，电动全球化进程加速
2019-11-10,低迷的C端和亮眼的B端比亚迪看到成绩单心里苦,低迷的C端和亮眼的B端比亚迪看到成绩单心里苦
2019-11-10,车企深度参与，一个充电APP适用全国充电桩的时代到来了？,车企深度参与，一个充电APP适用全国充电桩的时代到来了？
2019-11-10,E周见|丰田比亚迪合资/奔驰EQC上市,E周见|丰田比亚迪合资/奔驰EQC上市
2019-11-11,车企路线之惑：纯电和混动尚未分出结果，氢燃料又来了,车企路线之惑：纯电和混动尚未分出结果，氢燃料又来了
2019-11-11,丰田牵手比亚迪，枪口对准了谁？,丰田牵手比亚迪，枪口对准了谁？
2019-11-11,开放赋予中国企业技术自信比亚迪打响全球汽车革命新枪,开放赋予中国企业技术自信比亚迪打响全球汽车革命新枪
2019-11-11,超六成上市车企前三季净利下滑 商用车企上演“反转戏码” 盈利能力下降,超六成上市车企前三季净利下滑 商用车企上演“反转戏码” 盈利能力下降
2019-11-11,干货丨半导体产业链企业最全汇总,干货丨半导体产业链企业最全汇总
2019-11-11,锂电行业回款难 2019年已经超过100家电池企业倒闭！ 减资破产,锂电行业回款难 2019年已经超过100家电池企业倒闭！ 减资破产
2019-11-11,汽车股出现回落 比亚迪H股下跌3%A股下跌2%,汽车股出现回落 比亚迪H股下跌3%A股下跌2%
2019-11-11,10月动力电池装机同比全面下滑 Q4冲量爆发渺茫,10月动力电池装机同比全面下滑 Q4冲量爆发渺茫
2019-11-11,成立合资公司后 丰田和比亚迪 谁是最大的受益者？,成立合资公司后 丰田和比亚迪 谁是最大的受益者？
2019-11-11,10月乘用车动力电池装机量top20：宁德时代榜首 力神升第三 桑顿进前五,10月乘用车动力电池装机量top20：宁德时代榜首 力神升第三 桑顿进前五
2019-11-11,1-10月客车动力电池装机量top10：CATL/BYD/亿纬锂能前三 宁德时代占比超7成,1-10月客车动力电池装机量top10：CATL/BYD/亿纬锂能前三 宁德时代占比超7成
2019-11-11,25股获券商买入评级 方大特钢目标涨幅达47.84%,25股获券商买入评级 方大特钢目标涨幅达47.84%
2019-11-11,周一机构一致看好的七大金股（11.11）,周一机构一致看好的七大金股（11.11）
2019-11-11,17位汽车人登福布斯富豪榜 锂电企业力压车企造富能力惊人,17位汽车人登福布斯富豪榜 锂电企业力压车企造富能力惊人
2019-11-11,丰田比亚迪结盟、特斯拉大众决战上海滩，车市抗衡战拉开序幕？,丰田比亚迪结盟、特斯拉大众决战上海滩，车市抗衡战拉开序幕？
2019-11-12,10月新能源销量：“银十”之下的暴跌 盈利能力下降,10月新能源销量：“银十”之下的暴跌 盈利能力下降
2019-11-12,孙燕姿发微博要换车 超30家主机厂留言自荐,孙燕姿发微博要换车 超30家主机厂留言自荐
2019-11-12,新车、新厂、新公司……车企电动化争夺战愈演愈烈？,新车、新厂、新公司……车企电动化争夺战愈演愈烈？
2019-11-12,丰田比亚迪，改变历史的牵手,丰田比亚迪，改变历史的牵手
2019-11-12,10月乘联会：新能源乘用车环比微增0.85%，年末拉升现象难再现,10月乘联会：新能源乘用车环比微增0.85%，年末拉升现象难再现
2019-11-12,比亚迪的“野心”与特斯拉的“梦”,比亚迪的“野心”与特斯拉的“梦”
2019-11-12,八成车企仍下滑 三季度财报仍是“亏”字当头 盈利能力下降,八成车企仍下滑 三季度财报仍是“亏”字当头 盈利能力下降
2019-11-12,坚持纯电驱动不动摇 新能源汽车亟待回归初心,坚持纯电驱动不动摇 新能源汽车亟待回归初心
2019-11-12,新能源汽车全年或现首次负增长,新能源汽车全年或现首次负增长
2019-11-13,比亚迪10月销售4.1万辆：燃油车大涨37% 新能源车却跌55% 盈利能力下降,比亚迪10月销售4.1万辆：燃油车大涨37% 新能源车却跌55% 盈利能力下降
2019-11-13,第10批新能源车型推荐目录发布，沃尔沃极星1/哪吒U等196款车型入选,第10批新能源车型推荐目录发布，沃尔沃极星1/哪吒U等196款车型入选
2019-11-13,57家动力电池PACK企业惨遭淘汰背后,57家动力电池PACK企业惨遭淘汰背后
2019-11-13,车企盈收普遍下降 新能源车业务成“印钞机”,车企盈收普遍下降 新能源车业务成“印钞机”
2019-11-13,威马EX5&帝豪GL PHEV首现新能源榜单，潜力可期！,威马EX5&帝豪GL PHEV首现新能源榜单，潜力可期！
2019-11-13,更纯粹的新能源车型，比亚迪HC明年6月发布仅推DM和EV版本,更纯粹的新能源车型，比亚迪HC明年6月发布仅推DM和EV版本
2019-11-13,10月销量暴跌，新能源汽车弯道超车后翻车了？ 盈利能力下降,10月销量暴跌，新能源汽车弯道超车后翻车了？ 盈利能力下降
2019-11-13,1-10月动力电池PACK装机量：宁德时代市占率23% 国轩高科排名第4,1-10月动力电池PACK装机量：宁德时代市占率23% 国轩高科排名第4
2019-11-13,46股获券商买入评级 金隅集团目标涨幅达79.69%,46股获券商买入评级 金隅集团目标涨幅达79.69%
2019-11-13,2019广州车展前瞻 多款重磅新能源车型抢先看！,2019广州车展前瞻 多款重磅新能源车型抢先看！
2019-11-13,【电新*曾朵红】10月装机4.07gwh，同比-31%，环比+3%,【电新*曾朵红】10月装机4.07gwh，同比-31%，环比+3%
2019-11-13,比亚迪：优势互补，两大巨头携手电动化大未来,比亚迪：优势互补，两大巨头携手电动化大未来
2019-11-13,驱动电机：10月装机8.6万台，同比下降45%,驱动电机：10月装机8.6万台，同比下降45%
2019-11-13,【东吴电新】10月装机4.07gwh，同比-31%，环比+3%,【东吴电新】10月装机4.07gwh，同比-31%，环比+3%
2019-11-13,10月专用车动力电池装机量TOP10：宁德时代榜首 亿纬锂能稳居第二 宇量、比克、星恒闯进前十,10月专用车动力电池装机量TOP10：宁德时代榜首 亿纬锂能稳居第二 宇量、比克、星恒闯进前十
2019-11-14,短期受挫，长期依旧看好——新能源汽车动力电池10月市场跟踪报告（四）,短期受挫，长期依旧看好——新能源汽车动力电池10月市场跟踪报告（四）
2019-11-14,野马首款纯电动轿车定名“星歌” 竞争比亚迪e1,野马首款纯电动轿车定名“星歌” 竞争比亚迪e1
2019-11-14,“旗舰级”水准 比亚迪HC车型内饰设计图曝光,“旗舰级”水准 比亚迪HC车型内饰设计图曝光
2019-11-14,10月动力电池BMS配套TOP20：外资、合资来势汹汹 法可赛升第4 普瑞排第7,10月动力电池BMS配套TOP20：外资、合资来势汹汹 法可赛升第4 普瑞排第7
2019-11-14,【东吴电新】10月电动车销量7.5万辆，同比下降45.6%，环比下降5.9% 盈利能力下降,【东吴电新】10月电动车销量7.5万辆，同比下降45.6%，环比下降5.9% 盈利能力下降
2019-11-14,丰田牵手比亚迪 纯电动技术或只是合作起点,丰田牵手比亚迪 纯电动技术或只是合作起点
2019-11-14,新能源汽车行业数据点评：低谷中酝酿向上动能，看好国内外共振发展趋势,新能源汽车行业数据点评：低谷中酝酿向上动能，看好国内外共振发展趋势
2019-11-15,金九银十爆冷，明年新能源汽车补贴退坡吗？,金九银十爆冷，明年新能源汽车补贴退坡吗？
2019-11-15,比亚迪电动客车明年将在哥伦比亚首都运营,比亚迪电动客车明年将在哥伦比亚首都运营
2019-11-15,“回头客”挪威相中中国科技！比亚迪新能源北欧获青睐,“回头客”挪威相中中国科技！比亚迪新能源北欧获青睐
2019-11-15,比亚迪哥伦比亚记：从0到引领美洲电动化风潮，机会总是留给有准备的人,比亚迪哥伦比亚记：从0到引领美洲电动化风潮，机会总是留给有准备的人
2019-11-15,新能源车产业链Q3盈利能力：动力电池最强 资源最弱,新能源车产业链Q3盈利能力：动力电池最强 资源最弱
2019-11-15,新能源车市尚未回暖 国产系列与跨国车企的同台竞技谁能胜出？,新能源车市尚未回暖 国产系列与跨国车企的同台竞技谁能胜出？
2019-11-15,通票0.2元 比亚迪云巴在园区内运行,通票0.2元 比亚迪云巴在园区内运行
2019-11-15,比亚迪湖南宁乡动力电池项目明年投产,比亚迪湖南宁乡动力电池项目明年投产
2019-11-15,比亚迪和大众之间只隔了一个它,比亚迪和大众之间只隔了一个它
2019-11-15,比亚迪斩获美洲地区最大纯电动大巴订单,比亚迪斩获美洲地区最大纯电动大巴订单
2019-11-16,柬埔寨媒体团探访比亚迪 体验汽车工业先进制造技术,柬埔寨媒体团探访比亚迪 体验汽车工业先进制造技术
2019-11-16,丰田走捷径？与比亚迪“联姻”剑指纯电动,丰田走捷径？与比亚迪“联姻”剑指纯电动
2019-11-16,论技术共赢，丰田与比亚迪的联姻为中国汽车产业打了个样,论技术共赢，丰田与比亚迪的联姻为中国汽车产业打了个样
2019-11-16,新能源汽车补贴退坡和市场的双重压力下，比亚迪该如何破局？,新能源汽车补贴退坡和市场的双重压力下，比亚迪该如何破局？
2019-11-16,想做“汽车界的苹果”，比亚迪的朋友圈又多了一位丰田先生,想做“汽车界的苹果”，比亚迪的朋友圈又多了一位丰田先生
2019-11-16,比亚迪等15车企集体行贿：为新能源车型数据接入符合性过审 其他违规处罚,比亚迪等15车企集体行贿：为新能源车型数据接入符合性过审 其他违规处罚
2019-11-16,比亚迪等15车企集体行贿：为新能源车型数据接入符合性过审,比亚迪等15车企集体行贿：为新能源车型数据接入符合性过审
2019-11-16,特斯拉国产后光环不再？从保值率看新能源市场走向,特斯拉国产后光环不再？从保值率看新能源市场走向
2019-11-17,Nice！长城汽车为比亚迪叉车投下信任票,Nice！长城汽车为比亚迪叉车投下信任票
2019-11-18,中科电气定增成功发行，募集资金聚焦发展新能源负极材料业务,中科电气定增成功发行，募集资金聚焦发展新能源负极材料业务
2019-11-18,比亚迪电动客车明年将在哥伦比亚首都运营,比亚迪电动客车明年将在哥伦比亚首都运营
2019-11-18,野马首款纯电轿车——星歌 聚焦三四线城市,野马首款纯电轿车——星歌 聚焦三四线城市
2019-11-18,中金恢复比亚迪(01211-HK)跑贏大市,中金恢复比亚迪(01211-HK)跑贏大市
2019-11-18,新能源乘用车10月销量：Aion S持续逆势再涨5.3%，比亚迪e系列未形成有效增量,新能源乘用车10月销量：Aion S持续逆势再涨5.3%，比亚迪e系列未形成有效增量
2019-11-19,机构调研：比亚迪丰田合作吸睛 兴全景林访卫星石化,机构调研：比亚迪丰田合作吸睛 兴全景林访卫星石化
2019-11-19,新能源汽车销量四连降，弯道“超车”变“翻车” 盈利能力下降,新能源汽车销量四连降，弯道“超车”变“翻车” 盈利能力下降
2019-11-19,广州车展开幕在即 最爱哪款新能源车？,广州车展开幕在即 最爱哪款新能源车？
2019-11-19,第四届“深圳工业大奖”揭晓 比亚迪大疆海能达榜上有名,第四届“深圳工业大奖”揭晓 比亚迪大疆海能达榜上有名
2019-11-19,丰田联姻比亚迪 海外车企进军纯电动市场,丰田联姻比亚迪 海外车企进军纯电动市场
2019-11-19,比亚迪研发费降六成占比跌至4% 销量下滑6%燃油车年内首现增长 盈利能力下降,比亚迪研发费降六成占比跌至4% 销量下滑6%燃油车年内首现增长 盈利能力下降
2019-11-19,25周年庆，比亚迪向深圳“表白”：没有深圳，就没有比亚迪,25周年庆，比亚迪向深圳“表白”：没有深圳，就没有比亚迪
2019-11-19,紧凑级家轿市场冠军之选 比亚迪全新秦荣耀上市,紧凑级家轿市场冠军之选 比亚迪全新秦荣耀上市
2019-11-19,沃特玛破产清算： 动力电池行业加速洗牌 减资破产,沃特玛破产清算： 动力电池行业加速洗牌 减资破产
2019-11-19,奔驰出手 腾势翻身机会来了吗,奔驰出手 腾势翻身机会来了吗
2019-11-19,2019年深圳网约车行业市场分析：纯电动化为主要政策方向 比亚迪与滴滴双合力布局,2019年深圳网约车行业市场分析：纯电动化为主要政策方向 比亚迪与滴滴双合力布局
2019-11-20,上海首批油氢合建站落地/拜腾正式进入美国加州市场丨盖世E日速览,上海首批油氢合建站落地/拜腾正式进入美国加州市场丨盖世E日速览
2019-11-20,为何比亚迪屡获北欧市场青睐——科技创新，引领公交电动化变革,为何比亚迪屡获北欧市场青睐——科技创新，引领公交电动化变革
2019-11-20,比亚迪：2019年前十月累计装机总量约为11.152GWh,比亚迪：2019年前十月累计装机总量约为11.152GWh
2019-11-20,【广州车展特刊】稳消费拉内需 中国汽车：康波周期可以渡过,【广州车展特刊】稳消费拉内需 中国汽车：康波周期可以渡过
2019-11-20,提供超万亿信贷支持 光大银行服务助推民营企业发展,提供超万亿信贷支持 光大银行服务助推民营企业发展
2019-11-20,每日资讯：国产Model3申报326批公告、广州建国家级自动驾驶测试基地、比亚迪宁乡项目明年投产,每日资讯：国产Model3申报326批公告、广州建国家级自动驾驶测试基地、比亚迪宁乡项目明年投产
2019-11-20,比亚迪宁乡动力电池项目2020年投产,比亚迪宁乡动力电池项目2020年投产
2019-11-20,宁德时代811已稳定供货，力神电池首次挤进第三,宁德时代811已稳定供货，力神电池首次挤进第三
2019-11-20,申龙客车、比亚迪等15家车企集体行贿，新能源监管力度亟需加强 其他违规处罚,申龙客车、比亚迪等15家车企集体行贿，新能源监管力度亟需加强 其他违规处罚
2019-11-21,补课电动车——丰田“联姻”比亚迪，终是放下了身段,补课电动车——丰田“联姻”比亚迪，终是放下了身段
2019-11-21,外资品牌新能源车陆续开售，“场内”车企百计降成本求生,外资品牌新能源车陆续开售，“场内”车企百计降成本求生
2019-11-21,寻找中国汽车健康发展金引擎：年度人物和企业大奖榜单来了,寻找中国汽车健康发展金引擎：年度人物和企业大奖榜单来了
2019-11-21,比亚迪向新能源车掘金者卖“好铁锹”,比亚迪向新能源车掘金者卖“好铁锹”
2019-11-21,第三季度运行数据及业绩报告显示：新能源车企盈利水平普降 盈利能力下降,第三季度运行数据及业绩报告显示：新能源车企盈利水平普降 盈利能力下降
2019-11-21,国泰君安中小盘·高景气产业专题研究系列七【动力电池占新能源核心，国内厂商据产业链优势】,国泰君安中小盘·高景气产业专题研究系列七【动力电池占新能源核心，国内厂商据产业链优势】
2019-11-21,新势力造车，多少消费者买单？,新势力造车，多少消费者买单？
2019-11-21,净资产收益率走势低靡 半数上市车企营收负增长,净资产收益率走势低靡 半数上市车企营收负增长
2019-11-21,ROE直线下滑 半数上市车企营收负增长 盈利能力下降,ROE直线下滑 半数上市车企营收负增长 盈利能力下降
2019-11-21,新能源汽车销量知多少？保险数还原真相！,新能源汽车销量知多少？保险数还原真相！
2019-11-21,比亚迪汉将于22日正式亮相 提供DM/EV两种动力,比亚迪汉将于22日正式亮相 提供DM/EV两种动力
2019-11-21,比亚迪全新秦燃油&EV上市,比亚迪全新秦燃油&EV上市
2019-11-21,比亚迪的二春？,比亚迪的二春？
2019-11-22,比亚迪:拟发行100亿元公司债券，加大投资，利润可期，股价将涨,比亚迪:拟发行100亿元公司债券，加大投资，利润可期，股价将涨
2019-11-22,比亚迪(002594.SZ)拟发行不超100亿元公司债券 用于补充营运资金及偿还借款等,比亚迪(002594.SZ)拟发行不超100亿元公司债券 用于补充营运资金及偿还借款等
2019-11-22,晚间公告热点追踪：比亚迪拟发行不超100亿债券,晚间公告热点追踪：比亚迪拟发行不超100亿债券
2019-11-22,比亚迪：拟发行发行不超过人民币100亿元公司债券,比亚迪：拟发行发行不超过人民币100亿元公司债券
2019-11-22,313亿！财政部提前发放新能源汽车补贴！宁德时代冲击涨停，北上资金年内增仓逾20倍！,313亿！财政部提前发放新能源汽车补贴！宁德时代冲击涨停，北上资金年内增仓逾20倍！
2019-11-22,蓝海华腾(300484.SZ)与比亚迪微电子签署战略合作框架协议,蓝海华腾(300484.SZ)与比亚迪微电子签署战略合作框架协议
2019-11-22,光大银行助民营企业“爬坡过坎”,光大银行助民营企业“爬坡过坎”
2019-11-22,铁路 双11 电商黄金周运输圆满收官 六股强,铁路 双11 电商黄金周运输圆满收官 六股强
2019-11-22,比亚迪：拟发行总规模不超过100亿元公司债,比亚迪：拟发行总规模不超过100亿元公司债
2019-11-23,比亚迪(01211-HK)拟发行不多于100亿元人民币境內公司债券,比亚迪(01211-HK)拟发行不多于100亿元人民币境內公司债券
2019-11-23,【现场直击】多品牌新能源车型重磅发布，点燃广州车展激情,【现场直击】多品牌新能源车型重磅发布，点燃广州车展激情
2019-11-23,奥迪确认正与比亚迪就电池采购进行洽谈,奥迪确认正与比亚迪就电池采购进行洽谈
2019-11-23,腾势的“七年之痒”，要坚持、更要换新,腾势的“七年之痒”，要坚持、更要换新
2019-11-23,比亚迪拟发债百亿补充营运资金、偿还借款，负债率已达68% 偿债能力下降,比亚迪拟发债百亿补充营运资金、偿还借款，负债率已达68% 偿债能力下降
2019-11-23,比亚迪拟发债100亿元补充营运资金偿还借款,比亚迪拟发债100亿元补充营运资金偿还借款
2019-11-24,比亚迪牵手中国移动放大招：5G SIM卡车钥匙来了,比亚迪牵手中国移动放大招：5G SIM卡车钥匙来了
2019-11-24,比亚迪携全新秦和e3亮相广州车展,比亚迪携全新秦和e3亮相广州车展
2019-11-25,[快讯]奥迪正与比亚迪洽谈电池供应采购,[快讯]奥迪正与比亚迪洽谈电池供应采购
2019-11-25,【中信建投汽车日报】2019年11月25日星期一,【中信建投汽车日报】2019年11月25日星期一
2019-11-25,奥迪称与比亚迪就动力电池合作正进行谈判,奥迪称与比亚迪就动力电池合作正进行谈判
2019-11-25,共享汽车“坟场”背后，今年租赁用新能源乘用车已达18万辆,共享汽车“坟场”背后，今年租赁用新能源乘用车已达18万辆
2019-11-25,广州车展6款新能源车 腾势X领衔/最低6.18万起售,广州车展6款新能源车 腾势X领衔/最低6.18万起售
2019-11-25,比亚迪回应与奥迪商谈电池合作：以公告为准（36氪）,比亚迪回应与奥迪商谈电池合作：以公告为准（36氪）
2019-11-25,奥迪与比亚迪(01211)洽谈电池采购， 或成立合资公司,奥迪与比亚迪(01211)洽谈电池采购， 或成立合资公司
2019-11-25,【奥迪正与比亚迪洽谈电池供应采购大众集团有意通过资本合作的方式解决中国电池供应问题】美港电讯25日讯，记者获悉，奥迪与,【奥迪正与比亚迪洽谈电池供应采购大众集团有意通过资本合作的方式解决中国电池供应问题】美港电讯25日讯，记者获悉，奥迪与
2019-11-25,浙商银行董事长沈仁康:构建平台化服务银行大有可为,浙商银行董事长沈仁康:构建平台化服务银行大有可为
2019-11-25,比亚迪拟发行不超过100亿元公司债券，受此影响股价涨1.83％,比亚迪拟发行不超过100亿元公司债券，受此影响股价涨1.83％
2019-11-25,发债100亿偿还借款、补充运营资金，比亚迪面临较大的偿债压力？ 偿债能力下降,发债100亿偿还借款、补充运营资金，比亚迪面临较大的偿债压力？ 偿债能力下降
2019-11-25,腾势焕新出发｜王传福出海“煮酒论英雄”,腾势焕新出发｜王传福出海“煮酒论英雄”
2019-11-25,比亚迪的“四面楚歌”,比亚迪的“四面楚歌”
2019-11-25,碧桂园美好中国 ESG100 指数月度运行报告,碧桂园美好中国 ESG100 指数月度运行报告
2019-11-25,丰田：以开放的姿态加速电动化普及,丰田：以开放的姿态加速电动化普及
2019-11-25,宝马向宁德时代 奥迪向比亚迪,宝马向宁德时代 奥迪向比亚迪
2019-11-25,奥迪与比亚迪洽谈电池供应一事得到新任奥迪中国总裁确认,奥迪与比亚迪洽谈电池供应一事得到新任奥迪中国总裁确认
2019-11-25,十张图了解中国汽车产业园市场现状与发展趋势 新能源汽车产业园进入密集建设期,十张图了解中国汽车产业园市场现状与发展趋势 新能源汽车产业园进入密集建设期
2019-11-26,动力电池业务新利好：比亚迪或将成为奥迪动力电池供应商,动力电池业务新利好：比亚迪或将成为奥迪动力电池供应商
2019-11-26,奥迪将入股比亚迪电池业务？供应链争夺激烈,奥迪将入股比亚迪电池业务？供应链争夺激烈
2019-11-26,拆分电池业务再提速比亚迪有望“牵手”奥迪,拆分电池业务再提速比亚迪有望“牵手”奥迪
2019-11-26,“结缘”奔驰 比亚迪悄悄下了一盘大棋,“结缘”奔驰 比亚迪悄悄下了一盘大棋
2019-11-26,AC早报 | 南京车险骗保年损失超10亿元；比亚迪拟发行公司债券,AC早报 | 南京车险骗保年损失超10亿元；比亚迪拟发行公司债券
2019-11-26,七年之痒？不存在的！比亚迪（01211）与戴姆勒“羁绊”愈深,七年之痒？不存在的！比亚迪（01211）与戴姆勒“羁绊”愈深
2019-11-26,动力电池用胶批量供货比亚迪，回天新材快速挺进新能源领域,动力电池用胶批量供货比亚迪，回天新材快速挺进新能源领域
2019-11-26,启辰T60纯电版2天后上市 尺寸续航超比亚迪元EV,启辰T60纯电版2天后上市 尺寸续航超比亚迪元EV
2019-11-26,下行压力凸显、格局已然生变，后补贴时代全球电动车市好难,下行压力凸显、格局已然生变，后补贴时代全球电动车市好难
2019-11-26,宁德时代、比亚迪，两巨头均发债百亿，背后的逻辑有何不同？,宁德时代、比亚迪，两巨头均发债百亿，背后的逻辑有何不同？
2019-11-26,宁德时代2019“之旅”,宁德时代2019“之旅”
2019-11-26,早报|美股再创历史新高；万科回应王石泄密：他未掌握内幕信息；刘强东宣布关怀政策；罗永浩被解除限制高消费,早报|美股再创历史新高；万科回应王石泄密：他未掌握内幕信息；刘强东宣布关怀政策；罗永浩被解除限制高消费
2019-11-26,与比亚迪洽谈 奥迪欲扩电池“朋友圈”,与比亚迪洽谈 奥迪欲扩电池“朋友圈”
2019-11-27,比亚迪电子(00285.HK)与比亚迪订立建造服务框架协议,比亚迪电子(00285.HK)与比亚迪订立建造服务框架协议
2019-11-27,比亚迪谈半导体业务现状与未来规划,比亚迪谈半导体业务现状与未来规划
2019-11-27,直击广州车展 | 车市寒冬 2020有望回暖？,直击广州车展 | 车市寒冬 2020有望回暖？
2019-11-27,雪中送炭 中国光大银行汽车金融业务推进会在深召开,雪中送炭 中国光大银行汽车金融业务推进会在深召开
2019-11-27,当升科技：比亚迪是公司重要客户之一,当升科技：比亚迪是公司重要客户之一
2019-11-27,比亚迪净利连续三年下滑，转向发展半导体？ 盈利能力下降,比亚迪净利连续三年下滑，转向发展半导体？ 盈利能力下降
2019-11-27,比亚迪是否陷入资金困境？短期借款430亿 拟发债不超100亿 新能源汽车销量连续4个月同比下滑 盈利能力下降,比亚迪是否陷入资金困境？短期借款430亿 拟发债不超100亿 新能源汽车销量连续4个月同比下滑 盈利能力下降
2019-11-27,锂电池上涨有“锂” 五大主线布局龙头股,锂电池上涨有“锂” 五大主线布局龙头股
2019-11-27,跨国车企百亿大单纷纷“砸”向宁德时代、比亚迪，why？,跨国车企百亿大单纷纷“砸”向宁德时代、比亚迪，why？
2019-11-27,资金压力大？比亚迪拟发行债券100亿元,资金压力大？比亚迪拟发行债券100亿元
2019-11-27,年需求15GWh！比亚迪/宁德时代/国轩高科/东旭光电等进军锂电叉车“新蓝海”,年需求15GWh！比亚迪/宁德时代/国轩高科/东旭光电等进军锂电叉车“新蓝海”
2019-11-27,两年前电池出货量仅次于比亚迪，如今负债近200亿破产清算！ 减资破产,两年前电池出货量仅次于比亚迪，如今负债近200亿破产清算！ 减资破产
2019-11-27,新能源乘用车上险量：1-10月累计71.3万辆,新能源乘用车上险量：1-10月累计71.3万辆
2019-11-27,奥迪欲打破电池依赖与比亚迪合作 宝马260亿元加注宁德时代,奥迪欲打破电池依赖与比亚迪合作 宝马260亿元加注宁德时代
2019-11-27,10月新能源乘用车上险量排行榜：整体微跌5.4%，蔚来ES6单月上险量破2000,10月新能源乘用车上险量排行榜：整体微跌5.4%，蔚来ES6单月上险量破2000
2019-11-27,2020年全球EMS代工厂50强榜单,2020年全球EMS代工厂50强榜单
2019-11-28,未来汽车之集大成者，必有特斯拉,未来汽车之集大成者，必有特斯拉
2019-11-28,续航605km，E-Rock能扛起长安的新能源大旗？,续航605km，E-Rock能扛起长安的新能源大旗？
2019-11-28,实探“察尔汗盐湖A股生态圈”丨进击的碳酸锂：低迷与希望共存,实探“察尔汗盐湖A股生态圈”丨进击的碳酸锂：低迷与希望共存
2019-11-29,长城宝马光束汽车项目正式上马光束究竟能照多远？,长城宝马光束汽车项目正式上马光束究竟能照多远？
2019-11-29,利好推动新能源汽车行业快速发展 机构推荐叠加估值优势9只概念股机会凸显,利好推动新能源汽车行业快速发展 机构推荐叠加估值优势9只概念股机会凸显
2019-11-29,新能源乘用车10月产量排行：北汽EU5产量下滑77.28%，合资品牌加速布局纯电市场,新能源乘用车10月产量排行：北汽EU5产量下滑77.28%，合资品牌加速布局纯电市场
2019-11-29,昔日巨头沃特玛电池破产“落幕” 减资破产,昔日巨头沃特玛电池破产“落幕” 减资破产
2019-11-29,补贴后13.88万元起 东风启辰T60EV上市,补贴后13.88万元起 东风启辰T60EV上市
2019-11-29,欧美电池危机？亚洲企业垄断市场,欧美电池危机？亚洲企业垄断市场
2019-11-29,混动市场群雄逐鹿 自主车企们有何对策？,混动市场群雄逐鹿 自主车企们有何对策？
2019-11-29,新能源行业：能源迭代 车换芯,新能源行业：能源迭代 车换芯
2019-11-29,SERES（赛力斯）电驱动技术获关注 或将与菲亚特-克莱斯勒（FCA）开展技术合作,SERES（赛力斯）电驱动技术获关注 或将与菲亚特-克莱斯勒（FCA）开展技术合作
2019-11-30,10月动力电池市场：比亚迪优势减弱，力神跃居第三,10月动力电池市场：比亚迪优势减弱，力神跃居第三
2019-11-30,巴菲特会成为新能源汽车的投资先烈吗？,巴菲特会成为新能源汽车的投资先烈吗？
2019-11-30,煮酒论车：“奔驰化”的腾势X会火吗？,煮酒论车：“奔驰化”的腾势X会火吗？
2019-12-01,同比下滑3.9% 丰田发布10月全球销量 盈利能力下降,同比下滑3.9% 丰田发布10月全球销量 盈利能力下降
2019-12-02,奔驰出面力挺，比亚迪技术护航，这个合资品牌要上演翻身大戏？,奔驰出面力挺，比亚迪技术护航，这个合资品牌要上演翻身大戏？
2019-12-02,全球动力电池巨头企业增收不增利 盈利能力下降,全球动力电池巨头企业增收不增利 盈利能力下降
2019-12-02,新能源车市场格局生变 两大主线筛选优质标的,新能源车市场格局生变 两大主线筛选优质标的
2019-12-03,*ST盐湖177亿资产降价53亿 20万人围观仍无人报名竞买,*ST盐湖177亿资产降价53亿 20万人围观仍无人报名竞买
2019-12-03,王传福卸任比亚迪精密制造董事长或为电池业务拆分做准备 董监高成员变化,王传福卸任比亚迪精密制造董事长或为电池业务拆分做准备 董监高成员变化
2019-12-03,10月新能源车销量出炉：第2名危机暗藏，第1名毫无悬念,10月新能源车销量出炉：第2名危机暗藏，第1名毫无悬念
2019-12-03,我国固态电池发展现状：能量密度已可达300Wh/kg,我国固态电池发展现状：能量密度已可达300Wh/kg
2019-12-03,先导VS赢合 谁是锂电设备的“带头大哥”？,先导VS赢合 谁是锂电设备的“带头大哥”？
2019-12-03,发展规划征求意见，中长期成长趋势不变,发展规划征求意见，中长期成长趋势不变
2019-12-03,跌跌不休 新能源汽车真的不香了？,跌跌不休 新能源汽车真的不香了？
2019-12-03,海外扩张 比亚迪电动车将卖到巴基斯坦,海外扩张 比亚迪电动车将卖到巴基斯坦
2019-12-03,王传福卸任比亚迪精密制造有限公司董事长 董监高成员变化,王传福卸任比亚迪精密制造有限公司董事长 董监高成员变化
2019-12-04,2019年10月中国市场新能源车销售排行公布 比亚迪一马当先,2019年10月中国市场新能源车销售排行公布 比亚迪一马当先
2019-12-04,动力电池装机量现“三连跌” TOP10企业占比超九成,动力电池装机量现“三连跌” TOP10企业占比超九成
2019-12-04,新能源汽车10月销量榜出炉 前五都是国内自主品牌,新能源汽车10月销量榜出炉 前五都是国内自主品牌
2019-12-04,锂电池上涨有“锂” 五大主线布局龙头股,锂电池上涨有“锂” 五大主线布局龙头股
2019-12-04,正泰新能源出席2019彭博上海峰会,正泰新能源出席2019彭博上海峰会
2019-12-04,王传福卸任一公司董事长，比亚迪称公司经营未变化 董监高成员变化,王传福卸任一公司董事长，比亚迪称公司经营未变化 董监高成员变化
2019-12-04,动力电池企业与车企供应关系解析,动力电池企业与车企供应关系解析
2019-12-04,大股东增持宜少兜底式喊话 多真金白银投入,大股东增持宜少兜底式喊话 多真金白银投入
2019-12-05,【2019世界车联网大会】比亚迪智能网联价值传播及运营部总监刘亮：汽车智能网联发展新时代,【2019世界车联网大会】比亚迪智能网联价值传播及运营部总监刘亮：汽车智能网联发展新时代
2019-12-05,比亚迪联手戴姆勒打造“腾势X”电动SUV 售价28.98万元起,比亚迪联手戴姆勒打造“腾势X”电动SUV 售价28.98万元起
2019-12-05,土味汽车广告，渠道下沉的金钥匙还是坏点子？,土味汽车广告，渠道下沉的金钥匙还是坏点子？
2019-12-05,政策春风到，新能源车企安心“过冬”,政策春风到，新能源车企安心“过冬”
2019-12-05,富时罗素：比亚迪和广汽H股调出富时中国50指数 剔除指数,富时罗素：比亚迪和广汽H股调出富时中国50指数 剔除指数
2019-12-05,被屡屡质疑的比亚迪，能否抵御来势汹汹的特斯拉？,被屡屡质疑的比亚迪，能否抵御来势汹汹的特斯拉？
2019-12-05,2020年在即，吉利、奇瑞、比亚迪谁能实现“小目标”,2020年在即，吉利、奇瑞、比亚迪谁能实现“小目标”
2019-12-05,“老大哥”带头协调共赢 丰田电动化全面提速,“老大哥”带头协调共赢 丰田电动化全面提速
2019-12-05,比亚迪戴姆勒联手打造电动SUV腾势X亮相,比亚迪戴姆勒联手打造电动SUV腾势X亮相
2019-12-06,比亚迪前11月累计销售同比跌7.28% 盈利能力下降,比亚迪前11月累计销售同比跌7.28% 盈利能力下降
2019-12-06,从“穿越”台风授信到一路相伴“一带一路”建设 中信银行讲述有温度的金融服务,从“穿越”台风授信到一路相伴“一带一路”建设 中信银行讲述有温度的金融服务
2019-12-06,从“比亚迪速度”到“比亚迪质量”，王传福揭露企业高质量发展密码,从“比亚迪速度”到“比亚迪质量”，王传福揭露企业高质量发展密码
2019-12-06,比亚迪股份：11月汽车销量同比降7.28%,比亚迪股份：11月汽车销量同比降7.28%
2019-12-06,比亚迪：前11个月新能源汽车销量为21.6万辆 同比增长7.58%,比亚迪：前11个月新能源汽车销量为21.6万辆 同比增长7.58%
2019-12-06,比亚迪：前11个月新能源汽车销量同比增长7.58%,比亚迪：前11个月新能源汽车销量同比增长7.58%
2019-12-06,比亚迪(002594.SZ)11月新能源汽车销量11220辆同比下降62.69% 盈利能力下降,比亚迪(002594.SZ)11月新能源汽车销量11220辆同比下降62.69% 盈利能力下降
2019-12-07,比亚迪中标欧洲最大纯电动大巴订单,比亚迪中标欧洲最大纯电动大巴订单
2019-12-07,谁是新能源界的“璀璨行星”,谁是新能源界的“璀璨行星”
2019-12-07,比亚迪新能源销量连月下滑 本年累计同比增速降至7% 盈利能力下降,比亚迪新能源销量连月下滑 本年累计同比增速降至7% 盈利能力下降
2019-12-07,比亚迪(01211-HK)11月销量按年下跌19% 盈利能力下降,比亚迪(01211-HK)11月销量按年下跌19% 盈利能力下降
2019-12-07,比亚迪戴姆勒联合发布新车“腾势X” 多项“黑科技”兼顾智慧与安全,比亚迪戴姆勒联合发布新车“腾势X” 多项“黑科技”兼顾智慧与安全
2019-12-07,外媒：特斯拉超比亚迪，成全球最大电动车制造商,外媒：特斯拉超比亚迪，成全球最大电动车制造商
2019-12-07,第11批新能源车型推荐目录发布，特斯拉/丰田等146款车型入选,第11批新能源车型推荐目录发布，特斯拉/丰田等146款车型入选
2019-12-07,2020年或仅剩20余家 动力电池淘汰赛再升级,2020年或仅剩20余家 动力电池淘汰赛再升级
2019-12-07,宁德时代“出海记”,宁德时代“出海记”
2019-12-07,比亚迪11月新能源汽车销量11220辆 同比下滑62.7% 盈利能力下降,比亚迪11月新能源汽车销量11220辆 同比下滑62.7% 盈利能力下降
2019-12-08,累计交付超80万辆，特斯拉成为全球电动车销量最高的公司,累计交付超80万辆，特斯拉成为全球电动车销量最高的公司
2019-12-08,比亚迪公布11月销量数据 新能源乘用车占比25.8%,比亚迪公布11月销量数据 新能源乘用车占比25.8%
2019-12-08,比亚迪 | 短期承压 长期向上【华西汽车 崔琰团队】,比亚迪 | 短期承压 长期向上【华西汽车 崔琰团队】
2019-12-08,比亚迪：新能源乘用车11月同比下滑62.9%,比亚迪：新能源乘用车11月同比下滑62.9%
2019-12-09,特斯拉累计售车超80万辆，超越比亚迪成全球最大电动车企,特斯拉累计售车超80万辆，超越比亚迪成全球最大电动车企
2019-12-09,比亚迪中标欧洲最大纯电巴士订单，市场占有率超20%位列第一,比亚迪中标欧洲最大纯电巴士订单，市场占有率超20%位列第一
2019-12-09,北汽ARCFOX首款SUV参数曝光！轴距超比亚迪唐,北汽ARCFOX首款SUV参数曝光！轴距超比亚迪唐
2019-12-09,大摩对3间內汽的坚持比亚迪(01211-HK)图摆脱,大摩对3间內汽的坚持比亚迪(01211-HK)图摆脱
2019-12-09,特斯拉销量超比亚迪成最大新能源车企 国产Model 3可享2.47万补贴,特斯拉销量超比亚迪成最大新能源车企 国产Model 3可享2.47万补贴
2019-12-09,比亚迪将于2020年推出下一代电池组,比亚迪将于2020年推出下一代电池组
2019-12-09,比亚迪：动力电池布局主要在四个城市,比亚迪：动力电池布局主要在四个城市
2019-12-09,比亚迪斩获欧洲最大纯电动大巴订单，市场占有率稳居欧洲第一,比亚迪斩获欧洲最大纯电动大巴订单，市场占有率稳居欧洲第一
2019-12-09,比亚迪宋Pro车型11月销量破两万辆,比亚迪宋Pro车型11月销量破两万辆
2019-12-09,特斯拉销量破80万台 超比亚迪成全球一哥！十年对决两胜一负,特斯拉销量破80万台 超比亚迪成全球一哥！十年对决两胜一负
2019-12-09,259台纯电动大巴：比亚迪中标凯奥雷斯荷兰分公司大单,259台纯电动大巴：比亚迪中标凯奥雷斯荷兰分公司大单
2019-12-09,比亚迪：新能源车销量下滑拖累整体增速 盈利能力下降,比亚迪：新能源车销量下滑拖累整体增速 盈利能力下降
2019-12-09,又是一年冬季来临，电动汽车“加油”跑起来,又是一年冬季来临，电动汽车“加油”跑起来
2019-12-09,本周股市三大猜想及应对策略,本周股市三大猜想及应对策略
2019-12-09,中国华能欧洲100MWh储能项目开工,中国华能欧洲100MWh储能项目开工
2019-12-09,丰田组织架构调整 中国/亚洲将平行管理,丰田组织架构调整 中国/亚洲将平行管理
2019-12-09,EV晨报 | 特斯拉进入推荐目录；比亚迪11月销量再下滑；SK新建电池工厂,EV晨报 | 特斯拉进入推荐目录；比亚迪11月销量再下滑；SK新建电池工厂
2019-12-09,年关将近哀嚎遍地，补贴退坡下的车企众生相 政策恶化,年关将近哀嚎遍地，补贴退坡下的车企众生相 政策恶化
2019-12-09,全球最大电动车制造商易主 特斯拉夺冠,全球最大电动车制造商易主 特斯拉夺冠
2019-12-09,20国逾100城！以荷兰为支点，比亚迪撬动欧洲,20国逾100城！以荷兰为支点，比亚迪撬动欧洲
2019-12-09,2019年11月比亚迪动力电池及储能电池装机总量约0.504GWh,2019年11月比亚迪动力电池及储能电池装机总量约0.504GWh
2019-12-09,比亚迪2020推出双电池储能系统 产能增10倍,比亚迪2020推出双电池储能系统 产能增10倍
2019-12-09,从不被看好到行业第一，以荷兰为支点，比亚迪撬动欧洲,从不被看好到行业第一，以荷兰为支点，比亚迪撬动欧洲
2019-12-09,科创板早报|苹果股价再创新高特斯拉中国造Model3运离上海工厂,科创板早报|苹果股价再创新高特斯拉中国造Model3运离上海工厂
2019-12-10,《2018年度推广应用新能源汽车补助资金预拨审核情况》公示,《2018年度推广应用新能源汽车补助资金预拨审核情况》公示
2019-12-10,比亚迪与印尼出租车运营商Blue Bird签订200台T3电动车采购协议,比亚迪与印尼出租车运营商Blue Bird签订200台T3电动车采购协议
2019-12-10,11月最畅销十款SUV 自主占六席/比亚迪宋涨175.5%,11月最畅销十款SUV 自主占六席/比亚迪宋涨175.5%
2019-12-10,新能源车市五连跌，外资车型却逐渐“上位”,新能源车市五连跌，外资车型却逐渐“上位”
2019-12-10,200台T3 比亚迪持续助力印度尼西亚公共交通电动化,200台T3 比亚迪持续助力印度尼西亚公共交通电动化
2019-12-10,特斯拉上海工厂产能大涨Model3已运出工厂准备交付,特斯拉上海工厂产能大涨Model3已运出工厂准备交付
2019-12-10,比亚迪11月销量破4.1万 新能源汽车表现不及预期 盈利能力下降,比亚迪11月销量破4.1万 新能源汽车表现不及预期 盈利能力下降
2019-12-10,2019年新能源乘用车月度销售量分析：插混市场全面下滑,2019年新能源乘用车月度销售量分析：插混市场全面下滑
2019-12-10,超越比亚迪 特斯拉重夺电动汽车销量冠军,超越比亚迪 特斯拉重夺电动汽车销量冠军
2019-12-10,11月共售出11220台，比亚迪新能源单车平均销量不敌蔚来,11月共售出11220台，比亚迪新能源单车平均销量不敌蔚来
2019-12-10,11月乘用车动力电池装机量top15：CATL市占率达55% 国轩高科环比大涨1309%居第五,11月乘用车动力电池装机量top15：CATL市占率达55% 国轩高科环比大涨1309%居第五
2019-12-10,近五成公司年报业绩向好 两大主线布局岁末行情,近五成公司年报业绩向好 两大主线布局岁末行情
2019-12-10,工信部公布撤销免征购置税车型名单 比亚迪秦Pro在列,工信部公布撤销免征购置税车型名单 比亚迪秦Pro在列
2019-12-11,践行绿色可持续发展之道，比亚迪亮相上海国际客车展,践行绿色可持续发展之道，比亚迪亮相上海国际客车展
2019-12-11,比亚迪：公司IGBT产品关键指标达到先进水平,比亚迪：公司IGBT产品关键指标达到先进水平
2019-12-11,2018年新能源汽车补贴超137亿元 比亚迪预计获36.32亿,2018年新能源汽车补贴超137亿元 比亚迪预计获36.32亿
2019-12-11,连续5个月同比下滑，比亚迪新能源汽车全年销量或不足23万！ 盈利能力下降,连续5个月同比下滑，比亚迪新能源汽车全年销量或不足23万！ 盈利能力下降
2019-12-11,又要搬石砸脚？为美创造3万岗位后，美国欲禁购中企列车和巴士！,又要搬石砸脚？为美创造3万岗位后，美国欲禁购中企列车和巴士！
2019-12-11,车有极限 品质没有极限，比亚迪拿下商用车界“吉尼斯纪录”,车有极限 品质没有极限，比亚迪拿下商用车界“吉尼斯纪录”
2019-12-11,2018年新能源车补贴预拨付超137亿元 比亚迪最多,2018年新能源车补贴预拨付超137亿元 比亚迪最多
2019-12-11,比亚迪秦Pro/荣威eRX5等138款新能源车不再免购置税,比亚迪秦Pro/荣威eRX5等138款新能源车不再免购置税
2019-12-11,2019年中国网约车琅琊榜,2019年中国网约车琅琊榜
2019-12-11,获欧洲最大订单 比亚迪纯电动大客车累计销量全球第一,获欧洲最大订单 比亚迪纯电动大客车累计销量全球第一
2019-12-11,电动汽车丨比亚迪斩获印尼最大纯电动车订单,电动汽车丨比亚迪斩获印尼最大纯电动车订单
2019-12-11,动力电池“争霸赛”：中日韩斗“狠”，大众特斯拉反攻,动力电池“争霸赛”：中日韩斗“狠”，大众特斯拉反攻
2019-12-11,2019年前11月中国新能源汽车行业市场分析：市场销量“五连降” 外资车企加速布局 盈利能力下降,2019年前11月中国新能源汽车行业市场分析：市场销量“五连降” 外资车企加速布局 盈利能力下降
2019-12-11,全球车企频频裁员背后:转型电动化不易 特斯拉笑了 员工变动,全球车企频频裁员背后:转型电动化不易 特斯拉笑了 员工变动
2019-12-11,11月动力电池装机量：CATL/国轩高科/BYD前三 德朗能进前十,11月动力电池装机量：CATL/国轩高科/BYD前三 德朗能进前十
2019-12-11,累计负债高达680亿元 新能源汽车巨头比亚迪怎么了 偿债能力下降,累计负债高达680亿元 新能源汽车巨头比亚迪怎么了 偿债能力下降
2019-12-11,新版新能源汽车规划大争论：2025年占比25%，并不是痴人说梦,新版新能源汽车规划大争论：2025年占比25%，并不是痴人说梦
2019-12-12,联合国气候大会上的中国声音 比亚迪方案贡献节能减排,联合国气候大会上的中国声音 比亚迪方案贡献节能减排
2019-12-12,【兴证固收.转债】流动性略有压力的锂电池生产商 ——国轩转债投资价值分析,【兴证固收.转债】流动性略有压力的锂电池生产商 ——国轩转债投资价值分析
2019-12-12,比亚迪签约荷兰纯电动大巴项目,比亚迪签约荷兰纯电动大巴项目
2019-12-12,137.78亿！2018年新能源汽车补贴即将下发！比亚迪再度领跑！,137.78亿！2018年新能源汽车补贴即将下发！比亚迪再度领跑！
2019-12-12,11月SUV：自主反击六车入榜 “大众双雄”迎分化走势,11月SUV：自主反击六车入榜 “大众双雄”迎分化走势
2019-12-12,乘联会：11月新能源乘用车环比增20%，北汽EU提前锁定销冠,乘联会：11月新能源乘用车环比增20%，北汽EU提前锁定销冠
2019-12-12,从吉利、广汽到上汽：车企产销数据局部改善，回暖还是压库存？,从吉利、广汽到上汽：车企产销数据局部改善，回暖还是压库存？
2019-12-12,2020年在即，新能源汽车目标与世界前十企业,2020年在即，新能源汽车目标与世界前十企业
2019-12-13,关停生产线却没有裁员？——看珠三角如何“人力升级”稳岗稳企 经营问题,关停生产线却没有裁员？——看珠三角如何“人力升级”稳岗稳企 经营问题
2019-12-13,为什么中国电动车要靠科技持续营收？,为什么中国电动车要靠科技持续营收？
2019-12-13,11月新能源客车销7986辆，中车牌客车销量跃居第一,11月新能源客车销7986辆，中车牌客车销量跃居第一
2019-12-13,比亚迪升逾2% 破20天及50天线,比亚迪升逾2% 破20天及50天线
2019-12-13,ABB积极联合我国动力电池厂商，加快电动化布局,ABB积极联合我国动力电池厂商，加快电动化布局
2019-12-13,宁德时代与比亚迪锂争霸 谁的实力更强？,宁德时代与比亚迪锂争霸 谁的实力更强？
2019-12-13,观察丨比亚迪的“寒冬”刚刚开始？,观察丨比亚迪的“寒冬”刚刚开始？
2019-12-13,内外资“逐鹿”中国电动车,内外资“逐鹿”中国电动车
2019-12-13,138亿新能源拨款公布！车企获补贴越多近期销量跌幅越大 盈利能力下降,138亿新能源拨款公布！车企获补贴越多近期销量跌幅越大 盈利能力下降
2019-12-13,几何A进前5，奔腾B30 EV销量暴增！11月新能源汽车销量前10名,几何A进前5，奔腾B30 EV销量暴增！11月新能源汽车销量前10名
2019-12-13,【东吴电新】11月电动车销量9.5万辆，同比下降43.7%，环比上升27.1% 盈利能力下降,【东吴电新】11月电动车销量9.5万辆，同比下降43.7%，环比上升27.1% 盈利能力下降
2019-12-13,驱动电机：11月装机超11万台，华域汽车超比亚迪北汽夺魁,驱动电机：11月装机超11万台，华域汽车超比亚迪北汽夺魁
2019-12-13,动力电池行业的“一九分成”,动力电池行业的“一九分成”
2019-12-14,太原：新能源汽车再发力,太原：新能源汽车再发力
2019-12-14,比亚迪DiLink百度地图汽车版正式发布：支持一键分屏，拥有李彦宏语音包,比亚迪DiLink百度地图汽车版正式发布：支持一键分屏，拥有李彦宏语音包
2019-12-14,11月新能源乘用车销量：吉利几何A晋升第五；北汽EU锁定年度销冠,11月新能源乘用车销量：吉利几何A晋升第五；北汽EU锁定年度销冠
2019-12-14,免费升级三大配置 第二代唐车主的福音,免费升级三大配置 第二代唐车主的福音
2019-12-15,一周热点 | 特斯拉销量突破80万辆；新能源汽车五连降；北京奔驰新能源工厂将投产,一周热点 | 特斯拉销量突破80万辆；新能源汽车五连降；北京奔驰新能源工厂将投产
2019-12-15,【光大固收】动力电池稀缺标的，积极申购——国轩转债（128086.SZ）新券定价报告,【光大固收】动力电池稀缺标的，积极申购——国轩转债（128086.SZ）新券定价报告
2019-12-15,绿色、高效、便捷 | 比亚迪叉车助力盛通印刷实现高效运营,绿色、高效、便捷 | 比亚迪叉车助力盛通印刷实现高效运营
2019-12-16,储能产业资讯：新疆光储试点保留阳光电源、智光、比克等企业项目，规模缩减70%；美国纽约州316MW储能项目获批,储能产业资讯：新疆光储试点保留阳光电源、智光、比克等企业项目，规模缩减70%；美国纽约州316MW储能项目获批
2019-12-16,11月电动车销量环比上升27%，补库存铁锂大增 ——新能源汽车动力电池11月市场跟踪报告（五）,11月电动车销量环比上升27%，补库存铁锂大增 ——新能源汽车动力电池11月市场跟踪报告（五）
2019-12-16,一周锂电资讯：宁德时代与北汽新能源建立战略合作；欧盟批准32亿欧元支持动力电池产研项目,一周锂电资讯：宁德时代与北汽新能源建立战略合作；欧盟批准32亿欧元支持动力电池产研项目
2019-12-16,补贴退坡5个月 新能源车市场“趋冷”,补贴退坡5个月 新能源车市场“趋冷”
2019-12-16,比亚迪DiLink携手华为钱包，打造汽车黑科技,比亚迪DiLink携手华为钱包，打造汽车黑科技
2019-12-16,丰田2025年挑战电气化车型年销550万辆,丰田2025年挑战电气化车型年销550万辆
2019-12-16,11月新能源客车环比大涨,11月新能源客车环比大涨
2019-12-16,国产新能源车销量“一哥”易主：吉利新能源月销量超过比亚迪 控制人变化,国产新能源车销量“一哥”易主：吉利新能源月销量超过比亚迪 控制人变化
2019-12-16,回望全球新能源市场700万辆之路,回望全球新能源市场700万辆之路
2019-12-16,11月中国新能源汽车保值率报告来了，特斯拉又争气了,11月中国新能源汽车保值率报告来了，特斯拉又争气了
2019-12-16,比亚迪新能源汽车销量连跌5月 加速海外扩张拿下欧洲电动巴士20%市场 盈利能力下降,比亚迪新能源汽车销量连跌5月 加速海外扩张拿下欧洲电动巴士20%市场 盈利能力下降
2019-12-16,比亚迪抗击“车市衰退” 时间与寒冬将会成为他f的朋友,比亚迪抗击“车市衰退” 时间与寒冬将会成为他f的朋友
2019-12-16,贾跃亭 破产遇阻车难造 减资破产,贾跃亭 破产遇阻车难造 减资破产
2019-12-17,比亚迪新能源汽车销量5个月连跌 成本降低为何赚钱还是难 盈利能力下降,比亚迪新能源汽车销量5个月连跌 成本降低为何赚钱还是难 盈利能力下降
2019-12-17,比亚迪将于12月20日解锁华为手机NFC车钥匙功能,比亚迪将于12月20日解锁华为手机NFC车钥匙功能
2019-12-17,瑞信：比亚迪(01211)将受益于新能源汽车产业发展政策 维持“跑赢大盘”评级,瑞信：比亚迪(01211)将受益于新能源汽车产业发展政策 维持“跑赢大盘”评级
2019-12-17,[公司]比亚迪：新能源车成本下降给行业带来更多发展机遇,[公司]比亚迪：新能源车成本下降给行业带来更多发展机遇
2019-12-17,比亚迪汉预告图曝光 风阻系数仅为0.233Cd,比亚迪汉预告图曝光 风阻系数仅为0.233Cd
2019-12-17,动力电池企业“捆绑”车企突围,动力电池企业“捆绑”车企突围
2019-12-17,如何选择 展望丰田国产纯电动车计划,如何选择 展望丰田国产纯电动车计划
2019-12-17,年终纪事2019|动力电池（下）——成本,年终纪事2019|动力电池（下）——成本
2019-12-17,2018年度新能源汽车补贴首次清算！137.78亿元都给谁了？,2018年度新能源汽车补贴首次清算！137.78亿元都给谁了？
2019-12-17,新能源汽车销量下滑背后：自主车企格局生变 盈利能力下降,新能源汽车销量下滑背后：自主车企格局生变 盈利能力下降
2019-12-17,储能市场进入减速调整期,储能市场进入减速调整期
2019-12-17,[公司]比亚迪：与丰田合资的电动车公司可使用丰田品牌,[公司]比亚迪：与丰田合资的电动车公司可使用丰田品牌
2019-12-18,面对疾风吧 2020车企电气化竞赛将升级,面对疾风吧 2020车企电气化竞赛将升级
2019-12-18,1-11月客车动力电池装机量：CATL/BYD/亿纬锂能前三、瑞浦能源进前十,1-11月客车动力电池装机量：CATL/BYD/亿纬锂能前三、瑞浦能源进前十
2019-12-18,喜讯！电动汽车消防安全标准首入工信部百项团体标准应用示范项目,喜讯！电动汽车消防安全标准首入工信部百项团体标准应用示范项目
2019-12-18,2019年终大考倒计时 各车企新能源预期目标难达成,2019年终大考倒计时 各车企新能源预期目标难达成
2019-12-19,专访比亚迪叉车总经理毕国忠——把产品做精 做到客户心里去,专访比亚迪叉车总经理毕国忠——把产品做精 做到客户心里去
2019-12-19,跨境金融如何破题？ 中行创新助推大湾区高质量发展,跨境金融如何破题？ 中行创新助推大湾区高质量发展
2019-12-19,江铃汽车获1.69亿元扶持资金老牌车企靠补贴艰难度日,江铃汽车获1.69亿元扶持资金老牌车企靠补贴艰难度日
2019-12-19,松下与比亚迪10月电池销量大幅下降,松下与比亚迪10月电池销量大幅下降
2019-12-19,比亚迪张宝生：正在围绕新能源进行全产业链布局,比亚迪张宝生：正在围绕新能源进行全产业链布局
2019-12-19,“混动王者”丰田的“纯电野心”让电动车开10年保值90%,“混动王者”丰田的“纯电野心”让电动车开10年保值90%
2019-12-19,松下与比亚迪电池销量大减 因电动汽车需求疲软 盈利能力下降,松下与比亚迪电池销量大减 因电动汽车需求疲软 盈利能力下降
2019-12-20,松下和比亚迪电池销量缘何大跌？ 盈利能力下降,松下和比亚迪电池销量缘何大跌？ 盈利能力下降
2019-12-20,新能源车企业绩持续遇冷,新能源车企业绩持续遇冷
2019-12-20,华为将与比亚迪推出手机NFC车钥匙：没电也能解锁汽车,华为将与比亚迪推出手机NFC车钥匙：没电也能解锁汽车
2019-12-20,比亚迪将推手机NFC车钥匙,比亚迪将推手机NFC车钥匙
2019-12-20,电池巨头殒落！曾有1681倍净利增长，却将倒在2020年前夜,电池巨头殒落！曾有1681倍净利增长，却将倒在2020年前夜
2019-12-21,前动力电池“巨头”殒落，破产边缘的坚瑞沃能做错了什么？,前动力电池“巨头”殒落，破产边缘的坚瑞沃能做错了什么？
2019-12-21,比亚迪DiLink联手华为钱包推出手机NFC车钥匙，搭载宋Pro正式发布,比亚迪DiLink联手华为钱包推出手机NFC车钥匙，搭载宋Pro正式发布
2019-12-22,产业透视| 不乐观 揭秘全球纯电动车市,产业透视| 不乐观 揭秘全球纯电动车市
2019-12-22,补贴退坡，谁在裸泳？补贴退坡下的车企众生相,补贴退坡，谁在裸泳？补贴退坡下的车企众生相
2019-12-23,新能源乘用车11月销量：宝骏E100销量近万夺冠,新能源乘用车11月销量：宝骏E100销量近万夺冠
2019-12-23,电动汽车需求疲软，松下和比亚迪动力电池销量下降 盈利能力下降,电动汽车需求疲软，松下和比亚迪动力电池销量下降 盈利能力下降
2019-12-23,遭遇五连降阵痛，新能源车市将如何破局？,遭遇五连降阵痛，新能源车市将如何破局？
2019-12-24,动力电池观察：比亚迪跌落第二梯队，国轩大增升至第三,动力电池观察：比亚迪跌落第二梯队，国轩大增升至第三
2019-12-24,日本石油商JXTG与比亚迪合作开展蓄电池业务,日本石油商JXTG与比亚迪合作开展蓄电池业务
2019-12-24,11月国内新能源车销量排名：宝骏E系列夺冠,11月国内新能源车销量排名：宝骏E系列夺冠
2019-12-24,11月销量辣评·紧凑级SUV丨合资下探攻10-15万元市场自主新车扎堆守市场份额,11月销量辣评·紧凑级SUV丨合资下探攻10-15万元市场自主新车扎堆守市场份额
2019-12-25,实际利润缩水超三成，动力电池商国轩高科受证监局警告 盈利能力下降,实际利润缩水超三成，动力电池商国轩高科受证监局警告 盈利能力下降
2019-12-25,锂电王者来了？动力电池黄金十年开启 10000亿市场谁来瓜分？,锂电王者来了？动力电池黄金十年开启 10000亿市场谁来瓜分？
2019-12-25,比亚迪股票：今年第三季度净利润同比下滑近九成至1.20亿元 盈利能力下降,比亚迪股票：今年第三季度净利润同比下滑近九成至1.20亿元 盈利能力下降
2019-12-25,“寒流延期”或成为年关时新能源市场的关键词,“寒流延期”或成为年关时新能源市场的关键词
2019-12-25,比亚迪商用车2019年海外市场战报,比亚迪商用车2019年海外市场战报
2019-12-25,中国品牌影响力报告发布 汽车行业位居重点行业第三,中国品牌影响力报告发布 汽车行业位居重点行业第三
2019-12-25,日企打响中国市场废旧动力电池争夺战,日企打响中国市场废旧动力电池争夺战
2019-12-25,欧阳明高：动力电池这两项创新具有里程碑意义,欧阳明高：动力电池这两项创新具有里程碑意义
2019-12-25,比亚迪宣布“千里眼”功能：可远程查看车内外360度高清视角,比亚迪宣布“千里眼”功能：可远程查看车内外360度高清视角
2019-12-25,探秘比亚迪的创新之道,探秘比亚迪的创新之道
2019-12-25,国君电新：宁德时代、比亚迪们的下一个十年,国君电新：宁德时代、比亚迪们的下一个十年
2019-12-25,“扮靓”报表冲刺战打响，上市公司涌现“争领补贴潮”,“扮靓”报表冲刺战打响，上市公司涌现“争领补贴潮”
2019-12-25,向新而行 比亚迪开启电动化新时代——中国新主流媒体汽车联盟走进比亚迪,向新而行 比亚迪开启电动化新时代——中国新主流媒体汽车联盟走进比亚迪
2019-12-26,动力电池巨头破产停工，负债197亿，拖欠559家供应商债权！ 减资破产,动力电池巨头破产停工，负债197亿，拖欠559家供应商债权！ 减资破产
2019-12-26,斥资3亿元 比亚迪成立三家“弗迪系”公司,斥资3亿元 比亚迪成立三家“弗迪系”公司
2019-12-26,10万级别油电混战！比亚迪e2对比丰田致炫,10万级别油电混战！比亚迪e2对比丰田致炫
2019-12-26,万里扬标的净资产9个月降7成 一再追加投资4年亏5亿 成长能力下降,万里扬标的净资产9个月降7成 一再追加投资4年亏5亿 成长能力下降
2019-12-26,动力电池产业七年兴衰：150家公司消失，外资入侵，巨头崛起,动力电池产业七年兴衰：150家公司消失，外资入侵，巨头崛起
2019-12-26,2019年——三元电池及磷酸铁锂电池实现进步的一年,2019年——三元电池及磷酸铁锂电池实现进步的一年
2019-12-26,拜腾获日本商社丸红数百万美元投资,拜腾获日本商社丸红数百万美元投资
2019-12-26,宁德时代登顶创业板 巨无霸能否吞下万亿蛋糕？,宁德时代登顶创业板 巨无霸能否吞下万亿蛋糕？
2019-12-26,万里扬重大事件点评：出售内饰业务，2020轻装上阵 资产异常,万里扬重大事件点评：出售内饰业务，2020轻装上阵 资产异常
2019-12-27,比亚迪成立三家全资子公司 注册资本共计3亿元,比亚迪成立三家全资子公司 注册资本共计3亿元
2019-12-27,汽车零配市场也不放过 比亚迪斥资3亿成立3家“弗迪系”公司,汽车零配市场也不放过 比亚迪斥资3亿成立3家“弗迪系”公司
2019-12-27,比亚迪储能业务板块划归电池事业部,比亚迪储能业务板块划归电池事业部
2019-12-27,华鹏集团王瑞江：网约车市场是4S店未来出路,华鹏集团王瑞江：网约车市场是4S店未来出路
2019-12-27,中国车市合资时代新异动,中国车市合资时代新异动
2019-12-27,2019年终盘点 | “绿牌车”愈发枝繁叶茂 十款重磅新能源车盘点,2019年终盘点 | “绿牌车”愈发枝繁叶茂 十款重磅新能源车盘点
2019-12-27,继比亚迪之后，LG化学亦将独立电池事业部,继比亚迪之后，LG化学亦将独立电池事业部
2019-12-27,五大券商下周一看好的六大板块,五大券商下周一看好的六大板块
2019-12-27,全系列新能源环卫装备长沙下线 比亚迪携手盈峰中联助力环卫设备再升级,全系列新能源环卫装备长沙下线 比亚迪携手盈峰中联助力环卫设备再升级
2019-12-27,比亚迪成立三家弗迪系子公司 注册资金共计3亿元,比亚迪成立三家弗迪系子公司 注册资金共计3亿元
2019-12-27,比亚迪超级电池明年落地 特斯拉将如何应对？,比亚迪超级电池明年落地 特斯拉将如何应对？
2019-12-27,比亚迪斥资3亿成立3家全资子公司,比亚迪斥资3亿成立3家全资子公司
2019-12-28,全球最安全电动汽车？为何偏偏是比亚迪！,全球最安全电动汽车？为何偏偏是比亚迪！
2019-12-29,充电桩行业迎来新的竞争格局 相关机遇值得关注,充电桩行业迎来新的竞争格局 相关机遇值得关注
2019-12-30,比亚迪：目前在积极拓展网约车市场,比亚迪：目前在积极拓展网约车市场
2019-12-30,那些跟动力电池打交道的人们，都太难了,那些跟动力电池打交道的人们，都太难了
2019-12-30,比亚迪升逾2% 第29批免征税汽车榜上有名,比亚迪升逾2% 第29批免征税汽车榜上有名
2019-12-30,今年新能源车市骤然降温，明年冷风继续吹？,今年新能源车市骤然降温，明年冷风继续吹？
2019-12-30,成立多家子公司，比亚迪变革前夜,成立多家子公司，比亚迪变革前夜
2019-12-30,乘用车11月产量：环比上涨24%，纯电市场拉升回温,乘用车11月产量：环比上涨24%，纯电市场拉升回温
2019-12-30,全球化浪潮冲击 车企巨头抱团抢滩,全球化浪潮冲击 车企巨头抱团抢滩
2019-12-30,400GWh！寒冬中的暖阳？主流电池企业扩增迅速,400GWh！寒冬中的暖阳？主流电池企业扩增迅速
2019-12-31,拓展网约车市场 比亚迪加深与滴滴合作,拓展网约车市场 比亚迪加深与滴滴合作
2019-12-31,十大关键词复盘2019新能源汽车产业,十大关键词复盘2019新能源汽车产业
2019-12-31,三丰智能(300276.SZ)中标1.16亿元常州比亚迪新能源汽车“总装车间”输送线及公用系统总包项目,三丰智能(300276.SZ)中标1.16亿元常州比亚迪新能源汽车“总装车间”输送线及公用系统总包项目
2019-12-31,【申港电新】欧洲新能源车3月销量分析,【申港电新】欧洲新能源车3月销量分析
2019-12-31,LG化学将把电池部门独立为子公司 比亚迪被其拉下动力电池第三宝座,LG化学将把电池部门独立为子公司 比亚迪被其拉下动力电池第三宝座
2019-12-31,2019特别策划：刀起刀落 车市不相信眼泪,2019特别策划：刀起刀落 车市不相信眼泪
2020-01-01,中国新能源汽车产销量占全球市场超50%,中国新能源汽车产销量占全球市场超50%
2020-01-01,比亚迪官方改色服务上线：45 种颜色可选,比亚迪官方改色服务上线：45 种颜色可选
2020-01-02,欧阳明高：2035年之后纯电动将成为汽车市场主体,欧阳明高：2035年之后纯电动将成为汽车市场主体
2020-01-02,那些在 2020 年暴富的汽车圈大佬,那些在 2020 年暴富的汽车圈大佬
2020-01-02,郭明錤：比亚迪有望在2020年成为iPodTouch独家组装供货商,郭明錤：比亚迪有望在2020年成为iPodTouch独家组装供货商
2020-01-02,比亚迪为新能源汽车找新销路 欲与滴滴加强布局网约车市场,比亚迪为新能源汽车找新销路 欲与滴滴加强布局网约车市场
2020-01-02,11月专用车动力电池：磷酸铁锂占比攀升,11月专用车动力电池：磷酸铁锂占比攀升
2020-01-02,沃特玛破产与不再一家独大的宁德时代 减资破产,沃特玛破产与不再一家独大的宁德时代 减资破产
2020-01-02,日韩电池巨头杀回中国 宁德时代董事长两年前预警成真,日韩电池巨头杀回中国 宁德时代董事长两年前预警成真
2020-01-02,比亚迪储能板块划归电池事业部,比亚迪储能板块划归电池事业部
2020-01-02,11月动力电池市场：比亚迪退居第二梯队，“二八”局面宣告结束,11月动力电池市场：比亚迪退居第二梯队，“二八”局面宣告结束
2020-01-02,2019年11月全球电动车售出17万台下滑26％,2019年11月全球电动车售出17万台下滑26％
2020-01-02,车企加码共享出行 如何盈利仍是痛点,车企加码共享出行 如何盈利仍是痛点
2020-01-03,行业洗牌加速 动力电池企业急谋出路,行业洗牌加速 动力电池企业急谋出路
2020-01-03,2019中国动力电池企业“出海记”,2019中国动力电池企业“出海记”
2020-01-03,开启一个全新时代 全球多国认准高品质比亚迪纯电动大巴,开启一个全新时代 全球多国认准高品质比亚迪纯电动大巴
2020-01-03,“2020中国IC风云榜”揭晓 比亚迪微电子斩获年度最佳IDM公司,“2020中国IC风云榜”揭晓 比亚迪微电子斩获年度最佳IDM公司
2020-01-03,A股，牛熊切换，又来了！两市成交6954亿，沪指跌0.05%收3083,A股，牛熊切换，又来了！两市成交6954亿，沪指跌0.05%收3083
2020-01-04,继续重点推荐特斯拉供应链 六股有掘金机会,继续重点推荐特斯拉供应链 六股有掘金机会
2020-01-05,车圈｜2019年1-11月电动车销量排行出炉 Model 3稳居第一,车圈｜2019年1-11月电动车销量排行出炉 Model 3稳居第一
2020-01-06,全球人工智能和人形机器人行业中 中国企业已属于“早起的鸟儿”,全球人工智能和人形机器人行业中 中国企业已属于“早起的鸟儿”
2020-01-06,比亚迪海外首条云轨整体设计方案获批，预计年初在巴西开工,比亚迪海外首条云轨整体设计方案获批，预计年初在巴西开工
2020-01-06,海外首例云轨项目开工在即，比亚迪（002594.SZ）能否一改近期“颓势”？,海外首例云轨项目开工在即，比亚迪（002594.SZ）能否一改近期“颓势”？
2020-01-06,电动车蕴含更大降本空间？,电动车蕴含更大降本空间？
2020-01-06,比亚迪巴西跨海云轨方案获批准,比亚迪巴西跨海云轨方案获批准
2020-01-06,盘点丨锂电池产业链企业掀起冲击科创板高潮,盘点丨锂电池产业链企业掀起冲击科创板高潮
2020-01-06,新能源汽车消费顾虑难消：换电池还是买新车?,新能源汽车消费顾虑难消：换电池还是买新车?
2020-01-06,"既要大空间,价格也实在,哪些国产纯电中型SUV值得推荐","既要大空间,价格也实在,哪些国产纯电中型SUV值得推荐"
2020-01-07,比亚迪新能源车去年12月销量1.31万辆 同比降71.92% 盈利能力下降,比亚迪新能源车去年12月销量1.31万辆 同比降71.92% 盈利能力下降
2020-01-07,不敌特斯拉 比亚迪去年售新能源车23万,不敌特斯拉 比亚迪去年售新能源车23万
2020-01-07,比亚迪2019年累计销量超46万辆 新能源车占比接近一半,比亚迪2019年累计销量超46万辆 新能源车占比接近一半
2020-01-07,比亚迪：2019年全年汽车总销量为46.13万辆 同比下降11.4% 盈利能力下降,比亚迪：2019年全年汽车总销量为46.13万辆 同比下降11.4% 盈利能力下降
2020-01-07,新能源汽车电池之战：宁德时代神话不再？,新能源汽车电池之战：宁德时代神话不再？
2020-01-07,比亚迪：2019年新能源汽车总销量22.95万辆，同比降低7.39% 盈利能力下降,比亚迪：2019年新能源汽车总销量22.95万辆，同比降低7.39% 盈利能力下降
2020-01-07,比亚迪12月汽车总销量为43179辆,比亚迪12月汽车总销量为43179辆
2020-01-07,比亚迪：2019年累计销售汽车46.14万辆，同比降11.39% 盈利能力下降,比亚迪：2019年累计销售汽车46.14万辆，同比降11.39% 盈利能力下降
2020-01-07,国产特斯拉能否为车市寒冬添把火？年销量预计最高可达15万辆,国产特斯拉能否为车市寒冬添把火？年销量预计最高可达15万辆
2020-01-07,比亚迪(002594.SZ)12月新能源汽车销量13099辆同比下降71.92% 盈利能力下降,比亚迪(002594.SZ)12月新能源汽车销量13099辆同比下降71.92% 盈利能力下降
2020-01-08,马斯克感谢中国现场跳舞 29万就能买特斯拉 国内2019年新能源汽车销量是多少？,马斯克感谢中国现场跳舞 29万就能买特斯拉 国内2019年新能源汽车销量是多少？
2020-01-08,从苹果到特斯拉：产业链能造就多少牛股？,从苹果到特斯拉：产业链能造就多少牛股？
2020-01-08,新合资公司总部落户宁波：吉利戴姆勒能否盘活smart?,新合资公司总部落户宁波：吉利戴姆勒能否盘活smart?
2020-01-08,新能源车黎明前:特斯拉的狂欢，比亚迪的孤单,新能源车黎明前:特斯拉的狂欢，比亚迪的孤单
2020-01-08,比亚迪2019新能源车销量22.95万辆 惜败全球销量冠军特斯拉,比亚迪2019新能源车销量22.95万辆 惜败全球销量冠军特斯拉
2020-01-08,比亚迪：连续4日融资净偿还累计8288.22万元,比亚迪：连续4日融资净偿还累计8288.22万元
2020-01-08,【国盛电新|周报】Model Y项目启动，爱旭发布210电池片产品---第2周周报,【国盛电新|周报】Model Y项目启动，爱旭发布210电池片产品---第2周周报
2020-01-08,比亚迪12月新能源车销量下跌71.92%仅完成目标6成 盈利能力下降,比亚迪12月新能源车销量下跌71.92%仅完成目标6成 盈利能力下降
2020-01-08,2020年，经济适用男的收藏夹里，这几款新能源车必须有,2020年，经济适用男的收藏夹里，这几款新能源车必须有
2020-01-08,王瑞祥、张克林等领导出席第十四届中国汽车三四级市场营销盛典暨2019年度百强巡展系列活动年会,王瑞祥、张克林等领导出席第十四届中国汽车三四级市场营销盛典暨2019年度百强巡展系列活动年会
2020-01-08,比亚迪预计2019年净利同比下滑超三成 盈利能力下降,比亚迪预计2019年净利同比下滑超三成 盈利能力下降
2020-01-08,港股公告精选：碧桂园发行5.5亿美元5.125%及4.5亿美元5.625%票据,港股公告精选：碧桂园发行5.5亿美元5.125%及4.5亿美元5.625%票据
2020-01-08,2019盘点 | 强者愈强，宁德时代会是下一个奇点的开创者吗？,2019盘点 | 强者愈强，宁德时代会是下一个奇点的开创者吗？
2020-01-08,国产特斯拉交付：上海工厂年销量预计最高可达15万辆,国产特斯拉交付：上海工厂年销量预计最高可达15万辆
2020-01-08,新能源汽车市场整体向好 全球转型是大势,新能源汽车市场整体向好 全球转型是大势
2020-01-08,比亚迪纯电动汽车销量同比增42.53% 特斯拉降价搅局中端市场,比亚迪纯电动汽车销量同比增42.53% 特斯拉降价搅局中端市场
2020-01-08,比亚迪跌近3%穿多条平均线 去年销量按年跌11% 盈利能力下降,比亚迪跌近3%穿多条平均线 去年销量按年跌11% 盈利能力下降
2020-01-08,比亚迪叉车：十年铸就行业翘楚——专访比亚迪叉车总经理毕国忠,比亚迪叉车：十年铸就行业翘楚——专访比亚迪叉车总经理毕国忠
2020-01-08,自主市场份额缩水 真的是实力不济吗？,自主市场份额缩水 真的是实力不济吗？
2020-01-08,比亚迪2019年动力电池及储能电池累计装机约12.323GWh,比亚迪2019年动力电池及储能电池累计装机约12.323GWh
2020-01-09,关于核准比亚迪股份有限公司向合格投资者公开发行公司债券的批复,关于核准比亚迪股份有限公司向合格投资者公开发行公司债券的批复
2020-01-09,比亚迪2019年销量不及特斯拉 净利预计下滑36.19%-43.03% 盈利能力下降,比亚迪2019年销量不及特斯拉 净利预计下滑36.19%-43.03% 盈利能力下降
2020-01-09,全球新能源汽车销冠易主！比亚迪全年卖22.95万辆，不敌特斯拉 控制人变化,全球新能源汽车销冠易主！比亚迪全年卖22.95万辆，不敌特斯拉 控制人变化
2020-01-09,全球新能源汽车销量冠军易主！特斯拉击败比亚迪 控制人变化,全球新能源汽车销量冠军易主！特斯拉击败比亚迪 控制人变化
2020-01-09,比亚迪汉EV/DM车型官图正式发布,比亚迪汉EV/DM车型官图正式发布
2020-01-09,市场规模不断扩大 动力电池产业瓶颈凸显,市场规模不断扩大 动力电池产业瓶颈凸显
2020-01-09,21万特斯拉 你买不买,21万特斯拉 你买不买
2020-01-09,胡润发布2019中国500强民企榜单:比亚迪掉落50余位未见蔚来身影,胡润发布2019中国500强民企榜单:比亚迪掉落50余位未见蔚来身影
2020-01-09,比亚迪“汉”官方图正式公布：EV+DM，黑红双龙,比亚迪“汉”官方图正式公布：EV+DM，黑红双龙
2020-01-10,比亚迪受海外青睐 巴西云轨线方案获批,比亚迪受海外青睐 巴西云轨线方案获批
2020-01-10,2019全年销量出炉：10家乘用车企业无一增长，上汽、长安、比亚迪降幅两位数 盈利能力下降,2019全年销量出炉：10家乘用车企业无一增长，上汽、长安、比亚迪降幅两位数 盈利能力下降
2020-01-10,全球储能市场规模有望实现122倍增长,全球储能市场规模有望实现122倍增长
2020-01-10,【2020电动汽车百人会】比亚迪何一鹏：比亚迪电气化产品已深入欧洲市场,【2020电动汽车百人会】比亚迪何一鹏：比亚迪电气化产品已深入欧洲市场
2020-01-11,中国本土新能源汽车产业需要在竞争中证明自己,中国本土新能源汽车产业需要在竞争中证明自己
2020-01-11,比亚迪舒酉星：比亚迪新一代刀片电池即将量产,比亚迪舒酉星：比亚迪新一代刀片电池即将量产
2020-01-11,比亚迪回应比亚迪汽车工业成被执行人：尚未收到法院通知 被执行人,比亚迪回应比亚迪汽车工业成被执行人：尚未收到法院通知 被执行人
2020-01-11,独家电报|比亚迪3月将推新一代刀片电池,独家电报|比亚迪3月将推新一代刀片电池
2020-01-11,【东吴电新】12月装机9.71gwh，同比-27%，环比+54%,【东吴电新】12月装机9.71gwh，同比-27%，环比+54%
2020-01-12,王传福：比亚迪“汉”将于2020年6月上市 搭载新开发“刀片电池”,王传福：比亚迪“汉”将于2020年6月上市 搭载新开发“刀片电池”
2020-01-12,新能源车补贴政策迎重磅利好： 行业大躁这些概念板块有望受益,新能源车补贴政策迎重磅利好： 行业大躁这些概念板块有望受益
2020-01-12,比亚迪“汉”将于2020年6月上市，搭载新开发“刀片电池”,比亚迪“汉”将于2020年6月上市，搭载新开发“刀片电池”
2020-01-12,一批倒闭了，一批卖不动了，特斯拉又来了，中国新能源汽车形势很严峻 减资破产,一批倒闭了，一批卖不动了，特斯拉又来了，中国新能源汽车形势很严峻 减资破产
2020-01-12,2019年新能源车测试盘点：续航&能耗篇,2019年新能源车测试盘点：续航&能耗篇
2020-01-12,【招商有色|公司深度】嘉元科技（688388.SH）：锂电铜箔更新换代领跑者,【招商有色|公司深度】嘉元科技（688388.SH）：锂电铜箔更新换代领跑者
2020-01-13,【安信汽车】比亚迪：业绩符合预期，静待新一轮产品周期,【安信汽车】比亚迪：业绩符合预期，静待新一轮产品周期
2020-01-13,板块牛熊榜：新能源汽车概念股冲高 比亚迪等涨停,板块牛熊榜：新能源汽车概念股冲高 比亚迪等涨停
2020-01-13,直播:14:25永创智能等2股封涨停,直播:14:25永创智能等2股封涨停
2020-01-13,特斯拉板块延续火热行情 比亚迪飙涨停多只个股大涨,特斯拉板块延续火热行情 比亚迪飙涨停多只个股大涨
2020-01-13,比亚迪汉搭载全新“刀片电池” 于今年正式量产,比亚迪汉搭载全新“刀片电池” 于今年正式量产
2020-01-13,上市公司1.35万亿发债融资，这些龙头民企成本最低！,上市公司1.35万亿发债融资，这些龙头民企成本最低！
2020-01-13,1月13日复盘：科技股成主力先锋队 主力资金出击13股,1月13日复盘：科技股成主力先锋队 主力资金出击13股
2020-01-13,龙虎榜：比亚迪放量涨停 机构、深股通资金以买入为主,龙虎榜：比亚迪放量涨停 机构、深股通资金以买入为主
2020-01-13,比亚迪放量涨停，游资巨头、机构、外资三军用力,比亚迪放量涨停，游资巨头、机构、外资三军用力
2020-01-13,比亚迪新一代刀片电池将于2020年3月首次量产,比亚迪新一代刀片电池将于2020年3月首次量产
2020-01-13,比亚迪的刀片电池来了，削去你对新能源车的疑虑,比亚迪的刀片电池来了，削去你对新能源车的疑虑
2020-01-13,港股收盘(1.13)|恒指收涨1.11% 新能源汽车迎重磅利好 比亚迪(01211)暴涨15%,港股收盘(1.13)|恒指收涨1.11% 新能源汽车迎重磅利好 比亚迪(01211)暴涨15%
2020-01-13,比亚迪龙虎榜数据（1月13日）,比亚迪龙虎榜数据（1月13日）
2020-01-13,比亚迪深度报告：刀片电池推出，预期有望提升,比亚迪深度报告：刀片电池推出，预期有望提升
2020-01-13,特斯拉之于中国电动车企，是“二向箔”还是“纸老虎”？,特斯拉之于中国电动车企，是“二向箔”还是“纸老虎”？
2020-01-13,比亚迪龙虎榜：机构游资抢筹 疑是赵老哥净买1.44亿,比亚迪龙虎榜：机构游资抢筹 疑是赵老哥净买1.44亿
2020-01-13,比亚迪、北汽蓝谷联袂涨停！新能源汽车板块拐点真的来了？,比亚迪、北汽蓝谷联袂涨停！新能源汽车板块拐点真的来了？
2020-01-13,龙虎榜机构新动向：净买入9股净卖出8股,龙虎榜机构新动向：净买入9股净卖出8股
2020-01-13,港股复盘：新城急跌，内房配股第二滴血,港股复盘：新城急跌，内房配股第二滴血
2020-01-13,1月13日A股龙虎榜揭秘，机构抢筹14股,1月13日A股龙虎榜揭秘，机构抢筹14股
2020-01-13,比亚迪：“刀片电池”让成本或降20%-30%，特斯拉降价影响有限,比亚迪：“刀片电池”让成本或降20%-30%，特斯拉降价影响有限
2020-01-13,【安信汽车】比亚迪：甘文维加盟补缺运营短板，持续催化,【安信汽车】比亚迪：甘文维加盟补缺运营短板，持续催化
2020-01-13,前通用中国CEO甘文维出任比亚迪董事长高级顾问,前通用中国CEO甘文维出任比亚迪董事长高级顾问
2020-01-13,比亚迪终放大招：磷酸铁锂刀片电池3月量产 体积密度提升50%,比亚迪终放大招：磷酸铁锂刀片电池3月量产 体积密度提升50%
2020-01-13,比亚迪发布去年12月销量 全年同比下滑一成 盈利能力下降,比亚迪发布去年12月销量 全年同比下滑一成 盈利能力下降
2020-01-13,工信部部长透露最新补贴政策，比亚迪大涨9%,工信部部长透露最新补贴政策，比亚迪大涨9%
2020-01-13,比亚迪聘请前通用中国区总裁甘文维为高级顾问,比亚迪聘请前通用中国区总裁甘文维为高级顾问
2020-01-13,【电新*曾朵红】12月装机9.71gwh，同比-27%，环比+54%,【电新*曾朵红】12月装机9.71gwh，同比-27%，环比+54%
2020-01-13,【东吴晨报0113】【策略】周评【行业】电新【个股】浙江永强、山鹰纸业、颐海国际、光威复材、开润股份,【东吴晨报0113】【策略】周评【行业】电新【个股】浙江永强、山鹰纸业、颐海国际、光威复材、开润股份
2020-01-13,深度剖析：韩国三大电池巨头在全球市场的地位,深度剖析：韩国三大电池巨头在全球市场的地位
2020-01-13,【中金汽车】比亚迪：股价底部确认 补贴稳定提供催化剂,【中金汽车】比亚迪：股价底部确认 补贴稳定提供催化剂
2020-01-13,【中金汽车】百人会纪要1：释放国补积极信号，车企利润或存预期差,【中金汽车】百人会纪要1：释放国补积极信号，车企利润或存预期差
2020-01-13,【行情】比亚迪（002594.SZ）涨停。,【行情】比亚迪（002594.SZ）涨停。
2020-01-13,比亚迪(1211.HK)大幅高开8.52%今年新能源汽车补贴不会大幅退坡,比亚迪(1211.HK)大幅高开8.52%今年新能源汽车补贴不会大幅退坡
2020-01-13,万亿级产业超级利好，比亚迪罕见跳空飙升！重磅产品即将量产,万亿级产业超级利好，比亚迪罕见跳空飙升！重磅产品即将量产
2020-01-13,开盘：恒指高开0.47突破28700点 比亚迪大涨8.52%,开盘：恒指高开0.47突破28700点 比亚迪大涨8.52%
2020-01-13,新能源汽车概念股全面冲高，北汽蓝谷等涨停,新能源汽车概念股全面冲高，北汽蓝谷等涨停
2020-01-13,新能源汽车概念股竞价强势 比亚迪涨停,新能源汽车概念股竞价强势 比亚迪涨停
2020-01-13,港股开盘(1.13)︱恒指涨0.47%报28772点 比亚迪(01211)高开逾8%,港股开盘(1.13)︱恒指涨0.47%报28772点 比亚迪(01211)高开逾8%
2020-01-13,新能源汽车板块走强 比亚迪涨停,新能源汽车板块走强 比亚迪涨停
2020-01-13,沪深两市涨跌不一 新能源汽车活跃比亚迪涨停,沪深两市涨跌不一 新能源汽车活跃比亚迪涨停
2020-01-13,【异动股】比亚迪(01211-HK)曾急弹6.8%搭载刀片电池新车今年中推出,【异动股】比亚迪(01211-HK)曾急弹6.8%搭载刀片电池新车今年中推出
2020-01-13,新能源汽车概念股走强 比亚迪等多股涨逾5%,新能源汽车概念股走强 比亚迪等多股涨逾5%
2020-01-13,请回答2019|连跌半年的新能源车市有个光明的“尾巴”,请回答2019|连跌半年的新能源车市有个光明的“尾巴”
2020-01-13,1月13日早盘主力巨资出逃四大板块(附股),1月13日早盘主力巨资出逃四大板块(附股)
2020-01-13,新能源车板块开盘走强，比亚迪、北汽蓝谷等盘中触及涨停,新能源车板块开盘走强，比亚迪、北汽蓝谷等盘中触及涨停
2020-01-13,新能源汽车有望迎政策利好：比亚迪、北汽蓝谷股价飙高,新能源汽车有望迎政策利好：比亚迪、北汽蓝谷股价飙高
2020-01-13,中芯国际概念继续拉升,中芯国际概念继续拉升
2020-01-13,千亿市值龙头强势涨停，除了产业政策催化，还有这一重磅利好加持,千亿市值龙头强势涨停，除了产业政策催化，还有这一重磅利好加持
2020-01-13,1月13日午盘主力巨资抢筹四大板块(附股),1月13日午盘主力巨资抢筹四大板块(附股)
2020-01-13,比亚迪大涨10% 工信部：新能源汽车补贴不会大幅退坡,比亚迪大涨10% 工信部：新能源汽车补贴不会大幅退坡
2020-01-13,比亚迪等4只新能源汽车概念股涨停 机构看好产业链中龙头公司,比亚迪等4只新能源汽车概念股涨停 机构看好产业链中龙头公司
2020-01-14,智能好车｜比亚迪董事长：“刀片电池”3月量产、6月搭载“汉”发售 成本降低30%却不会和特斯拉打价格战,智能好车｜比亚迪董事长：“刀片电池”3月量产、6月搭载“汉”发售 成本降低30%却不会和特斯拉打价格战
2020-01-14,“刀片电池”横空出世，磷酸铁锂电池或迎来拐点,“刀片电池”横空出世，磷酸铁锂电池或迎来拐点
2020-01-14,比亚迪汉EV实车曝光 采用全新设计/预计6月上市,比亚迪汉EV实车曝光 采用全新设计/预计6月上市
2020-01-14,“刀片电池”引爆锂电池概念 比亚迪连续两日大涨,“刀片电池”引爆锂电池概念 比亚迪连续两日大涨
2020-01-14,微沸点今日情绪异动复盘：2020-01-14,微沸点今日情绪异动复盘：2020-01-14
2020-01-14,14日强势板块分析：环保板块发力上扬 锂电池概念表现活跃,14日强势板块分析：环保板块发力上扬 锂电池概念表现活跃
2020-01-14,湘潭电化：向比亚迪供应链公司供应磷酸铁锂产品,湘潭电化：向比亚迪供应链公司供应磷酸铁锂产品
2020-01-14,「电动汽车百人会」要点：政策/充电设施/电池技术演进方向,「电动汽车百人会」要点：政策/充电设施/电池技术演进方向
2020-01-14,锂电池概念股盘中拉升 比亚迪涨超8%,锂电池概念股盘中拉升 比亚迪涨超8%
2020-01-14,深圳华强：未直接向特斯拉供货 为比亚迪等客户提供核心电子元器件,深圳华强：未直接向特斯拉供货 为比亚迪等客户提供核心电子元器件
2020-01-14,五日龙虎榜追踪机构抢筹这49股,五日龙虎榜追踪机构抢筹这49股
2020-01-14,甘文维加入比亚迪 任王传福董事长高级顾问,甘文维加入比亚迪 任王传福董事长高级顾问
2020-01-14,港股异动 | 比亚迪AH股齐齐高开 “刀片电池”将首次量产 新产品成本或降20%-30%,港股异动 | 比亚迪AH股齐齐高开 “刀片电池”将首次量产 新产品成本或降20%-30%
2020-01-14,"比亚迪(002594.SZ)高开6.57% ""刀片电池""推出 预期有望提升","比亚迪(002594.SZ)高开6.57% ""刀片电池""推出 预期有望提升"
2020-01-14,直面特斯拉：中国车企如何 “借势而上”？,直面特斯拉：中国车企如何 “借势而上”？
2020-01-14,产业透视| 2019年新能源汽车市场大盘点,产业透视| 2019年新能源汽车市场大盘点
2020-01-14,纳入国家重大改革内容！千亿资金箭在弦上，养老金大规模入市倒计时（附建仓名单）,纳入国家重大改革内容！千亿资金箭在弦上，养老金大规模入市倒计时（附建仓名单）
2020-01-14,多家A股公司融入特斯拉产业链 电动汽车行业或迎新格局,多家A股公司融入特斯拉产业链 电动汽车行业或迎新格局
2020-01-14,电新行业：降本新方案“刀片”+CTP,电新行业：降本新方案“刀片”+CTP
2020-01-14,比亚迪（002594/01211.HK）：“刀片电池”推出，预期有望提升,比亚迪（002594/01211.HK）：“刀片电池”推出，预期有望提升
2020-01-14,2019年动力电池装车涨9%：宁德时代增逾三成，比亚迪跌5.7%,2019年动力电池装车涨9%：宁德时代增逾三成，比亚迪跌5.7%
2020-01-14,总结新能源汽车十年经验 探讨未来五年发展趋势 ——中国电动汽车百人会论坛(2020)理事会暨研讨会召开,总结新能源汽车十年经验 探讨未来五年发展趋势 ——中国电动汽车百人会论坛(2020)理事会暨研讨会召开
2020-01-14,【汽车】周观点：12月乘用车零售销量同比下滑3.4%，新能源补贴或不大幅退坡 盈利能力下降,【汽车】周观点：12月乘用车零售销量同比下滑3.4%，新能源补贴或不大幅退坡 盈利能力下降
2020-01-14,卡门简报 | 2019年中国汽车销量同比下滑8.2%；特斯拉股价首次突破500美元；国产Model Y价格有望低于40万,卡门简报 | 2019年中国汽车销量同比下滑8.2%；特斯拉股价首次突破500美元；国产Model Y价格有望低于40万
2020-01-14,王传福：坚守电动汽车安全底线，“刀片电池”将最先搭载于比亚迪“汉”,王传福：坚守电动汽车安全底线，“刀片电池”将最先搭载于比亚迪“汉”
2020-01-15,刀片电池遭国际投行炮轰！行业人士提出诸多质疑 比亚迪的电池崛起之路“瓦”了？,刀片电池遭国际投行炮轰！行业人士提出诸多质疑 比亚迪的电池崛起之路“瓦”了？
2020-01-15,比亚迪：公开发行不超过100亿元的公司债券获批,比亚迪：公开发行不超过100亿元的公司债券获批
2020-01-15,比亚迪：向合格投资者公开发行公司债券获得中国证监会核准,比亚迪：向合格投资者公开发行公司债券获得中国证监会核准
2020-01-15,比亚迪：发行不超100亿元公司债券获证监会核准,比亚迪：发行不超100亿元公司债券获证监会核准
2020-01-15,比亚迪:证监会核准向合格投资者发行不超100亿公司债,比亚迪:证监会核准向合格投资者发行不超100亿公司债
2020-01-15,比亚迪百亿公司债获批 公司回应：高速发展下正常发债,比亚迪百亿公司债获批 公司回应：高速发展下正常发债
2020-01-15,比亚迪(002594.SZ)公开发行不超100亿元公司债获中国证监会核准,比亚迪(002594.SZ)公开发行不超100亿元公司债获中国证监会核准
2020-01-15,腾势新能源汽车注册资本新增7亿，比亚迪、戴姆勒为两大股东,腾势新能源汽车注册资本新增7亿，比亚迪、戴姆勒为两大股东
2020-01-15,比亚迪刀片电池惹争议：是新能源汽车领域创新还是谎言？,比亚迪刀片电池惹争议：是新能源汽车领域创新还是谎言？
2020-01-15,新能源汽车销量10年来首现负增长 多数车企去年销量目标未完成,新能源汽车销量10年来首现负增长 多数车企去年销量目标未完成
2020-01-15,比亚迪：不存在核心专利在欧美厂商的情况,比亚迪：不存在核心专利在欧美厂商的情况
2020-01-15,中证监核准比亚迪(01211)发行面值总额不超100亿元公司债券,中证监核准比亚迪(01211)发行面值总额不超100亿元公司债券
2020-01-15,前通用汽车“角斗士”加盟，顶级大师团队助比亚迪（01211）迎风而上,前通用汽车“角斗士”加盟，顶级大师团队助比亚迪（01211）迎风而上
2020-01-15,去年12月份新能源车销量公布 多款车型创纪录,去年12月份新能源车销量公布 多款车型创纪录
2020-01-15,比亚迪刀片电池技术路线窥探,比亚迪刀片电池技术路线窥探
2020-01-15,赵老哥大举进攻 比亚迪利好涨停,赵老哥大举进攻 比亚迪利好涨停
2020-01-15,囿于资金短缺 *ST盐湖碳酸锂两大项目进展迟缓 运营能力下降,囿于资金短缺 *ST盐湖碳酸锂两大项目进展迟缓 运营能力下降
2020-01-15,在固态电池之前，为何比亚迪又回到磷酸铁锂电池时代？,在固态电池之前，为何比亚迪又回到磷酸铁锂电池时代？
2020-01-15,新能源：这个光伏产业你不可不知,新能源：这个光伏产业你不可不知
2020-01-15,比亚迪股票飚高！大涨近10%：政策改善+新品量产立功,比亚迪股票飚高！大涨近10%：政策改善+新品量产立功
2020-01-15,比亚迪：1月14日融资净买入1.6亿元，两市排名第二,比亚迪：1月14日融资净买入1.6亿元，两市排名第二
2020-01-15,比亚迪遭质疑:刀片电池有300多项专利 还涉嫌信披违规 其他违规处罚,比亚迪遭质疑:刀片电池有300多项专利 还涉嫌信披违规 其他违规处罚
2020-01-15,“通用老兵”甘文维加盟，比亚迪欲“稳吃”新能源汽车市场,“通用老兵”甘文维加盟，比亚迪欲“稳吃”新能源汽车市场
2020-01-15,直面特斯拉国产降价，中国车企正面刚同时寻找海外突破口,直面特斯拉国产降价，中国车企正面刚同时寻找海外突破口
2020-01-15,比亚迪——持续国际化的车企样本,比亚迪——持续国际化的车企样本
2020-01-15,比亚迪股票行情：净卖出0.55亿港元,比亚迪股票行情：净卖出0.55亿港元
2020-01-15,氢云研究：比亚迪刀片电池是否“锋利”？,氢云研究：比亚迪刀片电池是否“锋利”？
2020-01-15,两月大涨15%，政策环境宽松，中国电动车产业链将迎来黄金十年？,两月大涨15%，政策环境宽松，中国电动车产业链将迎来黄金十年？
2020-01-16,北汽新能源马仿列：正与比亚迪探讨电池合作的可能性,北汽新能源马仿列：正与比亚迪探讨电池合作的可能性
2020-01-16,争议中的比亚迪「刀片电池」,争议中的比亚迪「刀片电池」
2020-01-16,砥砺深耕，载誉前行——比亚迪商用车2019年荣誉盘点,砥砺深耕，载誉前行——比亚迪商用车2019年荣誉盘点
2020-01-16,“原生家庭”强大！腾势再增资7亿元 三年获五次“输血”达32亿元,“原生家庭”强大！腾势再增资7亿元 三年获五次“输血”达32亿元
2020-01-16,比亚迪资产负债率达68.48% 发债100亿获证监会批准 偿债能力下降,比亚迪资产负债率达68.48% 发债100亿获证监会批准 偿债能力下降
2020-01-16,6过6！原证监局局长突击入股企业顺利过会；3家新三板公司转板成功！,6过6！原证监局局长突击入股企业顺利过会；3家新三板公司转板成功！
2020-01-16,从日均7.1万辆销量中，我找到了2020年车业的大牛股,从日均7.1万辆销量中，我找到了2020年车业的大牛股
2020-01-16,刀片电池拥有300项核心专利？比亚迪，你到底有没有骗我,刀片电池拥有300项核心专利？比亚迪，你到底有没有骗我
2020-01-16,传比亚迪“刀片电池”专利320项 不存在误导投资者,传比亚迪“刀片电池”专利320项 不存在误导投资者
2020-01-16,今日市场情绪看点：海底捞正向情绪居首，天广中茂负向情绪警笛拉响,今日市场情绪看点：海底捞正向情绪居首，天广中茂负向情绪警笛拉响
2020-01-16,故宫6688元年夜饭全部取消，腾势新能源汽车注册资本新增7亿|早8点档,故宫6688元年夜饭全部取消，腾势新能源汽车注册资本新增7亿|早8点档
2020-01-16,再输血 比亚迪/戴姆勒向腾势增资7亿元,再输血 比亚迪/戴姆勒向腾势增资7亿元
2020-01-17,又一位大佬进军新能源汽车,又一位大佬进军新能源汽车
2020-01-17,科创板千亿巨头诞生，两大超级牛股却集体闪崩，一线游资猛砸,科创板千亿巨头诞生，两大超级牛股却集体闪崩，一线游资猛砸
2020-01-17,深港通十大成交活跃股排名（1月17日）,深港通十大成交活跃股排名（1月17日）
2020-01-17,2020年，造车新势力如热锅上的蚂蚁,2020年，造车新势力如热锅上的蚂蚁
2020-01-17,北向资金今日净流入35.21亿元，恒瑞医药净买入逾5亿元居首,北向资金今日净流入35.21亿元，恒瑞医药净买入逾5亿元居首
2020-01-17,国轩高科或被大众收购20%股份，股价封死涨停，动力电池格局生变？,国轩高科或被大众收购20%股份，股价封死涨停，动力电池格局生变？
2020-01-17,比亚迪AH联袂大涨 A股一度涨停 此前透露刀片电池将于今年首次量产,比亚迪AH联袂大涨 A股一度涨停 此前透露刀片电池将于今年首次量产
2020-01-17,日韩动力电池辛酸入华路：六年挣扎 将正面PK宁德时代,日韩动力电池辛酸入华路：六年挣扎 将正面PK宁德时代
2020-01-17,第328批新车公示：162款新能源商用车申报，比亚迪申报数领先,第328批新车公示：162款新能源商用车申报，比亚迪申报数领先
2020-01-17,比亚迪升逾5%创1个月新高 主动买盘71%,比亚迪升逾5%创1个月新高 主动买盘71%
2020-01-17,汽车板块异动明显,汽车板块异动明显
2020-01-17,盘点2018中国十大IC设计新势力,盘点2018中国十大IC设计新势力
2020-01-17,港股异动︱新能源汽车概念再度回勇 比亚迪(01211)AH股均大涨6%,港股异动︱新能源汽车概念再度回勇 比亚迪(01211)AH股均大涨6%
2020-01-17,驱动电机：全年装机124万台，同比下降7%,驱动电机：全年装机124万台，同比下降7%
2020-01-17,新能源车销量不容乐观 新能源车产业板块表现抢眼,新能源车销量不容乐观 新能源车产业板块表现抢眼
2020-01-18,五天涨60%！逆市买入40股，6股获抢筹，这份机构扫货名单请收好！,五天涨60%！逆市买入40股，6股获抢筹，这份机构扫货名单请收好！
2020-01-18,【东吴电新】电动车销量点评：2019年总体略降，2020年预计高增,【东吴电新】电动车销量点评：2019年总体略降，2020年预计高增
2020-01-18,合力泰：目前公司有为比亚迪、上汽等企业供货,合力泰：目前公司有为比亚迪、上汽等企业供货
2020-01-18,比亚迪“刀片电池”重磅推出能否带动铁锂电池回暖?,比亚迪“刀片电池”重磅推出能否带动铁锂电池回暖?
2020-01-18,爆炸性利好！3.8万亿产业链迎来春天，或是下一个苹果，巨量资金纷纷加仓！,爆炸性利好！3.8万亿产业链迎来春天，或是下一个苹果，巨量资金纷纷加仓！
2020-01-18,荣威Ei6纯电轿车或14万起 PK几何A/广汽Aion S,荣威Ei6纯电轿车或14万起 PK几何A/广汽Aion S
2020-01-19,机构龙虎榜本周抢筹个股揭秘（附股）,机构龙虎榜本周抢筹个股揭秘（附股）
2020-01-19,一周锂电资讯：比亚迪亮剑刀电池；大众汽车或将收购国轩高科20%股份,一周锂电资讯：比亚迪亮剑刀电池；大众汽车或将收购国轩高科20%股份
2020-01-19,几何C、比亚迪汉领衔，别错过这些2020自主新能源车,几何C、比亚迪汉领衔，别错过这些2020自主新能源车
2020-01-19,多重利好叠加 新能源汽车再获新机,多重利好叠加 新能源汽车再获新机
2020-01-19,保养要趁早 新能源车型年前保养调查,保养要趁早 新能源车型年前保养调查
2020-01-19,2019年中国储能锂电池出货量为3.8GWh,2019年中国储能锂电池出货量为3.8GWh
2020-01-19,利好激活新能源汽车 资金恐慌出逃延安必康,利好激活新能源汽车 资金恐慌出逃延安必康
2020-01-19,2019年哪些电池企业在偷偷“发育”？,2019年哪些电池企业在偷偷“发育”？
2020-01-20,王传福谈高质量发展：坚持技术创新 深耕制造业,王传福谈高质量发展：坚持技术创新 深耕制造业
2020-01-20,集体“上攻” 车市备战补贴退坡缓冲期,集体“上攻” 车市备战补贴退坡缓冲期
2020-01-20,入股传闻发酵 大众汽车为何选择国轩高科,入股传闻发酵 大众汽车为何选择国轩高科
2020-01-20,富途研选|请珍惜2700亿的宁德时代？,富途研选|请珍惜2700亿的宁德时代？
2020-01-20,比亚迪e平台提振行业信心 彰显新能源汽车引领者风范,比亚迪e平台提振行业信心 彰显新能源汽车引领者风范
2020-01-20,动力电池与电气系统（四十一）：新技术带动铁锂电池性能提升，车用渗透有望提高,动力电池与电气系统（四十一）：新技术带动铁锂电池性能提升，车用渗透有望提高
2020-01-20,2020年 比亚迪的机遇与挑战,2020年 比亚迪的机遇与挑战
2020-01-20,安全再升级 新能源汽车安全都有啥？,安全再升级 新能源汽车安全都有啥？
2020-01-20,宁德时代的“狙击战”,宁德时代的“狙击战”
2020-01-20,五日龙虎榜追踪机构抢筹这40股,五日龙虎榜追踪机构抢筹这40股
2020-01-20,比亚迪2019年销量45.1万辆 汉即将上市,比亚迪2019年销量45.1万辆 汉即将上市
2020-01-20,2019方形动力电池装机量TOP10“解码”,2019方形动力电池装机量TOP10“解码”
2020-01-20,新能源汽车政策明朗 产业链公司获密集调研,新能源汽车政策明朗 产业链公司获密集调研
2020-01-20,【汽车】比亚迪：多管齐下 多位突围,【汽车】比亚迪：多管齐下 多位突围
2020-01-20,我国将加强塑料污染治理 四股突围拉开序幕,我国将加强塑料污染治理 四股突围拉开序幕
2020-01-20,三元电池仍是动力电池主流，磷酸铁锂电池将成储能新宠,三元电池仍是动力电池主流，磷酸铁锂电池将成储能新宠
2020-01-20,新能源汽车产业链迎春天活跃资金纷纷加仓,新能源汽车产业链迎春天活跃资金纷纷加仓
2020-01-21,比亚迪：子公司3.5亿元增资腾势新能源,比亚迪：子公司3.5亿元增资腾势新能源
2020-01-21,比亚迪(002594.SZ)子公司拟向腾势新能源增资3.5亿元,比亚迪(002594.SZ)子公司拟向腾势新能源增资3.5亿元
2020-01-21,腾势获比亚迪3.5亿元增资,腾势获比亚迪3.5亿元增资
2020-01-21,比亚迪：控股子公司3.5亿元现金增资腾势新能源,比亚迪：控股子公司3.5亿元现金增资腾势新能源
2020-01-21,午间要闻公告：正邦科技控股股东拟上调增持金额,午间要闻公告：正邦科技控股股东拟上调增持金额
2020-01-21,比亚迪成立半导体领域新公司,比亚迪成立半导体领域新公司
2020-01-21,比亚迪跌近5% 主动卖盘57%,比亚迪跌近5% 主动卖盘57%
2020-01-21,2019年自主乘用车市场：B级车市占率扩大 新能源销量走低,2019年自主乘用车市场：B级车市占率扩大 新能源销量走低
2020-01-21,动力电池企业纷纷“落子”大西南,动力电池企业纷纷“落子”大西南
2020-01-21,电气设备行业：新能源汽车全年销量120.6万辆（可下载）,电气设备行业：新能源汽车全年销量120.6万辆（可下载）
2020-01-22,锂电池概念表现活跃,锂电池概念表现活跃
2020-01-22,摆脱进口依赖！比亚迪成立半导体公司：“中国芯”惊艳,摆脱进口依赖！比亚迪成立半导体公司：“中国芯”惊艳
2020-01-22,全球首款机场专用自动驾驶纯电动大巴在东京实地测试,全球首款机场专用自动驾驶纯电动大巴在东京实地测试
2020-01-22,自主前三甲守擂成功 边缘车企紧抓“救命稻草”,自主前三甲守擂成功 边缘车企紧抓“救命稻草”
2020-01-22,比亚迪大涨5.45%，领涨汽车整车板块,比亚迪大涨5.45%，领涨汽车整车板块
2020-01-22,比亚迪成立新半导体公司 进一步完善产业链布局,比亚迪成立新半导体公司 进一步完善产业链布局
2020-01-22,动力电池概念股异动走强 赣锋锂业、比亚迪涨约6%,动力电池概念股异动走强 赣锋锂业、比亚迪涨约6%
2020-01-22,比亚迪升逾5% 主动买盘73%,比亚迪升逾5% 主动买盘73%
2020-01-22,华为大牛股出自这里,华为大牛股出自这里
2020-01-22,109股昨日获机构买入评级,109股昨日获机构买入评级
2020-01-22,科创板早报|鸿蒙系统已上网即将应用全系产品汇顶、韦尔预计2019年净利倍增,科创板早报|鸿蒙系统已上网即将应用全系产品汇顶、韦尔预计2019年净利倍增
2020-01-22,新能源乘用车年度榜单来了！销量突破10万的车型就是它,新能源乘用车年度榜单来了！销量突破10万的车型就是它
2020-01-22,比亚迪飙逾5% 拟对腾势新能源汽车增资3.5亿元,比亚迪飙逾5% 拟对腾势新能源汽车增资3.5亿元
2020-01-23,【国盛电新|周报】特斯拉将合作CATL，“风光”建设政策开始征求意见,【国盛电新|周报】特斯拉将合作CATL，“风光”建设政策开始征求意见
2020-01-23,丰田、大众恋上A股锂电，集中度提升，产业链迎第二春,丰田、大众恋上A股锂电，集中度提升，产业链迎第二春
2020-01-23,新能源汽车环境回暖 产业链有望迎来春天,新能源汽车环境回暖 产业链有望迎来春天
2020-01-23,一文看懂特斯拉产业链 | 中信建投电新,一文看懂特斯拉产业链 | 中信建投电新
2020-01-23,比亚迪电动汽车在2020年巴哈马商业展望会议期间抢尽风头,比亚迪电动汽车在2020年巴哈马商业展望会议期间抢尽风头
2020-01-23,比亚迪跌近1% 摩通上周四减持473万股 减持股份,比亚迪跌近1% 摩通上周四减持473万股 减持股份
2020-01-26,新春策划 | 从2019看2020：国内新能源市场机遇与挑战并存,新春策划 | 从2019看2020：国内新能源市场机遇与挑战并存
2020-01-26,集体“上攻” 车市备战补贴退坡缓冲期,集体“上攻” 车市备战补贴退坡缓冲期
2020-01-27,数说丨自主前三甲守擂成功 边缘车企紧抓“救命稻草”,数说丨自主前三甲守擂成功 边缘车企紧抓“救命稻草”
2020-01-28,中外车企联手！近20家公司捐资超3亿，四车企加班造救护车,中外车企联手！近20家公司捐资超3亿，四车企加班造救护车
2020-01-28,比亚迪捐资一千万元用于支持防控新型冠状病毒感染肺炎,比亚迪捐资一千万元用于支持防控新型冠状病毒感染肺炎
2020-01-28,比亚迪捐资1000万用于支持防控新型冠状病毒感染肺炎,比亚迪捐资1000万用于支持防控新型冠状病毒感染肺炎
2020-01-28,比亚迪股份向湖北省慈善总会捐资1000万元 用于支持疫情防控工作,比亚迪股份向湖北省慈善总会捐资1000万元 用于支持疫情防控工作
2020-01-29,港股鼠年首秀跌2.8%，机构：A股节后长期向上趋势不变,港股鼠年首秀跌2.8%，机构：A股节后长期向上趋势不变
2020-01-29,港股鼠年首日汽车板块下挫 比亚迪东风跌幅超5%,港股鼠年首日汽车板块下挫 比亚迪东风跌幅超5%
2020-01-30,比亚迪现跌近5% 暂连跌4日 连续下跌,比亚迪现跌近5% 暂连跌4日 连续下跌
2020-01-30,汽车企业驰援武汉新型冠状病毒肺炎防控工作捐赠统计 | 更新至1月30日,汽车企业驰援武汉新型冠状病毒肺炎防控工作捐赠统计 | 更新至1月30日
2020-01-30,比亚迪追加驰援价值100万元的N95口罩,比亚迪追加驰援价值100万元的N95口罩
2020-01-30,比亚迪协调海外分公司追加价值100万元的N95口罩,比亚迪协调海外分公司追加价值100万元的N95口罩
2020-01-30,比亚迪：国外采购价值100万元N95口罩，驰援一线交通服务人员,比亚迪：国外采购价值100万元N95口罩，驰援一线交通服务人员
2020-01-31,爱心接力同抗疫：比亚迪、搜狗、丰田、ARM等企业再伸援手,爱心接力同抗疫：比亚迪、搜狗、丰田、ARM等企业再伸援手
2020-01-31,战“疫”不停步 比亚迪再捐赠价值百万元的N95口罩,战“疫”不停步 比亚迪再捐赠价值百万元的N95口罩
2020-01-31,奔驰和比亚迪再合力，腾势新车腾势X，能逆袭吗？,奔驰和比亚迪再合力，腾势新车腾势X，能逆袭吗？
2020-01-31,捐资1000万基础上 比亚迪再捐百万元N95口罩,捐资1000万基础上 比亚迪再捐百万元N95口罩
2020-01-31,全力支持抗击疫情 比亚迪追加物资捐赠,全力支持抗击疫情 比亚迪追加物资捐赠
2020-02-01,捐赠不断追加！这些电子科技企业捐款捐物驰援湖北疫区,捐赠不断追加！这些电子科技企业捐款捐物驰援湖北疫区
2020-02-01,又一批深圳上市公司参与驰援武汉 捐款筹物共同支援抗击疫情,又一批深圳上市公司参与驰援武汉 捐款筹物共同支援抗击疫情
2020-02-01,汽车业“鼠年怎么红”之：如何应对新能源补贴尾部效应与积分之剑,汽车业“鼠年怎么红”之：如何应对新能源补贴尾部效应与积分之剑
2020-02-02,云轨方案中标圣保罗轨道交通“黄金线” 比亚迪巴西再下一城,云轨方案中标圣保罗轨道交通“黄金线” 比亚迪巴西再下一城
2020-02-02,汽车企业驰援武汉新型冠状病毒肺炎防控工作捐赠统计 | 更新至2月2日,汽车企业驰援武汉新型冠状病毒肺炎防控工作捐赠统计 | 更新至2月2日
2020-02-02,特斯拉拿下中日韩三张电池王牌 比亚迪将如何应对,特斯拉拿下中日韩三张电池王牌 比亚迪将如何应对
2020-02-03,比亚迪捐款1000万基础上追加100万元N95口罩,比亚迪捐款1000万基础上追加100万元N95口罩
2020-02-03,汽车股齐跌停 宁德时代成为鼠年开市第一枚“彩蛋”,汽车股齐跌停 宁德时代成为鼠年开市第一枚“彩蛋”
2020-02-03,比亚迪股份(01211)再次拿下一巴西云轨项目,比亚迪股份(01211)再次拿下一巴西云轨项目
2020-02-03,汽车产业链“全军覆没”，为何宁德时代却异军突起？,汽车产业链“全军覆没”，为何宁德时代却异军突起？
2020-02-03,比亚迪云轨方案巴西再中标,比亚迪云轨方案巴西再中标
2020-02-03,2019年全球十大畅销电动车：Model 3领先第二名两倍多,2019年全球十大畅销电动车：Model 3领先第二名两倍多
2020-02-03,国泰君安：维持比亚迪增持评级 上调目标价至71元,国泰君安：维持比亚迪增持评级 上调目标价至71元
2020-02-03,2020年即将用上的新汽车“黑科技”有哪些？,2020年即将用上的新汽车“黑科技”有哪些？
2020-02-03,固态电池或有助于车企电气化布局提速,固态电池或有助于车企电气化布局提速
2020-02-03,国君晨报 | 宏观、策略专题研究，比亚迪（002594），会畅通讯（300578）,国君晨报 | 宏观、策略专题研究，比亚迪（002594），会畅通讯（300578）
2020-02-03,12月动力电池市场：环比上涨61%，宁德时代5.3GWh装机量夺冠,12月动力电池市场：环比上涨61%，宁德时代5.3GWh装机量夺冠
2020-02-03,动力电池竞争白刃化，宁德时代推超级电池迎接挑战,动力电池竞争白刃化，宁德时代推超级电池迎接挑战
2020-02-03,【太平洋机械】锂电设备行业报告：趋势已成，放量在即,【太平洋机械】锂电设备行业报告：趋势已成，放量在即
2020-02-04,比亚迪赵长江：疫情会促进私家车消费 望促进汽车消费政策落地,比亚迪赵长江：疫情会促进私家车消费 望促进汽车消费政策落地
2020-02-04,自动驾驶前景广阔 六只个股腾飞在即掘良机,自动驾驶前景广阔 六只个股腾飞在即掘良机
2020-02-04,最被看好十大港股：野村升腾讯目标价至440港元,最被看好十大港股：野村升腾讯目标价至440港元
2020-02-04,比亚迪再加百万元N95口罩 助力抗击疫情,比亚迪再加百万元N95口罩 助力抗击疫情
2020-02-04,港股异动︱获花旗看高至80港元评级“买入” 比亚迪股份(01211)大涨逾5%,港股异动︱获花旗看高至80港元评级“买入” 比亚迪股份(01211)大涨逾5%
2020-02-04,2019专用车电池装机量分析：比亚迪夺冠,2019专用车电池装机量分析：比亚迪夺冠
2020-02-04,抗击疫情，奇瑞、比亚迪捐1000万元，吉利直接丢出2亿,抗击疫情，奇瑞、比亚迪捐1000万元，吉利直接丢出2亿
2020-02-04,2019全球电动车销量再破200万 特斯拉再夺冠,2019全球电动车销量再破200万 特斯拉再夺冠
2020-02-04,花旗：维持比亚迪(01211)“买入”评级 上调目标价至80港元,花旗：维持比亚迪(01211)“买入”评级 上调目标价至80港元
2020-02-04,【异动股】多只汽车股见反弹比亚迪(01211-HK)涨6.6%,【异动股】多只汽车股见反弹比亚迪(01211-HK)涨6.6%
2020-02-04,累计1100万元 比亚迪向湖北省捐款捐物,累计1100万元 比亚迪向湖北省捐款捐物
2020-02-04,乘用车12月产量：2019累计产出102万辆，同比微增2.6%,乘用车12月产量：2019累计产出102万辆，同比微增2.6%
2020-02-04,增长10% 2019年全球售新能源车221万辆,增长10% 2019年全球售新能源车221万辆
2020-02-04,EV晨报 | 丰田和松下将成立方形电池公司；PSA将建两个电池厂；理想ONE将延期交付,EV晨报 | 丰田和松下将成立方形电池公司；PSA将建两个电池厂；理想ONE将延期交付
2020-02-05,A股全线飘红！创业板午盘大涨3.6% 特斯拉板块掀涨停潮,A股全线飘红！创业板午盘大涨3.6% 特斯拉板块掀涨停潮
2020-02-05,宋pro的放量成为新的亮点——比亚迪12月销量点评,宋pro的放量成为新的亮点——比亚迪12月销量点评
2020-02-05,抄底系列：比亚迪（01211.HK）-加快对外开放，抽完这剩余的烟蒂,抄底系列：比亚迪（01211.HK）-加快对外开放，抽完这剩余的烟蒂
2020-02-05,支援疫情阻击战 向比亚迪出行伙伴致敬,支援疫情阻击战 向比亚迪出行伙伴致敬
2020-02-05,特斯拉鲶鱼效应爆发，比亚迪所面临的危与机,特斯拉鲶鱼效应爆发，比亚迪所面临的危与机
2020-02-05,特斯拉市值暴涨的三个理由,特斯拉市值暴涨的三个理由
2020-02-05,除了口罩 这些车也能让您出行多份安心,除了口罩 这些车也能让您出行多份安心
2020-02-05,特斯拉领跑全球，比亚迪紧随其后，2019全球销量大一览,特斯拉领跑全球，比亚迪紧随其后，2019全球销量大一览
2020-02-05,零跑版“四门smart”将二季度上 竞争比亚迪e1,零跑版“四门smart”将二季度上 竞争比亚迪e1
2020-02-05,【行情】比亚迪在深圳上涨8.6％，在香港上涨8.3％。,【行情】比亚迪在深圳上涨8.6％，在香港上涨8.3％。
2020-02-05,2019年新能源汽车销量远低于预期 高增长，再见！,2019年新能源汽车销量远低于预期 高增长，再见！
2020-02-05,特斯拉强势登顶 19年全球新能源车销量排行,特斯拉强势登顶 19年全球新能源车销量排行
2020-02-05,特斯拉终于牵手宁德时代 合资成主旋律,特斯拉终于牵手宁德时代 合资成主旋律
2020-02-05,港股异动︱获花旗上调目标价6.6%至80港元 比亚迪股份(01211)续涨逾6%,港股异动︱获花旗上调目标价6.6%至80港元 比亚迪股份(01211)续涨逾6%
2020-02-05,容百科技：卸下比克坏账包袱，深度绑定国内电池龙头,容百科技：卸下比克坏账包袱，深度绑定国内电池龙头
2020-02-05,比亚迪升逾2% 升破250天线,比亚迪升逾2% 升破250天线
2020-02-05,38股获券商买入评级 云铝股份目标涨幅达55.13%,38股获券商买入评级 云铝股份目标涨幅达55.13%
2020-02-05,2019年全球新能源汽车销量数据解读 特斯拉一家独大,2019年全球新能源汽车销量数据解读 特斯拉一家独大
2020-02-05,滴滴携手比亚迪共拓墨西哥新能源市场,滴滴携手比亚迪共拓墨西哥新能源市场
2020-02-05,那些2019年“大目标”完成了吗？,那些2019年“大目标”完成了吗？
2020-02-05,比亚迪升逾10% 暂连升3日,比亚迪升逾10% 暂连升3日
2020-02-06,荣威今年将推6款新车 首款MPV就要叫板别克GL8,荣威今年将推6款新车 首款MPV就要叫板别克GL8
2020-02-06,比亚迪汉EV领衔 这10款重磅纯电动轿车年内上市,比亚迪汉EV领衔 这10款重磅纯电动轿车年内上市
2020-02-06,犀牛财经晚报：星期六尾盘炸板 比亚迪孙公司新增消毒液业务,犀牛财经晚报：星期六尾盘炸板 比亚迪孙公司新增消毒液业务
2020-02-06,新能源汽车政策明朗2020取消新能源补贴具体时间新能源汽车会降价吗?,新能源汽车政策明朗2020取消新能源补贴具体时间新能源汽车会降价吗?
2020-02-06,消息称比亚迪今年将为苹果代工入门级平板：新款iPadPro仍由富士康操刀,消息称比亚迪今年将为苹果代工入门级平板：新款iPadPro仍由富士康操刀
2020-02-06,比亚迪旗下子公司新增生产消毒液业务,比亚迪旗下子公司新增生产消毒液业务
2020-02-06,疫情当前，比亚迪工业全资子公司经营范围新增消毒液,疫情当前，比亚迪工业全资子公司经营范围新增消毒液
2020-02-06,辣评2019车企Top30销量:六成下跌一汽-大众夺魁重启排位赛Top2取代Top3? 盈利能力下降,辣评2019车企Top30销量:六成下跌一汽-大众夺魁重启排位赛Top2取代Top3? 盈利能力下降
2020-02-06,一电访谈|大众&比亚迪赵长江：中国车市长期不会受到影响,一电访谈|大众&比亚迪赵长江：中国车市长期不会受到影响
2020-02-06,战疫情 特斯拉/杉杉/容百/欣旺达等企业在行动（持续更新中）,战疫情 特斯拉/杉杉/容百/欣旺达等企业在行动（持续更新中）
2020-02-06,特斯拉昨日急跌 赣锋锂业下跌2%比亚迪跌近1%,特斯拉昨日急跌 赣锋锂业下跌2%比亚迪跌近1%
2020-02-06,谁在为特斯拉“封神”？,谁在为特斯拉“封神”？
2020-02-06,比亚迪：追加价值100万元N95口罩，今天从巴西发货,比亚迪：追加价值100万元N95口罩，今天从巴西发货
2020-02-07,国产硬核车企上线！五菱改汽车生产线做口罩，比亚迪生产消毒液,国产硬核车企上线！五菱改汽车生产线做口罩，比亚迪生产消毒液
2020-02-07,富士康、上汽等纷纷转产口罩：日产数百万，并不算太难,富士康、上汽等纷纷转产口罩：日产数百万，并不算太难
2020-02-07,抗击疫情 比亚迪下属公司新增消毒液项目,抗击疫情 比亚迪下属公司新增消毒液项目
2020-02-07,继五菱转产口罩后比亚迪子公司将生产消毒液,继五菱转产口罩后比亚迪子公司将生产消毒液
2020-02-07,比亚迪捐资一千万元用于支持防控新型冠状病毒感染肺炎,比亚迪捐资一千万元用于支持防控新型冠状病毒感染肺炎
2020-02-07,接连携手比亚迪、宁德时代和松下 丰田的电动化野心是什么？,接连携手比亚迪、宁德时代和松下 丰田的电动化野心是什么？
2020-02-07,政策有望转向 比亚迪受惠,政策有望转向 比亚迪受惠
2020-02-07,为抗疫情车企转行上汽通用五菱生产口罩,为抗疫情车企转行上汽通用五菱生产口罩
2020-02-08,预计2月17日出货 比亚迪产口罩/消毒液,预计2月17日出货 比亚迪产口罩/消毒液
2020-02-08,【电子】疫情虽严峻，盛世佑中华——电子行业周报——看好（联系人：徐勇、邓果一）,【电子】疫情虽严峻，盛世佑中华——电子行业周报——看好（联系人：徐勇、邓果一）
2020-02-08,"口罩每天消耗1亿个？""汽车牌""口罩加紧供应 这些企业也在转产","口罩每天消耗1亿个？""汽车牌""口罩加紧供应 这些企业也在转产"
2020-02-08,超3000家企业“跨界抗疫”！中石化加油站卖医疗器械、车企速产消毒液，连内衣纸尿裤企业也改线生产口罩,超3000家企业“跨界抗疫”！中石化加油站卖医疗器械、车企速产消毒液，连内衣纸尿裤企业也改线生产口罩
2020-02-08,比亚迪援产口罩和消毒液 口罩产能预计500万只/天,比亚迪援产口罩和消毒液 口罩产能预计500万只/天
2020-02-08,造车跨界口罩，3.7亿研发防病毒汽车……车企花式战“疫”知多少？,造车跨界口罩，3.7亿研发防病毒汽车……车企花式战“疫”知多少？
2020-02-08,比亚迪追加捐赠100多万紧急医疗物资 共捐赠1100万元,比亚迪追加捐赠100多万紧急医疗物资 共捐赠1100万元
2020-02-08,比亚迪援产口罩和消毒液 预计2月17日前后量产出货,比亚迪援产口罩和消毒液 预计2月17日前后量产出货
2020-02-08,比亚迪转产口罩、消毒液 本月底日均产能达500万只、5万瓶|资本市场 同心抗疫,比亚迪转产口罩、消毒液 本月底日均产能达500万只、5万瓶|资本市场 同心抗疫
2020-02-08,比亚迪援产口罩和消毒液，预计2月17日前后量产出货,比亚迪援产口罩和消毒液，预计2月17日前后量产出货
2020-02-08,比亚迪：口罩2月17日前后量产出货产能本月底可达500万只/天,比亚迪：口罩2月17日前后量产出货产能本月底可达500万只/天
2020-02-08,共同战“疫”，比亚迪援产口罩和消毒液,共同战“疫”，比亚迪援产口罩和消毒液
2020-02-08,富士康之后，比亚迪开始生产口罩,富士康之后，比亚迪开始生产口罩
2020-02-08,宁德时代能否坐稳动力电池龙头,宁德时代能否坐稳动力电池龙头
2020-02-08,"宁德时代""供电""特斯拉 动力电池成趋势","宁德时代""供电""特斯拉 动力电池成趋势"
2020-02-08,比亚迪援产口罩和消毒液，车企驰援武汉新冠病毒肺炎捐赠统计 | 更新至2月8日,比亚迪援产口罩和消毒液，车企驰援武汉新冠病毒肺炎捐赠统计 | 更新至2月8日
2020-02-09,比亚迪开发疫情应急管理系统和人体测温方案,比亚迪开发疫情应急管理系统和人体测温方案
2020-02-09,【华西电子孙远峰团队—持续推荐功率半导体】产业链逐步成熟，功率器件迎黄金发展期,【华西电子孙远峰团队—持续推荐功率半导体】产业链逐步成熟，功率器件迎黄金发展期
2020-02-09,广东上市公司复工复产有哪些见闻？,广东上市公司复工复产有哪些见闻？
2020-02-09,为了复工都拼了 “宇宙最强街道”收几千份复工申请,为了复工都拼了 “宇宙最强街道”收几千份复工申请
2020-02-09,首批防疫物资收储目录发布 这些上市公司紧急上马相关项目！,首批防疫物资收储目录发布 这些上市公司紧急上马相关项目！
2020-02-09,比亚迪口罩预计18日后分批发货 最小起订量100万只,比亚迪口罩预计18日后分批发货 最小起订量100万只
2020-02-09,多家车企兼职造口罩，加入缓解“一罩难求”行列,多家车企兼职造口罩，加入缓解“一罩难求”行列
2020-02-09,决战新冠肺炎疫情 这几家车企的“抗疫”姿势太优秀了,决战新冠肺炎疫情 这几家车企的“抗疫”姿势太优秀了
2020-02-09,科技大厂驰援！富士康、OPPO，VIVO，比亚迪等厂商开始生产口罩,科技大厂驰援！富士康、OPPO，VIVO，比亚迪等厂商开始生产口罩
2020-02-09,超3000家企业“跨界抗疫”新增口罩防护服等业务,超3000家企业“跨界抗疫”新增口罩防护服等业务
2020-02-09,抗疫战争最缺啥？硬核比亚迪“十八般兵器”上阵转产医疗防护物资,抗疫战争最缺啥？硬核比亚迪“十八般兵器”上阵转产医疗防护物资
2020-02-09,口罩概念股大涨 近700家科技企业要跨界做“口罩”,口罩概念股大涨 近700家科技企业要跨界做“口罩”
2020-02-09,临近复工，3000家企业紧急“跨界”做口罩！除了内衣纸尿裤企业，连科技圈的都来了,临近复工，3000家企业紧急“跨界”做口罩！除了内衣纸尿裤企业，连科技圈的都来了
2020-02-09,粤企积极复产转产 缓解医疗物资紧缺难题,粤企积极复产转产 缓解医疗物资紧缺难题
2020-02-09,比亚迪电子(00285)经营范围新增医疗器械和工业防护用品 月底口罩日产有望达500万只,比亚迪电子(00285)经营范围新增医疗器械和工业防护用品 月底口罩日产有望达500万只
2020-02-10,比亚迪发布1月销量快报：新能源汽车同比下滑75%，较去年同期少卖2万辆 盈利能力下降,比亚迪发布1月销量快报：新能源汽车同比下滑75%，较去年同期少卖2万辆 盈利能力下降
2020-02-10,口罩生产实况：广州一企业一条生产线日产10万个；全国哪个省最强？,口罩生产实况：广州一企业一条生产线日产10万个；全国哪个省最强？
2020-02-10,比亚迪：1月新能源汽车销量7133辆 同比下降75.12% 盈利能力下降,比亚迪：1月新能源汽车销量7133辆 同比下降75.12% 盈利能力下降
2020-02-10,比亚迪：1月汽车销量同比下降42.68% 盈利能力下降,比亚迪：1月汽车销量同比下降42.68% 盈利能力下降
2020-02-10,【长城电新|电动车先进资产系列之正极材料】容百科技：高镍龙头 扬帆起航,【长城电新|电动车先进资产系列之正极材料】容百科技：高镍龙头 扬帆起航
2020-02-10,各类公司跨界造口罩驰援：预计月底增加日产能超1000万只,各类公司跨界造口罩驰援：预计月底增加日产能超1000万只
2020-02-10,比亚迪“辟谣”：口罩暂不进行外售仅供给一线疫区,比亚迪“辟谣”：口罩暂不进行外售仅供给一线疫区
2020-02-10,燃眉之急口罩奇缺：中石化富士康出手了,燃眉之急口罩奇缺：中石化富士康出手了
2020-02-10,比亚迪跨界产口罩 暂不卖个人？相关人士这样解释,比亚迪跨界产口罩 暂不卖个人？相关人士这样解释
2020-02-10,复工首日：金融机构有人已出差！上班感染算工伤吗？如何防护？,复工首日：金融机构有人已出差！上班感染算工伤吗？如何防护？
2020-02-10,犀牛财经晚报：比亚迪1月销量下滑42% 19年印花税增长12%,犀牛财经晚报：比亚迪1月销量下滑42% 19年印花税增长12%
2020-02-10,科技公司跨界做口罩：比亚迪500万只/天还有更高的,科技公司跨界做口罩：比亚迪500万只/天还有更高的
2020-02-10,这些公司转产抗疫物资 比亚迪、广汽生产汽车牌口罩,这些公司转产抗疫物资 比亚迪、广汽生产汽车牌口罩
2020-02-10,【东吴电新】基金Q1持仓深度：新能源汽车持仓企稳、光伏和风电持仓略降,【东吴电新】基金Q1持仓深度：新能源汽车持仓企稳、光伏和风电持仓略降
2020-02-10,工信部下发5G系统室内频段 六股有掘金机会,工信部下发5G系统室内频段 六股有掘金机会
2020-02-10,安全第一！国内汽车巨头有序复工,安全第一！国内汽车巨头有序复工
2020-02-10,比亚迪：1月销售汽车25173辆，同比降42.68%,比亚迪：1月销售汽车25173辆，同比降42.68%
2020-02-10,2月10日股市预警| 4家公司突发利空 42亿资金流出这十股,2月10日股市预警| 4家公司突发利空 42亿资金流出这十股
2020-02-10,比亚迪：1月新能源汽车销量同比下降75.12% 盈利能力下降,比亚迪：1月新能源汽车销量同比下降75.12% 盈利能力下降
2020-02-10,3000多家公司今年新增“口罩”业务 中石化、比亚迪、广汽等纷纷跨界,3000多家公司今年新增“口罩”业务 中石化、比亚迪、广汽等纷纷跨界
2020-02-10,泪奔：疫情下 那些“不务正业”的车企,泪奔：疫情下 那些“不务正业”的车企
2020-02-10,"龙头企业恢复生产进行时 格力等已制定复产""进度表""","龙头企业恢复生产进行时 格力等已制定复产""进度表"""
2020-02-10,预见2020|新能源动力电池发展四大趋势,预见2020|新能源动力电池发展四大趋势
2020-02-10,比亚迪跨界医疗器械和工业防护用品,比亚迪跨界医疗器械和工业防护用品
2020-02-10,广东上市公司复工复产，多家称需求一直都在,广东上市公司复工复产，多家称需求一直都在
2020-02-10,在固态电池之前，为何比亚迪又回到磷酸铁锂电池时代？,在固态电池之前，为何比亚迪又回到磷酸铁锂电池时代？
2020-02-10,快递公司全面复工，申通快递正向情绪居首；搜狐负向情绪警笛拉响,快递公司全面复工，申通快递正向情绪居首；搜狐负向情绪警笛拉响
2020-02-10,早报丨全国累计确诊新冠肺炎40171例；红十字会总会要求湖北红会彻底整改,早报丨全国累计确诊新冠肺炎40171例；红十字会总会要求湖北红会彻底整改
2020-02-10,上汽、广汽、比亚迪陆续转产口罩，2月底口罩日产有望达2亿只,上汽、广汽、比亚迪陆续转产口罩，2月底口罩日产有望达2亿只
2020-02-10,改造工厂硬核跨界 车企能否缓解口罩荒,改造工厂硬核跨界 车企能否缓解口罩荒
2020-02-10,援产口罩和消毒液，比亚迪股份涨超4%,援产口罩和消毒液，比亚迪股份涨超4%
2020-02-10,大企担当 捐款千万后比亚迪再投产口罩生产线抗疫,大企担当 捐款千万后比亚迪再投产口罩生产线抗疫
2020-02-10,着手投产口罩和消毒液，比亚迪(01211)催化因素多2020年前景看好,着手投产口罩和消毒液，比亚迪(01211)催化因素多2020年前景看好
2020-02-10,缓解“一罩难求”，三大车企转战产口罩,缓解“一罩难求”，三大车企转战产口罩
2020-02-10,援产口罩、防护服等公司猛增 比亚迪、中石化、富士康都来了！,援产口罩、防护服等公司猛增 比亚迪、中石化、富士康都来了！
2020-02-10,比亚迪辟谣口罩对外销售：目前产能有限，主要供给一线,比亚迪辟谣口罩对外销售：目前产能有限，主要供给一线
2020-02-10,真硬核！四家电子制造工厂日产970万个口罩！,真硬核！四家电子制造工厂日产970万个口罩！
2020-02-10,超3000家公司援产口罩等医疗物资，比亚迪等都来了,超3000家公司援产口罩等医疗物资，比亚迪等都来了
2020-02-10,2019年电动汽车销量榜出炉：特斯拉夺魁，比亚迪第2,2019年电动汽车销量榜出炉：特斯拉夺魁，比亚迪第2
2020-02-11,比亚迪现1笔大宗交易 共成交219.36万元,比亚迪现1笔大宗交易 共成交219.36万元
2020-02-11,比亚迪：1月新能源车销量下跌75.12%，特斯拉量产的影响是主因？ 盈利能力下降,比亚迪：1月新能源车销量下跌75.12%，特斯拉量产的影响是主因？ 盈利能力下降
2020-02-11,新能源重卡2019 暴涨6.6倍自卸车扛大旗,新能源重卡2019 暴涨6.6倍自卸车扛大旗
2020-02-11,除了比亚迪，又有格力地产等20家上市公司跨界加入口罩生产军团,除了比亚迪，又有格力地产等20家上市公司跨界加入口罩生产军团
2020-02-11,比亚迪口罩遭疯抢？一销售区经理：电话被打爆，谁来救救我！官方回应：网上拼单都是假的,比亚迪口罩遭疯抢？一销售区经理：电话被打爆，谁来救救我！官方回应：网上拼单都是假的
2020-02-11,比亚迪跨界抗“疫”再进一步 子公司新增医疗防护用品业务,比亚迪跨界抗“疫”再进一步 子公司新增医疗防护用品业务
2020-02-11,继富士康比亚迪后 两天逾10家上市公司跨界生产口罩,继富士康比亚迪后 两天逾10家上市公司跨界生产口罩
2020-02-11,图说丨多企跨界援产口罩，一罩难求缓解在即！中石化、比亚迪、富士康等巨头在列,图说丨多企跨界援产口罩，一罩难求缓解在即！中石化、比亚迪、富士康等巨头在列
2020-02-11,每天口罩供应量将超2亿只？暴涨超200%的口罩龙头股，正在“退烧”,每天口罩供应量将超2亿只？暴涨超200%的口罩龙头股，正在“退烧”
2020-02-11,“一罩难求”何时解？企业“兼职”做口罩！中石化、比亚迪、富士康都来了,“一罩难求”何时解？企业“兼职”做口罩！中石化、比亚迪、富士康都来了
2020-02-11,比亚迪今日大宗交易成交4万股，成交价54.84元折价7.11%,比亚迪今日大宗交易成交4万股，成交价54.84元折价7.11%
2020-02-11,比亚迪旗下公司新增消毒液研发等医疗产品业务,比亚迪旗下公司新增消毒液研发等医疗产品业务
2020-02-11,深圳上市公司协会公布企业驰援抗疫第七次汇总,深圳上市公司协会公布企业驰援抗疫第七次汇总
2020-02-11,比亚迪：凭借“口罩概念”股票大涨 汽车1月却销量惨淡,比亚迪：凭借“口罩概念”股票大涨 汽车1月却销量惨淡
2020-02-11,消毒水、护目镜、防护服买不到？比亚迪都来跨界援产口罩消毒液了 上市公司在行动,消毒水、护目镜、防护服买不到？比亚迪都来跨界援产口罩消毒液了 上市公司在行动
2020-02-11,共克时艰，车企与经销商的战“疫”行动,共克时艰，车企与经销商的战“疫”行动
2020-02-11,车企跨界抗“疫”：五菱产口罩 比亚迪卖消毒液,车企跨界抗“疫”：五菱产口罩 比亚迪卖消毒液
2020-02-11,港股公告精选：吉利汽车正与沃尔沃汽车管理层探讨业务合并事宜,港股公告精选：吉利汽车正与沃尔沃汽车管理层探讨业务合并事宜
2020-02-11,"""汽车牌""口罩、消毒水、护目镜……但或暂不对外销售","""汽车牌""口罩、消毒水、护目镜……但或暂不对外销售"
2020-02-11,1月汽车销量同比下降43%，比亚迪低开超2% 盈利能力下降,1月汽车销量同比下降43%，比亚迪低开超2% 盈利能力下降
2020-02-11,同比下降42.68% 比亚迪公布1月销量数据 盈利能力下降,同比下降42.68% 比亚迪公布1月销量数据 盈利能力下降
2020-02-11,比亚迪：2020年1月储能电池及动力电池装机总量约0.366GWh,比亚迪：2020年1月储能电池及动力电池装机总量约0.366GWh
2020-02-11,比亚迪1月销量下滑超四成，新能源板块大跌75% 盈利能力下降,比亚迪1月销量下滑超四成，新能源板块大跌75% 盈利能力下降
2020-02-11,视频|比亚迪、上汽通用等车企“不务正业”转产口罩,视频|比亚迪、上汽通用等车企“不务正业”转产口罩
2020-02-11,2020年1月动力电池装机量top10：松下/塔菲尔进前十,2020年1月动力电池装机量top10：松下/塔菲尔进前十
2020-02-11,疫情让汽车销量遭遇“开年黑”比亚迪着手跨界产口罩和消毒液,疫情让汽车销量遭遇“开年黑”比亚迪着手跨界产口罩和消毒液
2020-02-11,比亚迪1月销量降低42.68% 燃油车逆势涨18.28% 盈利能力下降,比亚迪1月销量降低42.68% 燃油车逆势涨18.28% 盈利能力下降
2020-02-12,别再上当了！比亚迪辟谣：口罩目前不外售，主要供给一线,别再上当了！比亚迪辟谣：口罩目前不外售，主要供给一线
2020-02-12,警惕！有人假冒比亚迪口罩四处“兜售”,警惕！有人假冒比亚迪口罩四处“兜售”
2020-02-12,[互动]比亚迪：近期公司已经开始复工,[互动]比亚迪：近期公司已经开始复工
2020-02-12,战“疫”直击 | 转产口罩、内部拼车、弹性工作……疫情防控中车企复工的众生相,战“疫”直击 | 转产口罩、内部拼车、弹性工作……疫情防控中车企复工的众生相
2020-02-12,疫情之下，科技圈企业复工“众生相”,疫情之下，科技圈企业复工“众生相”
2020-02-12,库存压力大/开通线上渠道 疫期比亚迪鑫敏恒调查,库存压力大/开通线上渠道 疫期比亚迪鑫敏恒调查
2020-02-12,拟向比亚迪采购口罩？深圳市新能源车辆应用推广中心征集企业需求,拟向比亚迪采购口罩？深圳市新能源车辆应用推广中心征集企业需求
2020-02-12,得电池者得天下？捷豹I-Pace被迫停产 经营问题,得电池者得天下？捷豹I-Pace被迫停产 经营问题
2020-02-12,任泽平：2020全球新能源汽车发展报告,任泽平：2020全球新能源汽车发展报告
2020-02-12,比亚迪销量观察：燃油车增长，新能源车下降 盈利能力下降,比亚迪销量观察：燃油车增长，新能源车下降 盈利能力下降
2020-02-12,1月汽车销量快报：新能源汽车销量锐减，一汽马自达终于涨了！ 盈利能力下降,1月汽车销量快报：新能源汽车销量锐减，一汽马自达终于涨了！ 盈利能力下降
2020-02-12,中金：图说2019年新能源车都卖到了哪儿？,中金：图说2019年新能源车都卖到了哪儿？
2020-02-12,一电访谈｜比亚迪：场景化营销需要结合道具加强提升,一电访谈｜比亚迪：场景化营销需要结合道具加强提升
2020-02-12,比亚迪1月销量2.5万辆 同比下滑42.1% 盈利能力下降,比亚迪1月销量2.5万辆 同比下滑42.1% 盈利能力下降
2020-02-12,2020年1月乘用车动力电池装机量top10：宁德时代市占率高达54.76% 前十95.77%,2020年1月乘用车动力电池装机量top10：宁德时代市占率高达54.76% 前十95.77%
2020-02-12,口罩供给战：原料缺，招工难，多行业跨界转产！,口罩供给战：原料缺，招工难，多行业跨界转产！
2020-02-12,比亚迪：1月新能源汽车销售7133辆 同比下降75.12% 盈利能力下降,比亚迪：1月新能源汽车销售7133辆 同比下降75.12% 盈利能力下降
2020-02-12,安全第一！国内汽车巨头有序复工,安全第一！国内汽车巨头有序复工
2020-02-12,网上拼单买口罩？比亚迪回应：都是假的,网上拼单买口罩？比亚迪回应：都是假的
2020-02-13,比亚迪口罩遭抢购 又有多家上市公司紧急援产！,比亚迪口罩遭抢购 又有多家上市公司紧急援产！
2020-02-13,多重防控严阵以待 近20家车企陆续复工,多重防控严阵以待 近20家车企陆续复工
2020-02-13,车圈｜比亚迪回应生产口罩原料紧缺：信息不实,车圈｜比亚迪回应生产口罩原料紧缺：信息不实
2020-02-13,火线跨界产口罩 汽车和手机厂商们是如何做到的？,火线跨界产口罩 汽车和手机厂商们是如何做到的？
2020-02-13,比亚迪首批紧缺物资将定向捐赠给特定人群,比亚迪首批紧缺物资将定向捐赠给特定人群
2020-02-13,全球动力电池生产目前仍由中日韩三国主导,全球动力电池生产目前仍由中日韩三国主导
2020-02-13,[互动]比亚迪：近期已开始复工 刀片电池相关业务正在积极开展中,[互动]比亚迪：近期已开始复工 刀片电池相关业务正在积极开展中
2020-02-13,梳理：1月份国内电池数据和全球动力电池数据,梳理：1月份国内电池数据和全球动力电池数据
2020-02-13,车企转型生产口罩？非常时期的“大工业”优势｜汽车记“疫”,车企转型生产口罩？非常时期的“大工业”优势｜汽车记“疫”
2020-02-13,比亚迪：口罩预计下周量产出货 生产经营会逐步恢复,比亚迪：口罩预计下周量产出货 生产经营会逐步恢复
2020-02-13,新能源重卡2019：逆市暴涨6.6倍 自卸车扛大旗,新能源重卡2019：逆市暴涨6.6倍 自卸车扛大旗
2020-02-13,月亏600亿！特斯拉大涨打暴空头？空头仓位降至5年新低,月亏600亿！特斯拉大涨打暴空头？空头仓位降至5年新低
2020-02-14,大和：升比亚迪(1211.HK)目标价至44港元 维持“持有”评级,大和：升比亚迪(1211.HK)目标价至44港元 维持“持有”评级
2020-02-14,比亚迪云轨项目巴西再“发力”,比亚迪云轨项目巴西再“发力”
2020-02-14,水皮脱口秀 | “口罩荒”疑问：从车间到前线，口罩要走多久？,水皮脱口秀 | “口罩荒”疑问：从车间到前线，口罩要走多久？
2020-02-14,王祥：新能源车主题聚焦机构看好后市机会,王祥：新能源车主题聚焦机构看好后市机会
2020-02-14,比亚迪暖心助力防控 十大战“疫”行动让服务在线,比亚迪暖心助力防控 十大战“疫”行动让服务在线
2020-02-14,“跨界”生产医疗物资的公司数量陡增，资质如何把控？,“跨界”生产医疗物资的公司数量陡增，资质如何把控？
2020-02-14,战役 车企在行动|捐赠篇 多国“地毯式”扫货交付深圳5医院 没有枪没有炮BYD自己造口罩,战役 车企在行动|捐赠篇 多国“地毯式”扫货交付深圳5医院 没有枪没有炮BYD自己造口罩
2020-02-14,东北电车|每周观察第2期：新能源汽车后周期方向之铁锂回收,东北电车|每周观察第2期：新能源汽车后周期方向之铁锂回收
2020-02-14,复产还是不复？这是个大问题,复产还是不复？这是个大问题
2020-02-14,比亚迪海外采购首批医疗物资捐赠交付 N95口罩驰援抗疫一线,比亚迪海外采购首批医疗物资捐赠交付 N95口罩驰援抗疫一线
2020-02-14,回顾2019 展望2020 技术引领才是新能源的发展之路,回顾2019 展望2020 技术引领才是新能源的发展之路
2020-02-14,1月新能源车销量暴跌50%宣告新能源大跃进破产 盈利能力下降,1月新能源车销量暴跌50%宣告新能源大跃进破产 盈利能力下降
2020-02-14,1月客车动力电池装机量：宁德时代占比近8成,1月客车动力电池装机量：宁德时代占比近8成
2020-02-14,新增3000多家口罩、防护服公司，PP市场感受到了吗？,新增3000多家口罩、防护服公司，PP市场感受到了吗？
2020-02-14,车企“硬核”跨界造“口罩”，比亚迪不图赚钱,车企“硬核”跨界造“口罩”，比亚迪不图赚钱
2020-02-14,比亚迪首批海外采购物资捐赠交付 驰援深圳5医院,比亚迪首批海外采购物资捐赠交付 驰援深圳5医院
2020-02-15,日产200万个口罩 国产神车霸气：人民需要什么 五菱就造什么！,日产200万个口罩 国产神车霸气：人民需要什么 五菱就造什么！
2020-02-15,能量密度提升加持成本优势 磷酸铁锂电池展开反击战,能量密度提升加持成本优势 磷酸铁锂电池展开反击战
2020-02-16,新能源车1月销量爆跌54% 政策“救市”进行时 盈利能力下降,新能源车1月销量爆跌54% 政策“救市”进行时 盈利能力下降
2020-02-16,创维创始人黄宏生涉足口罩 旗下新能源车企变更经营范围 业务变化,创维创始人黄宏生涉足口罩 旗下新能源车企变更经营范围 业务变化
2020-02-16,比亚迪1月动力电池及储能电池装机总量约为0.366GWh,比亚迪1月动力电池及储能电池装机总量约为0.366GWh
2020-02-17,三成车企复工 汽车业有序复产显担当！,三成车企复工 汽车业有序复产显担当！
2020-02-17,车企跨界造口罩背后：全产业链受损，战疫难度高,车企跨界造口罩背后：全产业链受损，战疫难度高
2020-02-17,首个搭载“刀片电池”比亚迪汉EV纯电动轿车进入最新一批推广目录,首个搭载“刀片电池”比亚迪汉EV纯电动轿车进入最新一批推广目录
2020-02-17,比亚迪“刀片电池”浮出水面，能量密度低于竞品？,比亚迪“刀片电池”浮出水面，能量密度低于竞品？
2020-02-17,受肺炎疫情影响严重 这些车企1月销量同比下滑 盈利能力下降,受肺炎疫情影响严重 这些车企1月销量同比下滑 盈利能力下降
2020-02-17,疫情“蝴蝶效应”显现 动力电池装机量下滑50%以上,疫情“蝴蝶效应”显现 动力电池装机量下滑50%以上
2020-02-17,1月乘用车销量创15年来最大跌幅 多家自主品牌逆势增长,1月乘用车销量创15年来最大跌幅 多家自主品牌逆势增长
2020-02-17,首批新源车将迎退役潮 磷酸铁锂电池是否当下最好选择？,首批新源车将迎退役潮 磷酸铁锂电池是否当下最好选择？
2020-02-17,跨界战“疫”，这些企业协力防护物资生产,跨界战“疫”，这些企业协力防护物资生产
2020-02-17,比亚迪推刀片电池，磷酸铁锂电池重获青睐,比亚迪推刀片电池，磷酸铁锂电池重获青睐
2020-02-18,2020纯电动重卡盘点：电动卡车哪家强？,2020纯电动重卡盘点：电动卡车哪家强？
2020-02-18,GaN器件具有可观的增长空间 六股布局良机,GaN器件具有可观的增长空间 六股布局良机
2020-02-18,特斯拉电动车不用钴？ 明天这个板块可能又要热了,特斯拉电动车不用钴？ 明天这个板块可能又要热了
2020-02-18,淡马锡控股减持，高瓴资本清仓，蔚来（NIO.US）真的很难 减持股份,淡马锡控股减持，高瓴资本清仓，蔚来（NIO.US）真的很难 减持股份
2020-02-18,前十厂商总份额超85%，2019全球动力电池同比增长16.6%,前十厂商总份额超85%，2019全球动力电池同比增长16.6%
2020-02-18,港股复盘：钴要变天，比亚迪机会来了？,港股复盘：钴要变天，比亚迪机会来了？
2020-02-18,比亚迪：公司债券“19 亚迪 01”将于2月22日付息,比亚迪：公司债券“19 亚迪 01”将于2月22日付息
2020-02-18,新冠疫情对车市影响显现，不足5%受访者接受线上购车,新冠疫情对车市影响显现，不足5%受访者接受线上购车
2020-02-18,【战疫】这些电池产业链企业用产品驰援疫区,【战疫】这些电池产业链企业用产品驰援疫区
2020-02-18,企业众生相：看疫情下的动力电池行业,企业众生相：看疫情下的动力电池行业
2020-02-18,车企跨界造口罩背后：全产业链受损，战疫难度高,车企跨界造口罩背后：全产业链受损，战疫难度高
2020-02-18,汽车股短线小幅走强,汽车股短线小幅走强
2020-02-18,押宝固态电池 赣锋锂业的新能源“赌注”,押宝固态电池 赣锋锂业的新能源“赌注”
2020-02-18,新能源汽车｜IGBT：电动核心技术，国产替代可期,新能源汽车｜IGBT：电动核心技术，国产替代可期
2020-02-18,车企陆续复工：本土品牌跨界“产口罩”成潮流,车企陆续复工：本土品牌跨界“产口罩”成潮流
2020-02-18,【东吴电新】1月电动车销4.4万辆，同比降54.4%，基本符合预期,【东吴电新】1月电动车销4.4万辆，同比降54.4%，基本符合预期
2020-02-18,2020年1月汽车销量排行榜1月新能源车销量排名情况如何?,2020年1月汽车销量排行榜1月新能源车销量排名情况如何?
2020-02-19,比亚迪“刀片电池”将进入量产阶段能量密度信息曝光,比亚迪“刀片电池”将进入量产阶段能量密度信息曝光
2020-02-19,数说丨自主三强1月销量齐下滑 车企多举措刺激市场 盈利能力下降,数说丨自主三强1月销量齐下滑 车企多举措刺激市场 盈利能力下降
2020-02-19,恒指收涨0.46% 研究机构：港股2季度机会大于1季度,恒指收涨0.46% 研究机构：港股2季度机会大于1季度
2020-02-19,特斯拉自造电池，会对国内新能源车造成压力吗？,特斯拉自造电池，会对国内新能源车造成压力吗？
2020-02-19,苹果供应商都复工了吗？有企业声称“2月21日不到岗就开除”,苹果供应商都复工了吗？有企业声称“2月21日不到岗就开除”
2020-02-19,"""无钴电池""火爆新三板 这只“集邮股”今年已涨158%","""无钴电池""火爆新三板 这只“集邮股”今年已涨158%"
2020-02-19,特斯拉推无钴电池 比亚迪、国轩高科谁将成为第二个宁德时代？,特斯拉推无钴电池 比亚迪、国轩高科谁将成为第二个宁德时代？
2020-02-19,【策略联合电子/通信/新能源/汽车电话会议】复工冲击知多少？,【策略联合电子/通信/新能源/汽车电话会议】复工冲击知多少？
2020-02-19,花旗：予比亚迪(1211.HK)“买入”评级目标价80港元,花旗：予比亚迪(1211.HK)“买入”评级目标价80港元
2020-02-19,头号研报：被特斯拉盯上的无钴电池是什么新鲜事物？,头号研报：被特斯拉盯上的无钴电池是什么新鲜事物？
2020-02-19,【东吴电新】特斯拉与宁德洽谈无钴方案，铁锂有望复苏,【东吴电新】特斯拉与宁德洽谈无钴方案，铁锂有望复苏
2020-02-19,特斯拉探讨无钴电池:钴业股集体大跌 入手哪些概念股 连续下跌,特斯拉探讨无钴电池:钴业股集体大跌 入手哪些概念股 连续下跌
2020-02-19,A股“抗疫”12日复盘,A股“抗疫”12日复盘
2020-02-19,疫情考验之下 车企仍复产面临多重挑战,疫情考验之下 车企仍复产面临多重挑战
2020-02-19,比亚迪升逾10% 创1个月新高,比亚迪升逾10% 创1个月新高
2020-02-19,特斯拉电动车不用钴？这个板块可能又要热了,特斯拉电动车不用钴？这个板块可能又要热了
2020-02-19,新型冠状病毒肺炎疫情 新能源汽车销量下滑超五成 盈利能力下降,新型冠状病毒肺炎疫情 新能源汽车销量下滑超五成 盈利能力下降
2020-02-19,特斯拉概念股走强，比亚迪大涨7%,特斯拉概念股走强，比亚迪大涨7%
2020-02-19,2020年第二批新能源汽车推广目录公布 比亚迪汉在列,2020年第二批新能源汽车推广目录公布 比亚迪汉在列
2020-02-19,【异动股】传特斯拉拟改电池材料比亚迪曾涨升8%洛阳钼业急挫10%,【异动股】传特斯拉拟改电池材料比亚迪曾涨升8%洛阳钼业急挫10%
2020-02-20,一、纯电动乘用车产品升级，性能/性价比重要性同时体现,一、纯电动乘用车产品升级，性能/性价比重要性同时体现
2020-02-20,与巨头合作，宁德时代霸主地位锁定，小伙伴尽开颜,与巨头合作，宁德时代霸主地位锁定，小伙伴尽开颜
2020-02-20,比亚迪放量涨停 深股通资金卖出为主,比亚迪放量涨停 深股通资金卖出为主
2020-02-20,【SMM分析】三元高镍化VS磷酸铁锂 谁能成为未来三年新能源汽车主流趋势？,【SMM分析】三元高镍化VS磷酸铁锂 谁能成为未来三年新能源汽车主流趋势？
2020-02-20,驰援抗疫 比亚迪医用级免洗手消毒凝胶日产30万瓶,驰援抗疫 比亚迪医用级免洗手消毒凝胶日产30万瓶
2020-02-20,特斯拉助攻铁锂逆袭，比亚迪迎来价值重估？,特斯拉助攻铁锂逆袭，比亚迪迎来价值重估？
2020-02-20,【东吴电新】1 月装机 2.32gwh，同比-53%，环比-76%,【东吴电新】1 月装机 2.32gwh，同比-53%，环比-76%
2020-02-20,龙虎榜：赵老哥港资1.8亿加仓东方财富牛散章建平深股通1.1亿鏖战比亚迪,龙虎榜：赵老哥港资1.8亿加仓东方财富牛散章建平深股通1.1亿鏖战比亚迪
2020-02-20,2月20日A股龙虎榜揭秘，机构抢筹13股,2月20日A股龙虎榜揭秘，机构抢筹13股
2020-02-20,仅8天！比亚迪首批免洗消毒凝胶就下线产能还将再扩3倍,仅8天！比亚迪首批免洗消毒凝胶就下线产能还将再扩3倍
2020-02-20,港股收盘(2.20)|恒指收跌0.17% A股券商板块掀涨停潮 中资券商股跟随走强,港股收盘(2.20)|恒指收跌0.17% A股券商板块掀涨停潮 中资券商股跟随走强
2020-02-20,援产抗疫产品 比亚迪日产30万瓶医用级免洗消毒凝胶,援产抗疫产品 比亚迪日产30万瓶医用级免洗消毒凝胶
2020-02-20,爆拉500亿 详述特斯拉“换电”背后的磷酸铁锂江湖,爆拉500亿 详述特斯拉“换电”背后的磷酸铁锂江湖
2020-02-20,比亚迪放量涨停再创阶段新高，大游资集体买入,比亚迪放量涨停再创阶段新高，大游资集体买入
2020-02-20,比亚迪龙虎榜数据（2月20日）,比亚迪龙虎榜数据（2月20日）
2020-02-20,特斯拉催化新能源行业“军备竞赛”当前聚焦磷酸铁锂产业链,特斯拉催化新能源行业“军备竞赛”当前聚焦磷酸铁锂产业链
2020-02-20,收评：恒指跌0.17%收复27700点失败 汽车股护盘比亚迪大涨11%,收评：恒指跌0.17%收复27700点失败 汽车股护盘比亚迪大涨11%
2020-02-20,比亚迪大涨近7%，总市值突破1600亿元,比亚迪大涨近7%，总市值突破1600亿元
2020-02-20,港股比亚迪股份涨幅扩大至13%,港股比亚迪股份涨幅扩大至13%
2020-02-20,比亚迪A股触及涨停,比亚迪A股触及涨停
2020-02-20,汽车板块走强,汽车板块走强
2020-02-20,比亚迪涨超8%，创逾9个月新高,比亚迪涨超8%，创逾9个月新高
2020-02-20,比亚迪快速拉升封涨停 港股比亚迪股份涨幅扩大至12%,比亚迪快速拉升封涨停 港股比亚迪股份涨幅扩大至12%
2020-02-20,比亚迪升近14% 创1个月新高,比亚迪升近14% 创1个月新高
2020-02-20,大盘冲高遇阻谁将助力A股重回3000点？,大盘冲高遇阻谁将助力A股重回3000点？
2020-02-20,特斯拉弃钴搞电池：宁德时代合作却迎狼来了？钴就此走下神坛？,特斯拉弃钴搞电池：宁德时代合作却迎狼来了？钴就此走下神坛？
2020-02-20,2月20日午盘主力巨资出逃四大板块(附股),2月20日午盘主力巨资出逃四大板块(附股)
2020-02-20,宁德时代技术再获巨头认可 霸主地位全面锁定,宁德时代技术再获巨头认可 霸主地位全面锁定
2020-02-20,比亚迪A股涨停 港股一度涨幅逾13%,比亚迪A股涨停 港股一度涨幅逾13%
2020-02-20,比亚迪快速冲高，股价封涨停。,比亚迪快速冲高，股价封涨停。
2020-02-20,觊觎磷酸铁锂还是发力“无钴” 国产特斯拉仍有降成本空间,觊觎磷酸铁锂还是发力“无钴” 国产特斯拉仍有降成本空间
2020-02-21,安全至上！比亚迪“刀片电池”成行业新贵：首搭汉EV上,安全至上！比亚迪“刀片电池”成行业新贵：首搭汉EV上
2020-02-21,“比”肩同行，打赢疫情防控阻击战——比亚迪捐资一千万元用于支持防控新型冠状病毒感染肺炎,“比”肩同行，打赢疫情防控阻击战——比亚迪捐资一千万元用于支持防控新型冠状病毒感染肺炎
2020-02-21,安全至上！磷酸铁锂站上风口 比亚迪（01211）“刀片电池”快人一步,安全至上！磷酸铁锂站上风口 比亚迪（01211）“刀片电池”快人一步
2020-02-21,百度地图汽车版上线疫情地图，百度车联网助力车企提升特殊时期智能出行体验,百度地图汽车版上线疫情地图，百度车联网助力车企提升特殊时期智能出行体验
2020-02-21,【中金汽车】比亚迪：新技术拓展铁锂适用车型，比亚迪重回熟悉赛场,【中金汽车】比亚迪：新技术拓展铁锂适用车型，比亚迪重回熟悉赛场
2020-02-21,起底AVL李斯特 如何成就“静悄悄”的比亚迪唐？,起底AVL李斯特 如何成就“静悄悄”的比亚迪唐？
2020-02-21,上海特斯拉：无钴，不一定是磷酸铁锂,上海特斯拉：无钴，不一定是磷酸铁锂
2020-02-21,比亚迪电子(00285)向比亚迪(01211)购置设备资产快速扩充产能,比亚迪电子(00285)向比亚迪(01211)购置设备资产快速扩充产能
2020-02-21,工信部、国税总局发布《享受车船税减免优惠的节约能源使用新能源汽车车型目录》,工信部、国税总局发布《享受车船税减免优惠的节约能源使用新能源汽车车型目录》
2020-02-21,工信部第14批车船税减免目录发布 比亚迪等在列,工信部第14批车船税减免目录发布 比亚迪等在列
2020-02-21,比亚迪等厂商入选享受车船税减免优惠车型目录,比亚迪等厂商入选享受车船税减免优惠车型目录
2020-02-21,大五菱、两桶油都马力全开造口罩了，为啥你还买不到？,大五菱、两桶油都马力全开造口罩了，为啥你还买不到？
2020-02-21,守正磷酸铁锂 比亚迪推出“刀片电池” 动力电池逻辑大逆转 特斯拉神助攻,守正磷酸铁锂 比亚迪推出“刀片电池” 动力电池逻辑大逆转 特斯拉神助攻
2020-02-21,能造车能产口罩 盘点那些搞副业的车企,能造车能产口罩 盘点那些搞副业的车企
2020-02-21,动力电池天平倾斜 天时地利“资本和”助推新能源变革,动力电池天平倾斜 天时地利“资本和”助推新能源变革
2020-02-21,特斯拉搅局电池！宁德时代还值3600亿么？,特斯拉搅局电池！宁德时代还值3600亿么？
2020-02-21,刀片电池成“新宠” 首发搭载比亚迪汉年中上市,刀片电池成“新宠” 首发搭载比亚迪汉年中上市
2020-02-21,共同抗击新冠肺炎疫情，汽车企业(集团)在行动（更新至2月21日8:00）,共同抗击新冠肺炎疫情，汽车企业(集团)在行动（更新至2月21日8:00）
2020-02-21,重磅发布会即将来袭！华为神秘代码暗含黑科技？重头戏是它，这些股高增长+外资爆买,重磅发布会即将来袭！华为神秘代码暗含黑科技？重头戏是它，这些股高增长+外资爆买
2020-02-21,驱动电机：1月装机同比下滑52%，特斯拉自给自足进前十,驱动电机：1月装机同比下滑52%，特斯拉自给自足进前十
2020-02-21,图啥？这些民企复工、跨界转产不为钱,图啥？这些民企复工、跨界转产不为钱
2020-02-21,A股融资融券日报：两融余额增加116.85亿元（2月20日）,A股融资融券日报：两融余额增加116.85亿元（2月20日）
2020-02-21,公司情绪前瞻0221丨联想集团业绩亮眼正向情绪居首，京东负向情绪警笛拉响,公司情绪前瞻0221丨联想集团业绩亮眼正向情绪居首，京东负向情绪警笛拉响
2020-02-21,融资客青睐7股，江河集团买入占比高达42.94%,融资客青睐7股，江河集团买入占比高达42.94%
2020-02-21,磷酸铁锂板块爆发 比亚迪股价涨停,磷酸铁锂板块爆发 比亚迪股价涨停
2020-02-21,董明珠新能源汽车梦碎，曾拉上王健林投资30亿，今负债200亿 偿债能力下降,董明珠新能源汽车梦碎，曾拉上王健林投资30亿，今负债200亿 偿债能力下降
2020-02-21,比亚迪新款宋MAX纯电版曝光 这前脸你喜欢吗？,比亚迪新款宋MAX纯电版曝光 这前脸你喜欢吗？
2020-02-21,汽车股个别发展 广汽集团逆市扬近2%比亚迪跌近1%,汽车股个别发展 广汽集团逆市扬近2%比亚迪跌近1%
2020-02-21,车圈｜比亚迪补加消毒凝胶生产线 日产能达到30万瓶,车圈｜比亚迪补加消毒凝胶生产线 日产能达到30万瓶
2020-02-21,首发搭载比亚迪汉 刀片电池成行业新贵,首发搭载比亚迪汉 刀片电池成行业新贵
2020-02-21,重磅发布会即将来袭！华为神秘代码暗含黑科技？重头戏是它,重磅发布会即将来袭！华为神秘代码暗含黑科技？重头戏是它
2020-02-21,【电新*曾朵红】电力设备与系能源行业点评：1月装机2.32gwh，同比-53%，环比-76%,【电新*曾朵红】电力设备与系能源行业点评：1月装机2.32gwh，同比-53%，环比-76%
2020-02-22,"比亚迪打造全新""刀片电池"" 再次定义动力电池安全新标准","比亚迪打造全新""刀片电池"" 再次定义动力电池安全新标准"
2020-02-22,美国最大纯电动巴士订单揭晓 洛杉矶市长盛赞比亚迪的环保贡献,美国最大纯电动巴士订单揭晓 洛杉矶市长盛赞比亚迪的环保贡献
2020-02-22,刀片电池将用于比亚迪全新车型“汉” 综合续航超600千米,刀片电池将用于比亚迪全新车型“汉” 综合续航超600千米
2020-02-22,宁德时代CTP和比亚迪刀片电池技术对比分析,宁德时代CTP和比亚迪刀片电池技术对比分析
2020-02-22,特写：比亚迪助力洛杉矶实现绿色梦想,特写：比亚迪助力洛杉矶实现绿色梦想
2020-02-22,游资重拳出击比亚迪,游资重拳出击比亚迪
2020-02-22,CTP磷酸铁锂——动力电池新宠儿,CTP磷酸铁锂——动力电池新宠儿
2020-02-22,比亚迪夺冠亚峰回路转？图解50家上市车企股价走势「2.17-2.21」,比亚迪夺冠亚峰回路转？图解50家上市车企股价走势「2.17-2.21」
2020-02-23,【国盛电新|专题】磷酸铁锂底部回升，三元仍将是市场主流,【国盛电新|专题】磷酸铁锂底部回升，三元仍将是市场主流
2020-02-23,无钴化电池将细分特斯拉在中国市场？,无钴化电池将细分特斯拉在中国市场？
2020-02-23,特斯拉概念正热，又增添改革利好，石大胜华或无惧预警,特斯拉概念正热，又增添改革利好，石大胜华或无惧预警
2020-02-23,拿下美国历史最大电动大巴订单，比亚迪全球化再获突破,拿下美国历史最大电动大巴订单，比亚迪全球化再获突破
2020-02-23,市场资金画风突变！逾2000只个股资金净流入，锂电池概念拉警报,市场资金画风突变！逾2000只个股资金净流入，锂电池概念拉警报
2020-02-23,汽车空调滤清器CN95认证出炉，东风小康等9家车企获得首批认证,汽车空调滤清器CN95认证出炉，东风小康等9家车企获得首批认证
2020-02-24,现在是投资新能源车行业的好时机吗？,现在是投资新能源车行业的好时机吗？
2020-02-24,中证有两个新能源车指数啊,中证有两个新能源车指数啊
2020-02-24,电池的小革命，“刀片电池”开辟先锋,电池的小革命，“刀片电池”开辟先锋
2020-02-24,动力电池路线颠覆性逆转，这次为何又是比亚迪？,动力电池路线颠覆性逆转，这次为何又是比亚迪？
2020-02-24,比亚迪汽车过滤器获首批“CN95级”认证，优先升级唐系,比亚迪汽车过滤器获首批“CN95级”认证，优先升级唐系
2020-02-24,比亚迪推出“刀片电池”，为磷酸铁锂技术提供更多可能,比亚迪推出“刀片电池”，为磷酸铁锂技术提供更多可能
2020-02-24,"援产口罩和消毒液后 比亚迪对口罩生产设备""下手""了","援产口罩和消毒液后 比亚迪对口罩生产设备""下手""了"
2020-02-24,国泰君安：与五年前的牛市相比，A股本轮行情有四个积极变化,国泰君安：与五年前的牛市相比，A股本轮行情有四个积极变化
2020-02-24,动力电池产业复盘之新能源车企的“针锋相对”,动力电池产业复盘之新能源车企的“针锋相对”
2020-02-24,【兴证金属·行业深度】6μm锂电铜箔迈入需求持续高增长的景气向上周期,【兴证金属·行业深度】6μm锂电铜箔迈入需求持续高增长的景气向上周期
2020-02-24,广东制“罩”——世界制造中心全产业链发力,广东制“罩”——世界制造中心全产业链发力
2020-02-24,35家储能概念股发布2019业绩预告 未来谁会胜出？,35家储能概念股发布2019业绩预告 未来谁会胜出？
2020-02-24,2019储能观察：国内冷冰冰 海外暖洋洋,2019储能观察：国内冷冰冰 海外暖洋洋
2020-02-24,继消毒液、防护品等后，比亚迪将研发口罩机？,继消毒液、防护品等后，比亚迪将研发口罩机？
2020-02-24,印尼电动汽车的竞争：比亚迪、特斯拉、现代汽车均到场,印尼电动汽车的竞争：比亚迪、特斯拉、现代汽车均到场
2020-02-24,【民生电新】行业数据周跟踪：看好新能源汽车高端化和经济性双主线发展,【民生电新】行业数据周跟踪：看好新能源汽车高端化和经济性双主线发展
2020-02-24,1月乘用车销量：荣威车型重返单月销冠，比亚迪排名车企销量第一,1月乘用车销量：荣威车型重返单月销冠，比亚迪排名车企销量第一
2020-02-25,中金：上调比亚迪(1211.HK)AH股目标价维持“跑赢行业”评级,中金：上调比亚迪(1211.HK)AH股目标价维持“跑赢行业”评级
2020-02-25,比亚迪升近5% 主动买盘54%,比亚迪升近5% 主动买盘54%
2020-02-25,午后，汽车板块持续上攻,午后，汽车板块持续上攻
2020-02-25,【行情】比亚迪股份（01211.HK）涨幅扩大至4.19%，比亚迪（002594.SZ）涨近8%。,【行情】比亚迪股份（01211.HK）涨幅扩大至4.19%，比亚迪（002594.SZ）涨近8%。
2020-02-25,比亚迪(002594.SZ)一度直线拉升涨9% 创2017年11月以来新高,比亚迪(002594.SZ)一度直线拉升涨9% 创2017年11月以来新高
2020-02-25,若搭载无钴电池，特斯拉国产Model 3或降至25万元,若搭载无钴电池，特斯拉国产Model 3或降至25万元
2020-02-25,“硬”支援 比亚迪将造口罩生产设备,“硬”支援 比亚迪将造口罩生产设备
2020-02-25,“硬核支援”！不仅造口罩比亚迪连口罩机也造,“硬核支援”！不仅造口罩比亚迪连口罩机也造
2020-02-25,总投资超400亿！光伏企业竞相扩产背后还缺什么？,总投资超400亿！光伏企业竞相扩产背后还缺什么？
2020-02-25,消毒液扩产潮：局部地区酒精供过于求 企业新增消毒业务,消毒液扩产潮：局部地区酒精供过于求 企业新增消毒业务
2020-02-25,提前过过眼瘾 盘点因2020北京车展延期而跳票的新能源车,提前过过眼瘾 盘点因2020北京车展延期而跳票的新能源车
2020-02-25,李德林：A股没有巴菲特,李德林：A股没有巴菲特
2020-02-25,Model 3/帕萨特分别夺得纯电、插混市场产量冠军,Model 3/帕萨特分别夺得纯电、插混市场产量冠军
2020-02-25,CTP技术究竟是什么，能让你的车更安全、更便宜吗？,CTP技术究竟是什么，能让你的车更安全、更便宜吗？
2020-02-25,国产紧凑级轿车如何挑？在这8款中选一辆准没错,国产紧凑级轿车如何挑？在这8款中选一辆准没错
2020-02-25,巴菲特如何借助中国的长期趋势大赚几十亿？,巴菲特如何借助中国的长期趋势大赚几十亿？
2020-02-25,一电调查 | 为了帮你买辆电动汽车，我们调查了246位车主,一电调查 | 为了帮你买辆电动汽车，我们调查了246位车主
2020-02-26,工信部：积极推动锂离子电池、新能源汽车产业复工生产,工信部：积极推动锂离子电池、新能源汽车产业复工生产
2020-02-26,新能源汽车心脏：功率半导体迎黄金时代,新能源汽车心脏：功率半导体迎黄金时代
2020-02-26,海外疫情恶化，全球口罩缺口有多大？,海外疫情恶化，全球口罩缺口有多大？
2020-02-26,2019新能源汽车产业排行,2019新能源汽车产业排行
2020-02-26,特斯拉一句话 两大板块凭何蒸发943亿与暴增3730亿,特斯拉一句话 两大板块凭何蒸发943亿与暴增3730亿
2020-02-26,比亚迪逆市飙逾3% 本月累涨近31%,比亚迪逆市飙逾3% 本月累涨近31%
2020-02-26,比亚迪的“刀片电池”PK特斯拉的“无钴方案”？,比亚迪的“刀片电池”PK特斯拉的“无钴方案”？
2020-02-26,西安车企加速复工复产,西安车企加速复工复产
2020-02-26,日产500万只口罩的比亚迪，要在广东汕尾造口罩生产设备了！,日产500万只口罩的比亚迪，要在广东汕尾造口罩生产设备了！
2020-02-26,疫情之下 带你了解转产口罩的比亚迪,疫情之下 带你了解转产口罩的比亚迪
2020-02-26,动力电池观察：特斯拉带松下LG起飞，比亚迪刀片磷酸铁锂亮相,动力电池观察：特斯拉带松下LG起飞，比亚迪刀片磷酸铁锂亮相
2020-02-26,实体经济与资本市场的冰火两重天,实体经济与资本市场的冰火两重天
2020-02-26,机构资金最近入驻这些股,机构资金最近入驻这些股
2020-02-26,特斯拉只是适合“无钴”，决定不了动力电池主流,特斯拉只是适合“无钴”，决定不了动力电池主流
2020-02-26,1月动力电池排行榜：装机量同比跌54%，松下/LG装机量挤入TOP10,1月动力电池排行榜：装机量同比跌54%，松下/LG装机量挤入TOP10
2020-02-26,比亚迪(002594.SZ)直线拉升涨超6%创2015年6月以来新高年内累涨近60%,比亚迪(002594.SZ)直线拉升涨超6%创2015年6月以来新高年内累涨近60%
2020-02-27,创金合信曹春林：新能源车真正的主升浪在下半年开始,创金合信曹春林：新能源车真正的主升浪在下半年开始
2020-02-27,"辣评1月SUV销量Top30|哈弗H6统治地位动摇产品频频""焕新""传统车型遭遇冲击","辣评1月SUV销量Top30|哈弗H6统治地位动摇产品频频""焕新""传统车型遭遇冲击"
2020-02-27,后补贴时代磷酸铁锂的反攻 比亚迪挥舞“刀片电池”进场,后补贴时代磷酸铁锂的反攻 比亚迪挥舞“刀片电池”进场
2020-02-27,引爆特斯拉概念 哪些上市公司最受益,引爆特斯拉概念 哪些上市公司最受益
2020-02-27,“春天到了，熟悉的生活正在慢慢回来”——陕西多地复产复工一线见闻,“春天到了，熟悉的生活正在慢慢回来”——陕西多地复产复工一线见闻
2020-02-27,疫情之下，谁是车市中的勇夫？,疫情之下，谁是车市中的勇夫？
2020-02-27,蜂巢能源获欧洲车企7GWh定点信，CTP技术预计2021年初量产,蜂巢能源获欧洲车企7GWh定点信，CTP技术预计2021年初量产
2020-02-27,一汽丰田投近85亿元在天津筹建新能源汽车工厂,一汽丰田投近85亿元在天津筹建新能源汽车工厂
2020-02-27,放榜了！马斯克财富超马云，李书福布阵角逐下任车界首富,放榜了！马斯克财富超马云，李书福布阵角逐下任车界首富
2020-02-27,口罩机与原材料涨价4倍，一只口罩的背后是什么？,口罩机与原材料涨价4倍，一只口罩的背后是什么？
2020-02-28,【安信汽车】《新能源汽车产业发展规划（2021—2035年）》发布，助推行业加速发展,【安信汽车】《新能源汽车产业发展规划（2021—2035年）》发布，助推行业加速发展
2020-02-28,一汽丰田投资85亿元建厂 有望生产比亚迪纯电动车,一汽丰田投资85亿元建厂 有望生产比亚迪纯电动车
2020-02-28,特斯拉1月份在华新车注册量减少46% 比亚迪等跌6%,特斯拉1月份在华新车注册量减少46% 比亚迪等跌6%
2020-02-28,海外疫情恐慌升温消费股暴跌 微盟跌7%比亚迪跌6% 连续下跌,海外疫情恐慌升温消费股暴跌 微盟跌7%比亚迪跌6% 连续下跌
2020-02-28,从两大锂电巨头新型电池看储能动力电池市场发展趋势,从两大锂电巨头新型电池看储能动力电池市场发展趋势
2020-02-28,比亚迪跌近7% 穆迪及LMC唱淡今年全球汽车销量 盈利能力下降,比亚迪跌近7% 穆迪及LMC唱淡今年全球汽车销量 盈利能力下降
2020-02-28,明明特斯拉买的是宁德电池 为何比亚迪股价暴涨？,明明特斯拉买的是宁德电池 为何比亚迪股价暴涨？
2020-02-28,【安信汽车】新能源汽车下乡启动，核心车企受益,【安信汽车】新能源汽车下乡启动，核心车企受益
2020-02-28,大摩：上调比亚迪(1211.HK)目标价至32港元 评级“减持”,大摩：上调比亚迪(1211.HK)目标价至32港元 评级“减持”
2020-02-28,疫情下的动力电池行业：2月装机量将遇“冷” 中小企业资金压力大,疫情下的动力电池行业：2月装机量将遇“冷” 中小企业资金压力大
2020-02-29,长安汽车艰难“自救”,长安汽车艰难“自救”
2020-02-29,决战2020，丰田的棋局开盘落子,决战2020，丰田的棋局开盘落子
2020-03-01,卡门内参 | 蔚来中国总部将落户合肥；贾跃亭破产重组方案达成一致；“比亚迪丰田”纯电动车要来了？ 减资破产,卡门内参 | 蔚来中国总部将落户合肥；贾跃亭破产重组方案达成一致；“比亚迪丰田”纯电动车要来了？ 减资破产
2020-03-01,1月新能源动力电池装机量2.3GWh，同比下降53.8%，还有暗潮涌动,1月新能源动力电池装机量2.3GWh，同比下降53.8%，还有暗潮涌动
2020-03-02,3000多家企业加入口罩生产“兵团”熔喷布供应短缺价格上涨超5倍,3000多家企业加入口罩生产“兵团”熔喷布供应短缺价格上涨超5倍
2020-03-02,3月3日上市公司重要公告集锦：比亚迪收到新能源车补贴13.42亿元,3月3日上市公司重要公告集锦：比亚迪收到新能源车补贴13.42亿元
2020-03-02,全球1月新能源车销量榜宝马反超特斯拉成第一,全球1月新能源车销量榜宝马反超特斯拉成第一
2020-03-02,公告精选：比亚迪收到新能源汽车补贴13.42亿元；东方精工2019年净利同比扭亏,公告精选：比亚迪收到新能源汽车补贴13.42亿元；东方精工2019年净利同比扭亏
2020-03-02,比亚迪获中央财政补贴13亿，“吃补”逐年增多业绩下滑几多囧囧 盈利能力下降,比亚迪获中央财政补贴13亿，“吃补”逐年增多业绩下滑几多囧囧 盈利能力下降
2020-03-02,斥资约85亿元 一汽丰田将建年产能20万辆新能源工厂,斥资约85亿元 一汽丰田将建年产能20万辆新能源工厂
2020-03-02,比亚迪：13.42亿元新能源补贴资金到账有利于公司财务健康,比亚迪：13.42亿元新能源补贴资金到账有利于公司财务健康
2020-03-02,比亚迪丰田项目有新进展！刀片电池有望大展神威,比亚迪丰田项目有新进展！刀片电池有望大展神威
2020-03-02,比亚迪：收到13.42亿元国家新能源汽车推广补贴,比亚迪：收到13.42亿元国家新能源汽车推广补贴
2020-03-02,为降低成本 车企重新转向磷酸铁锂电池,为降低成本 车企重新转向磷酸铁锂电池
2020-03-02,扩充20万辆新能源产能 一汽丰田在天津建新工厂,扩充20万辆新能源产能 一汽丰田在天津建新工厂
2020-03-02,比亚迪联手西门子共同推进企业数字化转型,比亚迪联手西门子共同推进企业数字化转型
2020-03-02,2019全球新能源车市“急刹车”？,2019全球新能源车市“急刹车”？
2020-03-02,85亿元新建电动车工厂，“丰田比亚迪”落户天津？,85亿元新建电动车工厂，“丰田比亚迪”落户天津？
2020-03-02,西安骨干企业、重点工程“抗疫”保复工,西安骨干企业、重点工程“抗疫”保复工
2020-03-02,宁德时代：膨胀，或是被资本裹挟的无奈扩张,宁德时代：膨胀，或是被资本裹挟的无奈扩张
2020-03-02,合纵科技发布2019年业绩快报 净利同比上升23.36%,合纵科技发布2019年业绩快报 净利同比上升23.36%
2020-03-02,比亚迪：控股子公司收到新能源车推广补贴13.4亿元,比亚迪：控股子公司收到新能源车推广补贴13.4亿元
2020-03-02,比亚迪(002594.SZ)：收到国家新能源汽车推广补贴13.42亿元,比亚迪(002594.SZ)：收到国家新能源汽车推广补贴13.42亿元
2020-03-02,一汽丰田计划在天津投建20万产能新能源车工厂,一汽丰田计划在天津投建20万产能新能源车工厂
2020-03-03,国家战疫西安行动丨286亿“网签”背后，高新区生物医药产业优势集群“浮出水面”,国家战疫西安行动丨286亿“网签”背后，高新区生物医药产业优势集群“浮出水面”
2020-03-03,新能源车销量“集体垮掉”因疫情影响2B业务遇冷新能源车企陷生存危局,新能源车销量“集体垮掉”因疫情影响2B业务遇冷新能源车企陷生存危局
2020-03-03,汽车板块再度异动,汽车板块再度异动
2020-03-03,比亚迪与西门子达成战略合作 将构建企业级数字双胞胎,比亚迪与西门子达成战略合作 将构建企业级数字双胞胎
2020-03-03,胡润全球富豪榜出炉，原来车企大佬这么有钱！,胡润全球富豪榜出炉，原来车企大佬这么有钱！
2020-03-03,犀牛财经早报:神雾环保19年亏15.96亿 新东方下调营收预期,犀牛财经早报:神雾环保19年亏15.96亿 新东方下调营收预期
2020-03-03,车用固态电池仍不具备产业化条件,车用固态电池仍不具备产业化条件
2020-03-03,“比亚迪丰田”来了 丰田85亿天津建厂,“比亚迪丰田”来了 丰田85亿天津建厂
2020-03-03,再投85亿建新工厂，丰田的电动化战略和“向东去”,再投85亿建新工厂，丰田的电动化战略和“向东去”
2020-03-03,比亚迪高开近4% 获新能源车补贴逾13亿元人民币,比亚迪高开近4% 获新能源车补贴逾13亿元人民币
2020-03-03,异动直击|比亚迪涨超4%，相关部门正研究讨论新能源车扶持政策,异动直击|比亚迪涨超4%，相关部门正研究讨论新能源车扶持政策
2020-03-03,比亚迪收新能源汽车政府财政补助13.42亿元,比亚迪收新能源汽车政府财政补助13.42亿元
2020-03-03,【读财报】八成上市车企1月销量同比下滑 产业链流动性压力需关注 盈利能力下降,【读财报】八成上市车企1月销量同比下滑 产业链流动性压力需关注 盈利能力下降
2020-03-03,比亚迪(01211-HK)收到国家新能源汽车推广补助金逾13亿人民币,比亚迪(01211-HK)收到国家新能源汽车推广补助金逾13亿人民币
2020-03-03,EV晨报 | 通用即将发布全新BEV3平台；吉利拟今年发射卫星；宁德时代拟融资37亿美元,EV晨报 | 通用即将发布全新BEV3平台；吉利拟今年发射卫星；宁德时代拟融资37亿美元
2020-03-03,上市公司正负面新闻2020年3月3日星期二,上市公司正负面新闻2020年3月3日星期二
2020-03-03,珠三角工厂“解冻”,珠三角工厂“解冻”
2020-03-03,宁德时代/松下/比亚迪等装机量前5电池巨头2019业绩大PK！,宁德时代/松下/比亚迪等装机量前5电池巨头2019业绩大PK！
2020-03-04,富时罗素宣布对富时中国A50指数等多个指数季度审核变更,富时罗素宣布对富时中国A50指数等多个指数季度审核变更
2020-03-04,彭博社发布2020全球30位环保先锋榜 王传福成唯一上榜中国车企领导人,彭博社发布2020全球30位环保先锋榜 王传福成唯一上榜中国车企领导人
2020-03-04,传苹果要将部分手机代工订单给比亚迪 富士康要被甩？,传苹果要将部分手机代工订单给比亚迪 富士康要被甩？
2020-03-04,补贴退坡叠加疫情影响，2020年动力电池产量或下降 政策恶化,补贴退坡叠加疫情影响，2020年动力电池产量或下降 政策恶化
2020-03-04,未来四年全球二次电池市场将以超过11%的复合年增长率增长,未来四年全球二次电池市场将以超过11%的复合年增长率增长
2020-03-04,比亚迪发布公告称获得13.42亿新能源补贴,比亚迪发布公告称获得13.42亿新能源补贴
2020-03-04,一汽丰田85亿新能源工厂 详细信息都在这,一汽丰田85亿新能源工厂 详细信息都在这
2020-03-04,百亿“超跑”ETF挂牌交易，新能源汽车仍挣扎补贴退坡,百亿“超跑”ETF挂牌交易，新能源汽车仍挣扎补贴退坡
2020-03-04,疫情下的首次摇号：新能源难逃占号命运 车企呼吁换购补贴｜车市“疫”动,疫情下的首次摇号：新能源难逃占号命运 车企呼吁换购补贴｜车市“疫”动
2020-03-04,比亚迪获得13亿元新能源汽车补贴，新能源汽车发展任重道远,比亚迪获得13亿元新能源汽车补贴，新能源汽车发展任重道远
2020-03-04,百亿华夏新汽车ETF今日“发车”，个人投资者占主流,百亿华夏新汽车ETF今日“发车”，个人投资者占主流
2020-03-04,汽车相关股随市下跌 比亚迪跌近2%永达汽车跌逾3%,汽车相关股随市下跌 比亚迪跌近2%永达汽车跌逾3%
2020-03-05,比亚迪获上亿补贴依托补助将业绩扭亏为盈,比亚迪获上亿补贴依托补助将业绩扭亏为盈
2020-03-05,汽车零部件行业看好三大主线 五股有望率先发力,汽车零部件行业看好三大主线 五股有望率先发力
2020-03-05,比口罩还紧缺的东西原来是它！口罩没它防不了病毒,比口罩还紧缺的东西原来是它！口罩没它防不了病毒
2020-03-05,隆基、晶澳、阿特斯等光伏企业聚焦巴西,隆基、晶澳、阿特斯等光伏企业聚焦巴西
2020-03-05,2020年1月纯电动品牌上牌量 比亚迪总量最多 国产Model 3单车型夺冠,2020年1月纯电动品牌上牌量 比亚迪总量最多 国产Model 3单车型夺冠
2020-03-05,全日空与比亚迪等车企合作研发自动驾驶电动巴士 或将年底在羽田机场投入使用,全日空与比亚迪等车企合作研发自动驾驶电动巴士 或将年底在羽田机场投入使用
2020-03-05,约694万外省务工人员返粤 全省企业复工率超九成,约694万外省务工人员返粤 全省企业复工率超九成
2020-03-05,口罩日产量破亿仍“一罩难求”？原来是在这个环节卡了壳！,口罩日产量破亿仍“一罩难求”？原来是在这个环节卡了壳！
2020-03-05,比亚迪元EV第10万辆下线,比亚迪元EV第10万辆下线
2020-03-06,比亚迪半导体公司近4亿元获长沙创芯土地或启动50万片产能IC项目,比亚迪半导体公司近4亿元获长沙创芯土地或启动50万片产能IC项目
2020-03-06,比亚迪前2月销量下滑56.6%，拟发债募资30亿元 盈利能力下降,比亚迪前2月销量下滑56.6%，拟发债募资30亿元 盈利能力下降
2020-03-06,[公司]比亚迪：1-2月新能源汽车销量同比下降76.95% 盈利能力下降,[公司]比亚迪：1-2月新能源汽车销量同比下降76.95% 盈利能力下降
2020-03-06,比亚迪：董事会批准本公司发行境内可交换公司债券,比亚迪：董事会批准本公司发行境内可交换公司债券
2020-03-06,车圈 | 比亚迪回应“口罩停产”传言：都是谣言 经营问题,车圈 | 比亚迪回应“口罩停产”传言：都是谣言 经营问题
2020-03-06,比亚迪(01211-HK)2020年2月销量5501辆跌79.5% 盈利能力下降,比亚迪(01211-HK)2020年2月销量5501辆跌79.5% 盈利能力下降
2020-03-06,独家电报|比亚迪半导体公司3.96亿元竞买长沙创芯“烂尾”土地,独家电报|比亚迪半导体公司3.96亿元竞买长沙创芯“烂尾”土地
2020-03-06,比亚迪：1-2月汽车销量同比下降56.65% 盈利能力下降,比亚迪：1-2月汽车销量同比下降56.65% 盈利能力下降
2020-03-06,第10万辆比亚迪元EV下线 达成重要里程碑,第10万辆比亚迪元EV下线 达成重要里程碑
2020-03-06,比亚迪：前两月汽车销量同比下滑56.65% 盈利能力下降,比亚迪：前两月汽车销量同比下滑56.65% 盈利能力下降
2020-03-06,车圈 | 销量下滑近8成 比亚迪公布2月产销数据 盈利能力下降,车圈 | 销量下滑近8成 比亚迪公布2月产销数据 盈利能力下降
2020-03-06,犀牛财经晚报：星期六现“天地板” 昆仑万维出售同性社交应用,犀牛财经晚报：星期六现“天地板” 昆仑万维出售同性社交应用
2020-03-06,比亚迪：2月汽车销量5501为辆 去年同期为26833辆,比亚迪：2月汽车销量5501为辆 去年同期为26833辆
2020-03-06,比亚迪：2月新能源车销量2803辆，同比下降80.57%,比亚迪：2月新能源车销量2803辆，同比下降80.57%
2020-03-06,超“硬核”跨界！7天做好生产线！这家车企造口罩，预计每天生产500万只！,超“硬核”跨界！7天做好生产线！这家车企造口罩，预计每天生产500万只！
2020-03-06,复工！新能源车企不光“抢人”!,复工！新能源车企不光“抢人”!
2020-03-06,比亚迪：磷酸铁锂正极材料既有自产，也有外部采购,比亚迪：磷酸铁锂正极材料既有自产，也有外部采购
2020-03-06,三强对决：帝豪GSe、比亚迪元EV、传祺GE3谁才是10万级纯电SUV标杆？,三强对决：帝豪GSe、比亚迪元EV、传祺GE3谁才是10万级纯电SUV标杆？
2020-03-06,北京车主最爱哪些电动车？2019年度top5：比亚迪元、荣威Ei5、比亚迪秦、北汽EU系列、比亚迪宋,北京车主最爱哪些电动车？2019年度top5：比亚迪元、荣威Ei5、比亚迪秦、北汽EU系列、比亚迪宋
2020-03-06,疫情冲击下，新能源车市能靠“自救”迎来曙光吗？,疫情冲击下，新能源车市能靠“自救”迎来曙光吗？
2020-03-06,中信证券：欧洲电动车政策升级，中国优质供应链受益,中信证券：欧洲电动车政策升级，中国优质供应链受益
2020-03-06,粤企赴广西基层招聘，打好复工扶贫“双战役”,粤企赴广西基层招聘，打好复工扶贫“双战役”
2020-03-06,EV晨报 | 充电桩领域窗口期将提前关闭；曝特斯拉存财务欺诈；特来电融资13.5亿元,EV晨报 | 充电桩领域窗口期将提前关闭；曝特斯拉存财务欺诈；特来电融资13.5亿元
2020-03-06,比亚迪(002594.SZ)拟非公开发行不超30亿元可交换债可交换为所持合力泰A股股票,比亚迪(002594.SZ)拟非公开发行不超30亿元可交换债可交换为所持合力泰A股股票
2020-03-07,今年第三批《新能源汽车推广应用推荐车型目录》公布 特斯拉(TSLA.US)、吉利汽车(00175)、比亚迪(01211)均在列,今年第三批《新能源汽车推广应用推荐车型目录》公布 特斯拉(TSLA.US)、吉利汽车(00175)、比亚迪(01211)均在列
2020-03-07,周评车股 | “疯狂”的美股和“冷静”的A股,周评车股 | “疯狂”的美股和“冷静”的A股
2020-03-07,比亚迪电动卡车销往国外,比亚迪电动卡车销往国外
2020-03-07,上市公司正负面新闻2020年3月7日星期六,上市公司正负面新闻2020年3月7日星期六
2020-03-07,车企2月销量玩起了“胡萝卜蹲”，比亚迪↓79%、上汽↓87%……各地促消费政策频出，3月能否迎春天？,车企2月销量玩起了“胡萝卜蹲”，比亚迪↓79%、上汽↓87%……各地促消费政策频出，3月能否迎春天？
2020-03-08,多家车企2月销量暴跌：最高同比降93%，最难时刻或已过去 盈利能力下降,多家车企2月销量暴跌：最高同比降93%，最难时刻或已过去 盈利能力下降
2020-03-08,销量锐减，2月车企比惨！比亚迪79%上汽87%，更有降薪裁员，国家出手了！ 盈利能力下降,销量锐减，2月车企比惨！比亚迪79%上汽87%，更有降薪裁员，国家出手了！ 盈利能力下降
2020-03-08,【东吴电新】2月装机0.60gwh，同比-73%，环比-74%,【东吴电新】2月装机0.60gwh，同比-73%，环比-74%
2020-03-09,"特斯拉又有风波！A股港股汽车板块""遭殃""","特斯拉又有风波！A股港股汽车板块""遭殃"""
2020-03-09,面对失去的两个月，车企年度目标何去何从？,面对失去的两个月，车企年度目标何去何从？
2020-03-09,被热议的磷酸铁锂电池能否重回霸主地位？,被热议的磷酸铁锂电池能否重回霸主地位？
2020-03-09,新能源车持续下滑 比亚迪公布2月销量 盈利能力下降,新能源车持续下滑 比亚迪公布2月销量 盈利能力下降
2020-03-09,锂电超薄铜箔加速渗透，头部玩家业绩高增长,锂电超薄铜箔加速渗透，头部玩家业绩高增长
2020-03-09,产量超比亚迪 特斯拉搅浑动力电池座次,产量超比亚迪 特斯拉搅浑动力电池座次
2020-03-09,2月份上汽销量同比大降86.95% 丰田本田比亚迪奇瑞都难过 盈利能力下降,2月份上汽销量同比大降86.95% 丰田本田比亚迪奇瑞都难过 盈利能力下降
2020-03-09,1月份全国新能源车销量排名出炉 上汽荣威Ei5和广汽Aion S进前三,1月份全国新能源车销量排名出炉 上汽荣威Ei5和广汽Aion S进前三
2020-03-09,EV晨报 | 特斯拉产量超比亚迪；第3批新能源目录发布；车企2月销量暴跌最高降93%,EV晨报 | 特斯拉产量超比亚迪；第3批新能源目录发布；车企2月销量暴跌最高降93%
2020-03-09,车企2月销售断崖式下降 3月能否迎春天？,车企2月销售断崖式下降 3月能否迎春天？
2020-03-09,比亚迪：2020年2月储能电池及动力电池装机总量约0.183GWh,比亚迪：2020年2月储能电池及动力电池装机总量约0.183GWh
2020-03-09,经销商复工率大增，购车活动有望加速恢复,经销商复工率大增，购车活动有望加速恢复
2020-03-09,比亚迪纯电动卡车在厄瓜多尔获得20台订单,比亚迪纯电动卡车在厄瓜多尔获得20台订单
2020-03-10,2019年进口新能源车上牌5.6万辆，八成都是特斯拉！,2019年进口新能源车上牌5.6万辆，八成都是特斯拉！
2020-03-10,比亚迪收10亿元新能源补贴，去年前三季六成净利来自补助,比亚迪收10亿元新能源补贴，去年前三季六成净利来自补助
2020-03-10,3月10日晚间上市公司十大重磅公告,3月10日晚间上市公司十大重磅公告
2020-03-10,车圈｜特斯拉产能再提升 上海工厂年产将达15万辆,车圈｜特斯拉产能再提升 上海工厂年产将达15万辆
2020-03-10,【国盛电新|周报】商务部鼓励各地出台促新能源车消费措施，锡盟7GW风电项目用地获批---第13周观点,【国盛电新|周报】商务部鼓励各地出台促新能源车消费措施，锡盟7GW风电项目用地获批---第13周观点
2020-03-10,比亚迪：收到国家新能源汽车推广补贴10亿元,比亚迪：收到国家新能源汽车推广补贴10亿元
2020-03-10,比亚迪：西安市高新区财政局将向比亚迪汽车有限公司拨付2018年度新能源汽车推广应用中央财政补助资金人民币198351万元,比亚迪：西安市高新区财政局将向比亚迪汽车有限公司拨付2018年度新能源汽车推广应用中央财政补助资金人民币198351万元
2020-03-10,王传福获《财富》中文版年度中国商人,王传福获《财富》中文版年度中国商人
2020-03-10,200Wh/kg的磷酸铁锂电池可以取代三元锂电池吗？,200Wh/kg的磷酸铁锂电池可以取代三元锂电池吗？
2020-03-10,马斯克：第100万辆特斯拉汽车下线,马斯克：第100万辆特斯拉汽车下线
2020-03-10,快讯：港股恒指高开低走转跌0.05% 25000点岌岌可危,快讯：港股恒指高开低走转跌0.05% 25000点岌岌可危
2020-03-10,CEO日报：《财富》年度封面揭晓,CEO日报：《财富》年度封面揭晓
2020-03-10,快讯：港股恒指高开0.98% 石油股、内房股大幅反弹,快讯：港股恒指高开0.98% 石油股、内房股大幅反弹
2020-03-10,EV晨报 | 2月新能源乘用车销量同比降78%；第3批新能源车型目录发布；特斯拉2月产量超比亚迪 盈利能力下降,EV晨报 | 2月新能源乘用车销量同比降78%；第3批新能源车型目录发布；特斯拉2月产量超比亚迪 盈利能力下降
2020-03-10,比亚迪：控股子公司将收到19.8亿元新能源汽车补贴,比亚迪：控股子公司将收到19.8亿元新能源汽车补贴
2020-03-11,比亚迪已累计收到23.42亿元新能源汽车补贴,比亚迪已累计收到23.42亿元新能源汽车补贴
2020-03-11,车圈 | 再收10亿 比亚迪3月共收补贴23.42亿元,车圈 | 再收10亿 比亚迪3月共收补贴23.42亿元
2020-03-11,自主新能源车企销量暴跌，特斯拉抢走三成市场份额 盈利能力下降,自主新能源车企销量暴跌，特斯拉抢走三成市场份额 盈利能力下降
2020-03-11,比亚迪再收10亿新能源补贴本月已到账23.42亿元,比亚迪再收10亿新能源补贴本月已到账23.42亿元
2020-03-11,定增200亿元！宁德时代欲扩大优势,定增200亿元！宁德时代欲扩大优势
2020-03-11,上市公司正负面新闻2020年3月11日星期三,上市公司正负面新闻2020年3月11日星期三
2020-03-11,“无为英雄”王传福,“无为英雄”王传福
2020-03-12,比亚迪：7天造出口罩机，已成全球最大量产口罩工厂,比亚迪：7天造出口罩机，已成全球最大量产口罩工厂
2020-03-12,比亚迪透露造口罩细节：7天造出口罩机 日产500万只,比亚迪透露造口罩细节：7天造出口罩机 日产500万只
2020-03-12,7天造出口罩机 比亚迪日产500万只口罩背后的“猛操作”,7天造出口罩机 比亚迪日产500万只口罩背后的“猛操作”
2020-03-12,22连板后再度涨停，斯达半导造的是什么神器,22连板后再度涨停，斯达半导造的是什么神器
2020-03-12,香港车股跟随内地车股向下 比亚迪及吉利汽车跌逾5%,香港车股跟随内地车股向下 比亚迪及吉利汽车跌逾5%
2020-03-12,2020年前2批新能源客车推荐目录及配套供应商分析报告,2020年前2批新能源客车推荐目录及配套供应商分析报告
2020-03-12,比亚迪2月销量大幅下滑 插混车型跌96.59% 盈利能力下降,比亚迪2月销量大幅下滑 插混车型跌96.59% 盈利能力下降
2020-03-12,22家车企2月销量一览：平均下跌近八成，破万者寥寥无几,22家车企2月销量一览：平均下跌近八成，破万者寥寥无几
2020-03-12,比亚迪口罩厂满负荷运转日产500万只,比亚迪口罩厂满负荷运转日产500万只
2020-03-13,第三十批免征车辆购置税的新能源汽车车型目录，包括特斯拉Model 3,第三十批免征车辆购置税的新能源汽车车型目录，包括特斯拉Model 3
2020-03-13,最冷2月已过 车企复工率大幅提升,最冷2月已过 车企复工率大幅提升
2020-03-13,比亚迪成立5家弗迪系公司 加快新能源核心零部件的开放共享,比亚迪成立5家弗迪系公司 加快新能源核心零部件的开放共享
2020-03-13,特斯拉后的第二条鲶鱼,特斯拉后的第二条鲶鱼
2020-03-13,2月新能源车销量大幅下降 3月有望迎来转机,2月新能源车销量大幅下降 3月有望迎来转机
2020-03-13,锂电池只是开始 理想加入比亚迪新能源生态体系,锂电池只是开始 理想加入比亚迪新能源生态体系
2020-03-13,比亚迪：“比亚迪速度”助力抗疫 口罩日产能达500万只,比亚迪：“比亚迪速度”助力抗疫 口罩日产能达500万只
2020-03-13,揭秘比亚迪口罩生产线：130条生产线日产500万片,揭秘比亚迪口罩生产线：130条生产线日产500万片
2020-03-13,2月汽车销量滑坡 机构：政策发力将催化板块行情,2月汽车销量滑坡 机构：政策发力将催化板块行情
2020-03-13,理想汽车将采用比亚迪电池，保证电池供应稳定,理想汽车将采用比亚迪电池，保证电池供应稳定
2020-03-13,理想汽车将采用比亚迪动力电池产品,理想汽车将采用比亚迪动力电池产品
2020-03-13,2月动力电池排行榜：同比下降73%，松下超越比亚迪排名第二,2月动力电池排行榜：同比下降73%，松下超越比亚迪排名第二
2020-03-13,3月底前1500万只比亚迪医用平价口罩投放深圳市场,3月底前1500万只比亚迪医用平价口罩投放深圳市场
2020-03-13,比亚迪建全球最大量产口罩工厂：日产500万只,比亚迪建全球最大量产口罩工厂：日产500万只
2020-03-13,驱动电机：2月装机1.3万台，特斯拉升至第一，独占三成,驱动电机：2月装机1.3万台，特斯拉升至第一，独占三成
2020-03-13,理想ONE1款新车将采用比亚迪股份(01211)电池,理想ONE1款新车将采用比亚迪股份(01211)电池
2020-03-14,乘用车2月产量：整体下滑77.8%，仅特斯拉一款车型产量破千,乘用车2月产量：整体下滑77.8%，仅特斯拉一款车型产量破千
2020-03-14,两块五一只的比亚迪口罩开卖，下一步还要出口,两块五一只的比亚迪口罩开卖，下一步还要出口
2020-03-14,比亚迪董事长兼总裁王传福当选《财富》年度中国商人,比亚迪董事长兼总裁王传福当选《财富》年度中国商人
2020-03-14,王传福怎么就是“年度中国商人”了？,王传福怎么就是“年度中国商人”了？
2020-03-14,王传福“下军令”比亚迪转产口罩：7天即日产500万只，后续或考虑出口,王传福“下军令”比亚迪转产口罩：7天即日产500万只，后续或考虑出口
2020-03-15,【5月乘用车量-库-价深度】疫情后产销首次同比转正,【5月乘用车量-库-价深度】疫情后产销首次同比转正
2020-03-15,比亚迪深圳投放1500万只平价口罩：每只不超2.5元,比亚迪深圳投放1500万只平价口罩：每只不超2.5元
2020-03-15,1500万只比亚迪口罩月底前投放深圳，每只不高于2.5元,1500万只比亚迪口罩月底前投放深圳，每只不高于2.5元
2020-03-15,特斯拉市值蒸发已逾5400亿；一汽夏利“说再见”；宝马2019财年增收不增利 连续下跌,特斯拉市值蒸发已逾5400亿；一汽夏利“说再见”；宝马2019财年增收不增利 连续下跌
2020-03-15,下周操盘攻略：定向降准释放5500亿流动性，A股或成“避风港”,下周操盘攻略：定向降准释放5500亿流动性，A股或成“避风港”
2020-03-15,加快新能源汽车核心零部件销售 比亚迪成立5家“弗迪公司”,加快新能源汽车核心零部件销售 比亚迪成立5家“弗迪公司”
2020-03-15,2月新能源车市遭“滑铁卢” 配套铁锂电池需求或反弹,2月新能源车市遭“滑铁卢” 配套铁锂电池需求或反弹
2020-03-15,1500万只平价口罩投放深圳市场 比亚迪将为全市供应一次性医用口罩,1500万只平价口罩投放深圳市场 比亚迪将为全市供应一次性医用口罩
2020-03-16,第14批免车船税目录发布，比亚迪汉/赛力斯SF5等205款车型在列,第14批免车船税目录发布，比亚迪汉/赛力斯SF5等205款车型在列
2020-03-16,拆分零部件板块上市雏形初显 比亚迪成立五家“弗迪公司”,拆分零部件板块上市雏形初显 比亚迪成立五家“弗迪公司”
2020-03-16,动力电池新战局：特斯拉对阵宁德时代？,动力电池新战局：特斯拉对阵宁德时代？
2020-03-16,洗手液可能要买不起了？LV生产洗手液，比亚迪投放1500万平价口罩,洗手液可能要买不起了？LV生产洗手液，比亚迪投放1500万平价口罩
2020-03-16,比亚迪1500万口罩投放深圳 市民可买到,比亚迪1500万口罩投放深圳 市民可买到
2020-03-16,每只不超2.5元 比亚迪向深圳投放1500只口罩,每只不超2.5元 比亚迪向深圳投放1500只口罩
2020-03-16,比亚迪宣布成立弗迪公司 加快核心零部件对外销售,比亚迪宣布成立弗迪公司 加快核心零部件对外销售
2020-03-16,23个部门联合“松绑”限购 汽车消费会有哪些新特点？,23个部门联合“松绑”限购 汽车消费会有哪些新特点？
2020-03-16,2月乘用车销量：特斯拉横扫榜单，仅5家车企销量破千,2月乘用车销量：特斯拉横扫榜单，仅5家车企销量破千
2020-03-16,成立弗迪 比亚迪加速零部件赚钱能力,成立弗迪 比亚迪加速零部件赚钱能力
2020-03-16,宁德时代欲继续扩大优势，中国动力电池行业神龙摆尾？,宁德时代欲继续扩大优势，中国动力电池行业神龙摆尾？
2020-03-16,赵长江：疫情是云卖车催化剂 线上单店最高成交51台|企鹅A TALK,赵长江：疫情是云卖车催化剂 线上单店最高成交51台|企鹅A TALK
2020-03-16,【新能源】静待疫情结束后新能源汽车产销起稳,【新能源】静待疫情结束后新能源汽车产销起稳
2020-03-16,比亚迪公告：已收到国家新能源汽车推广补贴10亿元,比亚迪公告：已收到国家新能源汽车推广补贴10亿元
2020-03-16,比亚迪今天起在国内投放更多平价口罩 每只不超2.5元,比亚迪今天起在国内投放更多平价口罩 每只不超2.5元
2020-03-16,"不转卖囤积浪费！比亚迪向深圳市投放1500万只口罩,不高于2.5元","不转卖囤积浪费！比亚迪向深圳市投放1500万只口罩,不高于2.5元"
2020-03-16,一圈增益BUFF上身 磷酸铁锂重磅归来,一圈增益BUFF上身 磷酸铁锂重磅归来
2020-03-17,垂直战略部署，弗迪能否成为比亚迪的“福地”？,垂直战略部署，弗迪能否成为比亚迪的“福地”？
2020-03-17,成立五家“弗迪”公司 比亚迪电池业务拆分上市提速？,成立五家“弗迪”公司 比亚迪电池业务拆分上市提速？
2020-03-17,车圈 | 比亚迪表示不排除口罩出口的可能 日产量达到500万片,车圈 | 比亚迪表示不排除口罩出口的可能 日产量达到500万片
2020-03-17,比亚迪：口罩对外销售的产能会根据需求情况进行调整,比亚迪：口罩对外销售的产能会根据需求情况进行调整
2020-03-17,国内SiC产业加速出击,国内SiC产业加速出击
2020-03-17,工信部推动公共领域用车电动化新能源车企迎利好,工信部推动公共领域用车电动化新能源车企迎利好
2020-03-17,EV晨报 | 第30批免购置税目录；江铃控股停工停产；朱江或卸任蔚来副总裁,EV晨报 | 第30批免购置税目录；江铃控股停工停产；朱江或卸任蔚来副总裁
2020-03-17,寻找“金主” 究竟是谁在买电动车？,寻找“金主” 究竟是谁在买电动车？
2020-03-17,成为“特斯拉概念”最大赢家的，为什么是宁德时代？,成为“特斯拉概念”最大赢家的，为什么是宁德时代？
2020-03-18,截止10月全球电池企业排名：CATL市占26.6％位居榜首，松下和LG化学次之,截止10月全球电池企业排名：CATL市占26.6％位居榜首，松下和LG化学次之
2020-03-18,急扩在华产能 丰田新能源战略“变道超车”,急扩在华产能 丰田新能源战略“变道超车”
2020-03-18,资讯丨极星有限公司成立；上汽集团氢燃料电池项目开启,资讯丨极星有限公司成立；上汽集团氢燃料电池项目开启
2020-03-18,最新消息！多地口罩不限购 供应充足,最新消息！多地口罩不限购 供应充足
2020-03-19,推进电动智能机器人项目 比亚迪电子(00285)获比亚迪(01211)提供特定加工服务,推进电动智能机器人项目 比亚迪电子(00285)获比亚迪(01211)提供特定加工服务
2020-03-19,新能源无人驾驶车在疫情防控中大显身手!,新能源无人驾驶车在疫情防控中大显身手!
2020-03-19,国泰基金徐成城：新能源车是未来5-10年值得布局行业,国泰基金徐成城：新能源车是未来5-10年值得布局行业
2020-03-19,对V2G的畅想 大众汽车开始“卖电”了？,对V2G的畅想 大众汽车开始“卖电”了？
2020-03-19,2月乘用车销量排行：吉利蝉联第一 奇瑞实现逆袭,2月乘用车销量排行：吉利蝉联第一 奇瑞实现逆袭
2020-03-19,国内首起动力电池侵权案！十大电池企业专利数量排行榜 诉讼纠纷,国内首起动力电池侵权案！十大电池企业专利数量排行榜 诉讼纠纷
2020-03-19,理想为何总是如此“另类”？,理想为何总是如此“另类”？
2020-03-19,从造汽车到产口罩：比亚迪跨界抗疫,从造汽车到产口罩：比亚迪跨界抗疫
2020-03-20,综述：全球抗疫物资短缺 多国借鉴中国企业“跨界”经验,综述：全球抗疫物资短缺 多国借鉴中国企业“跨界”经验
2020-03-20,被低估的新基建细分领域龙头 日上集团,被低估的新基建细分领域龙头 日上集团
2020-03-20,宁德时代起诉塔菲尔 中国锂电专利战一触即发 诉讼纠纷,宁德时代起诉塔菲尔 中国锂电专利战一触即发 诉讼纠纷
2020-03-20,在乘用车领域全覆盖，磷酸铁锂能否收复失地？,在乘用车领域全覆盖，磷酸铁锂能否收复失地？
2020-03-20,使命当前，比亚迪助力公共交通行业“战疫到底”,使命当前，比亚迪助力公共交通行业“战疫到底”
2020-03-20,比亚迪：延迟刊发2019年度业绩报告 将先行公布业绩关键数据 延期披露,比亚迪：延迟刊发2019年度业绩报告 将先行公布业绩关键数据 延期披露
2020-03-20,从2009到2019 中国车市沧桑巨变 2029又将是何光景,从2009到2019 中国车市沧桑巨变 2029又将是何光景
2020-03-20,早间公告2020年3月20日星期五,早间公告2020年3月20日星期五
2020-03-20,比亚迪：受疫情影响，3月31日将刊发未经审核财务业绩关键数据,比亚迪：受疫情影响，3月31日将刊发未经审核财务业绩关键数据
2020-03-20,降薪潮来袭 中国汽车产业阵痛才刚开始,降薪潮来袭 中国汽车产业阵痛才刚开始
2020-03-20,宁德时代起诉塔菲尔：要怎么守住技术的护城河？ 诉讼纠纷,宁德时代起诉塔菲尔：要怎么守住技术的护城河？ 诉讼纠纷
2020-03-21,口罩国内供需平衡初现多家企业谋划出口,口罩国内供需平衡初现多家企业谋划出口
2020-03-21,深市近九成制造业企业复工率超60%,深市近九成制造业企业复工率超60%
2020-03-21,口罩国内供需平衡初现，多家企业谋划出口,口罩国内供需平衡初现，多家企业谋划出口
2020-03-21,72万新能源产能就位 丰田在中国能否翻盘？,72万新能源产能就位 丰田在中国能否翻盘？
2020-03-21,马斯克：SpaceX和特斯拉已开始研发呼吸机,马斯克：SpaceX和特斯拉已开始研发呼吸机
2020-03-21,比亚迪7天造出口罩机,比亚迪7天造出口罩机
2020-03-21,比亚迪，曾经的王者，会成众泰吗？利润暴跌！销量下滑 盈利能力下降,比亚迪，曾经的王者，会成众泰吗？利润暴跌！销量下滑 盈利能力下降
2020-03-23,口罩资质背后的生意经：欧盟CE认证费飙涨,口罩资质背后的生意经：欧盟CE认证费飙涨
2020-03-23,比亚迪回应员工“拉横幅”维权：消息不对称所致 现已解决,比亚迪回应员工“拉横幅”维权：消息不对称所致 现已解决
2020-03-23,比亚迪股份(01211)首批300辆E5纯电出租车交付长沙,比亚迪股份(01211)首批300辆E5纯电出租车交付长沙
2020-03-23,一出手就是5家新公司，比亚迪“口罩模式”要疯狂了,一出手就是5家新公司，比亚迪“口罩模式”要疯狂了
2020-03-23,建议关注SiC功率器件领域上市公司,建议关注SiC功率器件领域上市公司
2020-03-23,疫情后，比亚迪燃油车业务或具更强的内增潜力,疫情后，比亚迪燃油车业务或具更强的内增潜力
2020-03-23,比亚迪大跌7.08%，领跌汽车整车板块 连续下跌,比亚迪大跌7.08%，领跌汽车整车板块 连续下跌
2020-03-23,响应油改电 比亚迪交付300辆纯电出租车,响应油改电 比亚迪交付300辆纯电出租车
2020-03-23,比烧气还便宜 比亚迪首批300辆E5纯电出租车交付长沙,比烧气还便宜 比亚迪首批300辆E5纯电出租车交付长沙
2020-03-23,比亚迪向长沙市政府交付第一批300辆纯电动出租车,比亚迪向长沙市政府交付第一批300辆纯电动出租车
2020-03-23,异动直击|汽车股全线下跌，吉利、比亚迪跌超7% 连续下跌,异动直击|汽车股全线下跌，吉利、比亚迪跌超7% 连续下跌
2020-03-24,EV晨报 | 绿驰汽车卖身河南国投；向东平任现代汽车副总裁；奥迪建电池组装厂,EV晨报 | 绿驰汽车卖身河南国投；向东平任现代汽车副总裁；奥迪建电池组装厂
2020-03-24,乘用车2月上险量：同比跌62.2%，仅Model 3上险量破千,乘用车2月上险量：同比跌62.2%，仅Model 3上险量破千
2020-03-24,车企逆境中坚守 比亚迪复工率超九成,车企逆境中坚守 比亚迪复工率超九成
2020-03-24,跨国车企转产呼吸机和口罩，中国市场将提供帮助,跨国车企转产呼吸机和口罩，中国市场将提供帮助
2020-03-24,比亚迪升逾5% 主动买盘56%,比亚迪升逾5% 主动买盘56%
2020-03-24,广东检方两个月提前介入涉疫情刑事案件1072件,广东检方两个月提前介入涉疫情刑事案件1072件
2020-03-24,综述：海外中资企业积极抗疫保生产,综述：海外中资企业积极抗疫保生产
2020-03-25,比亚迪拟于3月29日正式发布“刀片电池”,比亚迪拟于3月29日正式发布“刀片电池”
2020-03-25,比亚迪丰田合资公司已注册 将开展纯电动车相关业务,比亚迪丰田合资公司已注册 将开展纯电动车相关业务
2020-03-25,比亚迪回应员工维权：排班、岗位调整对部分员工收入有影响,比亚迪回应员工维权：排班、岗位调整对部分员工收入有影响
2020-03-25,比亚迪DiLink携手小米推出手机NFC车钥匙，搭载新品Redmi K30 Pro,比亚迪DiLink携手小米推出手机NFC车钥匙，搭载新品Redmi K30 Pro
2020-03-25,各持50%股权 比亚迪丰田电动车合资企业成立,各持50%股权 比亚迪丰田电动车合资企业成立
2020-03-25,车圈｜比亚迪丰田合资公司正式成立 双方各持股50%,车圈｜比亚迪丰田合资公司正式成立 双方各持股50%
2020-03-25,重大进展！比亚迪丰田电动车科技公司成立,重大进展！比亚迪丰田电动车科技公司成立
2020-03-25,比亚迪今日大宗交易成交10万股，成交价44.76元折价14.33%,比亚迪今日大宗交易成交10万股，成交价44.76元折价14.33%
2020-03-25,比亚迪现1笔大宗交易 共成交447.60万元,比亚迪现1笔大宗交易 共成交447.60万元
2020-03-25,特斯拉也拯救不了磷酸铁锂电池,特斯拉也拯救不了磷酸铁锂电池
2020-03-25,2月新能源车卖去了哪里？一线城市都喜欢特斯拉，帕萨特上海得宠,2月新能源车卖去了哪里？一线城市都喜欢特斯拉，帕萨特上海得宠
2020-03-25,比亚迪维权事件调查：员工2月到手工资或不足300元,比亚迪维权事件调查：员工2月到手工资或不足300元
2020-03-25,比亚迪与丰田电动车合资公司正式成立 注册资本3.45亿,比亚迪与丰田电动车合资公司正式成立 注册资本3.45亿
2020-03-25,全日空与比亚迪等车企合作研发自动驾驶电动巴士,全日空与比亚迪等车企合作研发自动驾驶电动巴士
2020-03-25,汽车股掀起涨停潮！多地鼓励汽车消费政策不断,汽车股掀起涨停潮！多地鼓励汽车消费政策不断
2020-03-25,[路演]雷赛智能：与比亚迪、中联重科等多家行业知名客户建立了合作关系,[路演]雷赛智能：与比亚迪、中联重科等多家行业知名客户建立了合作关系
2020-03-25,重庆银行支持实体经济：为什么能跑出加速度？,重庆银行支持实体经济：为什么能跑出加速度？
2020-03-26,牵手比亚迪合资造电动车 “保守巨头”丰田这回急了吗？,牵手比亚迪合资造电动车 “保守巨头”丰田这回急了吗？
2020-03-26,工人堵门维权，销量暴跌！比亚迪能靠“刀片电池”翻身吗？ 盈利能力下降,工人堵门维权，销量暴跌！比亚迪能靠“刀片电池”翻身吗？ 盈利能力下降
2020-03-26,卡门简报丨奥迪中国换帅；1-2月营业性客运量同比下降50.9%；SpaceX载人龙飞船测试失败,卡门简报丨奥迪中国换帅；1-2月营业性客运量同比下降50.9%；SpaceX载人龙飞船测试失败
2020-03-26,全新合资公司成立 比亚迪丰田合作进入新阶段,全新合资公司成立 比亚迪丰田合作进入新阶段
2020-03-26,比亚迪联手丰田成立合资公司发力纯电动车及动力电池,比亚迪联手丰田成立合资公司发力纯电动车及动力电池
2020-03-26,A股收盘：深证成跌约0.8% 比亚迪涨约4% 旗下刀片电池发布在即,A股收盘：深证成跌约0.8% 比亚迪涨约4% 旗下刀片电池发布在即
2020-03-26,比亚迪刀片电池即将亮相首款搭载车型已曝光磷酸铁锂产业链再引关注,比亚迪刀片电池即将亮相首款搭载车型已曝光磷酸铁锂产业链再引关注
2020-03-26,刀片电池革命性颠覆+5G基站改造，磷酸铁锂产业链风口来了（附股）,刀片电池革命性颠覆+5G基站改造，磷酸铁锂产业链风口来了（附股）
2020-03-26,拟发布“刀片电池” 比亚迪午后异动拉升涨逾5%,拟发布“刀片电池” 比亚迪午后异动拉升涨逾5%
2020-03-26,潜望丨车企变形记：比亚迪如何在30天内成全球最大口罩加工厂,潜望丨车企变形记：比亚迪如何在30天内成全球最大口罩加工厂
2020-03-26,[路演]金力永磁：是比亚迪等新能源汽车驱动电机的磁钢供应商,[路演]金力永磁：是比亚迪等新能源汽车驱动电机的磁钢供应商
2020-03-26,王传福卸任汕头比亚迪法定代表人，副总裁任林接任 董监高成员变化,王传福卸任汕头比亚迪法定代表人，副总裁任林接任 董监高成员变化
2020-03-26,比亚迪丰田合资企业成立 开展电动车业务,比亚迪丰田合资企业成立 开展电动车业务
2020-03-26,AI看市场|数据解读秦Pro新能源竞争力,AI看市场|数据解读秦Pro新能源竞争力
2020-03-26,EV晨报 | 九地出台促进汽车消费措施；比亚迪丰田电动车公司成立；今年乘用车销量预计降幅12.5%,EV晨报 | 九地出台促进汽车消费措施；比亚迪丰田电动车公司成立；今年乘用车销量预计降幅12.5%
2020-03-26,比亚迪股价震荡拉升 “刀片电池”将于3月29日发布,比亚迪股价震荡拉升 “刀片电池”将于3月29日发布
2020-03-26,能量密度提升50%！比亚迪“刀片电池”官宣：终于来了,能量密度提升50%！比亚迪“刀片电池”官宣：终于来了
2020-03-27,丰田比亚迪合资造电车背后，是成年人的各取所需,丰田比亚迪合资造电车背后，是成年人的各取所需
2020-03-27,巨丰周报：A股酝酿全线大反攻 下周谁将勇担先锋？,巨丰周报：A股酝酿全线大反攻 下周谁将勇担先锋？
2020-03-27,整合还是升级？疫情后的新能源技术值得期待 | 汽车记“疫”,整合还是升级？疫情后的新能源技术值得期待 | 汽车记“疫”
2020-03-27,刀片电池革命性颠覆+5G基站改造 磷酸铁锂产业链迎风口 |行业风口,刀片电池革命性颠覆+5G基站改造 磷酸铁锂产业链迎风口 |行业风口
2020-03-27,【猎云早报】罗永浩回应做主播赚钱还债：主播赚的不是脏钱；比亚迪推出 “刀片电池”；汇联易完成3亿元C+轮融资,【猎云早报】罗永浩回应做主播赚钱还债：主播赚的不是脏钱；比亚迪推出 “刀片电池”；汇联易完成3亿元C+轮融资
2020-03-27,王传福卸任西安比亚迪法定代表人、董事长 董监高成员变化,王传福卸任西安比亚迪法定代表人、董事长 董监高成员变化
2020-03-27,比亚迪汉-街拍曝光 预计18万起 前脸酷似江淮S7,比亚迪汉-街拍曝光 预计18万起 前脸酷似江淮S7
2020-03-27,比亚迪牵手丰田瞄准纯电动，下一步：推动电池业务上市？,比亚迪牵手丰田瞄准纯电动，下一步：推动电池业务上市？
2020-03-27,刀片电池出鞘！磷酸铁锂产业链上“风口”,刀片电池出鞘！磷酸铁锂产业链上“风口”
2020-03-27,科技战“疫”背后的广东产业链力量,科技战“疫”背后的广东产业链力量
2020-03-27,热点前瞻：比亚迪将举行刀片电池发布会 非洲猪瘟疫苗已获准开展临床试验,热点前瞻：比亚迪将举行刀片电池发布会 非洲猪瘟疫苗已获准开展临床试验
2020-03-27,2020新能源车补贴政策 新能源汽车的发展现状与前景趋势,2020新能源车补贴政策 新能源汽车的发展现状与前景趋势
2020-03-28,中日电动汽车合作项目落户深圳,中日电动汽车合作项目落户深圳
2020-03-29,车圈|比亚迪刀片电池针刺测试遭质疑 王传福回应：没安全就没品牌,车圈|比亚迪刀片电池针刺测试遭质疑 王传福回应：没安全就没品牌
2020-03-29,比亚迪的“刀”，刚出鞘,比亚迪的“刀”，刚出鞘
2020-03-29,比亚迪正式推出 “刀片电池” 将在比亚迪汉搭载应用,比亚迪正式推出 “刀片电池” 将在比亚迪汉搭载应用
2020-03-29,“刀片电池”出鞘 比亚迪重新定义新能源汽车安全标准,“刀片电池”出鞘 比亚迪重新定义新能源汽车安全标准
2020-03-29,刀片电池今天亮相 王传福将如何布局比亚迪？,刀片电池今天亮相 王传福将如何布局比亚迪？
2020-03-29,比亚迪重新定义新能源汽车安全标准 “刀片电池”有望6月份与比亚迪汉共同亮相,比亚迪重新定义新能源汽车安全标准 “刀片电池”有望6月份与比亚迪汉共同亮相
2020-03-29,王传福：比亚迪口罩日产量已达1000万只,王传福：比亚迪口罩日产量已达1000万只
2020-03-29,安信电新：刀片电池技术相比CTP更新颖 电动车产业链发展迎来黄金十年,安信电新：刀片电池技术相比CTP更新颖 电动车产业链发展迎来黄金十年
2020-03-29,比亚迪发布刀片电池：不怕穿刺、托底和火烧,比亚迪发布刀片电池：不怕穿刺、托底和火烧
2020-03-29,比亚迪刀片电池“首秀” ，能否战胜三元锂电池存疑,比亚迪刀片电池“首秀” ，能否战胜三元锂电池存疑
2020-03-29,“刀片电池”横空出世 王传福：最大特点就是安全,“刀片电池”横空出世 王传福：最大特点就是安全
2020-03-29,A股明日风口：多地出台相关政策促进汽车消费,A股明日风口：多地出台相关政策促进汽车消费
2020-03-29,比亚迪发布刀片电池 磷酸铁锂电池有望重回巅峰？,比亚迪发布刀片电池 磷酸铁锂电池有望重回巅峰？
2020-03-29,比亚迪刀片电池横空出世：动力电池技术路线之争风云再起,比亚迪刀片电池横空出世：动力电池技术路线之争风云再起
2020-03-29,比亚迪刀片电池已量产 王传福：将重新定义新能源汽车安全标准,比亚迪刀片电池已量产 王传福：将重新定义新能源汽车安全标准
2020-03-29,每经16点丨国家卫健委：继续防范本土散发和境外输入传播风险；菲律宾称中国援菲试剂盒符合世卫标准；江苏6月起全省实行交房即发证模式,每经16点丨国家卫健委：继续防范本土散发和境外输入传播风险；菲律宾称中国援菲试剂盒符合世卫标准；江苏6月起全省实行交房即发证模式
2020-03-29,陆家嘴财经早餐2020年3月29日星期日,陆家嘴财经早餐2020年3月29日星期日
2020-03-29,或第三季度上市 曝比亚迪汉无伪谍照,或第三季度上市 曝比亚迪汉无伪谍照
2020-03-29,【e公司直播】比亚迪刀片电池-出鞘·安天下 超级发布会,【e公司直播】比亚迪刀片电池-出鞘·安天下 超级发布会
2020-03-29,王传福：比亚迪刀片电池最大特点就是安全，将改变行业对三元电池的依赖,王传福：比亚迪刀片电池最大特点就是安全，将改变行业对三元电池的依赖
2020-03-29,王传福：刀片电池将改变行业对三元电池的依赖,王传福：刀片电池将改变行业对三元电池的依赖
2020-03-29,小保养243元 比亚迪e2养车成本调查,小保养243元 比亚迪e2养车成本调查
2020-03-29,比亚迪副总裁：刀片电池已经进入量产阶段,比亚迪副总裁：刀片电池已经进入量产阶段
2020-03-29,王传福：刀片电池采用磷酸铁锂正极材料 最大特点就是安全,王传福：刀片电池采用磷酸铁锂正极材料 最大特点就是安全
2020-03-29,车圈｜何龙解读比亚迪“刀片电池” 续航有望提升50%,车圈｜何龙解读比亚迪“刀片电池” 续航有望提升50%
2020-03-29,王传福：把握安全性等新能源电池未来发展方向,王传福：把握安全性等新能源电池未来发展方向
2020-03-29,比亚迪正式发布刀片电池，新车型“汉”首发搭载,比亚迪正式发布刀片电池，新车型“汉”首发搭载
2020-03-29,王传福：刀片电池将搭载在C级高端轿车“汉”车型上 预计今年6月上市,王传福：刀片电池将搭载在C级高端轿车“汉”车型上 预计今年6月上市
2020-03-29,比亚迪副总裁：刀片电池的电池包的空间利用率可以达到60%,比亚迪副总裁：刀片电池的电池包的空间利用率可以达到60%
2020-03-30,王传福：比亚迪将把自燃从新能源汽车的字典里彻底抹掉 产品问题,王传福：比亚迪将把自燃从新能源汽车的字典里彻底抹掉 产品问题
2020-03-30,比亚迪刀片电池发布，王传福：要将“自燃”从电动汽车的字典里抹去 产品问题,比亚迪刀片电池发布，王传福：要将“自燃”从电动汽车的字典里抹去 产品问题
2020-03-30,比亚迪 “刀片电池”亮相，最大卖点是安全！王传福要把“自燃”从新能源汽车字典中抹掉 产品问题,比亚迪 “刀片电池”亮相，最大卖点是安全！王传福要把“自燃”从新能源汽车字典中抹掉 产品问题
2020-03-30,比亚迪AH股逆势上涨 正式发布刀片电池且宣布进入量产阶段,比亚迪AH股逆势上涨 正式发布刀片电池且宣布进入量产阶段
2020-03-30,券商评级：三大指数下跌 九股迎来掘金良机,券商评级：三大指数下跌 九股迎来掘金良机
2020-03-30,“被动者”比亚迪向上，被挑战的宁德时代向哪边走？,“被动者”比亚迪向上，被挑战的宁德时代向哪边走？
2020-03-30,特斯拉在夏威夷部署全球最大电池系统丨比亚迪正式发布刀片电池【Do说】,特斯拉在夏威夷部署全球最大电池系统丨比亚迪正式发布刀片电池【Do说】
2020-03-30,寒光出鞘，比亚迪“刀片电池”能否上演“王者归来”？,寒光出鞘，比亚迪“刀片电池”能否上演“王者归来”？
2020-03-30,比亚迪：口罩产量已经达到500万片/日,比亚迪：口罩产量已经达到500万片/日
2020-03-30,【东吴七点半】市场缩量高开低走，C2M概念全线爆发（3.30）,【东吴七点半】市场缩量高开低走，C2M概念全线爆发（3.30）
2020-03-30,【财经早餐】证监会决定将六家券商纳入首批并表监管试点范围,【财经早餐】证监会决定将六家券商纳入首批并表监管试点范围
2020-03-30,天下苦电池久矣，比亚迪刀片电池能否“突围”,天下苦电池久矣，比亚迪刀片电池能否“突围”
2020-03-30,比亚迪正式宣布推出刀片电池：不怕穿刺和火烧,比亚迪正式宣布推出刀片电池：不怕穿刺和火烧
2020-03-30,比亚迪的逆袭之路？刀片电池“首秀”，卖点安全性更高,比亚迪的逆袭之路？刀片电池“首秀”，卖点安全性更高
2020-03-30,被“逼”出来的比亚迪刀片电池，要让“自燃”成为过去时,被“逼”出来的比亚迪刀片电池，要让“自燃”成为过去时
2020-03-30,马斯克放大招，要部署全球最大电池系统！新一轮大战打响？,马斯克放大招，要部署全球最大电池系统！新一轮大战打响？
2020-03-30,比亚迪“刀片电池”出鞘！股价仅小幅上涨，是噱头还是“真刀”？,比亚迪“刀片电池”出鞘！股价仅小幅上涨，是噱头还是“真刀”？
2020-03-30,2020年第4次卸任：王传福卸任青海比亚迪法人,2020年第4次卸任：王传福卸任青海比亚迪法人
2020-03-30,比亚迪刀片电池发布 磷酸铁锂渗透率有望提升,比亚迪刀片电池发布 磷酸铁锂渗透率有望提升
2020-03-30,比亚迪：收到新能源车补贴资金13.42亿元,比亚迪：收到新能源车补贴资金13.42亿元
2020-03-30,恒指低位回升半日跌1.29% 航空股全线下挫,恒指低位回升半日跌1.29% 航空股全线下挫
2020-03-30,比亚迪发布刀片电池并量产,比亚迪发布刀片电池并量产
2020-03-30,早知道：比亚迪刀片电池发布；呼吸机需求或需上百万台,早知道：比亚迪刀片电池发布；呼吸机需求或需上百万台
2020-03-30,“刀片电池”问世支持新能源汽车续航600公里,“刀片电池”问世支持新能源汽车续航600公里
2020-03-30,15万高续航电车 北汽EU5和比亚迪秦Pro谁更值？,15万高续航电车 北汽EU5和比亚迪秦Pro谁更值？
2020-03-30,战“疫”、保供、求生，跨界之后企业何去何从,战“疫”、保供、求生，跨界之后企业何去何从
2020-03-30,汽车市场要大变？超9地出台新政，更大力度在路上,汽车市场要大变？超9地出台新政，更大力度在路上
2020-03-30,A股早报2020年3月30日星期一,A股早报2020年3月30日星期一
2020-03-30,比亚迪“刀片电池”横空出世 产业链个股有望受益,比亚迪“刀片电池”横空出世 产业链个股有望受益
2020-03-30,大城车市：揭秘汽车品牌的权力“江湖”,大城车市：揭秘汽车品牌的权力“江湖”
2020-03-30,新能源汽车概念股拉升，比亚迪、北汽蓝谷领涨,新能源汽车概念股拉升，比亚迪、北汽蓝谷领涨
2020-03-30,新能源车概念股盘中拉升 比亚迪、泉峰汽车涨超4%,新能源车概念股盘中拉升 比亚迪、泉峰汽车涨超4%
2020-03-30,动力电池狼烟再起 比亚迪祭出刀片电池大杀器 宁德时代如何接招？,动力电池狼烟再起 比亚迪祭出刀片电池大杀器 宁德时代如何接招？
2020-03-30,比亚迪推出刀片电池撼动三元锂格局？业内仍然期待“材料级突破”,比亚迪推出刀片电池撼动三元锂格局？业内仍然期待“材料级突破”
2020-03-30,刀片电池已经进入量产阶段，比亚迪逆市涨1.5%,刀片电池已经进入量产阶段，比亚迪逆市涨1.5%
2020-03-30,刀片电池通过行业最严苛安全测试项目,刀片电池通过行业最严苛安全测试项目
2020-03-30,新能源汽车板块拉升 比亚迪涨超5%,新能源汽车板块拉升 比亚迪涨超5%
2020-03-30,30日公司新闻聚焦：中国石化去年净赚576亿 工商银行净利3122亿,30日公司新闻聚焦：中国石化去年净赚576亿 工商银行净利3122亿
2020-03-31,比亚迪2019年全年实现净利润16.1亿元，同比下降42.03% 盈利能力下降,比亚迪2019年全年实现净利润16.1亿元，同比下降42.03% 盈利能力下降
2020-03-31,比亚迪2019业绩快报发布：营收1277.39亿净利16.12亿,比亚迪2019业绩快报发布：营收1277.39亿净利16.12亿
2020-03-31,比亚迪业绩快报:2019年实现净利16.1亿 同比降42.03% 盈利能力下降,比亚迪业绩快报:2019年实现净利16.1亿 同比降42.03% 盈利能力下降
2020-03-31,比亚迪：2019年净利16.12亿元 同比下滑42% 盈利能力下降,比亚迪：2019年净利16.12亿元 同比下滑42% 盈利能力下降
2020-03-31,比亚迪发2019年业绩快报：全年营收1277亿元，补贴滑坡致净利下滑42% 盈利能力下降,比亚迪发2019年业绩快报：全年营收1277亿元，补贴滑坡致净利下滑42% 盈利能力下降
2020-03-31,比亚迪发布业绩快报 全年营收1277.39亿,比亚迪发布业绩快报 全年营收1277.39亿
2020-03-31,比亚迪2019年净利润同比下滑42%刀片电池能否助其扭转局势？ 盈利能力下降,比亚迪2019年净利润同比下滑42%刀片电池能否助其扭转局势？ 盈利能力下降
2020-03-31,晚间公告热点追踪：多家车企去年营收、净利同比下滑,晚间公告热点追踪：多家车企去年营收、净利同比下滑
2020-03-31,比亚迪发布“刀片电池” 与特斯拉新一轮大战即将打响？,比亚迪发布“刀片电池” 与特斯拉新一轮大战即将打响？
2020-03-31,比亚迪2019年净利润16.12亿元同比降42.03% 盈利能力下降,比亚迪2019年净利润16.12亿元同比降42.03% 盈利能力下降
2020-03-31,吉利业绩退坡，李书福老矣？,吉利业绩退坡，李书福老矣？
2020-03-31,比亚迪业绩快报：2019年净利润16.11亿元，同比下降42.03%,比亚迪业绩快报：2019年净利润16.11亿元，同比下降42.03%
2020-03-31,产业承压+研发高企 比亚迪去年净利下滑4成创出5年低点 盈利能力下降,产业承压+研发高企 比亚迪去年净利下滑4成创出5年低点 盈利能力下降
2020-03-31,A股，猪肉茅台疯涨中！成交5617亿，沪指涨0.11%收2750,A股，猪肉茅台疯涨中！成交5617亿，沪指涨0.11%收2750
2020-03-31,新能源车市多重不利拖累 比亚迪2019年净利润下滑42% 盈利能力下降,新能源车市多重不利拖累 比亚迪2019年净利润下滑42% 盈利能力下降
2020-03-31,更突出经济型！比亚迪即将推出DM-i平台,更突出经济型！比亚迪即将推出DM-i平台
2020-03-31,动力电池竞技场风起云涌 比亚迪能否以“刀片”捍卫领头羊地位？,动力电池竞技场风起云涌 比亚迪能否以“刀片”捍卫领头羊地位？
2020-03-31,【汽车】汽车行业周报：多部委与地市发文促汽车消费，比亚迪发布刀片电池,【汽车】汽车行业周报：多部委与地市发文促汽车消费，比亚迪发布刀片电池
2020-03-31,比亚迪的“刀片”能否杀回“正道”？,比亚迪的“刀片”能否杀回“正道”？
2020-03-31,汽车股异动拉升,汽车股异动拉升
2020-03-31,比亚迪升逾5% 暂连升3日,比亚迪升逾5% 暂连升3日
2020-03-31,寒冬之中，哪些新能源汽车还在增长,寒冬之中，哪些新能源汽车还在增长
2020-03-31,10万家轿买谁值？长安逸动PLUS/吉利缤瑞/比亚迪秦Pro,10万家轿买谁值？长安逸动PLUS/吉利缤瑞/比亚迪秦Pro
2020-03-31,中信建投证券：比亚迪刀片电池正式发布 动力电池工程技术再添优选,中信建投证券：比亚迪刀片电池正式发布 动力电池工程技术再添优选
2020-03-31,比亚迪发布“刀片电池”，掀起动力电池产业链磷酸铁锂热潮,比亚迪发布“刀片电池”，掀起动力电池产业链磷酸铁锂热潮
2020-03-31,王传福扔下“原子弹”将炸飞几千亿动力电池产业投资,王传福扔下“原子弹”将炸飞几千亿动力电池产业投资
2020-03-31,比亚迪：公司具备口罩出口资质,比亚迪：公司具备口罩出口资质
2020-03-31,西安将启用陕U车牌 4月1日起实施 陕A车牌还能选吗,西安将启用陕U车牌 4月1日起实施 陕A车牌还能选吗
2020-03-31,4S店车价诱人 客流回暖,4S店车价诱人 客流回暖
2020-03-31,【行情】汽车整车板块快速拉升，比亚迪涨逾5%，北汽蓝谷、中通客车、众泰汽车等明显拉升。,【行情】汽车整车板块快速拉升，比亚迪涨逾5%，北汽蓝谷、中通客车、众泰汽车等明显拉升。
2020-04-01,汽车板块持续走低,汽车板块持续走低
2020-04-01,比亚迪跌逾5% 主动卖盘59%,比亚迪跌逾5% 主动卖盘59%
2020-04-01,比亚迪2019年财报发布，全年录得1277亿元,比亚迪2019年财报发布，全年录得1277亿元
2020-04-01,合纵科技：湖南雅城将是行业内产量最大、产品最全的磷酸铁供应商,合纵科技：湖南雅城将是行业内产量最大、产品最全的磷酸铁供应商
2020-04-01,多家车企发布2019年业绩报告 市场调整或进一步加剧,多家车企发布2019年业绩报告 市场调整或进一步加剧
2020-04-01,比亚迪净利润大降42.03% 全年销量减少11.39% 盈利能力下降,比亚迪净利润大降42.03% 全年销量减少11.39% 盈利能力下降
2020-04-01,行业政策变化 比亚迪2019净利润下降42.03% 盈利能力下降,行业政策变化 比亚迪2019净利润下降42.03% 盈利能力下降
2020-04-01,比亚迪难看的财报背后,比亚迪难看的财报背后
2020-04-01,净利润创五年新低 比亚迪称是这些原因,净利润创五年新低 比亚迪称是这些原因
2020-04-01,磷酸铁供应商合纵科技正与比亚迪、宁德时代接洽电池业务，自称产量最大、产品最全,磷酸铁供应商合纵科技正与比亚迪、宁德时代接洽电池业务，自称产量最大、产品最全
2020-04-01,大和：上调比亚迪(1211.HK)目标价至50港元升评级至买入,大和：上调比亚迪(1211.HK)目标价至50港元升评级至买入
2020-04-01,【华创汽车】比亚迪业绩快报：政策护航+电池突破,【华创汽车】比亚迪业绩快报：政策护航+电池突破
2020-04-01,汽车股前高后低，比亚迪、上汽集团跌幅靠前,汽车股前高后低，比亚迪、上汽集团跌幅靠前
2020-04-01,Wind风控日报2020年4月1日星期三,Wind风控日报2020年4月1日星期三
2020-04-01,比亚迪：补贴退坡影响短期业绩，新能源龙头优势再加强【太平洋汽车白宇团队】,比亚迪：补贴退坡影响短期业绩，新能源龙头优势再加强【太平洋汽车白宇团队】
2020-04-01,比亚迪净利大幅下降42.03%，刀片电池是解药吗？ 盈利能力下降,比亚迪净利大幅下降42.03%，刀片电池是解药吗？ 盈利能力下降
2020-04-01,融资客青睐12股，中华企业买入占比高达44.24%,融资客青睐12股，中华企业买入占比高达44.24%
2020-04-01,新能源汽车补贴将延长2年，专家：大补贴时代已过去,新能源汽车补贴将延长2年，专家：大补贴时代已过去
2020-04-01,比亚迪“刀片电池”通过“针刺试验”,比亚迪“刀片电池”通过“针刺试验”
2020-04-01,5城市Top 10车型：北京人爱比亚迪、上海人爱合资、广深杭更爱新势力,5城市Top 10车型：北京人爱比亚迪、上海人爱合资、广深杭更爱新势力
2020-04-01,“广州试验区”举行建设动员活动,“广州试验区”举行建设动员活动
2020-04-01,广汽比亚迪去年业绩大滑坡 今年形势依然严峻 盈利能力下降,广汽比亚迪去年业绩大滑坡 今年形势依然严峻 盈利能力下降
2020-04-01,巴菲特慌不慌？千亿市值车企归属净利润下降超40％，已连续3年下滑 盈利能力下降,巴菲特慌不慌？千亿市值车企归属净利润下降超40％，已连续3年下滑 盈利能力下降
2020-04-01,-42%！新能源补贴退坡后 比亚迪2019年利润几乎砍半,-42%！新能源补贴退坡后 比亚迪2019年利润几乎砍半
2020-04-02,股比50:50握手比亚迪 丰田在华第三家合资公司成立,股比50:50握手比亚迪 丰田在华第三家合资公司成立
2020-04-02,官宣！比亚迪丰田合资纯电动研发公司正式成立,官宣！比亚迪丰田合资纯电动研发公司正式成立
2020-04-02,比亚迪峰回路转业绩走下坡 “刀片电池”能否助其东山再起？,比亚迪峰回路转业绩走下坡 “刀片电池”能否助其东山再起？
2020-04-02,丰田与比亚迪合资的纯电动车研发公司成立,丰田与比亚迪合资的纯电动车研发公司成立
2020-04-02,5月开业 双方各派高管 比亚迪丰田合资公司正式成立,5月开业 双方各派高管 比亚迪丰田合资公司正式成立
2020-04-02,比亚迪与丰田合资公司正式成立，丰田岸宏尚出任董事长,比亚迪与丰田合资公司正式成立，丰田岸宏尚出任董事长
2020-04-02,注重中国市场需求 丰田与比亚迪合作研发电动车,注重中国市场需求 丰田与比亚迪合作研发电动车
2020-04-02,比亚迪丰田电动车科技有限公司今日正式成立,比亚迪丰田电动车科技有限公司今日正式成立
2020-04-02,谈车市 | 财报速览：一汽“双涨”，吉利、长城、比亚迪净利缩水，海马扭亏,谈车市 | 财报速览：一汽“双涨”，吉利、长城、比亚迪净利缩水，海马扭亏
2020-04-02,丰田与比亚迪合资成立纯电动车研发公司 5月正式开业,丰田与比亚迪合资成立纯电动车研发公司 5月正式开业
2020-04-02,磷酸铁锂第二春？动力电池大洗牌，比亚迪的“大刀”已经饥渴难耐,磷酸铁锂第二春？动力电池大洗牌，比亚迪的“大刀”已经饥渴难耐
2020-04-02,比亚迪：补贴退坡影响短期业绩，刀片电池加码产业优势,比亚迪：补贴退坡影响短期业绩，刀片电池加码产业优势
2020-04-02,北京电动车市有望迎来“小阳春”,北京电动车市有望迎来“小阳春”
2020-04-02,【汽车】国务院会议汽车政策点评：政策利好新能源汽车、重卡及二手车发展,【汽车】国务院会议汽车政策点评：政策利好新能源汽车、重卡及二手车发展
2020-04-02,多地派发消费券提振消费，深圳佛山附加购车补贴组合拳,多地派发消费券提振消费，深圳佛山附加购车补贴组合拳
2020-04-02,一套“组合拳”为汽车行业提气鼓劲,一套“组合拳”为汽车行业提气鼓劲
2020-04-02,比亚迪“刀片电池”，以安全之名纠偏行业发展路线,比亚迪“刀片电池”，以安全之名纠偏行业发展路线
2020-04-02,车圈 | 丰田比亚迪合资公司正式成立 专注纯电动车型,车圈 | 丰田比亚迪合资公司正式成立 专注纯电动车型
2020-04-03,【东吴电新】电动车3月销量点评：销量环比大幅回暖，同比降幅缩窄,【东吴电新】电动车3月销量点评：销量环比大幅回暖，同比降幅缩窄
2020-04-03,磷酸铁锂的“新外衣”：比亚迪刀片电池真能重切动力电池“蛋糕”？,磷酸铁锂的“新外衣”：比亚迪刀片电池真能重切动力电池“蛋糕”？
2020-04-03,不为卖车挣钱的合创 谁会为此买单？,不为卖车挣钱的合创 谁会为此买单？
2020-04-03,3月新能源车保值率：特斯拉/比亚迪/荣威/宝马包揽前十,3月新能源车保值率：特斯拉/比亚迪/荣威/宝马包揽前十
2020-04-03,与大众戴姆勒相比，丰田或许更加敬畏中国市场,与大众戴姆勒相比，丰田或许更加敬畏中国市场
2020-04-03,汽车股3月涨跌榜：15家车企市值全线缩水 上汽蒸发超300亿领跌 连续下跌,汽车股3月涨跌榜：15家车企市值全线缩水 上汽蒸发超300亿领跌 连续下跌
2020-04-03,第4批新能车推荐目录：CATL配套占比65% LFP乘用车续航突破500km,第4批新能车推荐目录：CATL配套占比65% LFP乘用车续航突破500km
2020-04-03,比亚迪2019年营收1277亿元 下滑1.78% 盈利能力下降,比亚迪2019年营收1277亿元 下滑1.78% 盈利能力下降
2020-04-03,Wind风控日报2020年4月3日星期五,Wind风控日报2020年4月3日星期五
2020-04-03,车企组CP 比亚迪/丰田合资更多细节曝光,车企组CP 比亚迪/丰田合资更多细节曝光
2020-04-03,欧美股市普涨道指收涨逾2%，国际油价飙升提振风险资产,欧美股市普涨道指收涨逾2%，国际油价飙升提振风险资产
2020-04-03,美国三大股指集体收涨，瑞幸咖啡财务造假收跌逾75%,美国三大股指集体收涨，瑞幸咖啡财务造假收跌逾75%
2020-04-03,聚焦纯电动领域 比亚迪和丰田合资公司正式成立,聚焦纯电动领域 比亚迪和丰田合资公司正式成立
2020-04-05,江铃汽车一季度净利0.69亿，涨174％！去年净利1.48亿,江铃汽车一季度净利0.69亿，涨174％！去年净利1.48亿
2020-04-05,【东吴电新】行业点评：3月装机2.76gwh，特斯拉带动外资电池放量,【东吴电新】行业点评：3月装机2.76gwh，特斯拉带动外资电池放量
2020-04-05,“优等生”也难逃利润缩水，自主品牌仍需集体补课 盈利能力下降,“优等生”也难逃利润缩水，自主品牌仍需集体补课 盈利能力下降
2020-04-06,【泰有财·研究服务】 每日资讯,【泰有财·研究服务】 每日资讯
2020-04-06,广州慷慨救“车市”，新能源补贴的春风又来了？,广州慷慨救“车市”，新能源补贴的春风又来了？
2020-04-06,一季度汽车股涨跌榜：55家公司市值累计缩水近1800亿元 连续下跌,一季度汽车股涨跌榜：55家公司市值累计缩水近1800亿元 连续下跌
2020-04-07,一周锂电资讯：LG化学获4.8亿欧元贷款; 比亚迪丰田电动车科技有限公司正式成立,一周锂电资讯：LG化学获4.8亿欧元贷款; 比亚迪丰田电动车科技有限公司正式成立
2020-04-07,汽车扶持政策陆续出台 机构看好国际车企供应链公司,汽车扶持政策陆续出台 机构看好国际车企供应链公司
2020-04-08,格隆汇港股聚焦(4.8)︱ 比亚迪一季度累计销售汽车6.13万辆 瑞声科技一季度溢利预降85%-90%,格隆汇港股聚焦(4.8)︱ 比亚迪一季度累计销售汽车6.13万辆 瑞声科技一季度溢利预降85%-90%
2020-04-08,3月日均卖3万辆为去年同期55% 日系车、德系车、豪华车仍最抗跌,3月日均卖3万辆为去年同期55% 日系车、德系车、豪华车仍最抗跌
2020-04-08,tree new bee与求生欲，近期最下饭的大佬语录集锦,tree new bee与求生欲，近期最下饭的大佬语录集锦
2020-04-08,比亚迪遭遇“双击”：股价回落之际，1-3月汽车销量也降了48% 盈利能力下降,比亚迪遭遇“双击”：股价回落之际，1-3月汽车销量也降了48% 盈利能力下降
2020-04-08,比亚迪(01211-HK)3月新能源汽车跌59.25%,比亚迪(01211-HK)3月新能源汽车跌59.25%
2020-04-08,比亚迪3月份汽车销量3.0599万辆,比亚迪3月份汽车销量3.0599万辆
2020-04-08,比亚迪：1-3月汽车累计销量为61273辆 同比降47.89% 盈利能力下降,比亚迪：1-3月汽车累计销量为61273辆 同比降47.89% 盈利能力下降
2020-04-08,比亚迪3月汽车销量3.0599万辆,比亚迪3月汽车销量3.0599万辆
2020-04-08,纷纷与零部件业务“划清界限”，自主品牌筹划全产业链大棋局,纷纷与零部件业务“划清界限”，自主品牌筹划全产业链大棋局
2020-04-08,广汽Aion V 比亚迪汉EV 4月初的国内新能源市场猛料不断,广汽Aion V 比亚迪汉EV 4月初的国内新能源市场猛料不断
2020-04-08,【东吴电新】3月海外销量点评：欧洲市场两极分化，特斯拉超预期增长,【东吴电新】3月海外销量点评：欧洲市场两极分化，特斯拉超预期增长
2020-04-08,比亚迪(002594.SZ)：3月新能源车同比降59.25%油车升9.51%,比亚迪(002594.SZ)：3月新能源车同比降59.25%油车升9.51%
2020-04-09,销量暴跌70% ！比亚迪新能源连续9个月大幅下滑 盈利能力下降,销量暴跌70% ！比亚迪新能源连续9个月大幅下滑 盈利能力下降
2020-04-09,三丰智能：一季度预计净利润同比下降60.0%~90.0% 盈利能力下降,三丰智能：一季度预计净利润同比下降60.0%~90.0% 盈利能力下降
2020-04-09,站上“新基建”风口 国网重庆电力如何跑出加速度赋能新经济,站上“新基建”风口 国网重庆电力如何跑出加速度赋能新经济
2020-04-09,乘联会：3月新能源乘用车批发销量环比2月增长4倍,乘联会：3月新能源乘用车批发销量环比2月增长4倍
2020-04-09,比亚迪3月份销售12256辆新能源汽车 今年Q1累计销售22192辆,比亚迪3月份销售12256辆新能源汽车 今年Q1累计销售22192辆
2020-04-09,比亚迪1-3月新能源汽车同比下降69.67%,比亚迪1-3月新能源汽车同比下降69.67%
2020-04-09,【安信汽车】江苏再出刺激政策，政策广度超预期,【安信汽车】江苏再出刺激政策，政策广度超预期
2020-04-09,准入“小目录”屡禁不止，谨防新能源汽车地方保护抬头,准入“小目录”屡禁不止，谨防新能源汽车地方保护抬头
2020-04-09,比亚迪上涨2% 惟3月汽车销量按年跌35% 盈利能力下降,比亚迪上涨2% 惟3月汽车销量按年跌35% 盈利能力下降
2020-04-09,美国接受中国口罩标准 4家企业出口获批,美国接受中国口罩标准 4家企业出口获批
2020-04-09,燃油车有小亮点 比亚迪公布3月成绩单,燃油车有小亮点 比亚迪公布3月成绩单
2020-04-09,比亚迪公布3月销量 燃油车销售上升,比亚迪公布3月销量 燃油车销售上升
2020-04-09,比亚迪第一季度汽车累计销量同比下降47.89% 盈利能力下降,比亚迪第一季度汽车累计销量同比下降47.89% 盈利能力下降
2020-04-09,全球汽车产业按下“暂停键” 多家车企停工停产 经营问题,全球汽车产业按下“暂停键” 多家车企停工停产 经营问题
2020-04-09,充电桩：新基建，迈向新能源汽车时代,充电桩：新基建，迈向新能源汽车时代
2020-04-10,比亚迪公布一季度销量 环比大增453.7%,比亚迪公布一季度销量 环比大增453.7%
2020-04-10,汉EV正式下线 将搭载刀片电池和DiPilot上市,汉EV正式下线 将搭载刀片电池和DiPilot上市
2020-04-10,3月电车产销环比大幅改善，公共卫生事件影响逐步弱化| 兴证电新 · 3月新能源汽车产销点评（朱玥、曾英捷）,3月电车产销环比大幅改善，公共卫生事件影响逐步弱化| 兴证电新 · 3月新能源汽车产销点评（朱玥、曾英捷）
2020-04-10,比亚迪3月共实现动力电池及储能电池装机总量0.788GWh,比亚迪3月共实现动力电池及储能电池装机总量0.788GWh
2020-04-10,宁德时代的未来在哪里？,宁德时代的未来在哪里？
2020-04-10,自研芯片守卫国家安全，信大捷安转战车联网能否扭亏为盈？,自研芯片守卫国家安全，信大捷安转战车联网能否扭亏为盈？
2020-04-10,吉利长城比亚迪 如何穿越新周期,吉利长城比亚迪 如何穿越新周期
2020-04-10,陆正耀“尴尬”登榜，李斌预料中落榜，2020福布斯富豪榜揭晓,陆正耀“尴尬”登榜，李斌预料中落榜，2020福布斯富豪榜揭晓
2020-04-10,马斯克蝉联福布斯榜车界首富 李书福身家缩水被许家印“夺位”,马斯克蝉联福布斯榜车界首富 李书福身家缩水被许家印“夺位”
2020-04-10,【中原锂电池】锂电池行业月报：销量环比大增，政策持续偏暖可关注,【中原锂电池】锂电池行业月报：销量环比大增，政策持续偏暖可关注
2020-04-10,OTA搭载率16.69% 长安比亚迪“落后”了,OTA搭载率16.69% 长安比亚迪“落后”了
2020-04-10,响应新能源汽车发展战略 西吉首投比亚迪纯电动公交车,响应新能源汽车发展战略 西吉首投比亚迪纯电动公交车
2020-04-10,比亚迪刀片电池技术出鞘 磷酸铁锂电池将卷土重来,比亚迪刀片电池技术出鞘 磷酸铁锂电池将卷土重来
2020-04-11,软银将与比亚迪合作生产口罩 每月免费派发3亿个,软银将与比亚迪合作生产口罩 每月免费派发3亿个
2020-04-11,市场消息：软银CEO孙正义称将和比亚迪一起生产口罩，将从5月开始每月无偿提供3亿个口罩。,市场消息：软银CEO孙正义称将和比亚迪一起生产口罩，将从5月开始每月无偿提供3亿个口罩。
2020-04-11,【东吴电新】4月销量点评：电动车4月销量回暖，合资新势力表现突出,【东吴电新】4月销量点评：电动车4月销量回暖，合资新势力表现突出
2020-04-11,特斯拉进击出圈 能否撼动燃油车市场？,特斯拉进击出圈 能否撼动燃油车市场？
2020-04-11,除了破万的特斯拉，3月其他车型销量如何？,除了破万的特斯拉，3月其他车型销量如何？
2020-04-12,一季度汽车销量下滑42.4%，中汽协担忧需求端受损,一季度汽车销量下滑42.4%，中汽协担忧需求端受损
2020-04-12,首席观点：中国旅游集团加强海南免税布局，多数省市确定复课进程,首席观点：中国旅游集团加强海南免税布局，多数省市确定复课进程
2020-04-12,日本首富孙正义与比亚迪合作 每月向日本供应3亿口罩,日本首富孙正义与比亚迪合作 每月向日本供应3亿口罩
2020-04-12,比亚迪与软银合作 每月向日本供应3亿口罩,比亚迪与软银合作 每月向日本供应3亿口罩
2020-04-12,刀片电池+DiPilot加持 比亚迪汉EV正式下线,刀片电池+DiPilot加持 比亚迪汉EV正式下线
2020-04-12,"比亚迪销量领跌三大自主品牌 特斯拉""挤出效应""显现 盈利能力下降","比亚迪销量领跌三大自主品牌 特斯拉""挤出效应""显现 盈利能力下降"
2020-04-13,比亚迪：预计第一季度净利润同比减少79.99%-93.33%。 盈利能力下降,比亚迪：预计第一季度净利润同比减少79.99%-93.33%。 盈利能力下降
2020-04-13,比亚迪(002594.SZ)一季度净利润预降79.99%-93.33% 盈利能力下降,比亚迪(002594.SZ)一季度净利润预降79.99%-93.33% 盈利能力下降
2020-04-13,比亚迪：预计一季度净利同比下降79.99%-93.33% 盈利能力下降,比亚迪：预计一季度净利同比下降79.99%-93.33% 盈利能力下降
2020-04-13,比亚迪业绩预告：第一季度新能源汽车销量大幅下滑 盈利能力下降,比亚迪业绩预告：第一季度新能源汽车销量大幅下滑 盈利能力下降
2020-04-13,比亚迪一季度预计最高盈利1.5亿元新能源车销量下降近70% 盈利能力下降,比亚迪一季度预计最高盈利1.5亿元新能源车销量下降近70% 盈利能力下降
2020-04-13,比亚迪一季度净利同比预降至少80%，新能源车销量降近70%丨热公司 盈利能力下降,比亚迪一季度净利同比预降至少80%，新能源车销量降近70%丨热公司 盈利能力下降
2020-04-13,晚间公告热点追踪：比亚迪预计Q1净利同比下降逾80%,晚间公告热点追踪：比亚迪预计Q1净利同比下降逾80%
2020-04-13,比亚迪：一季度新能源汽车销量有较大幅度下滑 盈利能力下降,比亚迪：一季度新能源汽车销量有较大幅度下滑 盈利能力下降
2020-04-13,疫中季报丨疫情冲击汽车销售，比亚迪一季度利润预降9成 盈利能力下降,疫中季报丨疫情冲击汽车销售，比亚迪一季度利润预降9成 盈利能力下降
2020-04-13,中国成跨国车企避风港 丰田扩产忙,中国成跨国车企避风港 丰田扩产忙
2020-04-13,外企投资逆势飘红表明信心：撤离中国做不到,外企投资逆势飘红表明信心：撤离中国做不到
2020-04-13,IBM造海水电池，“搅局”锂电池产业？,IBM造海水电池，“搅局”锂电池产业？
2020-04-13,比亚迪：预计一季度盈利5000万-1.5亿元，同比下降79.99%-93.33%,比亚迪：预计一季度盈利5000万-1.5亿元，同比下降79.99%-93.33%
2020-04-13,晚间重要公告2020年4月13日星期一,晚间重要公告2020年4月13日星期一
2020-04-13,谈车市丨“锂三角”停产，刚果（金）隔离，新能源汽车还能用谁的电池？ 经营问题,谈车市丨“锂三角”停产，刚果（金）隔离，新能源汽车还能用谁的电池？ 经营问题
2020-04-13,比亚迪一季度利润或同比降9成！新能源车销量跌近7成 盈利能力下降,比亚迪一季度利润或同比降9成！新能源车销量跌近7成 盈利能力下降
2020-04-13,大乌龙！日本24人被误诊新冠肺炎，有人被送与患者共处，有人已火化,大乌龙！日本24人被误诊新冠肺炎，有人被送与患者共处，有人已火化
2020-04-13,比亚迪一季度新能源车销量降近70% 低于全国平均水平 盈利能力下降,比亚迪一季度新能源车销量降近70% 低于全国平均水平 盈利能力下降
2020-04-13,比亚迪日产口罩达1500万只，5月将向日本出口,比亚迪日产口罩达1500万只，5月将向日本出口
2020-04-13,【新时代电新 开文明团队】比亚迪：进化到蜕变的全球电动车龙头,【新时代电新 开文明团队】比亚迪：进化到蜕变的全球电动车龙头
2020-04-13,『早安，新时代！』晨会早读2020/04/13:今日关注：比亚迪、深圳燃气,『早安，新时代！』晨会早读2020/04/13:今日关注：比亚迪、深圳燃气
2020-04-13,国产特斯拉 Model 3 长续航版发布，国内新能源汽车品牌再受冲击,国产特斯拉 Model 3 长续航版发布，国内新能源汽车品牌再受冲击
2020-04-13,【申港汽车】低线城市恢复较快 乘用车Q3有望转正,【申港汽车】低线城市恢复较快 乘用车Q3有望转正
2020-04-13,安全性是先进性的前提新能源汽车电池升级“在路上”,安全性是先进性的前提新能源汽车电池升级“在路上”
2020-04-13,2019年乘用车企业新能源积分公示 比亚迪积分最高,2019年乘用车企业新能源积分公示 比亚迪积分最高
2020-04-13,比亚迪向软银出口口罩，孙正义：每月免费派发3亿个,比亚迪向软银出口口罩，孙正义：每月免费派发3亿个
2020-04-13,抢占无人驾驶数据高峰，AutoX建成首个自动驾驶中心,抢占无人驾驶数据高峰，AutoX建成首个自动驾驶中心
2020-04-13,比亚迪将为软银设立专用口罩生产线 每月出口3亿只口罩,比亚迪将为软银设立专用口罩生产线 每月出口3亿只口罩
2020-04-13,新能源汽车3月销量榜出炉：特斯拉Model 3称王 超比亚迪秦一倍,新能源汽车3月销量榜出炉：特斯拉Model 3称王 超比亚迪秦一倍
2020-04-13,孙正义“又看不下去了”，称携手比亚迪零利润为日本月供3亿只口罩,孙正义“又看不下去了”，称携手比亚迪零利润为日本月供3亿只口罩
2020-04-13,【中信建投电新】特斯拉：峥嵘渐现,【中信建投电新】特斯拉：峥嵘渐现
2020-04-13,2019年双积分公示：比亚迪领跑 一汽大众负14万分倒数第一,2019年双积分公示：比亚迪领跑 一汽大众负14万分倒数第一
2020-04-13,刀片电池，新能源汽车动力新跨越？,刀片电池，新能源汽车动力新跨越？
2020-04-14,比亚迪：全资子公司比亚迪半导体完成重组,比亚迪：全资子公司比亚迪半导体完成重组
2020-04-14,3月汽车销量同比下降43.3% 比亚迪等车企一季度净利大降 盈利能力下降,3月汽车销量同比下降43.3% 比亚迪等车企一季度净利大降 盈利能力下降
2020-04-14,合资公司正式成立 比亚迪联手丰田加快电动化,合资公司正式成立 比亚迪联手丰田加快电动化
2020-04-14,4月14日晚间上市公司十大重磅公告,4月14日晚间上市公司十大重磅公告
2020-04-14,4月14日股市预警| 23家公司突发利空 17亿资金流出这十股,4月14日股市预警| 23家公司突发利空 17亿资金流出这十股
2020-04-14,“股神”巴菲特再一次赔惨了 上次是美国航空 这次是中国比亚迪,“股神”巴菲特再一次赔惨了 上次是美国航空 这次是中国比亚迪
2020-04-14,比亚迪：公司副总裁陈刚辞职，将专职担任比亚迪半导体董事长及总经理职务,比亚迪：公司副总裁陈刚辞职，将专职担任比亚迪半导体董事长及总经理职务
2020-04-14,比亚迪：比亚迪半导体拟引入战投 未来将寻求独立上市,比亚迪：比亚迪半导体拟引入战投 未来将寻求独立上市
2020-04-14,积分价格要暴涨？2019双积分背后秘密多,积分价格要暴涨？2019双积分背后秘密多
2020-04-14,卡门简报 | 东风雷诺拟进行重组；上汽集团净利润近10年首降；长安汽车2019年亏损26.47亿元,卡门简报 | 东风雷诺拟进行重组；上汽集团净利润近10年首降；长安汽车2019年亏损26.47亿元
2020-04-14,比亚迪股份(01211.HK)董事会同意比亚迪半导体授予陈刚300.2万份股权期权,比亚迪股份(01211.HK)董事会同意比亚迪半导体授予陈刚300.2万份股权期权
2020-04-14,晚间公告热点追踪：中信证券澄清与中信建投合并传闻,晚间公告热点追踪：中信证券澄清与中信建投合并传闻
2020-04-14,比亚迪股份(01211.HK)：全资子公司重组并拟引入战略投资者,比亚迪股份(01211.HK)：全资子公司重组并拟引入战略投资者
2020-04-14,比亚迪：关于副总裁辞职的公告 董监高成员变化,比亚迪：关于副总裁辞职的公告 董监高成员变化
2020-04-14,一季度销量下滑47.9%比亚迪预警净利或同比减少8-9成 盈利能力下降,一季度销量下滑47.9%比亚迪预警净利或同比减少8-9成 盈利能力下降
2020-04-14,每经22点丨格力亏损200亿，为何还再招5000人，董明珠回应；四川出台30条意见促经济发展；钟南山肯定中药在新冠防控中的作用,每经22点丨格力亏损200亿，为何还再招5000人，董明珠回应；四川出台30条意见促经济发展；钟南山肯定中药在新冠防控中的作用
2020-04-14,净利5000万元-15000万元 比亚迪发布一季度业绩预告,净利5000万元-15000万元 比亚迪发布一季度业绩预告
2020-04-14,比亚迪：内部重组 比亚迪微电子受让2家公司100%股权,比亚迪：内部重组 比亚迪微电子受让2家公司100%股权
2020-04-14,港股收盘：恒指小幅收涨0.5% 广东餐饮协会驳斥美团对高佣金问题的回复,港股收盘：恒指小幅收涨0.5% 广东餐饮协会驳斥美团对高佣金问题的回复
2020-04-14,比亚迪半导体拟引战投择机上市,比亚迪半导体拟引战投择机上市
2020-04-14,销量下滑致多家车企业绩承压 盈利能力下降,销量下滑致多家车企业绩承压 盈利能力下降
2020-04-14,比亚迪一季度盈利预降80%以上 新能源汽车销量降近70% 盈利能力下降,比亚迪一季度盈利预降80%以上 新能源汽车销量降近70% 盈利能力下降
2020-04-14,惊天巨亏875亿！这个首富跌落神坛，重大投资被坑惨，股价危及质押盘！,惊天巨亏875亿！这个首富跌落神坛，重大投资被坑惨，股价危及质押盘！
2020-04-14,美国紧急授权KN95口罩，26家上市公司拿到出口通行证,美国紧急授权KN95口罩，26家上市公司拿到出口通行证
2020-04-14,行业月报：关注新能源车和黄金的长期配置价值,行业月报：关注新能源车和黄金的长期配置价值
2020-04-14,比亚迪(01211-HK)料首季盈利跌79.99%至93.33% 盈利能力下降,比亚迪(01211-HK)料首季盈利跌79.99%至93.33% 盈利能力下降
2020-04-14,新能源下滑较大 比亚迪一季度销量6.1万 盈利能力下降,新能源下滑较大 比亚迪一季度销量6.1万 盈利能力下降
2020-04-14,比亚迪：预计第一季度新能源汽车销量同比较大幅度下滑 盈利能力下降,比亚迪：预计第一季度新能源汽车销量同比较大幅度下滑 盈利能力下降
2020-04-14,为何车企纷纷自建动力电池工厂？,为何车企纷纷自建动力电池工厂？
2020-04-14,【安信汽车】比亚迪：国内IGBT全产业链龙头拆分，对外开放拉开帷幕,【安信汽车】比亚迪：国内IGBT全产业链龙头拆分，对外开放拉开帷幕
2020-04-14,刀片电池备产10GWh 预示比亚迪汉大卖？,刀片电池备产10GWh 预示比亚迪汉大卖？
2020-04-14,比亚迪预计一季度净利润同比下滑超79%，海外市场或为突破点 盈利能力下降,比亚迪预计一季度净利润同比下滑超79%，海外市场或为突破点 盈利能力下降
2020-04-14,业绩预告不如人意，比亚迪还需努力应对加速的特斯拉！,业绩预告不如人意，比亚迪还需努力应对加速的特斯拉！
2020-04-14,花旗料中国车销量胜预期首选比亚迪 股价涨逾3%,花旗料中国车销量胜预期首选比亚迪 股价涨逾3%
2020-04-14,“广东制造”上紧发条出干货,“广东制造”上紧发条出干货
2020-04-14,解盘：资金净流入，动力电池、特斯拉、黄金珠宝、特高压领涨,解盘：资金净流入，动力电池、特斯拉、黄金珠宝、特高压领涨
2020-04-14,比亚迪“刀片电池”备产10GWh：大约可供应13万台汉EV,比亚迪“刀片电池”备产10GWh：大约可供应13万台汉EV
2020-04-14,花旗：料今年内地乘用车销量胜预期 首选华晨与比亚迪,花旗：料今年内地乘用车销量胜预期 首选华晨与比亚迪
2020-04-14,月销量过万！特斯拉Model 3登顶新能源，产业链个股有望受益,月销量过万！特斯拉Model 3登顶新能源，产业链个股有望受益
2020-04-14,最前线丨比亚迪预计一季度净利下降约8成，新能源车份额正被特斯拉分割 盈利能力下降,最前线丨比亚迪预计一季度净利下降约8成，新能源车份额正被特斯拉分割 盈利能力下降
2020-04-14,比亚迪预计一季度净利缩水八至九成，新能源车地盘遭特斯拉蚕食 盈利能力下降,比亚迪预计一季度净利缩水八至九成，新能源车地盘遭特斯拉蚕食 盈利能力下降
2020-04-15,巴菲特戴中国产口罩：我想长命百岁,巴菲特戴中国产口罩：我想长命百岁
2020-04-15,最被看好十大港股：中金维持比亚迪目标价64.5港元,最被看好十大港股：中金维持比亚迪目标价64.5港元
2020-04-15,比亚迪：目前引入战投还在筹备阶段 丨公司问答,比亚迪：目前引入战投还在筹备阶段 丨公司问答
2020-04-15,“指甲盖大小”芯片打破国际垄断！比亚迪旗下半导体公司计划上市,“指甲盖大小”芯片打破国际垄断！比亚迪旗下半导体公司计划上市
2020-04-15,美国疫情世界之最！“股神”晒戴比亚迪口罩照片 心酸,美国疫情世界之最！“股神”晒戴比亚迪口罩照片 心酸
2020-04-15,中金：维持比亚迪股份(01211)“跑赢行业”评级 目标价64.5港元,中金：维持比亚迪股份(01211)“跑赢行业”评级 目标价64.5港元
2020-04-15,恒指半日跌0.09% 科网股走高石油股全线下挫,恒指半日跌0.09% 科网股走高石油股全线下挫
2020-04-15,岑智勇：赣锋锂业发盈警 恒指阻力看24657点 盈利能力下降,岑智勇：赣锋锂业发盈警 恒指阻力看24657点 盈利能力下降
2020-04-15,港股收盘：恒指收跌超1% 平安好医生创历史新高 市值突破1000亿港元,港股收盘：恒指收跌超1% 平安好医生创历史新高 市值突破1000亿港元
2020-04-15,比亚迪子公司向纳尔股份采购100吨熔喷布,比亚迪子公司向纳尔股份采购100吨熔喷布
2020-04-15,韩铜箔制造商成香饽饽 A股同概念公司了解一下？(股),韩铜箔制造商成香饽饽 A股同概念公司了解一下？(股)
2020-04-15,比亚迪半导体公司将独立上市，机构称市值预计达300亿,比亚迪半导体公司将独立上市，机构称市值预计达300亿
2020-04-15,纳尔股份(002825.SZ)：与比亚迪供应链签订100吨熔喷布采购合同,纳尔股份(002825.SZ)：与比亚迪供应链签订100吨熔喷布采购合同
2020-04-15,纳尔股份：比亚迪将向公司采购100吨熔喷布,纳尔股份：比亚迪将向公司采购100吨熔喷布
2020-04-15,纳尔股份：比亚迪向公司采购100吨熔喷布,纳尔股份：比亚迪向公司采购100吨熔喷布
2020-04-15,纳尔股份：与“比亚迪”签订熔喷布采购合同,纳尔股份：与“比亚迪”签订熔喷布采购合同
2020-04-15,股价两日大涨！巴菲特跨国代言：想长命百岁，感谢比亚迪口罩,股价两日大涨！巴菲特跨国代言：想长命百岁，感谢比亚迪口罩
2020-04-15,公告精选：京沪高铁2019年净利同比增16%；比亚迪向纳尔股份采购100吨熔喷布,公告精选：京沪高铁2019年净利同比增16%；比亚迪向纳尔股份采购100吨熔喷布
2020-04-15,多氟多熔喷布产能七月有望达日产10吨 公司产品已成功销往比亚迪等口罩生产客户,多氟多熔喷布产能七月有望达日产10吨 公司产品已成功销往比亚迪等口罩生产客户
2020-04-15,一季度盈利预降80%之后，比亚迪为何大涨？ 盈利能力下降,一季度盈利预降80%之后，比亚迪为何大涨？ 盈利能力下降
2020-04-15,亚太时间：全球经济未完全反映疫情影响 港股后市关注业绩影响,亚太时间：全球经济未完全反映疫情影响 港股后市关注业绩影响
2020-04-15,【安信汽车】比亚迪：业绩符合预期，新车型、新技术，值得期待,【安信汽车】比亚迪：业绩符合预期，新车型、新技术，值得期待
2020-04-15,计划上市 比亚迪旗下芯片公司完成重组,计划上市 比亚迪旗下芯片公司完成重组
2020-04-15,宁德时代毛利率持续下滑 行业竞争加剧业绩承压 盈利能力下降,宁德时代毛利率持续下滑 行业竞争加剧业绩承压 盈利能力下降
2020-04-15,比亚迪(01211-HK)旗下半导体拟引入战略投资者最终独立上市,比亚迪(01211-HK)旗下半导体拟引入战略投资者最终独立上市
2020-04-15,2019双积分榜单出炉 比亚迪夺冠 一汽-大众吊车尾,2019双积分榜单出炉 比亚迪夺冠 一汽-大众吊车尾
2020-04-15,巴菲特：我想长命百岁 比亚迪口罩正帮我达到目标,巴菲特：我想长命百岁 比亚迪口罩正帮我达到目标
2020-04-15,A股早报2020年4月15日星期三,A股早报2020年4月15日星期三
2020-04-15,中国动力电池行业新格局：三巨头并立,中国动力电池行业新格局：三巨头并立
2020-04-15,开盘：恒指高开0.26%挑战24500点 比亚迪子公司完成重组涨5.62%,开盘：恒指高开0.26%挑战24500点 比亚迪子公司完成重组涨5.62%
2020-04-15,比亚迪半导体拟寻求独立上市，预计可达300亿市值,比亚迪半导体拟寻求独立上市，预计可达300亿市值
2020-04-15,港股异动 | 比亚迪AH股高开 全资子公司重组并拟引入战略投资者,港股异动 | 比亚迪AH股高开 全资子公司重组并拟引入战略投资者
2020-04-15,比亚迪（002594/01211.HK）：半导体业务重组拟引战，对外分拆迈出坚实步伐,比亚迪（002594/01211.HK）：半导体业务重组拟引战，对外分拆迈出坚实步伐
2020-04-15,【华创汽车】比亚迪：半导体业务分拆上市第一步,【华创汽车】比亚迪：半导体业务分拆上市第一步
2020-04-15,比亚迪抽升逾3% 重组半导体子公司或寻求独立上市,比亚迪抽升逾3% 重组半导体子公司或寻求独立上市
2020-04-15,A股“比惨”大赛？董明珠也撑不住,A股“比惨”大赛？董明珠也撑不住
2020-04-15,刚刚，比亚迪发布重组公告重塑半导体战略,刚刚，比亚迪发布重组公告重塑半导体战略
2020-04-15,比亚迪涨超7%报61.98元 领涨汽车行业,比亚迪涨超7%报61.98元 领涨汽车行业
2020-04-15,花旗：比亚迪维持优于大市投资评级 为行业首选股,花旗：比亚迪维持优于大市投资评级 为行业首选股
2020-04-15,比亚迪半导体拟独立上市 陈刚担任公司董事长兼总裁,比亚迪半导体拟独立上市 陈刚担任公司董事长兼总裁
2020-04-15,"股神巴菲特戴比亚迪自制口罩 称""目标是长命百岁""","股神巴菲特戴比亚迪自制口罩 称""目标是长命百岁"""
2020-04-15,比亚迪半导体或独立上市 核心技术IGBT外供提速,比亚迪半导体或独立上市 核心技术IGBT外供提速
2020-04-15,最前线 | 新能源汽车销量承压，比亚迪拟发行不超过20亿元公司债券,最前线 | 新能源汽车销量承压，比亚迪拟发行不超过20亿元公司债券
2020-04-16,比亚迪一季度业绩预降超九成 其中新能源车销量大降69.7% 盈利能力下降,比亚迪一季度业绩预降超九成 其中新能源车销量大降69.7% 盈利能力下降
2020-04-16,港股异动丨比亚迪连涨4日大摩唱多特斯拉电池日临近,港股异动丨比亚迪连涨4日大摩唱多特斯拉电池日临近
2020-04-16,先到先得！锂电大佬叉车市场“抢蛋糕”,先到先得！锂电大佬叉车市场“抢蛋糕”
2020-04-16,宁德时代Q1净利润降20% | 动力电池市场暗潮涌动 盈利能力下降,宁德时代Q1净利润降20% | 动力电池市场暗潮涌动 盈利能力下降
2020-04-16,比亚迪「汉」中控屏全新 UI 设计公布：采用太极元素,比亚迪「汉」中控屏全新 UI 设计公布：采用太极元素
2020-04-16,【东吴电新】4月装机3.60gwh，同比-33%，环比+30%,【东吴电新】4月装机3.60gwh，同比-33%，环比+30%
2020-04-16,特斯拉长续航国产Model 3来袭！“鲶鱼”这次能搅活中国车企吗？,特斯拉长续航国产Model 3来袭！“鲶鱼”这次能搅活中国车企吗？
2020-04-16,比亚迪(01211)拟发行不超20亿元公司债券,比亚迪(01211)拟发行不超20亿元公司债券
2020-04-16,[路演]纳尔股份：与比亚迪合同预计对公司收入和利润带来积极影响,[路演]纳尔股份：与比亚迪合同预计对公司收入和利润带来积极影响
2020-04-16,3月份SUV销量排行 中国品牌包揽前五,3月份SUV销量排行 中国品牌包揽前五
2020-04-16,比亚迪(002594.SZ)拟发行不超20亿元公司债券,比亚迪(002594.SZ)拟发行不超20亿元公司债券
2020-04-16,比亚迪逆市升逾3% 获大摩上升47%目标价兼升评级,比亚迪逆市升逾3% 获大摩上升47%目标价兼升评级
2020-04-16,比亚迪芯片公司完成重组 寻求时机独立上市,比亚迪芯片公司完成重组 寻求时机独立上市
2020-04-16,新能源车地盘遭特斯拉蚕食 比亚迪预计净利跳水 盈利能力下降,新能源车地盘遭特斯拉蚕食 比亚迪预计净利跳水 盈利能力下降
2020-04-16,【中金电子与通信】每日科技信息快递：全球半导体设备销售额下滑7% 盈利能力下降,【中金电子与通信】每日科技信息快递：全球半导体设备销售额下滑7% 盈利能力下降
2020-04-16,【安信汽车】补贴政策落地，符合预期，利好新能源汽车平稳发展,【安信汽车】补贴政策落地，符合预期，利好新能源汽车平稳发展
2020-04-16,『早安，新时代！』晨会早读2020/04/16:今日关注：比亚迪、晶澳科技、深信服、元隆雅图,『早安，新时代！』晨会早读2020/04/16:今日关注：比亚迪、晶澳科技、深信服、元隆雅图
2020-04-16,【新时代电新 开文明团队】比亚迪：开放序幕正式拉开，无限潜力有序释放,【新时代电新 开文明团队】比亚迪：开放序幕正式拉开，无限潜力有序释放
2020-04-16,锂电池板块异动 宁德时代、比亚迪等拉升,锂电池板块异动 宁德时代、比亚迪等拉升
2020-04-16,科创板早报|苹果发布新款iPhoneSE国行版3299元起国产手机品牌遭集体砍单,科创板早报|苹果发布新款iPhoneSE国行版3299元起国产手机品牌遭集体砍单
2020-04-16,纳尔股份竞价涨停,纳尔股份竞价涨停
2020-04-16,90股昨日获机构买入评级,90股昨日获机构买入评级
2020-04-16,A股早报2020年4月16日星期四,A股早报2020年4月16日星期四
2020-04-16,特斯拉、大众、戴姆勒纷纷抢滩 车企自建电池工厂为哪般？,特斯拉、大众、戴姆勒纷纷抢滩 车企自建电池工厂为哪般？
2020-04-16,【3月乘用车量-库-价深度】戛然而止后重新步入复苏之路,【3月乘用车量-库-价深度】戛然而止后重新步入复苏之路
2020-04-17,宁德时代都3000亿了，为什么电机电控还没跑出一家大公司？,宁德时代都3000亿了，为什么电机电控还没跑出一家大公司？
2020-04-17,3月驱动电机排行榜：比亚迪第一、特斯拉第二、北汽新能源第三,3月驱动电机排行榜：比亚迪第一、特斯拉第二、北汽新能源第三
2020-04-17,3月动力电池排行榜：同比降幅收窄，三强格局初显,3月动力电池排行榜：同比降幅收窄，三强格局初显
2020-04-17,车企失利主战场，内部重组寻找新机遇？,车企失利主战场，内部重组寻找新机遇？
2020-04-17,核心技术是动力电池领头企业独占鳌头的关键因素,核心技术是动力电池领头企业独占鳌头的关键因素
2020-04-17,吉利长城比亚迪正面PK：民营车企谁最能打？,吉利长城比亚迪正面PK：民营车企谁最能打？
2020-04-17,港股公告精选：山东黄金预计一季度净利增长40%至68%,港股公告精选：山东黄金预计一季度净利增长40%至68%
2020-04-18,中国动力电池行业三巨头领衔格局初现,中国动力电池行业三巨头领衔格局初现
2020-04-19,小智一周要闻|智能网联汽车标准加快制定 比亚迪重组半导体业务,小智一周要闻|智能网联汽车标准加快制定 比亚迪重组半导体业务
2020-04-19,业绩暴跌、主业不振，比亚迪想靠芯片“恰饭”？ 盈利能力下降,业绩暴跌、主业不振，比亚迪想靠芯片“恰饭”？ 盈利能力下降
2020-04-19,新能源相关公司迎利好股价上涨，一周55家汽车股市值回升约800亿元,新能源相关公司迎利好股价上涨，一周55家汽车股市值回升约800亿元
2020-04-20,北汽蓝谷2019年净利增长逾两成，将与比亚迪、长城抱团,北汽蓝谷2019年净利增长逾两成，将与比亚迪、长城抱团
2020-04-20,最前线 | 国轩高科澄清大众收购传闻：未收到相关提案,最前线 | 国轩高科澄清大众收购传闻：未收到相关提案
2020-04-20,价格一度飙涨30倍：谁是最牛口罩概念股 这只龙头业绩暴增10倍,价格一度飙涨30倍：谁是最牛口罩概念股 这只龙头业绩暴增10倍
2020-04-20,电动化战略再提速：丰田三款纯电动车将于4月下旬上市,电动化战略再提速：丰田三款纯电动车将于4月下旬上市
2020-04-20,日产1500万只！比亚迪口罩出口美国加州 拿下10亿美元巨额订单,日产1500万只！比亚迪口罩出口美国加州 拿下10亿美元巨额订单
2020-04-20,比亚迪(01211-HK)延长疫情防控债簿记建档时间,比亚迪(01211-HK)延长疫情防控债簿记建档时间
2020-04-20,比亚迪将推汉DM运动版 百公里1.4升油 或20万起,比亚迪将推汉DM运动版 百公里1.4升油 或20万起
2020-04-20,预计29万起！比亚迪汉正式开启预定：首搭刀片电池,预计29万起！比亚迪汉正式开启预定：首搭刀片电池
2020-04-20,动力电池Q1跌幅：宁德时代“腰斩”，比亚迪同比跌幅超70%,动力电池Q1跌幅：宁德时代“腰斩”，比亚迪同比跌幅超70%
2020-04-20,起底2019动力电池业：装车量大幅增长 头部企业成色足,起底2019动力电池业：装车量大幅增长 头部企业成色足
2020-04-20,4.7s破百！比亚迪汉DM现身工信部：“龙脸”确认,4.7s破百！比亚迪汉DM现身工信部：“龙脸”确认
2020-04-20,引领动力电池安全走向新高度,引领动力电池安全走向新高度
2020-04-20,电池产业洗牌加剧，头部企业盯上电动船舶市场,电池产业洗牌加剧，头部企业盯上电动船舶市场
2020-04-20,3月车市同比下降了40.4%，但这九款车却逆势上扬,3月车市同比下降了40.4%，但这九款车却逆势上扬
2020-04-21,抄袭比亚迪？宝马全新“旋转屏”专利曝光 诉讼纠纷,抄袭比亚迪？宝马全新“旋转屏”专利曝光 诉讼纠纷
2020-04-21,单挑比亚迪+宁德时代？大众52亿入股中国第三大电池厂,单挑比亚迪+宁德时代？大众52亿入股中国第三大电池厂
2020-04-21,宁德时代下滑，比亚迪下滑72%，LG化学增长100多倍？,宁德时代下滑，比亚迪下滑72%，LG化学增长100多倍？
2020-04-21,比亚迪：2019年净利润同比减少41.93% 盈利能力下降,比亚迪：2019年净利润同比减少41.93% 盈利能力下降
2020-04-21,传比亚迪停缴4-6月住房公积金 回应：按政策实施,传比亚迪停缴4-6月住房公积金 回应：按政策实施
2020-04-21,比亚迪：使用不超过10亿元自有资金进行风险投资 运营能力下降,比亚迪：使用不超过10亿元自有资金进行风险投资 运营能力下降
2020-04-21,比亚迪（01211）发布2019年报 营收1277.39亿 对外开放战略升级,比亚迪（01211）发布2019年报 营收1277.39亿 对外开放战略升级
2020-04-21,比亚迪：2019年净利16.14亿元 同比降42% 盈利能力下降,比亚迪：2019年净利16.14亿元 同比降42% 盈利能力下降
2020-04-21,比亚迪(002594.SZ)2019年度净利润降41.93%至16.14亿元拟10派0.6元 盈利能力下降,比亚迪(002594.SZ)2019年度净利润降41.93%至16.14亿元拟10派0.6元 盈利能力下降
2020-04-21,比亚迪口罩日产能达2000万只，每一秒生产231只,比亚迪口罩日产能达2000万只，每一秒生产231只
2020-04-21,比亚迪：2019年净利润同比下降41.93% 拟10派0.6元 盈利能力下降,比亚迪：2019年净利润同比下降41.93% 拟10派0.6元 盈利能力下降
2020-04-21,比亚迪(002594.SZ)：拟使用不超10亿元自有资金用于风险投资,比亚迪(002594.SZ)：拟使用不超10亿元自有资金用于风险投资
2020-04-21,比亚迪(002594.SZ)：决定新增发行本金不超500亿元的境内外债务融资工具事宜,比亚迪(002594.SZ)：决定新增发行本金不超500亿元的境内外债务融资工具事宜
2020-04-21,比亚迪新能源汽车销量下滑12% 多元布局何时见硕果？ 盈利能力下降,比亚迪新能源汽车销量下滑12% 多元布局何时见硕果？ 盈利能力下降
2020-04-21,比亚迪新能源汽车销量下滑7% 多元布局何时见硕果？ 盈利能力下降,比亚迪新能源汽车销量下滑7% 多元布局何时见硕果？ 盈利能力下降
2020-04-21,北汽ARCFOX年内推两款新车 首款车竞争比亚迪唐,北汽ARCFOX年内推两款新车 首款车竞争比亚迪唐
2020-04-21,比亚迪：2019年营收1277.39亿 研发费用持续增长,比亚迪：2019年营收1277.39亿 研发费用持续增长
2020-04-21,港股收盘：恒指收跌超2% 香港第一季度失业率攀升至九年新高,港股收盘：恒指收跌超2% 香港第一季度失业率攀升至九年新高
2020-04-21,比亚迪拿下美国加州10亿美元口罩订单 供应将持续到6月底,比亚迪拿下美国加州10亿美元口罩订单 供应将持续到6月底
2020-04-21,比亚迪AH股齐跌 比亚迪H股大跌逾6% 连续下跌,比亚迪AH股齐跌 比亚迪H股大跌逾6% 连续下跌
2020-04-21,《财富》发布全球最伟大25名抗疫领袖：马云、比尔盖茨入选,《财富》发布全球最伟大25名抗疫领袖：马云、比尔盖茨入选
2020-04-21,卫星互联网列入新基建内容 五股有掘金机会,卫星互联网列入新基建内容 五股有掘金机会
2020-04-21,比亚迪汉开启预订 有望6月份正式上市,比亚迪汉开启预订 有望6月份正式上市
2020-04-21,比亚迪：2020公司债券（第一期）票面利率定为3.56%,比亚迪：2020公司债券（第一期）票面利率定为3.56%
2020-04-21,头部电池企业近期动作频频 核心技术是拉开差距主因,头部电池企业近期动作频频 核心技术是拉开差距主因
2020-04-21,比亚迪口罩获得美国加州10亿美元订单,比亚迪口罩获得美国加州10亿美元订单
2020-04-21,比亚迪跌近5% 主动卖盘59%,比亚迪跌近5% 主动卖盘59%
2020-04-21,比亚迪刀片电池“尝鲜”三层共挤隔膜,比亚迪刀片电池“尝鲜”三层共挤隔膜
2020-04-21,2020年全球新能源汽车市场发展现状及前景分析 特斯拉龙头地位短期内较为稳固,2020年全球新能源汽车市场发展现状及前景分析 特斯拉龙头地位短期内较为稳固
2020-04-21,比亚迪半导体刺痛了谁的芯？,比亚迪半导体刺痛了谁的芯？
2020-04-21,网传比亚迪4-6月停缴住房公积金 员工：后面会补交,网传比亚迪4-6月停缴住房公积金 员工：后面会补交
2020-04-21,网传比亚迪4-6月停缴住房公积金，员工：后面会补交,网传比亚迪4-6月停缴住房公积金，员工：后面会补交
2020-04-21,比亚迪(1211.HK)大跌近7% 网传比亚迪4-6月停缴住房公积金 连续下跌,比亚迪(1211.HK)大跌近7% 网传比亚迪4-6月停缴住房公积金 连续下跌
2020-04-21,比亚迪拿下美国加州10亿美元口罩订单,比亚迪拿下美国加州10亿美元口罩订单
2020-04-21,比亚迪股份大跌近7%，网传比亚迪4-6月停缴住房公积金,比亚迪股份大跌近7%，网传比亚迪4-6月停缴住房公积金
2020-04-21,《财富》发布全球最伟大25名抗疫领袖：马云盖茨入选,《财富》发布全球最伟大25名抗疫领袖：马云盖茨入选
2020-04-21,汽车股随市急跌 吉利汽车及比亚迪齐跌逾4%,汽车股随市急跌 吉利汽车及比亚迪齐跌逾4%
2020-04-21,网传比亚迪4-6月停缴住房公积金 比亚迪H股大跌逾6% 连续下跌,网传比亚迪4-6月停缴住房公积金 比亚迪H股大跌逾6% 连续下跌
2020-04-22,亚太股市涨跌互现 油价下跌影响几何？|亚太市场,亚太股市涨跌互现 油价下跌影响几何？|亚太市场
2020-04-22,大幅上调目标价策略（4月22日）,大幅上调目标价策略（4月22日）
2020-04-22,国产汽车芯片突围海外垄断：这家全球第二大代工厂的芯片公司估值300亿,国产汽车芯片突围海外垄断：这家全球第二大代工厂的芯片公司估值300亿
2020-04-22,比亚迪确认：刀片电池首发搭载比亚迪汉EV,比亚迪确认：刀片电池首发搭载比亚迪汉EV
2020-04-22,收评：三大指数低开高走沪指涨0.6% 农业股迎涨停潮,收评：三大指数低开高走沪指涨0.6% 农业股迎涨停潮
2020-04-22,没车可选的“真空地带”：30万元买电动车，只有特斯拉可选？,没车可选的“真空地带”：30万元买电动车，只有特斯拉可选？
2020-04-22,比亚迪2019年利润暴跌42% NEV补贴退坡及排放新规使需求受冲击 盈利能力下降,比亚迪2019年利润暴跌42% NEV补贴退坡及排放新规使需求受冲击 盈利能力下降
2020-04-22,王传福卸任长沙比亚迪法人并退出高管名单 董监高成员变化,王传福卸任长沙比亚迪法人并退出高管名单 董监高成员变化
2020-04-22,比亚迪：刀片电池首发搭载汉EV，其他车型暂无计划,比亚迪：刀片电池首发搭载汉EV，其他车型暂无计划
2020-04-22,特斯拉被诉遭索赔20亿美元丨唱吧精灵麦克风Q3发布【Do说】 诉讼纠纷,特斯拉被诉遭索赔20亿美元丨唱吧精灵麦克风Q3发布【Do说】 诉讼纠纷
2020-04-22,大众汽车再传“绯闻”：或52亿入股国轩高科 后者老板曾是安徽首富,大众汽车再传“绯闻”：或52亿入股国轩高科 后者老板曾是安徽首富
2020-04-22,“最强跨界”再获巨额订单！“副业”竟比“主业”强？比亚迪内外双双得意,“最强跨界”再获巨额订单！“副业”竟比“主业”强？比亚迪内外双双得意
2020-04-22,港股收盘：阿里健康大涨10% 平安好医生创新高,港股收盘：阿里健康大涨10% 平安好医生创新高
2020-04-22,能量密度提升50%！比亚迪：今明两年所有车型均搭刀片电池,能量密度提升50%！比亚迪：今明两年所有车型均搭刀片电池
2020-04-22,比亚迪(002594.SZ)完成发行20亿元公司债券(疫情防控债),比亚迪(002594.SZ)完成发行20亿元公司债券(疫情防控债)
2020-04-22,“英特尔牌”汽车超5000万辆，全球汽车芯片战争已经打响,“英特尔牌”汽车超5000万辆，全球汽车芯片战争已经打响
2020-04-22,鹰眼预警：比亚迪营收净利润双降 短债偿付存压 盈利能力下降,鹰眼预警：比亚迪营收净利润双降 短债偿付存压 盈利能力下降
2020-04-22,“危机、病菌与补贴退坡”或将成为比亚迪发展的新契机,“危机、病菌与补贴退坡”或将成为比亚迪发展的新契机
2020-04-22,拆财报丨比亚迪2019年扣非净利不足3亿，政府补贴超14亿,拆财报丨比亚迪2019年扣非净利不足3亿，政府补贴超14亿
2020-04-22,比亚迪公布DiLink 3.0系统全新UI设计,比亚迪公布DiLink 3.0系统全新UI设计
2020-04-22,王传福入选全球最伟大抗疫领袖，他和比亚迪究竟做了什么？,王传福入选全球最伟大抗疫领袖，他和比亚迪究竟做了什么？
2020-04-22,比亚迪2019年营收1277.39亿 研发投入持续增加,比亚迪2019年营收1277.39亿 研发投入持续增加
2020-04-22,【安信汽车】比亚迪：中期业绩预告超预期，强大的执行力是根本,【安信汽车】比亚迪：中期业绩预告超预期，强大的执行力是根本
2020-04-22,【华创汽车】比亚迪：2019年汽车业务受行业影响，其它业务保持高增速,【华创汽车】比亚迪：2019年汽车业务受行业影响，其它业务保持高增速
2020-04-22,比亚迪(01211-HK)去年纯利16.14亿人民币跌41.9%末期息6分 盈利能力下降,比亚迪(01211-HK)去年纯利16.14亿人民币跌41.9%末期息6分 盈利能力下降
2020-04-22,获美国FDA授权 比亚迪口罩加速出海,获美国FDA授权 比亚迪口罩加速出海
2020-04-22,比亚迪2019年营收基本持平 顺势而为持续加码新能源,比亚迪2019年营收基本持平 顺势而为持续加码新能源
2020-04-22,早讯丨美股大型科技股盘前多数下跌；2020年迪拜世博会延期一年,早讯丨美股大型科技股盘前多数下跌；2020年迪拜世博会延期一年
2020-04-22,大众拟收购国轩高科30%股份？深交所闪电关注 后者称不清楚 关注函,大众拟收购国轩高科30%股份？深交所闪电关注 后者称不清楚 关注函
2020-04-22,比亚迪2019年营收超1277亿元 同比微降 研发费用增长12%,比亚迪2019年营收超1277亿元 同比微降 研发费用增长12%
2020-04-22,傅鹏博、刘格菘、萧楠等八大明星基金经理重仓股曝光,傅鹏博、刘格菘、萧楠等八大明星基金经理重仓股曝光
2020-04-22,比亚迪口罩获美国FDA授权，可在美国市场销售,比亚迪口罩获美国FDA授权，可在美国市场销售
2020-04-22,22日公司新闻聚焦：贵州茅台拟10派170.25元 比亚迪口罩加速出海,22日公司新闻聚焦：贵州茅台拟10派170.25元 比亚迪口罩加速出海
2020-04-22,跨国车企首次并购中国动力电池企业，大众52亿进军全球最大市场,跨国车企首次并购中国动力电池企业，大众52亿进军全球最大市场
2020-04-22,比亚迪2020、2021年新车型产品将全部装载刀片电池,比亚迪2020、2021年新车型产品将全部装载刀片电池
2020-04-22,比亚迪2019年营收1277.39亿元 净利润16.14亿元,比亚迪2019年营收1277.39亿元 净利润16.14亿元
2020-04-22,净利润同比下滑42%，年销量目标仅完成7成：比亚迪的2019年有点难 盈利能力下降,净利润同比下滑42%，年销量目标仅完成7成：比亚迪的2019年有点难 盈利能力下降
2020-04-22,比亚迪净利连续3年下滑，2019年营收约1277.39亿 盈利能力下降,比亚迪净利连续3年下滑，2019年营收约1277.39亿 盈利能力下降
2020-04-22,每秒产231只！比亚迪口罩日产能已达2000万只 成全球最大厂商,每秒产231只！比亚迪口罩日产能已达2000万只 成全球最大厂商
2020-04-22,比亚迪2019年营收1277.39亿元 累计已交付超750MWh储能项目,比亚迪2019年营收1277.39亿元 累计已交付超750MWh储能项目
2020-04-22,比亚迪的危与机：疫情来袭停缴员工公积金，拆分业务线觅翻盘良机,比亚迪的危与机：疫情来袭停缴员工公积金，拆分业务线觅翻盘良机
2020-04-22,安全性是先进性的前提 新能源汽车电池升级“在路上”,安全性是先进性的前提 新能源汽车电池升级“在路上”
2020-04-22,比亚迪：2019年全年实现营收1277.39亿元 同比下降1.78% 盈利能力下降,比亚迪：2019年全年实现营收1277.39亿元 同比下降1.78% 盈利能力下降
2020-04-22,比亚迪2019年净利16亿下滑四成 收政府补助近15亿 盈利能力下降,比亚迪2019年净利16亿下滑四成 收政府补助近15亿 盈利能力下降
2020-04-22,比亚迪去年盈利同比跌42%，投入研发超56亿元 盈利能力下降,比亚迪去年盈利同比跌42%，投入研发超56亿元 盈利能力下降
2020-04-22,北汽高端纯电SUV售28万元起 续航远超比亚迪唐,北汽高端纯电SUV售28万元起 续航远超比亚迪唐
2020-04-23,江淮大众大5座SUV将投产 尺寸超比亚迪宋Pro,江淮大众大5座SUV将投产 尺寸超比亚迪宋Pro
2020-04-23,比亚迪：拟与“日野”合作开发纯电动商用车,比亚迪：拟与“日野”合作开发纯电动商用车
2020-04-23,大和：比亚迪(1211.HK)来年推出新车型料可刺激电动车增长,大和：比亚迪(1211.HK)来年推出新车型料可刺激电动车增长
2020-04-23,『早安，新时代！』晨会早读2020/04/23:今日关注：涪陵榨菜、比亚迪、利尔化学、新华网,『早安，新时代！』晨会早读2020/04/23:今日关注：涪陵榨菜、比亚迪、利尔化学、新华网
2020-04-23,【汽车】比亚迪:短期业绩承压，政策有望促进销量及盈利提升,【汽车】比亚迪:短期业绩承压，政策有望促进销量及盈利提升
2020-04-23,IGBT市场巨头林立 比亚迪半导体突围不易,IGBT市场巨头林立 比亚迪半导体突围不易
2020-04-23,晚间要闻2020年4月23日星期四,晚间要闻2020年4月23日星期四
2020-04-23,比亚迪和日野签署战略协议,比亚迪和日野签署战略协议
2020-04-23,创投日报 |「中科新生命」获近2亿元A轮融资，「清听声学」完成数千万元A+轮融资，以及今天值得关注的早期项目,创投日报 |「中科新生命」获近2亿元A轮融资，「清听声学」完成数千万元A+轮融资，以及今天值得关注的早期项目
2020-04-23,澄清大众入股传闻，股价跌停 国轩高科：与大众在多方面探讨战略合作可能性,澄清大众入股传闻，股价跌停 国轩高科：与大众在多方面探讨战略合作可能性
2020-04-23,【东吴电新】比亚迪：半导体引入战投，业务拆分再提速,【东吴电新】比亚迪：半导体引入战投，业务拆分再提速
2020-04-23,格隆汇港股聚焦(4.23)︱中国人寿一季度净利下降34% 比亚迪与日野合作开发纯电动商用车,格隆汇港股聚焦(4.23)︱中国人寿一季度净利下降34% 比亚迪与日野合作开发纯电动商用车
2020-04-23,新能源汽车补贴期限延长2年 或倒逼特斯拉降价,新能源汽车补贴期限延长2年 或倒逼特斯拉降价
2020-04-23,晚间重要公告2020年4月23日星期四,晚间重要公告2020年4月23日星期四
2020-04-23,腾势汽车连亏9年仍在烧钱 比亚迪投资亏损超23亿元 投资失误,腾势汽车连亏9年仍在烧钱 比亚迪投资亏损超23亿元 投资失误
2020-04-23,重磅！新能源汽车补贴期限延长！仅限30万元以下车型，特斯拉要继续降价？,重磅！新能源汽车补贴期限延长！仅限30万元以下车型，特斯拉要继续降价？
2020-04-23,【东吴七点半】市场缩量低开高走，农业板块再度升温（4.23）,【东吴七点半】市场缩量低开高走，农业板块再度升温（4.23）
2020-04-23,国轩澄清大众入股传闻、三部委明确新能源车免购置税,国轩澄清大众入股传闻、三部委明确新能源车免购置税
2020-04-23,比亚迪成全球最大口罩生产商 每秒产231只！,比亚迪成全球最大口罩生产商 每秒产231只！
2020-04-23,国轩高科回应大众52亿元入股传闻：尚未达成一致意见,国轩高科回应大众52亿元入股传闻：尚未达成一致意见
2020-04-23,新能源乘用车3月产量排行：整体市场回温，比亚迪、特斯拉双双破万,新能源乘用车3月产量排行：整体市场回温，比亚迪、特斯拉双双破万
2020-04-23,比亚迪业绩三连降 投资腾势汽车9年亏23亿 盈利能力下降,比亚迪业绩三连降 投资腾势汽车9年亏23亿 盈利能力下降
2020-04-23,比亚迪: 业绩符合预期，半导体拟引入战投,比亚迪: 业绩符合预期，半导体拟引入战投
2020-04-23,比亚迪新能源汽车销量微降 多元布局期待成果 盈利能力下降,比亚迪新能源汽车销量微降 多元布局期待成果 盈利能力下降
2020-04-23,最前线｜比亚迪：短期业绩承压，供应链加速开放 盈利能力下降,最前线｜比亚迪：短期业绩承压，供应链加速开放 盈利能力下降
2020-04-23,比亚迪2019年营收净利双降：汽车收入下滑17%，新能源车市占率仍居行业首位 盈利能力下降,比亚迪2019年营收净利双降：汽车收入下滑17%，新能源车市占率仍居行业首位 盈利能力下降
2020-04-23,特斯拉公布了4组自动驾驶相关数据，这道护城河算是稳了,特斯拉公布了4组自动驾驶相关数据，这道护城河算是稳了
2020-04-23,52亿元，大众成为国轩高科第一大股东? 控制人变化,52亿元，大众成为国轩高科第一大股东? 控制人变化
2020-04-23,特斯拉被诉设计侵权遭索赔20亿；大众52.4亿收购国轩高科30%股份？ 诉讼纠纷,特斯拉被诉设计侵权遭索赔20亿；大众52.4亿收购国轩高科30%股份？ 诉讼纠纷
2020-04-23,[路演]丰元股份：正极材料产品已向比亚迪送样检测,[路演]丰元股份：正极材料产品已向比亚迪送样检测
2020-04-23,【中银电新&汽车&机械】新能源汽车行业2020年中期策略：乘风破浪的新能源汽车,【中银电新&汽车&机械】新能源汽车行业2020年中期策略：乘风破浪的新能源汽车
2020-04-23,瑞虎e、比亚迪元EV：谁才是10万级纯电SUV的超值之选？,瑞虎e、比亚迪元EV：谁才是10万级纯电SUV的超值之选？
2020-04-23,巨头加持充电桩：四大阵营竞逐赛道,巨头加持充电桩：四大阵营竞逐赛道
2020-04-23,动力电池一季度装机量腰斩，企业各寻突围路径,动力电池一季度装机量腰斩，企业各寻突围路径
2020-04-24,疫情后的合作风潮 车企抱团取暖成主流,疫情后的合作风潮 车企抱团取暖成主流
2020-04-24,新能源补贴政策落地 电动车板块迎来边际改善,新能源补贴政策落地 电动车板块迎来边际改善
2020-04-24,美港电讯独家|一周港股财报预告下周港股财报季将进入重头戏，“五大行”、比亚迪、万科、中石油及各大券商龙头企业将陆续公布财报,美港电讯独家|一周港股财报预告下周港股财报季将进入重头戏，“五大行”、比亚迪、万科、中石油及各大券商龙头企业将陆续公布财报
2020-04-24,比亚迪汉EV入选 第31批免购置税目录,比亚迪汉EV入选 第31批免购置税目录
2020-04-24,继丰田后比亚迪又与日本最大商用车企签约共同造电动车,继丰田后比亚迪又与日本最大商用车企签约共同造电动车
2020-04-24,国产功率器件迈向高端 自主品牌百花齐放,国产功率器件迈向高端 自主品牌百花齐放
2020-04-24,特斯拉宣布涨价！A股汽车板块早盘表现活跃，可以抄底了？,特斯拉宣布涨价！A股汽车板块早盘表现活跃，可以抄底了？
2020-04-24,诺德股份8亿收购案调查：未披露关联关系，收购标的疑为实控人“白手套” 关联方问题,诺德股份8亿收购案调查：未披露关联关系，收购标的疑为实控人“白手套” 关联方问题
2020-04-24,再签新约 比亚迪将与丰田子公司造新车,再签新约 比亚迪将与丰田子公司造新车
2020-04-24,深度：特斯拉将在中国市场实现对燃油车的降维打击 | 兴证电新（曾英捷 朱玥）,深度：特斯拉将在中国市场实现对燃油车的降维打击 | 兴证电新（曾英捷 朱玥）
2020-04-24,2020年中国新能源汽车行业补贴新规分析 首次设置补贴数量上限、换电模式迎来利好,2020年中国新能源汽车行业补贴新规分析 首次设置补贴数量上限、换电模式迎来利好
2020-04-24,重磅！新能源汽车补贴期限延长2年 30万元上限利好自主品牌 或倒逼特斯拉降价,重磅！新能源汽车补贴期限延长2年 30万元上限利好自主品牌 或倒逼特斯拉降价
2020-04-24,新能源汽车补贴新规发布：明确30万元售价门槛首次设置年度补贴数量上限,新能源汽车补贴新规发布：明确30万元售价门槛首次设置年度补贴数量上限
2020-04-24,动力电池装机量腰斩 行业洗牌延迟 行业恶化,动力电池装机量腰斩 行业洗牌延迟 行业恶化
2020-04-24,动力电池陷入低谷 行业格局重塑,动力电池陷入低谷 行业格局重塑
2020-04-24,比亚迪宋Pro成车市“逆行者” 3月份销量破万,比亚迪宋Pro成车市“逆行者” 3月份销量破万
2020-04-24,比亚迪和日野达成合作，聚焦发展纯电动商用车,比亚迪和日野达成合作，聚焦发展纯电动商用车
2020-04-24,国泰君安中小盘·重点推荐信息更新【湘潭电化（002125）：业绩符合预期，刀片电池革新推动LFP正极材料逆袭】,国泰君安中小盘·重点推荐信息更新【湘潭电化（002125）：业绩符合预期，刀片电池革新推动LFP正极材料逆袭】
2020-04-24,动力电池企业销售收入下降 海外企业冲击逐步显现 盈利能力下降,动力电池企业销售收入下降 海外企业冲击逐步显现 盈利能力下降
2020-04-25,新能源汽车补贴新政：30万元价格门槛狙击了谁？,新能源汽车补贴新政：30万元价格门槛狙击了谁？
2020-04-25,比亚迪DiLink 3.0 UI界面曝光 以行云流水为主题,比亚迪DiLink 3.0 UI界面曝光 以行云流水为主题
2020-04-25,中国新能源汽车加速熄火,中国新能源汽车加速熄火
2020-04-25,比亚迪翻身要靠刀片电池新能源车,比亚迪翻身要靠刀片电池新能源车
2020-04-25,一季度深圳写字楼空置率24.6%再创新高，谁在撤离？,一季度深圳写字楼空置率24.6%再创新高，谁在撤离？
2020-04-26,传统车企的电动化之路好不好走？,传统车企的电动化之路好不好走？
2020-04-26,比亚迪汉将搭载DiLink 3.0系统 界面美且更智能,比亚迪汉将搭载DiLink 3.0系统 界面美且更智能
2020-04-26,特斯拉产销量快速上涨来势汹汹 国内新能源销冠更迭恐更激烈,特斯拉产销量快速上涨来势汹汹 国内新能源销冠更迭恐更激烈
2020-04-26,比亚迪汉开启预订 搭载“刀片电池”,比亚迪汉开启预订 搭载“刀片电池”
2020-04-26,车圈|搭载“刀片电池” 比亚迪汉全面开启预定,车圈|搭载“刀片电池” 比亚迪汉全面开启预定
2020-04-26,政策点评 | 《关于完善新能源汽车推广应用财政补贴政策的通知》：政策导向以“稳”为主，行业盈利压力将有所减缓,政策点评 | 《关于完善新能源汽车推广应用财政补贴政策的通知》：政策导向以“稳”为主，行业盈利压力将有所减缓
2020-04-27,“充电桩”狂想曲：这个“新基建”重燃的新风口为什么这么火？,“充电桩”狂想曲：这个“新基建”重燃的新风口为什么这么火？
2020-04-27,小鹏P7，值得期待,小鹏P7，值得期待
2020-04-27,新能源车电池要“退休返聘”,新能源车电池要“退休返聘”
2020-04-27,第31批新能源车免购置税目录发布比亚迪汉等车型入选,第31批新能源车免购置税目录发布比亚迪汉等车型入选
2020-04-27,日本强征高价口罩 日本疫情最新消息今天 现在日本口罩日产量多少？,日本强征高价口罩 日本疫情最新消息今天 现在日本口罩日产量多少？
2020-04-27,给力政策频出 新能源车企如何绝地反击,给力政策频出 新能源车企如何绝地反击
2020-04-27,预计29万起！比亚迪汉正式开启预定：首搭刀片电池,预计29万起！比亚迪汉正式开启预定：首搭刀片电池
2020-04-27,【安信汽车】2020Q1基金重仓汽车比例下降，整车更受偏好,【安信汽车】2020Q1基金重仓汽车比例下降，整车更受偏好
2020-04-27,车企营销费用排行榜：大众能顶12个丰田,车企营销费用排行榜：大众能顶12个丰田
2020-04-27,银联新能源汽车无感充电业务正式上线,银联新能源汽车无感充电业务正式上线
2020-04-28,比亚迪：上半年预计净利润同比增长10.0%~23.75%,比亚迪：上半年预计净利润同比增长10.0%~23.75%
2020-04-28,动力电池行业疲软 头部企业仍加码研发,动力电池行业疲软 头部企业仍加码研发
2020-04-28,比亚迪股份(01211)收到关于2020年非公开发行可交换公司债券符合深交所转让条件的无异议函 资产异常,比亚迪股份(01211)收到关于2020年非公开发行可交换公司债券符合深交所转让条件的无异议函 资产异常
2020-04-28,比亚迪汉将采用全新智能驾驶辅助系统DiPilot,比亚迪汉将采用全新智能驾驶辅助系统DiPilot
2020-04-28,比亚迪一季报：营收净利同比下滑 预计2季度走出谷底 盈利能力下降,比亚迪一季报：营收净利同比下滑 预计2季度走出谷底 盈利能力下降
2020-04-28,比亚迪：一季度营收196.8亿元，同比下降35.06% 盈利能力下降,比亚迪：一季度营收196.8亿元，同比下降35.06% 盈利能力下降
2020-04-28,业绩快报 | 新能源全车销量大幅下滑，比亚迪一季度净利润同比下降85%,业绩快报 | 新能源全车销量大幅下滑，比亚迪一季度净利润同比下降85%
2020-04-28,比亚迪一季度业绩出炉 现金流持续优化,比亚迪一季度业绩出炉 现金流持续优化
2020-04-28,比亚迪一季报：净利润1.13亿元 同比下滑84.98% 盈利能力下降,比亚迪一季报：净利润1.13亿元 同比下滑84.98% 盈利能力下降
2020-04-28,比亚迪(002594.SZ)一季度净利润降84.98%至1.13亿元 盈利能力下降,比亚迪(002594.SZ)一季度净利润降84.98%至1.13亿元 盈利能力下降
2020-04-28,比亚迪：一季度实现净利润同比下降84.98% 盈利能力下降,比亚迪：一季度实现净利润同比下降84.98% 盈利能力下降
2020-04-28,吉利豪越对比比亚迪唐 15万七座SUV买谁值？,吉利豪越对比比亚迪唐 15万七座SUV买谁值？
2020-04-28,比亚迪：预计上半年净利润16亿-18亿元，同比增长10%-23.75%,比亚迪：预计上半年净利润16亿-18亿元，同比增长10%-23.75%
2020-04-28,比亚迪：一季度净利润1.23亿元 同比下降85% 盈利能力下降,比亚迪：一季度净利润1.23亿元 同比下降85% 盈利能力下降
2020-04-28,调查北京新能源汽车市场：号牌租赁产业渐成规模,调查北京新能源汽车市场：号牌租赁产业渐成规模
2020-04-28,车企营销排行：大众集团近1800亿获榜首,车企营销排行：大众集团近1800亿获榜首
2020-04-28,新能源汽车装机量大降 宁德时代一季度净利下降29.14% 盈利能力下降,新能源汽车装机量大降 宁德时代一季度净利下降29.14% 盈利能力下降
2020-04-28,100-0km/h制动32.8米 比亚迪汉EV新消息,100-0km/h制动32.8米 比亚迪汉EV新消息
2020-04-28,比亚迪成全球最大口罩厂，车企为啥能迅速转产口罩？,比亚迪成全球最大口罩厂，车企为啥能迅速转产口罩？
2020-04-28,比亚迪汉EV更多性能信息曝光：麋鹿测试80km/h+还很稳,比亚迪汉EV更多性能信息曝光：麋鹿测试80km/h+还很稳
2020-04-28,比亚迪推秦Pro超越版 4月30日开启预定,比亚迪推秦Pro超越版 4月30日开启预定
2020-04-28,年中观汽车 | 下半年汽车销量降幅将环比收窄，尾部车企将加速淘汰,年中观汽车 | 下半年汽车销量降幅将环比收窄，尾部车企将加速淘汰
2020-04-28,比亚迪：一季度净利润同比减少84.98% 盈利能力下降,比亚迪：一季度净利润同比减少84.98% 盈利能力下降
2020-04-28,比亚迪：一季度净利润同比下滑84.98% 盈利能力下降,比亚迪：一季度净利润同比下滑84.98% 盈利能力下降
2020-04-28,智能电动车角逐进入“轿车时代”，小鹏P7正面对抗特斯拉,智能电动车角逐进入“轿车时代”，小鹏P7正面对抗特斯拉
2020-04-29,比亚迪：无惧短期压力，全新电池及车型整装待发【太平洋汽车白宇团队】一季报点评,比亚迪：无惧短期压力，全新电池及车型整装待发【太平洋汽车白宇团队】一季报点评
2020-04-29,美银证券：上调比亚迪(1211.HK)目标价至48港元 次季盈利料改善,美银证券：上调比亚迪(1211.HK)目标价至48港元 次季盈利料改善
2020-04-29,港股午评|恒指高开后回软，比亚迪涨超7%，「ATM」走势分化,港股午评|恒指高开后回软，比亚迪涨超7%，「ATM」走势分化
2020-04-29,比亚迪正式发布刀片电池 王传福: 将改变行业对三元锂电池的依赖,比亚迪正式发布刀片电池 王传福: 将改变行业对三元锂电池的依赖
2020-04-29,比亚迪8英寸新能源汽车电子芯片生产线正式动工,比亚迪8英寸新能源汽车电子芯片生产线正式动工
2020-04-29,一季度净利下滑85%，但“五连跌”的比亚迪仍被看好 盈利能力下降,一季度净利下滑85%，但“五连跌”的比亚迪仍被看好 盈利能力下降
2020-04-29,比亚迪发布一季报营收196.79亿净利1.13亿,比亚迪发布一季报营收196.79亿净利1.13亿
2020-04-29,缩短充电时间 银联推出“无感”充电服务,缩短充电时间 银联推出“无感”充电服务
2020-04-29,比亚迪IGBT项目开工，又一“卡脖子”技术落地长沙,比亚迪IGBT项目开工，又一“卡脖子”技术落地长沙
2020-04-29,收盘：五一节前收官战恒指涨0.28% 汽车股领跑比亚迪涨7.73%,收盘：五一节前收官战恒指涨0.28% 汽车股领跑比亚迪涨7.73%
2020-04-29,[路演]美晨生态：目前公司为奇瑞、比亚迪等新能源汽车生产商供货,[路演]美晨生态：目前公司为奇瑞、比亚迪等新能源汽车生产商供货
2020-04-29,港股复盘：碧桂园服务动作频频，下半年有大茶饭？,港股复盘：碧桂园服务动作频频，下半年有大茶饭？
2020-04-29,预售价或29万起步，比亚迪汉有几成胜算？,预售价或29万起步，比亚迪汉有几成胜算？
2020-04-29,[路演]当升科技：预计2020年向比亚迪销售商品2.3亿元,[路演]当升科技：预计2020年向比亚迪销售商品2.3亿元
2020-04-29,比亚迪系受捧，比亚迪电子购19599大涨240％,比亚迪系受捧，比亚迪电子购19599大涨240％
2020-04-29,【安信汽车】比亚迪：全面发力海外市场，新订单捷报频传,【安信汽车】比亚迪：全面发力海外市场，新订单捷报频传
2020-04-29,花旗：上调比亚迪(1211.HK)目标价至92.2港元 评级买入,花旗：上调比亚迪(1211.HK)目标价至92.2港元 评级买入
2020-04-29,靠补贴转亏为盈 比亚迪接下来怎么办？,靠补贴转亏为盈 比亚迪接下来怎么办？
2020-04-29,比亚迪上升2% 季绩逊色瑞信仍维持跑赢大市评级,比亚迪上升2% 季绩逊色瑞信仍维持跑赢大市评级
2020-04-29,异动直击|汽车股集体走强，比亚迪涨超6%、广汽涨超5%,异动直击|汽车股集体走强，比亚迪涨超6%、广汽涨超5%
2020-04-29,比亚迪IGBT项目开工，规划25万片八英寸产能,比亚迪IGBT项目开工，规划25万片八英寸产能
2020-04-29,一季度净利润跌30%，新能源电池一哥宁德时代慌不慌？ 盈利能力下降,一季度净利润跌30%，新能源电池一哥宁德时代慌不慌？ 盈利能力下降
2020-04-29,宁德时代成长的烦恼：比亚迪正面出击，松下、LG化学围攻,宁德时代成长的烦恼：比亚迪正面出击，松下、LG化学围攻
2020-04-29,自动扣费 银联推出电动车无感充电服务,自动扣费 银联推出电动车无感充电服务
2020-04-29,打出政策组合拳，稳住就业基本盘,打出政策组合拳，稳住就业基本盘
2020-04-29,上市公司正负面新闻2020年4月29日星期三,上市公司正负面新闻2020年4月29日星期三
2020-04-29,比亚迪年报解读：销量下滑拖累业绩 政府补助贡献七成利润 盈利能力下降,比亚迪年报解读：销量下滑拖累业绩 政府补助贡献七成利润 盈利能力下降
2020-04-29,将首次运用在比亚迪汉车型 比亚迪推出DiPilot驾驶辅助系统,将首次运用在比亚迪汉车型 比亚迪推出DiPilot驾驶辅助系统
2020-04-29,比亚迪(01211-HK)首季少赚85%中期料盈利增10%至23.75% 盈利能力下降,比亚迪(01211-HK)首季少赚85%中期料盈利增10%至23.75% 盈利能力下降
2020-04-29,长沙比亚迪半导体新能源汽车核心电子技术研发及产业化项目开工,长沙比亚迪半导体新能源汽车核心电子技术研发及产业化项目开工
2020-04-29,比亚迪一季度净利润1.1亿元：预计二季度走出低谷、上半年净利增长超10%,比亚迪一季度净利润1.1亿元：预计二季度走出低谷、上半年净利增长超10%
2020-04-29,比亚迪 | 2020一季报点评：新能源车业务承压 静待行业需求回暖【华西汽车 崔琰团队】,比亚迪 | 2020一季报点评：新能源车业务承压 静待行业需求回暖【华西汽车 崔琰团队】
2020-04-29,业绩高增长股名单：22股上半年净利润预计翻倍,业绩高增长股名单：22股上半年净利润预计翻倍
2020-04-29,“3个月卖出去9辆车”，汽车市场告急，金融逾期上升20%,“3个月卖出去9辆车”，汽车市场告急，金融逾期上升20%
2020-04-29,中金图说新能源汽车：一季度卖到了哪儿？,中金图说新能源汽车：一季度卖到了哪儿？
2020-04-29,比亚迪一季度净利润大跌84.98％，预计二季度将恢复增长 盈利能力下降,比亚迪一季度净利润大跌84.98％，预计二季度将恢复增长 盈利能力下降
2020-04-29,美国也推新基建：1500亿美元投资电动化，对垒中国40万亿计划,美国也推新基建：1500亿美元投资电动化，对垒中国40万亿计划
2020-04-29,花旗：上调比亚迪A+H股目标价,花旗：上调比亚迪A+H股目标价
2020-04-30,【中金汽车】1Q20公募基金持仓分析：加仓新能源，重卡零部件存在获利了结,【中金汽车】1Q20公募基金持仓分析：加仓新能源，重卡零部件存在获利了结
2020-04-30,深企比亚迪口罩随“健康包”走进50国和地区,深企比亚迪口罩随“健康包”走进50国和地区
2020-04-30,蔚来中国总部入驻合肥正式签约、比亚迪IGBT项目在长沙正式动工,蔚来中国总部入驻合肥正式签约、比亚迪IGBT项目在长沙正式动工
2020-04-30,视频丨比亚迪一季度利润大幅下挫 股价为何大涨？ 连续下跌,视频丨比亚迪一季度利润大幅下挫 股价为何大涨？ 连续下跌
2020-04-30,手机能当钥匙用?比亚迪秦Pro超越版预售8万元起,手机能当钥匙用?比亚迪秦Pro超越版预售8万元起
2020-04-30,汇率7.06！A股，放量反弹又来了！沪指涨1.33%收2860点,汇率7.06！A股，放量反弹又来了！沪指涨1.33%收2860点
2020-04-30,遭遇十面埋伏 宁德时代寻求海外突围,遭遇十面埋伏 宁德时代寻求海外突围
2020-04-30,比亚迪2020年Q1净利润下降214.5% 预计二季度光伏业务依旧承压 盈利能力下降,比亚迪2020年Q1净利润下降214.5% 预计二季度光伏业务依旧承压 盈利能力下降
2020-04-30,比亚迪口罩随“健康包”走进50多个国家和地区,比亚迪口罩随“健康包”走进50多个国家和地区
2020-04-30,兴业银行深圳分行携手比亚迪共同打造智慧交通场景,兴业银行深圳分行携手比亚迪共同打造智慧交通场景
2020-04-30,EV晨报 | 蔚来中国112亿投资终签署；传Model 3长续航加推简配版；比亚迪Q1净利跌85％,EV晨报 | 蔚来中国112亿投资终签署；传Model 3长续航加推简配版；比亚迪Q1净利跌85％
2020-04-30,没有海外依赖症 比亚迪车主不“芯”痛,没有海外依赖症 比亚迪车主不“芯”痛
2020-04-30,从23薪到年薪腰斩！这个行业的金饭碗没了,从23薪到年薪腰斩！这个行业的金饭碗没了
2020-04-30,2020一季度动力电池行业疲软,2020一季度动力电池行业疲软
2020-04-30,电动车又有新体验 银联无感充电上线,电动车又有新体验 银联无感充电上线
2020-04-30,上调评级至买入策略选股（4月30日）,上调评级至买入策略选股（4月30日）
2020-04-30,或许我们把TA的定位都想错了 体验比亚迪汉EV,或许我们把TA的定位都想错了 体验比亚迪汉EV
2020-04-30,最大续航605km/加速3.9秒破百 比亚迪汉实车开箱,最大续航605km/加速3.9秒破百 比亚迪汉实车开箱
2020-04-30,私募一季度重仓食品饮料汽车和半导体,私募一季度重仓食品饮料汽车和半导体
2020-04-30,一季度机构扎堆医药消费科技龙头股,一季度机构扎堆医药消费科技龙头股
2020-04-30,新能源车里的核心“CPU”！比亚迪IGBT项目正式动工,新能源车里的核心“CPU”！比亚迪IGBT项目正式动工
2020-05-01,上汽集团“急刹车”，上海市高层坐不住了,上汽集团“急刹车”，上海市高层坐不住了
2020-05-01,财报观察| 比亚迪净利润靠政府补助撑场面 疯狂举债下财务费用高企,财报观察| 比亚迪净利润靠政府补助撑场面 疯狂举债下财务费用高企
2020-05-01,一季度全球电动车销量达19万辆 特斯拉占比近三成,一季度全球电动车销量达19万辆 特斯拉占比近三成
2020-05-02,大众进前三 3月全球新能源车销量榜公布,大众进前三 3月全球新能源车销量榜公布
2020-05-02,上半年还有4款20万级新车 持币待购可重点关注,上半年还有4款20万级新车 持币待购可重点关注
2020-05-02,比亚迪2020第一季度：身陷囹圄，如何自救,比亚迪2020第一季度：身陷囹圄，如何自救
2020-05-02,3.9秒破百！比亚迪汉EV配置曝光：续航可达605公里,3.9秒破百！比亚迪汉EV配置曝光：续航可达605公里
2020-05-02,疫情冲击全球汽车市场 动力电池企业难以“独善其身”,疫情冲击全球汽车市场 动力电池企业难以“独善其身”
2020-05-02,综合最高续航605公里 比亚迪汉EV配置曝光,综合最高续航605公里 比亚迪汉EV配置曝光
2020-05-02,特斯拉：从“30万元”说起,特斯拉：从“30万元”说起
2020-05-02,3月全球新能源车销量榜：Model 3称霸 是第二比亚迪秦的9倍多,3月全球新能源车销量榜：Model 3称霸 是第二比亚迪秦的9倍多
2020-05-02,比亚迪“两肋插刀”,比亚迪“两肋插刀”
2020-05-02,比亚迪与华为合作！赵长江：特斯拉的牌打完了 轮到我们出牌了,比亚迪与华为合作！赵长江：特斯拉的牌打完了 轮到我们出牌了
2020-05-02,刘明达七大观点：寡头效应越来越明显 白马股越白越贵,刘明达七大观点：寡头效应越来越明显 白马股越白越贵
2020-05-03,【安信汽车】智能网联汽车系列专题报告之一：软件定义汽车，电子电气架构的革命,【安信汽车】智能网联汽车系列专题报告之一：软件定义汽车，电子电气架构的革命
2020-05-03,马斯克一句话蒸发数百亿美元！巴菲特：不会投资特斯拉,马斯克一句话蒸发数百亿美元！巴菲特：不会投资特斯拉
2020-05-03,黑科技：比亚迪OTA升级新增高温消毒功能,黑科技：比亚迪OTA升级新增高温消毒功能
2020-05-03,比亚迪总裁李柯：巴菲特支持我们助力抗疫,比亚迪总裁李柯：巴菲特支持我们助力抗疫
2020-05-03,【东吴电新】比亚迪三季报点评：爆款车型开启上行周期，新车放量+手机恢复提升盈利,【东吴电新】比亚迪三季报点评：爆款车型开启上行周期，新车放量+手机恢复提升盈利
2020-05-05,车市抢先看│4月新能源车热度持续攀升,车市抢先看│4月新能源车热度持续攀升
2020-05-05,国恩股份：比亚迪是公司熔喷材料客户之一,国恩股份：比亚迪是公司熔喷材料客户之一
2020-05-05,花旗：汽车股首选吉利(0175.HK)及比亚迪(1211.HK),花旗：汽车股首选吉利(0175.HK)及比亚迪(1211.HK)
2020-05-05,王传福过冬，忙坏巴菲特,王传福过冬，忙坏巴菲特
2020-05-06,比亚迪将与华为合作推新款智能汽车,比亚迪将与华为合作推新款智能汽车
2020-05-06,比亚迪高管透露正与华为合作，HiCar系统此前已进入最后调试阶段,比亚迪高管透露正与华为合作，HiCar系统此前已进入最后调试阶段
2020-05-06,比亚迪海外发力“新基建” 巴西圣保罗17号线云轨正式签约,比亚迪海外发力“新基建” 巴西圣保罗17号线云轨正式签约
2020-05-06,比亚迪正式签约巴西圣保罗市轨交“黄金线”项目,比亚迪正式签约巴西圣保罗市轨交“黄金线”项目
2020-05-06,“你牌打完了” 比亚迪高管直怼特斯拉,“你牌打完了” 比亚迪高管直怼特斯拉
2020-05-06,比亚迪宣布将进军欧洲电动汽车市场,比亚迪宣布将进军欧洲电动汽车市场
2020-05-06,中国比亚迪公司签约兴建巴西圣保罗轨道交通线,中国比亚迪公司签约兴建巴西圣保罗轨道交通线
2020-05-06,比亚迪高管透露正与华为合作HiCar系统此前已进入最后调试阶段,比亚迪高管透露正与华为合作HiCar系统此前已进入最后调试阶段
2020-05-06,车圈 | 比亚迪高管透露全新汉将与华为合作 5月中旬发布配置,车圈 | 比亚迪高管透露全新汉将与华为合作 5月中旬发布配置
2020-05-06,贵州茅台每股1300元创历史新高 市值1.63万亿约为10个比亚迪、5个格力,贵州茅台每股1300元创历史新高 市值1.63万亿约为10个比亚迪、5个格力
2020-05-06,解决新能源汽车核心问题 比亚迪IGBT项目正式动工,解决新能源汽车核心问题 比亚迪IGBT项目正式动工
2020-05-06,比亚迪进军欧洲电动乘用车市场 唐EV600年内挪威发售,比亚迪进军欧洲电动乘用车市场 唐EV600年内挪威发售
2020-05-06,中巴共建绿色“一带一路” 比亚迪为圣保罗17号线提供云轨解决方案,中巴共建绿色“一带一路” 比亚迪为圣保罗17号线提供云轨解决方案
2020-05-06,一季度车企净利跌幅最高超6倍 盈利能力下降,一季度车企净利跌幅最高超6倍 盈利能力下降
2020-05-06,【中原策略】2020年第五期：5月1日-5月31日：中原证券2020年5月十大金股组合,【中原策略】2020年第五期：5月1日-5月31日：中原证券2020年5月十大金股组合
2020-05-06,"东风雷诺""闪离""反思之三:答好合资""新考题""","东风雷诺""闪离""反思之三:答好合资""新考题"""
2020-05-06,22家公司拟分拆子公司境内上市,22家公司拟分拆子公司境内上市
2020-05-06,购买者明显增多，北京新能源车市淡季不淡,购买者明显增多，北京新能源车市淡季不淡
2020-05-06,比亚迪宣布于今年在挪威推出比亚迪唐EV600,比亚迪宣布于今年在挪威推出比亚迪唐EV600
2020-05-06,前4月主动权益基金平均收益5.71%，最多赚38%,前4月主动权益基金平均收益5.71%，最多赚38%
2020-05-06,国轩高科一季度净利润大幅下滑或超八成 盈利能力下降,国轩高科一季度净利润大幅下滑或超八成 盈利能力下降
2020-05-07,比亚迪：1-4月新能源车销量同比下滑63.79% 盈利能力下降,比亚迪：1-4月新能源车销量同比下滑63.79% 盈利能力下降
2020-05-07,比亚迪(002594.SZ)：4月新能源车销量同比降45.9% 油车升36.06% 盈利能力下降,比亚迪(002594.SZ)：4月新能源车销量同比降45.9% 油车升36.06% 盈利能力下降
2020-05-07,比亚迪(01211-HK)4月新能源汽车销量跌15.94% 盈利能力下降,比亚迪(01211-HK)4月新能源汽车销量跌15.94% 盈利能力下降
2020-05-07,比亚迪4月份汽车销量3.18万辆,比亚迪4月份汽车销量3.18万辆
2020-05-07,为何说美团酒旅崛起不靠外卖？,为何说美团酒旅崛起不靠外卖？
2020-05-07,[路演]富临精工：公司与比亚迪建立了长期合作关系,[路演]富临精工：公司与比亚迪建立了长期合作关系
2020-05-07,最前线 | 前4月汽车销量下降四成，比亚迪短期业绩或仍将承压 盈利能力下降,最前线 | 前4月汽车销量下降四成，比亚迪短期业绩或仍将承压 盈利能力下降
2020-05-07,比亚迪4月汽车销量下降16%，跌幅持续收窄 盈利能力下降,比亚迪4月汽车销量下降16%，跌幅持续收窄 盈利能力下降
2020-05-07,汇率7.11，4月出口增3.5%！沪指跌0.23%收2871,汇率7.11，4月出口增3.5%！沪指跌0.23%收2871
2020-05-07,5月7日股市预警|12家公司突发利空 比亚迪新能源车销量下滑63% 盈利能力下降,5月7日股市预警|12家公司突发利空 比亚迪新能源车销量下滑63% 盈利能力下降
2020-05-07,比亚迪：1-4月累计销售93082辆，同比下降40.11% 盈利能力下降,比亚迪：1-4月累计销售93082辆，同比下降40.11% 盈利能力下降
2020-05-07,犀牛财经晚报：李小加届满不再续约 上海银保监局调查中信银行,犀牛财经晚报：李小加届满不再续约 上海银保监局调查中信银行
2020-05-07,比亚迪：前4个月新能源车销量同比下滑63.79% 盈利能力下降,比亚迪：前4个月新能源车销量同比下滑63.79% 盈利能力下降
2020-05-07,比亚迪：4月销售汽车31809辆 同比下降约16% 盈利能力下降,比亚迪：4月销售汽车31809辆 同比下降约16% 盈利能力下降
2020-05-07,比亚迪：4月销售汽车31809辆 去年同期销售37839辆,比亚迪：4月销售汽车31809辆 去年同期销售37839辆
2020-05-07,首批11家备战精选层公司交卷，部分行业地位媲美上市公司,首批11家备战精选层公司交卷，部分行业地位媲美上市公司
2020-05-07,加州向比亚迪订购的N95口罩受阻,加州向比亚迪订购的N95口罩受阻
2020-05-07,比亚迪正式签约巴西圣保罗 17 号线云轨项目：发车间隔最快 80 秒,比亚迪正式签约巴西圣保罗 17 号线云轨项目：发车间隔最快 80 秒
2020-05-07,加州称比亚迪将退还2.47亿美元口罩预付款,加州称比亚迪将退还2.47亿美元口罩预付款
2020-05-07,中资汽车股普遍走软 比亚迪跌逾1%,中资汽车股普遍走软 比亚迪跌逾1%
2020-05-07,比亚迪高管透露，新款智能汽车-汉将搭载华为HiCar系统？,比亚迪高管透露，新款智能汽车-汉将搭载华为HiCar系统？
2020-05-07,比亚迪赵长江：与华为合作“有很多惊喜”,比亚迪赵长江：与华为合作“有很多惊喜”
2020-05-07,比亚迪：2020年第2季度，汽车行业稳步复苏,比亚迪：2020年第2季度，汽车行业稳步复苏
2020-05-07,比亚迪进军欧洲，唐EV600即将登陆挪威,比亚迪进军欧洲，唐EV600即将登陆挪威
2020-05-07,港股收盘：恒指跌破24000点 百威亚太第一季度中国市场营收降四成 盈利能力下降,港股收盘：恒指跌破24000点 百威亚太第一季度中国市场营收降四成 盈利能力下降
2020-05-07,[路演]道氏技术：子公司产品获比亚迪等知名锂电池制造企业的认可,[路演]道氏技术：子公司产品获比亚迪等知名锂电池制造企业的认可
2020-05-07,【安信汽车】比亚迪：国内IGBT龙头成功引战，估值百亿未来可期,【安信汽车】比亚迪：国内IGBT龙头成功引战，估值百亿未来可期
2020-05-08,港股收评：恒指涨1.04%，体育用品、汽车板块涨幅居前小米升逾8%,港股收评：恒指涨1.04%，体育用品、汽车板块涨幅居前小米升逾8%
2020-05-08,港股异动丨比亚迪电子(0285.HK)逆势跌3.36% 比亚迪出口美国N95口罩仍缺认证,港股异动丨比亚迪电子(0285.HK)逆势跌3.36% 比亚迪出口美国N95口罩仍缺认证
2020-05-08,比亚迪4月份销量疲软 新能源车销量连续10个月下滑 盈利能力下降,比亚迪4月份销量疲软 新能源车销量连续10个月下滑 盈利能力下降
2020-05-08,懂车帝“直播团车节”收官 6903个订单助力车市回暖,懂车帝“直播团车节”收官 6903个订单助力车市回暖
2020-05-08,比亚迪发布新保价政策 不受补贴过渡期影响,比亚迪发布新保价政策 不受补贴过渡期影响
2020-05-08,特斯拉“鲶鱼”激起挑战，比亚迪联手华为推后浪模式狙击,特斯拉“鲶鱼”激起挑战，比亚迪联手华为推后浪模式狙击
2020-05-08,销量边际改善，疫情不改中长期向好趋势 ——新能源汽车行业19年报及20Q1季报总结,销量边际改善，疫情不改中长期向好趋势 ——新能源汽车行业19年报及20Q1季报总结
2020-05-08,唐EV挪威首发 比亚迪加速欧洲新能源布局,唐EV挪威首发 比亚迪加速欧洲新能源布局
2020-05-08,氪星晚报 | 两部门：低风险地区校园内学生不需佩戴口罩；梨视频内部人士回应“遭全网下架”：技术整改；猫眼娱乐郑志昊：国内有望很快重新开放电影院,氪星晚报 | 两部门：低风险地区校园内学生不需佩戴口罩；梨视频内部人士回应“遭全网下架”：技术整改；猫眼娱乐郑志昊：国内有望很快重新开放电影院
2020-05-08,扩展欧洲市场 比亚迪唐EV正式登陆挪威,扩展欧洲市场 比亚迪唐EV正式登陆挪威
2020-05-08,特斯拉概念股又要火 电池日将于下周举行,特斯拉概念股又要火 电池日将于下周举行
2020-05-08,【万联电新|年报&一季报综述】销量边际改善，疫情不改中长期向好趋势,【万联电新|年报&一季报综述】销量边际改善，疫情不改中长期向好趋势
2020-05-08,比亚迪出口美国N95口罩仍缺许可退还加州政府一半预付款,比亚迪出口美国N95口罩仍缺许可退还加州政府一半预付款
2020-05-08,最强风口来了！特斯拉电池日或将于下周举行，概念股又要嗨？,最强风口来了！特斯拉电池日或将于下周举行，概念股又要嗨？
2020-05-08,山重水复，电动车企疑无路？,山重水复，电动车企疑无路？
2020-05-08,【招商汽车】冰与火的选择 ——汽车行业年报及一季报总结,【招商汽车】冰与火的选择 ——汽车行业年报及一季报总结
2020-05-08,【东吴晨报0511】【固收】【行业】电新、非银、食品饮料、银行,【东吴晨报0511】【固收】【行业】电新、非银、食品饮料、银行
2020-05-08,比亚迪上半年纯利高于券商预期,比亚迪上半年纯利高于券商预期
2020-05-08,扩大开放凸显龙头优势 比亚迪上半年有望迎来高增长,扩大开放凸显龙头优势 比亚迪上半年有望迎来高增长
2020-05-08,比亚迪4月新能源车同比下滑46%，跌幅持续收窄 连续下跌,比亚迪4月新能源车同比下滑46%，跌幅持续收窄 连续下跌
2020-05-08,比亚迪4月新能源汽车下滑四成多，与华为合造新车制衡特斯拉,比亚迪4月新能源汽车下滑四成多，与华为合造新车制衡特斯拉
2020-05-08,中信证券：特斯拉 从“30万元”说起,中信证券：特斯拉 从“30万元”说起
2020-05-08,比亚迪4月新能源车同比下滑 跌幅持续收窄 连续下跌,比亚迪4月新能源车同比下滑 跌幅持续收窄 连续下跌
2020-05-08,4月比亚迪新能源车销量下滑46% 跌幅持续收窄 盈利能力下降,4月比亚迪新能源车销量下滑46% 跌幅持续收窄 盈利能力下降
2020-05-08,抢夺特斯拉“欧洲后花园”，比亚迪进军挪威私人纯电动车市场,抢夺特斯拉“欧洲后花园”，比亚迪进军挪威私人纯电动车市场
2020-05-08,比亚迪4月销量同比下滑幅度仍在四成以上 短期业绩或仍将承压 盈利能力下降,比亚迪4月销量同比下滑幅度仍在四成以上 短期业绩或仍将承压 盈利能力下降
2020-05-08,【比亚迪】销量环比小幅改善，政策落地助力数据改善,【比亚迪】销量环比小幅改善，政策落地助力数据改善
2020-05-08,过渡期内售价不变 比亚迪发保价政策,过渡期内售价不变 比亚迪发保价政策
2020-05-08,比亚迪卖口罩至美国被迫退款2.47亿，或将损失5.05亿,比亚迪卖口罩至美国被迫退款2.47亿，或将损失5.05亿
2020-05-08,比亚迪向美加州退还部分口罩预付款，或将损失5.05亿,比亚迪向美加州退还部分口罩预付款，或将损失5.05亿
2020-05-08,热点追击丨华为合作比亚迪 上海加码充电桩,热点追击丨华为合作比亚迪 上海加码充电桩
2020-05-09,【东吴电新】4月海外销量点评：欧美阶段性受挫，德国瑞典逆势增长,【东吴电新】4月海外销量点评：欧美阶段性受挫，德国瑞典逆势增长
2020-05-09,刚收到比亚迪千万口罩！美称认证出差错，通告定金都得退回来,刚收到比亚迪千万口罩！美称认证出差错，通告定金都得退回来
2020-05-09,比亚迪DiLink 3.0系统采用全新UI：支持天气动效，内置40套主题,比亚迪DiLink 3.0系统采用全新UI：支持天气动效，内置40套主题
2020-05-09,比亚迪公布4月销量快报,比亚迪公布4月销量快报
2020-05-09,华为与18家车企成立“5G汽车生态圈”,华为与18家车企成立“5G汽车生态圈”
2020-05-09,华为联合比亚迪等加紧研发车载系统 预计今年正式投入应用,华为联合比亚迪等加紧研发车载系统 预计今年正式投入应用
2020-05-09,脆弱的比亚迪口罩王国：出口美国被“退货”，退款近18亿人民币,脆弱的比亚迪口罩王国：出口美国被“退货”，退款近18亿人民币
2020-05-09,华为携手首批18家车企成立“5G汽车生态圈”,华为携手首批18家车企成立“5G汽车生态圈”
2020-05-09,因美国认证问题 比亚迪口罩订单遭退款,因美国认证问题 比亚迪口罩订单遭退款
2020-05-09,诺德投资股份有限公司2020年度非公开发行股票预案,诺德投资股份有限公司2020年度非公开发行股票预案
2020-05-09,唐EV挪威首发，比亚迪进军欧洲乘用车领域,唐EV挪威首发，比亚迪进军欧洲乘用车领域
2020-05-09,刘智丰临危受命，几何汽车如何承载吉利的电动化梦想？,刘智丰临危受命，几何汽车如何承载吉利的电动化梦想？
2020-05-09,王传福卸任上海比亚迪有限公司法定代表人、董事长 董监高成员变化,王传福卸任上海比亚迪有限公司法定代表人、董事长 董监高成员变化
2020-05-09,比亚迪4月销量超3万辆 燃油车同比增长36%,比亚迪4月销量超3万辆 燃油车同比增长36%
2020-05-09,雷军喜提第四家上市公司；比亚迪出口口罩或损失5亿美元；马斯克：财富使我感到压抑,雷军喜提第四家上市公司；比亚迪出口口罩或损失5亿美元；马斯克：财富使我感到压抑
2020-05-09,比亚迪推保价政策 7月22日前购车价不变,比亚迪推保价政策 7月22日前购车价不变
2020-05-09,多家券商对5月行业持谨慎态度 三大行业被机构看好,多家券商对5月行业持谨慎态度 三大行业被机构看好
2020-05-09,三大行业被机构普遍看好,三大行业被机构普遍看好
2020-05-09,比亚迪PK特斯拉从整车扩展到动力电池,比亚迪PK特斯拉从整车扩展到动力电池
2020-05-09,上海比亚迪有限公司发生工商变更，王传福不再担任法定代表人、董事长 董监高成员变化,上海比亚迪有限公司发生工商变更，王传福不再担任法定代表人、董事长 董监高成员变化
2020-05-10,“5G汽车生态圈”将成汽车业“药神”？,“5G汽车生态圈”将成汽车业“药神”？
2020-05-10,荣威ER6纯电轿车首发 比特斯拉国产Model 3更大,荣威ER6纯电轿车首发 比特斯拉国产Model 3更大
2020-05-10,折叠屏放量，液态金属产业蓄势,折叠屏放量，液态金属产业蓄势
2020-05-10,下周操盘攻略：4月CPI工业增加值等重磅数据即将发布,下周操盘攻略：4月CPI工业增加值等重磅数据即将发布
2020-05-10,要竞争蔚来/比亚迪？一汽-大众内部评测竞品电动车,要竞争蔚来/比亚迪？一汽-大众内部评测竞品电动车
2020-05-10,燃油车逆势上涨，刀片电池推出，比亚迪预计上半年净利增超10%,燃油车逆势上涨，刀片电池推出，比亚迪预计上半年净利增超10%
2020-05-10,华为宣布要打造“5G汽车”：加速开拓联网汽车市场，实现彻底无人驾驶,华为宣布要打造“5G汽车”：加速开拓联网汽车市场，实现彻底无人驾驶
2020-05-10,“农夫与蛇”上演！比亚迪被要求退还2.475亿定金，背后的是无奈,“农夫与蛇”上演！比亚迪被要求退还2.475亿定金，背后的是无奈
2020-05-11,比亚迪称N95口罩并非被美国“退货”：延迟交付，产品品质没有问题,比亚迪称N95口罩并非被美国“退货”：延迟交付，产品品质没有问题
2020-05-11,特斯拉电池日前瞻 | 再探“门口的野蛮人”,特斯拉电池日前瞻 | 再探“门口的野蛮人”
2020-05-11,美国10亿美元口罩大单被坑？比亚迪回应：没有取消 只是延期,美国10亿美元口罩大单被坑？比亚迪回应：没有取消 只是延期
2020-05-11,比亚迪N95口罩出口受阻？订单只是延迟交付 没有造成损失,比亚迪N95口罩出口受阻？订单只是延迟交付 没有造成损失
2020-05-11,4月动力电池装机观察：TOP5发生改变,4月动力电池装机观察：TOP5发生改变
2020-05-11,无人驾驶板块异军突起！多重利好助推汽车行业“深蹲起跳”,无人驾驶板块异军突起！多重利好助推汽车行业“深蹲起跳”
2020-05-11,比亚迪：N95口罩并非被美国“退货” 系订单延迟交付,比亚迪：N95口罩并非被美国“退货” 系订单延迟交付
2020-05-11,比亚迪：再获瑞典订单 北欧运营里程超700万公里,比亚迪：再获瑞典订单 北欧运营里程超700万公里
2020-05-11,被加州取消口罩订单？比亚迪：订单为延迟交付非取消,被加州取消口罩订单？比亚迪：订单为延迟交付非取消
2020-05-11,需退回加州2.47亿美元订金？比亚迪最新回应：延迟交付并非取消,需退回加州2.47亿美元订金？比亚迪最新回应：延迟交付并非取消
2020-05-11,比亚迪再获瑞典公司纯电动大巴订单,比亚迪再获瑞典公司纯电动大巴订单
2020-05-11,口罩被退货！美国“空手套白狼”，比亚迪10亿订单钱货都无,口罩被退货！美国“空手套白狼”，比亚迪10亿订单钱货都无
2020-05-11,4月新能源乘用车销量榜：比亚迪秦EV力压Model 3成销冠,4月新能源乘用车销量榜：比亚迪秦EV力压Model 3成销冠
2020-05-11,4月电池装机观察：TOP5“变脸” 中航锂电跃升第四,4月电池装机观察：TOP5“变脸” 中航锂电跃升第四
2020-05-11,比亚迪(00285)退还口罩订金？实为订单延迟交付，并非订单取消,比亚迪(00285)退还口罩订金？实为订单延迟交付，并非订单取消
2020-05-11,市占率欧洲第一！比亚迪再获大单：瑞典追购13台12米纯电大巴,市占率欧洲第一！比亚迪再获大单：瑞典追购13台12米纯电大巴
2020-05-11,解盘：资金持续流入，大基建、新疆振兴、次新股领涨,解盘：资金持续流入，大基建、新疆振兴、次新股领涨
2020-05-11,退还17.5亿人民币，比亚迪10亿美金口罩订单要黄？,退还17.5亿人民币，比亚迪10亿美金口罩订单要黄？
2020-05-11,"重磅!华为成立""5G汽车生态圈"" 行业有望迎大爆发","重磅!华为成立""5G汽车生态圈"" 行业有望迎大爆发"
2020-05-11,【电新*曾朵红】4月装机3.60gwh，同比-33%，环比+30%,【电新*曾朵红】4月装机3.60gwh，同比-33%，环比+30%
2020-05-11,华为成立“5G汽车生态圈” 无人驾驶板块有望受益（附股）,华为成立“5G汽车生态圈” 无人驾驶板块有望受益（附股）
2020-05-11,CTP、刀片、无钴……动力电池新技术的幕后黑手是谁？,CTP、刀片、无钴……动力电池新技术的幕后黑手是谁？
2020-05-11,三生国健冲刺科创板：计划募资32亿 估值或超母公司,三生国健冲刺科创板：计划募资32亿 估值或超母公司
2020-05-11,乘用车4月产量排行：特斯拉产量再破万，插混市场合资品牌占主导,乘用车4月产量排行：特斯拉产量再破万，插混市场合资品牌占主导
2020-05-11,期待已久的“同比转正”终于来了,期待已久的“同比转正”终于来了
2020-05-11,比亚迪全新轿跑SUV曝光 定位介于宋Pro和唐之间,比亚迪全新轿跑SUV曝光 定位介于宋Pro和唐之间
2020-05-11,华为5G汽车将在今年落地，已公布18家合作车企,华为5G汽车将在今年落地，已公布18家合作车企
2020-05-11,产量超过3M！全球最大口罩生产商被美国截了胡,产量超过3M！全球最大口罩生产商被美国截了胡
2020-05-11,比亚迪4月动力电池及储能电池装机总量约为0.857GWh,比亚迪4月动力电池及储能电池装机总量约为0.857GWh
2020-05-11,【万联电新|动力电池4月动态跟踪报告（九）】国内电动车市场回暖，海外陆续复工,【万联电新|动力电池4月动态跟踪报告（九）】国内电动车市场回暖，海外陆续复工
2020-05-11,华为打造“5G汽车生态圈” 无人驾驶产业加速起航,华为打造“5G汽车生态圈” 无人驾驶产业加速起航
2020-05-11,口罩风波：FDA撤回中国60多家许可比亚迪退回18亿人民,口罩风波：FDA撤回中国60多家许可比亚迪退回18亿人民
2020-05-12,国内车市4月结束销量21连降 但新能源车仍在下滑 盈利能力下降,国内车市4月结束销量21连降 但新能源车仍在下滑 盈利能力下降
2020-05-12,动力电池包能量密度可做到250Wh/kg！ 宁德时代业绩说明会干货超多,动力电池包能量密度可做到250Wh/kg！ 宁德时代业绩说明会干货超多
2020-05-12,中汽协：4月新能源汽车销量7.2万 环比增长9.7%,中汽协：4月新能源汽车销量7.2万 环比增长9.7%
2020-05-12,扣非净利润下滑280%！行业老三国轩高科多项财务指标闪红灯 盈利能力下降,扣非净利润下滑280%！行业老三国轩高科多项财务指标闪红灯 盈利能力下降
2020-05-12,比亚迪预计2021年搭载NFC的车型出货量将占95%以上,比亚迪预计2021年搭载NFC的车型出货量将占95%以上
2020-05-12,总体品牌价值近万亿元 这10家汽车上市公司你了解吗？,总体品牌价值近万亿元 这10家汽车上市公司你了解吗？
2020-05-12,手机就能当车钥匙，秦Pro超越版将于5月20日上市,手机就能当车钥匙，秦Pro超越版将于5月20日上市
2020-05-12,口罩遭“退订”？比亚迪：只是延期交付而非取消,口罩遭“退订”？比亚迪：只是延期交付而非取消
2020-05-12,预售8万元起 比亚迪秦Pro超越版将于5月20日上市,预售8万元起 比亚迪秦Pro超越版将于5月20日上市
2020-05-12,比亚迪的自我救赎之路还有多长？,比亚迪的自我救赎之路还有多长？
2020-05-12,新能源车国内4月产量回暖，海外市场受疫情影响显现——4月国内动力电池装机量及欧洲新能源车销量数据点评,新能源车国内4月产量回暖，海外市场受疫情影响显现——4月国内动力电池装机量及欧洲新能源车销量数据点评
2020-05-12,电池成本高出松下20%？宁德时代副董事长：无稽之谈,电池成本高出松下20%？宁德时代副董事长：无稽之谈
2020-05-12,刷手机解锁 2021年9成比亚迪新车都要配,刷手机解锁 2021年9成比亚迪新车都要配
2020-05-12,比亚迪：我们不是受害者，刚退预付款，加州就追加1亿口罩的订单,比亚迪：我们不是受害者，刚退预付款，加州就追加1亿口罩的订单
2020-05-12,比亚迪：NFC车钥匙将成标配，人脸、指纹、虹膜等生物识别研究提上日程,比亚迪：NFC车钥匙将成标配，人脸、指纹、虹膜等生物识别研究提上日程
2020-05-12,【光大电子通信|科技大讲堂 4 之功率半导体】,【光大电子通信|科技大讲堂 4 之功率半导体】
2020-05-12,长春捷翼汽车零部件有限公司：谋势而动抓机遇 逆流而上勇争先,长春捷翼汽车零部件有限公司：谋势而动抓机遇 逆流而上勇争先
2020-05-12,口罩比卖车更吸睛 比亚迪制造天平哪边偏？,口罩比卖车更吸睛 比亚迪制造天平哪边偏？
2020-05-12,四月汽车产销止跌回升，新能源汽车尚未走出低谷 盈利能力下降,四月汽车产销止跌回升，新能源汽车尚未走出低谷 盈利能力下降
2020-05-12,汽车芯片市场的开年之战,汽车芯片市场的开年之战
2020-05-12,比亚迪这篇全英的微博你看懂了吗？,比亚迪这篇全英的微博你看懂了吗？
2020-05-12,华为联手18家车企成立“5G汽车生态圈” 加速抢占5G落地市场,华为联手18家车企成立“5G汽车生态圈” 加速抢占5G落地市场
2020-05-12,影响不大！比亚迪官方霸气回应美国要求退还2.27亿美元事件,影响不大！比亚迪官方霸气回应美国要求退还2.27亿美元事件
2020-05-12,汽车行业跟踪：新能源汽车4月环比改善同比仍未见拐点,汽车行业跟踪：新能源汽车4月环比改善同比仍未见拐点
2020-05-12,国内电动车市场回暖，海外陆续复工 ——动力电池4月动态跟踪报告（九）,国内电动车市场回暖，海外陆续复工 ——动力电池4月动态跟踪报告（九）
2020-05-12,Q1动力电池装机量出炉，LG化学反超宁德时代,Q1动力电池装机量出炉，LG化学反超宁德时代
2020-05-12,熔喷布卖不出去，比亚迪被退货，口罩生意还好吗？,熔喷布卖不出去，比亚迪被退货，口罩生意还好吗？
2020-05-12,乘联会：同比降幅收窄，比亚迪秦EV破五千销量夺冠,乘联会：同比降幅收窄，比亚迪秦EV破五千销量夺冠
2020-05-12,比亚迪再获瑞典订单 北极光新添一抹绿,比亚迪再获瑞典订单 北极光新添一抹绿
2020-05-13,海航集团与比亚迪签署战略合作协议,海航集团与比亚迪签署战略合作协议
2020-05-13,超比亚迪！特斯拉已成为全球首个电动车销量破百万辆的车企,超比亚迪！特斯拉已成为全球首个电动车销量破百万辆的车企
2020-05-13,比亚迪新能源客车4月强势爆发，“金龙系”全线上升?,比亚迪新能源客车4月强势爆发，“金龙系”全线上升?
2020-05-13,口罩出口美国延期？比亚迪：质量没有问题，我们没有损失,口罩出口美国延期？比亚迪：质量没有问题，我们没有损失
2020-05-13,车企的完美跨界，仅30天成全球第一，被美坑17亿，比亚迪真的冤？,车企的完美跨界，仅30天成全球第一，被美坑17亿，比亚迪真的冤？
2020-05-13,比亚迪秦、宋等5款车型将小改 起售价不到5万元,比亚迪秦、宋等5款车型将小改 起售价不到5万元
2020-05-13,比亚迪首款搭载刀片电池的汉EV海外首秀 预估价格34.6万元-42.3万元,比亚迪首款搭载刀片电池的汉EV海外首秀 预估价格34.6万元-42.3万元
2020-05-13,比亚迪首款搭载刀片电池的汉EV海外首秀,比亚迪首款搭载刀片电池的汉EV海外首秀
2020-05-13,比亚迪全新旗舰纯电动车型汉EV海外首秀，预估价格4.5万~5.5万欧元,比亚迪全新旗舰纯电动车型汉EV海外首秀，预估价格4.5万~5.5万欧元
2020-05-13,比亚迪在欧洲发布首款搭载刀片电池的汉EV，预估价格34.6万元-42.3万元,比亚迪在欧洲发布首款搭载刀片电池的汉EV，预估价格34.6万元-42.3万元
2020-05-13,比亚迪首款搭载刀片电池的汉EV在欧洲发布，预估价格4.5万-5.5万欧元,比亚迪首款搭载刀片电池的汉EV在欧洲发布，预估价格4.5万-5.5万欧元
2020-05-13,万里扬(002434)4月销量数据点评：CVT环比增速低于预期 商用车变速器同比环比均大幅增长,万里扬(002434)4月销量数据点评：CVT环比增速低于预期 商用车变速器同比环比均大幅增长
2020-05-13,车企卸妆！长安汽车扣非净利亏近48亿 11家公司靠非经常性损益盈利 亏损,车企卸妆！长安汽车扣非净利亏近48亿 11家公司靠非经常性损益盈利 亏损
2020-05-13,车圈 | 比亚迪再推黑科技 没电没网手机也能当车钥匙,车圈 | 比亚迪再推黑科技 没电没网手机也能当车钥匙
2020-05-13,电力设备与新能源行业4月销量点评：电动车4月销量回暖 合资新势力表现突出,电力设备与新能源行业4月销量点评：电动车4月销量回暖 合资新势力表现突出
2020-05-13,巴菲特清空航空股：A股小伙伴淡定 股神跌落神坛还是A股抗跌,巴菲特清空航空股：A股小伙伴淡定 股神跌落神坛还是A股抗跌
2020-05-13,30股获券商买入评级 御家汇目标涨幅达80.34%,30股获券商买入评级 御家汇目标涨幅达80.34%
2020-05-13,万万没想到，国产特斯拉卖不动了,万万没想到，国产特斯拉卖不动了
2020-05-13,1.4万亿板块迎重磅！特斯拉即将揭晓谜底，4股筹码集中,1.4万亿板块迎重磅！特斯拉即将揭晓谜底，4股筹码集中
2020-05-13,车钥匙太累赘 比亚迪：刷手机才是王道,车钥匙太累赘 比亚迪：刷手机才是王道
2020-05-13,宁德时代回应比亚迪刀片电池挑战：我们四年前就想过了,宁德时代回应比亚迪刀片电池挑战：我们四年前就想过了
2020-05-13,4月驱动电机排行榜：环比上涨42.8%，比亚迪蝉联第一,4月驱动电机排行榜：环比上涨42.8%，比亚迪蝉联第一
2020-05-13,洞察10期丨从“大家族”模式到新能源产业帝国比亚迪业绩提升要迈过的三道坎,洞察10期丨从“大家族”模式到新能源产业帝国比亚迪业绩提升要迈过的三道坎
2020-05-13,一季度13家上市车企营收净利双降 盈利能力下降,一季度13家上市车企营收净利双降 盈利能力下降
2020-05-13,宁德时代下半年供货特斯拉 称有三种技术优于比亚迪刀片电池,宁德时代下半年供货特斯拉 称有三种技术优于比亚迪刀片电池
2020-05-13,赫荣亮：莫要过快无序引进外商汽车企业,赫荣亮：莫要过快无序引进外商汽车企业
2020-05-13,太行电源是否构成重大违法违规行为？ 科隆新能二回科创板问询 其他违规处罚,太行电源是否构成重大违法违规行为？ 科隆新能二回科创板问询 其他违规处罚
2020-05-13,就因为这样，吉利会是活到最后的车企,就因为这样，吉利会是活到最后的车企
2020-05-14,4月新能源汽车产销点评：4月电车产销回暖如预期 商用车爬坡势态强劲,4月新能源汽车产销点评：4月电车产销回暖如预期 商用车爬坡势态强劲
2020-05-14,携手海航 比亚迪认真卖口罩了,携手海航 比亚迪认真卖口罩了
2020-05-14,谈车市丨秦EV登顶，Model 3哑火，4月新能源销量看点颇多,谈车市丨秦EV登顶，Model 3哑火，4月新能源销量看点颇多
2020-05-14,比亚迪汉EV海外首秀，首款搭载刀片电池的纯电动车在欧洲发布,比亚迪汉EV海外首秀，首款搭载刀片电池的纯电动车在欧洲发布
2020-05-14,4月新能源批发销量Top30：比亚迪秦EV夺冠蔚来ES6、理想ONE跻身前五,4月新能源批发销量Top30：比亚迪秦EV夺冠蔚来ES6、理想ONE跻身前五
2020-05-14,比亚迪与海航签署战略合作协议,比亚迪与海航签署战略合作协议
2020-05-14,制造行业日报：首批电动车强制性国家标准发布,制造行业日报：首批电动车强制性国家标准发布
2020-05-14,比亚迪DiLink生态扩容：强推手机NFC车钥匙没电没网也能用,比亚迪DiLink生态扩容：强推手机NFC车钥匙没电没网也能用
2020-05-14,制造业高质量发展 深圳连续两年获国务院督查激励,制造业高质量发展 深圳连续两年获国务院督查激励
2020-05-14,比亚迪回应“10亿美元加州口罩认证未过”：与文档有关，质量没问题,比亚迪回应“10亿美元加州口罩认证未过”：与文档有关，质量没问题
2020-05-14,思科第三财季营收120亿美元丨映客回购69.9万股【Do说】,思科第三财季营收120亿美元丨映客回购69.9万股【Do说】
2020-05-14,电气设备-4月新能源汽车产销点评：4月电车产销如期回暖 商用车爬坡势态强劲,电气设备-4月新能源汽车产销点评：4月电车产销如期回暖 商用车爬坡势态强劲
2020-05-14,五大券商周四看好的六大板块,五大券商周四看好的六大板块
2020-05-14,快讯：知情人士回应比亚迪口罩出口最新动态,快讯：知情人士回应比亚迪口罩出口最新动态
2020-05-14,比亚迪新宋MAX实车曝光 前脸和尾灯造型都改了,比亚迪新宋MAX实车曝光 前脸和尾灯造型都改了
2020-05-14,动力电池“无钴化”风口已至,动力电池“无钴化”风口已至
2020-05-14,对话赵长江：2020年是比亚迪的新能源大年,对话赵长江：2020年是比亚迪的新能源大年
2020-05-14,即将国内发布的比亚迪汉EV将搭载5G与华为HiCar技术,即将国内发布的比亚迪汉EV将搭载5G与华为HiCar技术
2020-05-14,新能源汽车再发力,新能源汽车再发力
2020-05-14,比亚迪跌近3% 涉资3340万港元,比亚迪跌近3% 涉资3340万港元
2020-05-14,新能车跟踪系列：新能车持续回暖 积极布局中游龙头,新能车跟踪系列：新能车持续回暖 积极布局中游龙头
2020-05-14,4月SUV:自主“仰仗”SUV 德、日两系互不相让,4月SUV:自主“仰仗”SUV 德、日两系互不相让
2020-05-14,知情人士透露：NIOSH并未否决N95口罩许可申请，比亚迪(00285)将继续补充资料,知情人士透露：NIOSH并未否决N95口罩许可申请，比亚迪(00285)将继续补充资料
2020-05-14,比亚迪针对NIOSH申请补充资料 预计本月底提报,比亚迪针对NIOSH申请补充资料 预计本月底提报
2020-05-14,Next Speed丨比亚迪汉EV欧洲首发，搭载刀片电池，NEDC续航605公里,Next Speed丨比亚迪汉EV欧洲首发，搭载刀片电池，NEDC续航605公里
2020-05-14,比亚迪内部人士透露：NIOSH并未否决比亚迪口罩的许可申请,比亚迪内部人士透露：NIOSH并未否决比亚迪口罩的许可申请
2020-05-14,比亚迪知情人士：NIOSH并未否决N95口罩的许可申请,比亚迪知情人士：NIOSH并未否决N95口罩的许可申请
2020-05-14,美国监管机构否决批准比亚迪N95口罩？假消息,美国监管机构否决批准比亚迪N95口罩？假消息
2020-05-15,先导智能(300450)深度研究报告：聚焦锂电主业 迎接新一轮成长,先导智能(300450)深度研究报告：聚焦锂电主业 迎接新一轮成长
2020-05-15,9855万被这些锂电企业瓜分殆尽，谁才是最大赢家？,9855万被这些锂电企业瓜分殆尽，谁才是最大赢家？
2020-05-15,比亚迪汉EV欧洲首发 预估价对标特斯拉Model 3,比亚迪汉EV欧洲首发 预估价对标特斯拉Model 3
2020-05-15,全球动力电池座次更替：日韩再占上风 “宁德时代们”如何站稳脚,全球动力电池座次更替：日韩再占上风 “宁德时代们”如何站稳脚
2020-05-15,汉EV前脸！比亚迪宋PLUS家族全曝光：刀片电池上车,汉EV前脸！比亚迪宋PLUS家族全曝光：刀片电池上车
2020-05-15,比亚迪纯电动大巴首现马德里 南欧市场再发力,比亚迪纯电动大巴首现马德里 南欧市场再发力
2020-05-15,1-4月比亚迪动力电池装机量解读,1-4月比亚迪动力电池装机量解读
2020-05-15,10亿美元口罩大单被美国“坑了”？比亚迪最新回应,10亿美元口罩大单被美国“坑了”？比亚迪最新回应
2020-05-15,比亚迪爆料刀片电池应用在国际客户,比亚迪爆料刀片电池应用在国际客户
2020-05-15,5月15日盘前早讯：证监系统大换岗，乐视网正式退市，美商品交易所提示负价格,5月15日盘前早讯：证监系统大换岗，乐视网正式退市，美商品交易所提示负价格
2020-05-15,一季度动力电池市场霸主易位：宁德时代遭遇强敌，下半场寄望特斯拉,一季度动力电池市场霸主易位：宁德时代遭遇强敌，下半场寄望特斯拉
2020-05-15,比亚迪新款宋MAX申报图 细节设计小幅调整,比亚迪新款宋MAX申报图 细节设计小幅调整
2020-05-15,比亚迪驶入巴西首个纯电动快速公交系统,比亚迪驶入巴西首个纯电动快速公交系统
2020-05-15,比亚迪AH股同步拉升,比亚迪AH股同步拉升
2020-05-15,中国纯电动车销量前四月下滑46% 欧洲却逆势增长 盈利能力下降,中国纯电动车销量前四月下滑46% 欧洲却逆势增长 盈利能力下降
2020-05-15,新能源汽车带动车市回暖上扬,新能源汽车带动车市回暖上扬
2020-05-15,4月新能源车型销量排行：比亚迪秦EV摘销冠，一汽大众销量环比增700%,4月新能源车型销量排行：比亚迪秦EV摘销冠，一汽大众销量环比增700%
2020-05-15,比亚迪在新能源汽车市场遭受重大挫败，靠燃油车挽回损失,比亚迪在新能源汽车市场遭受重大挫败，靠燃油车挽回损失
2020-05-15,4月新能源汽车销量榜：特斯拉降63%，比亚迪重回第一,4月新能源汽车销量榜：特斯拉降63%，比亚迪重回第一
2020-05-15,又见石墨烯电池广汽新能源的炒作闹剧还是黑科技?,又见石墨烯电池广汽新能源的炒作闹剧还是黑科技?
2020-05-16,失去国产手机的支持，富士康业绩大幅下滑 盈利能力下降,失去国产手机的支持，富士康业绩大幅下滑 盈利能力下降
2020-05-16,比保时捷911还快！比亚迪唐新增车型亮相工信部：零百加速提升至4.1s,比保时捷911还快！比亚迪唐新增车型亮相工信部：零百加速提升至4.1s
2020-05-16,4万亿级深圳都市圈“拆墙”：从区域合作迈向深度同城化,4万亿级深圳都市圈“拆墙”：从区域合作迈向深度同城化
2020-05-16,被美国人耍了？70亿口罩订单突然告吹！这家公司股价大跌，超12万股民踩雷 连续下跌,被美国人耍了？70亿口罩订单突然告吹！这家公司股价大跌，超12万股民踩雷 连续下跌
2020-05-17,比亚迪汉欧洲预售价高于3系,比亚迪汉欧洲预售价高于3系
2020-05-17,金发科技签9.75亿美元口罩出口订单 海外口罩需求有增无减,金发科技签9.75亿美元口罩出口订单 海外口罩需求有增无减
2020-05-18,比亚迪宣布刀片电池“落户”某国际品牌,比亚迪宣布刀片电池“落户”某国际品牌
2020-05-18,三元锂“霸占”逾七成动力电池市场，磷酸铁锂被逼到墙角？,三元锂“霸占”逾七成动力电池市场，磷酸铁锂被逼到墙角？
2020-05-18,讲个笑话：比亚迪想做特斯拉,讲个笑话：比亚迪想做特斯拉
2020-05-18,收评：港股恒指涨0.58% 华为遭封杀舜宇比亚迪等暴跌 连续下跌,收评：港股恒指涨0.58% 华为遭封杀舜宇比亚迪等暴跌 连续下跌
2020-05-18,比亚迪：将“17亚迪01”票面利率由4.87%下调至3.5%,比亚迪：将“17亚迪01”票面利率由4.87%下调至3.5%
2020-05-18,比亚迪拿下口罩认证！海关更新最新各国口罩准入标准！,比亚迪拿下口罩认证！海关更新最新各国口罩准入标准！
2020-05-18,比亚迪拿下口罩认证！深圳保障防疫物资供应！,比亚迪拿下口罩认证！深圳保障防疫物资供应！
2020-05-18,刀片电池供应链追踪,刀片电池供应链追踪
2020-05-18,海外口罩需求持续上升金发科技签10亿美元订单,海外口罩需求持续上升金发科技签10亿美元订单
2020-05-18,30万闭眼买Model 3？这三款国产纯电动车也不错,30万闭眼买Model 3？这三款国产纯电动车也不错
2020-05-18,深度*行业*汽车行业周报：4月汽车销量同比增4.4% 国产长续航版MODEL3下线,深度*行业*汽车行业周报：4月汽车销量同比增4.4% 国产长续航版MODEL3下线
2020-05-19,3.9秒破百，比亚迪汉补贴后预售价格公布：23万-28万元,3.9秒破百，比亚迪汉补贴后预售价格公布：23万-28万元
2020-05-19,比亚迪汉国内预售价公布 补贴后最低23万,比亚迪汉国内预售价公布 补贴后最低23万
2020-05-19,利好政策齐发：华为、阿里、百度争相卡位 自动驾驶蓝海再现,利好政策齐发：华为、阿里、百度争相卡位 自动驾驶蓝海再现
2020-05-19,电池企业试图摆脱对钴的依赖，蜂巢参与无钴电池争夺战,电池企业试图摆脱对钴的依赖，蜂巢参与无钴电池争夺战
2020-05-19,5月19日港股复盘：恒指高位震荡涨1.89% 华为概念股走高,5月19日港股复盘：恒指高位震荡涨1.89% 华为概念股走高
2020-05-19,提供燃油/纯电不同车型 比亚迪宋PLUS预告图曝光,提供燃油/纯电不同车型 比亚迪宋PLUS预告图曝光
2020-05-19,比亚迪秦Pro超越版街拍！20日上市 增多项配置,比亚迪秦Pro超越版街拍！20日上市 增多项配置
2020-05-19,比亚迪全新SUV预告图发布,比亚迪全新SUV预告图发布
2020-05-19,港股异动丨比亚迪(1211.HK)涨超4%在互动平台称已经陆续掌握IGBT芯片设计和制造,港股异动丨比亚迪(1211.HK)涨超4%在互动平台称已经陆续掌握IGBT芯片设计和制造
2020-05-19,光大永明-比亚迪重庆锂电池基础设施债权投资计划成功注册,光大永明-比亚迪重庆锂电池基础设施债权投资计划成功注册
2020-05-19,助力新基建 光大永明资产再注册30亿债权计划投向比亚迪电池项目,助力新基建 光大永明资产再注册30亿债权计划投向比亚迪电池项目
2020-05-19,比亚迪：中国唯一一家拥有IGBT完整产业链的车企,比亚迪：中国唯一一家拥有IGBT完整产业链的车企
2020-05-19,【互动掘金】大族激光：PCB业务3月发货量创新高,【互动掘金】大族激光：PCB业务3月发货量创新高
2020-05-19,比亚迪宋Plus EV预告图 将搭载刀片电池,比亚迪宋Plus EV预告图 将搭载刀片电池
2020-05-19,新泉股份定增12亿牵手特斯拉 研发费用连续三年增长,新泉股份定增12亿牵手特斯拉 研发费用连续三年增长
2020-05-19,星源材质：公司是比亚迪“刀片”电池隔膜的主要供应商,星源材质：公司是比亚迪“刀片”电池隔膜的主要供应商
2020-05-19,特斯拉与比亚迪的“错位人生”,特斯拉与比亚迪的“错位人生”
2020-05-19,中日韩动力电池“三国争霸” 宁德时代下半年正式向特斯拉供货,中日韩动力电池“三国争霸” 宁德时代下半年正式向特斯拉供货
2020-05-19,上市车企高管薪酬榜：最高1000万最低1万，李书福让人大跌眼镜,上市车企高管薪酬榜：最高1000万最低1万，李书福让人大跌眼镜
2020-05-19,拓普集团(601689)：紧抓电动车放量契机 定增加码底盘轻量化,拓普集团(601689)：紧抓电动车放量契机 定增加码底盘轻量化
2020-05-19,长城汽车旗下蜂巢能源在线上发布两款动力电池产品,长城汽车旗下蜂巢能源在线上发布两款动力电池产品
2020-05-19,金发科技拿下美企69亿元口罩订单,金发科技拿下美企69亿元口罩订单
2020-05-19,蜂巢能源发布无钴电池，可实现整车续航里程超800公里,蜂巢能源发布无钴电池，可实现整车续航里程超800公里
2020-05-20,汽车股异动,汽车股异动
2020-05-20,电力设备与新能源行业动态点评：欧洲电动车政策有望加码 疫情缓和供需再共振,电力设备与新能源行业动态点评：欧洲电动车政策有望加码 疫情缓和供需再共振
2020-05-20,“无钴电池”是真技术突破还是概念误导？蜂巢能源高调叫板宁德时代、比亚迪引争议,“无钴电池”是真技术突破还是概念误导？蜂巢能源高调叫板宁德时代、比亚迪引争议
2020-05-20,卸任比亚迪董事长 王传福下的什么棋？ 董监高成员变化,卸任比亚迪董事长 王传福下的什么棋？ 董监高成员变化
2020-05-20,从传闻到新闻：国轩高科股权“买家记”,从传闻到新闻：国轩高科股权“买家记”
2020-05-20,王传福卸任比亚迪汽车有限公司法定代表人及董事长 董监高成员变化,王传福卸任比亚迪汽车有限公司法定代表人及董事长 董监高成员变化
2020-05-20,王传福卸任比亚迪汽车有限公司法人及董事长 董监高成员变化,王传福卸任比亚迪汽车有限公司法人及董事长 董监高成员变化
2020-05-20,国内厂商的汽车芯片布局,国内厂商的汽车芯片布局
2020-05-20,狼真的来了！本土品牌纯电动乘用车份额首次跌破90%，外资品牌强势入侵,狼真的来了！本土品牌纯电动乘用车份额首次跌破90%，外资品牌强势入侵
2020-05-20,打掉牙往肚里咽，新造车掏空家底为补贴兜底有用吗？,打掉牙往肚里咽，新造车掏空家底为补贴兜底有用吗？
2020-05-20,广东省法治文化建设示范企业出炉，14家深企上榜示范名单,广东省法治文化建设示范企业出炉，14家深企上榜示范名单
2020-05-20,目前比亚迪口罩日产量达5000万只,目前比亚迪口罩日产量达5000万只
2020-05-20,90只股涨停 最大封单资金11.12亿元 六股将火热,90只股涨停 最大封单资金11.12亿元 六股将火热
2020-05-20,【东吴七点半】市场缩量上涨，科技类板块回暖（5.20）,【东吴七点半】市场缩量上涨，科技类板块回暖（5.20）
2020-05-20,新能源汽车产业数据月报：四月产业链逐步回暖，Model 3铁锂版正式申报,新能源汽车产业数据月报：四月产业链逐步回暖，Model 3铁锂版正式申报
2020-05-20,深圳悬赏攻关新冠肺炎防治首批资助2640万元,深圳悬赏攻关新冠肺炎防治首批资助2640万元
2020-05-20,比亚迪汉预售开启 补贴后预售价23-28万元 纯电/插混动力可选,比亚迪汉预售开启 补贴后预售价23-28万元 纯电/插混动力可选
2020-05-20,4月SUV销量TOP10：CR-V复苏，自主黑马销量暴增7倍,4月SUV销量TOP10：CR-V复苏，自主黑马销量暴增7倍
2020-05-20,比亚迪：日产口罩5000万只,比亚迪：日产口罩5000万只
2020-05-20,拟定增不超12亿元 新泉股份加码汽车饰件,拟定增不超12亿元 新泉股份加码汽车饰件
2020-05-21,王传福卸任多家子公司董事长 比亚迪回应：正常变动 董监高成员变化,王传福卸任多家子公司董事长 比亚迪回应：正常变动 董监高成员变化
2020-05-21,国内汽车行业专利申请量排行榜：比亚迪第一比长安汽车二倍还多,国内汽车行业专利申请量排行榜：比亚迪第一比长安汽车二倍还多
2020-05-21,宁德时代积极拥抱特斯拉　能否重夺“电池之王”宝座？,宁德时代积极拥抱特斯拉　能否重夺“电池之王”宝座？
2020-05-21,比亚迪：集团子公司法人变更系简化行政流程,比亚迪：集团子公司法人变更系简化行政流程
2020-05-21,【东吴电新】大众拟入主国轩，车企坚定电动化，中国供应链崛起,【东吴电新】大众拟入主国轩，车企坚定电动化，中国供应链崛起
2020-05-21,车圈 | 比亚迪回应法人变更：系简化行程流程 王传福仍是掌门人,车圈 | 比亚迪回应法人变更：系简化行程流程 王传福仍是掌门人
2020-05-21,比亚迪跌近2% 王传福卸任子公司董事长 董监高成员变化,比亚迪跌近2% 王传福卸任子公司董事长 董监高成员变化
2020-05-21,比亚迪秦Pro超越版正式上市 售7.98万-9.98万元,比亚迪秦Pro超越版正式上市 售7.98万-9.98万元
2020-05-21,王传福卸任比亚迪董事长：不到2个月已卸任12家子公司董事长 董监高成员变化,王传福卸任比亚迪董事长：不到2个月已卸任12家子公司董事长 董监高成员变化
2020-05-21,车市观察｜一年一度520，想说爱你不容易,车市观察｜一年一度520，想说爱你不容易
2020-05-21,4月动力电池装机量涨三成 行业逐步恢复,4月动力电池装机量涨三成 行业逐步恢复
2020-05-21,电力设备与新能源：疫情不改放量趋势 LG尤为亮眼,电力设备与新能源：疫情不改放量趋势 LG尤为亮眼
2020-05-21,无钴动力电池的最新进展分析,无钴动力电池的最新进展分析
2020-05-21,第五批推荐目录：乘用车铁锂占比28% CATL/国轩合计占比过半,第五批推荐目录：乘用车铁锂占比28% CATL/国轩合计占比过半
2020-05-21,高端电动轿车，国内车市开辟出新“战场”,高端电动轿车，国内车市开辟出新“战场”
2020-05-21,王传福卸任多家子公司董事长，比亚迪业绩低迷偿债压力大，何人来解？ 董监高成员变化,王传福卸任多家子公司董事长，比亚迪业绩低迷偿债压力大，何人来解？ 董监高成员变化
2020-05-21,数说丨自主市占率跌至33.6% 多车企加速品牌向上,数说丨自主市占率跌至33.6% 多车企加速品牌向上
2020-05-22,两个“世界第一”誓与特斯拉Model 3掰手腕,两个“世界第一”誓与特斯拉Model 3掰手腕
2020-05-22,比亚迪收到一封来自非洲的感谢信,比亚迪收到一封来自非洲的感谢信
2020-05-22,汽车行业周报：汽车之两会前瞻 刺激需求、优化供给,汽车行业周报：汽车之两会前瞻 刺激需求、优化供给
2020-05-22,总统见证！比亚迪向乌拉圭交付20台纯电动大巴,总统见证！比亚迪向乌拉圭交付20台纯电动大巴
2020-05-22,刷后视镜解锁 比亚迪推出NFC车钥匙,刷后视镜解锁 比亚迪推出NFC车钥匙
2020-05-22,预售23万起最快3.9s破百！比亚迪汉配置曝光：全系标配30多项,预售23万起最快3.9s破百！比亚迪汉配置曝光：全系标配30多项
2020-05-22,NEDC续航605km 比亚迪汉预售车型配置发布,NEDC续航605km 比亚迪汉预售车型配置发布
2020-05-22,比亚迪口罩日产量达5000万只 预计5月出口口罩将超过10亿只,比亚迪口罩日产量达5000万只 预计5月出口口罩将超过10亿只
2020-05-22,解锁未来 大开眼界 比亚迪DiLink携手小米举办车生活线上畅享会,解锁未来 大开眼界 比亚迪DiLink携手小米举办车生活线上畅享会
2020-05-23,宁德时代：刀片电池也并非100%安全,宁德时代：刀片电池也并非100%安全
2020-05-23,宁德时代进行针刺实验：结果钢针断了,宁德时代进行针刺实验：结果钢针断了
2020-05-23,中国汽车市场哪个品牌的战斗力最强？,中国汽车市场哪个品牌的战斗力最强？
2020-05-24,比亚迪：“17亚迪01”回售金额约6.28亿元,比亚迪：“17亚迪01”回售金额约6.28亿元
2020-05-24,比亚迪半导体完成19亿元A轮融资，红杉资本、中金资本、国投创新领投,比亚迪半导体完成19亿元A轮融资，红杉资本、中金资本、国投创新领投
2020-05-24,两大车企“组团打怪” 丰田比亚迪合资建厂 特斯拉快“凉凉”了？,两大车企“组团打怪” 丰田比亚迪合资建厂 特斯拉快“凉凉”了？
2020-05-24,宁德时代：比亚迪刀片电池不一定安全针刺测试应取消,宁德时代：比亚迪刀片电池不一定安全针刺测试应取消
2020-05-24,超级播报：雨季将至 电池安全又被重提,超级播报：雨季将至 电池安全又被重提
2020-05-24,比亚迪宁德时代互撕，电池安全到底该不该“扎”？,比亚迪宁德时代互撕，电池安全到底该不该“扎”？
2020-05-25,特斯拉要用国产磷酸铁锂电池了，哪些股票有影响？,特斯拉要用国产磷酸铁锂电池了，哪些股票有影响？
2020-05-25,比亚迪汉百公里制动32.8米，号称量产新能源第一,比亚迪汉百公里制动32.8米，号称量产新能源第一
2020-05-25,锂电池，新能源汽车巨头们的绊脚石：国家出手，谁在为消费者的安全买单？,锂电池，新能源汽车巨头们的绊脚石：国家出手，谁在为消费者的安全买单？
2020-05-25,比亚迪与宁德时代为一根钢针开撕了,比亚迪与宁德时代为一根钢针开撕了
2020-05-25,一根钢针拨动中国动力电池“龙虎斗”,一根钢针拨动中国动力电池“龙虎斗”
2020-05-25,都没赢过特斯拉 造车新势力4月销量排行,都没赢过特斯拉 造车新势力4月销量排行
2020-05-25,电池新产品竞相发布 新一轮技术PK赛谁将胜出,电池新产品竞相发布 新一轮技术PK赛谁将胜出
2020-05-25,比亚迪秦Pro EV新增车型申报图 换搭刀片电池,比亚迪秦Pro EV新增车型申报图 换搭刀片电池
2020-05-25,深度丨一根钢针拨动中国动力电池“龙虎斗”,深度丨一根钢针拨动中国动力电池“龙虎斗”
2020-05-25,打不过小鹏P7：尴尬的比亚迪“汉” 还未出手便被KO？,打不过小鹏P7：尴尬的比亚迪“汉” 还未出手便被KO？
2020-05-25,广汽新能源的三味真火,广汽新能源的三味真火
2020-05-25,【5.25锂电快讯】中兴派能5GWh锂电项目落户江苏仪征*恒大150亿投建新能源车电驱动系统落户湖州,【5.25锂电快讯】中兴派能5GWh锂电项目落户江苏仪征*恒大150亿投建新能源车电驱动系统落户湖州
2020-05-25,比亚迪秦Pro新增车型申报图曝光 换装磷酸铁锂电池组,比亚迪秦Pro新增车型申报图曝光 换装磷酸铁锂电池组
2020-05-25,宁德时代/比亚迪领衔 带动磷酸铁锂“卷土重来”？,宁德时代/比亚迪领衔 带动磷酸铁锂“卷土重来”？
2020-05-25,更换磷酸铁锂电池 比亚迪新增两款新车申报信息,更换磷酸铁锂电池 比亚迪新增两款新车申报信息
2020-05-25,华友钴业(603799)：拟定增加码印尼镍和三元前驱体项目 进一步强化一体化优势,华友钴业(603799)：拟定增加码印尼镍和三元前驱体项目 进一步强化一体化优势
2020-05-25,【新时代机械】5G时代，3C制造结构变化带来国产自动化大机遇【自动化周报】,【新时代机械】5G时代，3C制造结构变化带来国产自动化大机遇【自动化周报】
2020-05-25,宁德时代连发两条视频diss比亚迪反遭群讽，动力电池领域要变天？,宁德时代连发两条视频diss比亚迪反遭群讽，动力电池领域要变天？
2020-05-26,比亚迪电子(00285)与比亚迪订立补充协议以扩大口罩供应,比亚迪电子(00285)与比亚迪订立补充协议以扩大口罩供应
2020-05-26,比亚迪：比亚迪半导体拟引入战投 后续将继续推进上市工作,比亚迪：比亚迪半导体拟引入战投 后续将继续推进上市工作
2020-05-26,比亚迪：控股子公司引入多名战略投资者 合计增资19亿元,比亚迪：控股子公司引入多名战略投资者 合计增资19亿元
2020-05-26,比亚迪：比亚迪半导体拟增资扩股引入战投,比亚迪：比亚迪半导体拟增资扩股引入战投
2020-05-26,比亚迪半导体获红杉、中金、国投创新领投，估值近百亿欲分拆上市,比亚迪半导体获红杉、中金、国投创新领投，估值近百亿欲分拆上市
2020-05-26,比亚迪(002594.SZ)：参与投资衡阳松木产业投资基金,比亚迪(002594.SZ)：参与投资衡阳松木产业投资基金
2020-05-26,26日晚公告精选丨天茂集团：终止吸收合并国华人寿；比亚迪半导体拟增资扩股引入战投,26日晚公告精选丨天茂集团：终止吸收合并国华人寿；比亚迪半导体拟增资扩股引入战投
2020-05-26,比亚迪半导体获投19亿 完成A轮融资后估值近百亿,比亚迪半导体获投19亿 完成A轮融资后估值近百亿
2020-05-26,公告精选：比亚迪半导体拟引入战投；天茂集团终止吸收合并国华人寿,公告精选：比亚迪半导体拟引入战投；天茂集团终止吸收合并国华人寿
2020-05-26,比亚迪半导体引入战投 投前估值为75亿元,比亚迪半导体引入战投 投前估值为75亿元
2020-05-26,比亚迪半导体A轮融资19亿元，分拆上市将早于电池板块,比亚迪半导体A轮融资19亿元，分拆上市将早于电池板块
2020-05-26,格隆汇港股聚焦(5.26)︱比亚迪半导体拟增资扩股引入战投金山软件一季度经营利润同比大增124%,格隆汇港股聚焦(5.26)︱比亚迪半导体拟增资扩股引入战投金山软件一季度经营利润同比大增124%
2020-05-26,比亚迪半导体完成A轮融资19亿元，加快推进分拆上市,比亚迪半导体完成A轮融资19亿元，加快推进分拆上市
2020-05-26,比亚迪股份(01211.HK)：比亚迪半导体拟引入战投19亿元,比亚迪股份(01211.HK)：比亚迪半导体拟引入战投19亿元
2020-05-26,比亚迪：比亚迪半导体以增资扩股的方式引入战投,比亚迪：比亚迪半导体以增资扩股的方式引入战投
2020-05-26,比亚迪(002594.SZ)：比亚迪半导体拟引入战略投资者由红杉资本中国基金、中金资本及国投创新领投,比亚迪(002594.SZ)：比亚迪半导体拟引入战略投资者由红杉资本中国基金、中金资本及国投创新领投
2020-05-26,周二上市公司晚间重要公告,周二上市公司晚间重要公告
2020-05-26,比亚迪F3超值版于5月28上市 预计售价4万元左右,比亚迪F3超值版于5月28上市 预计售价4万元左右
2020-05-26,宁德时代与比亚迪“隔空互怼”背后：动力电池市场路线之争日渐白热化,宁德时代与比亚迪“隔空互怼”背后：动力电池市场路线之争日渐白热化
2020-05-26,4月新能源乘用车上牌量：整体恢复去年同期水平，比亚迪超越特斯拉夺冠,4月新能源乘用车上牌量：整体恢复去年同期水平，比亚迪超越特斯拉夺冠
2020-05-26,【早安新时代】晨会早读：2020/05/28 今日关注：杭钢股份、中手游、比亚迪,【早安新时代】晨会早读：2020/05/28 今日关注：杭钢股份、中手游、比亚迪
2020-05-26,预售23万起比亚迪汉EV刹车实测：百公里制动32.8米新能源量产第一,预售23万起比亚迪汉EV刹车实测：百公里制动32.8米新能源量产第一
2020-05-26,【行情】汽车整车板块异动拉升，华菱星马、江淮汽车涨8%，曙光股份、比亚迪、广汽集团等小幅跟涨。,【行情】汽车整车板块异动拉升，华菱星马、江淮汽车涨8%，曙光股份、比亚迪、广汽集团等小幅跟涨。
2020-05-26,一根“针”的隔空喊话 比亚迪和宁德时代究竟在争什么？,一根“针”的隔空喊话 比亚迪和宁德时代究竟在争什么？
2020-05-26,变局！苹果或斥资1300亿研发造车，工厂将落户中国？,变局！苹果或斥资1300亿研发造车，工厂将落户中国？
2020-05-26,比亚迪飙近4% 暂为最佳表现国指股,比亚迪飙近4% 暂为最佳表现国指股
2020-05-26,宁德时代：电池针刺测试无意义最新国标已取消比亚迪“一针见血”,宁德时代：电池针刺测试无意义最新国标已取消比亚迪“一针见血”
2020-05-26,IPO“集邮四小龙”现状：两个股价跌去80%，只有1个让投资者赚钱,IPO“集邮四小龙”现状：两个股价跌去80%，只有1个让投资者赚钱
2020-05-26,比亚迪升逾5% 主动买盘69%,比亚迪升逾5% 主动买盘69%
2020-05-26,比亚迪的钢针刺痛了宁德时代,比亚迪的钢针刺痛了宁德时代
2020-05-26,宁德时代与比亚迪“隔空互怼”背后的反思：追求电池安全至上，错了吗？,宁德时代与比亚迪“隔空互怼”背后的反思：追求电池安全至上，错了吗？
2020-05-26,新能源车板块再迎风口！机构关注产业链细分龙头,新能源车板块再迎风口！机构关注产业链细分龙头
2020-05-26,比亚迪F3“老车翻新”两天后上市 预计4万就能买,比亚迪F3“老车翻新”两天后上市 预计4万就能买
2020-05-27,上市推进加快 比亚迪半导体引入战略投资19亿元,上市推进加快 比亚迪半导体引入战略投资19亿元
2020-05-27,【券商聚焦】花旗予比亚迪股份为行业首选股 目标价92.2港元,【券商聚焦】花旗予比亚迪股份为行业首选股 目标价92.2港元
2020-05-27,比亚迪(002594)：国内IGBT龙头成功引战 估值百亿未来可期,比亚迪(002594)：国内IGBT龙头成功引战 估值百亿未来可期
2020-05-27,上市车企一季度遭遇“滑铁卢” 政策组合拳有望促二季度业绩回升,上市车企一季度遭遇“滑铁卢” 政策组合拳有望促二季度业绩回升
2020-05-27,网友众筹3000元买电池做针刺试验，比亚迪和宁德时代为何都坐不住了？,网友众筹3000元买电池做针刺试验，比亚迪和宁德时代为何都坐不住了？
2020-05-27,比亚迪(002594)重大事项点评：一线战投抢筹 比亚迪投身半导体大时代,比亚迪(002594)重大事项点评：一线战投抢筹 比亚迪投身半导体大时代
2020-05-27,比亚迪分拆上市再进一程：半导体板块引入红杉、中金等14名战投 投后估值达94亿,比亚迪分拆上市再进一程：半导体板块引入红杉、中金等14名战投 投后估值达94亿
2020-05-27,【港股通】比亚迪半导体业务引入14名投资者 获增资19亿,【港股通】比亚迪半导体业务引入14名投资者 获增资19亿
2020-05-27,港股复盘：明天可能有大动作,港股复盘：明天可能有大动作
2020-05-27,花旗：重申比亚迪(1211.HK)“买入”评级 为汽车板块首选股,花旗：重申比亚迪(1211.HK)“买入”评级 为汽车板块首选股
2020-05-27,"5000亿怒怼：一根钢针 引发了一场""肉搏战""","5000亿怒怼：一根钢针 引发了一场""肉搏战"""
2020-05-27,比亚迪半导体增资事宜42天火速落地 知名机构围猎19亿元融资额,比亚迪半导体增资事宜42天火速落地 知名机构围猎19亿元融资额
2020-05-27,一图解码：比亚迪半导体独立上市又进一程引入14位投资者,一图解码：比亚迪半导体独立上市又进一程引入14位投资者
2020-05-27,“中国芯”打破国际垄断！比亚迪半导体成功引入19亿战投：将推动其独立上市,“中国芯”打破国际垄断！比亚迪半导体成功引入19亿战投：将推动其独立上市
2020-05-27,GPLP投融资：新元素医疗获3000万美元 比亚迪半导体获19亿元,GPLP投融资：新元素医疗获3000万美元 比亚迪半导体获19亿元
2020-05-27,比亚迪(002594)半导体引入战略投资者公告点评：加速市场化 开启新篇章,比亚迪(002594)半导体引入战略投资者公告点评：加速市场化 开启新篇章
2020-05-27,董事长亲自上阵 两家电池巨头隔空互怼！网友：技术千万条 安全第一条,董事长亲自上阵 两家电池巨头隔空互怼！网友：技术千万条 安全第一条
2020-05-27,做企业热衷打嘴仗不如凭实力干掉对手,做企业热衷打嘴仗不如凭实力干掉对手
2020-05-27,中国纯电动车市场踩下急刹车,中国纯电动车市场踩下急刹车
2020-05-27,比亚迪芯片大动作！红杉资本来了,比亚迪芯片大动作！红杉资本来了
2020-05-27,制造行业日报：特斯拉将下调MODEL S／X售价,制造行业日报：特斯拉将下调MODEL S／X售价
2020-05-27,助力5G和电动汽车发展 六股迎来掘金新机遇,助力5G和电动汽车发展 六股迎来掘金新机遇
2020-05-27,25股今日获机构买入评级,25股今日获机构买入评级
2020-05-27,红杉、中金、国投创新领投 比亚迪完成子公司引战首秀,红杉、中金、国投创新领投 比亚迪完成子公司引战首秀
2020-05-27,特斯拉产业链点评：磷酸铁锂提升MODEL3性价比 MODELY产线建设超预期,特斯拉产业链点评：磷酸铁锂提升MODEL3性价比 MODELY产线建设超预期
2020-05-27,昨晚，这一百亿巨头引战落定！红杉、中金入场，万亿市场即将爆发,昨晚，这一百亿巨头引战落定！红杉、中金入场，万亿市场即将爆发
2020-05-27,比亚迪半导体完成19亿人民币A轮融资,比亚迪半导体完成19亿人民币A轮融资
2020-05-27,宁德时代和比亚迪隔空互怼：一根钢针能否决定电池安全？,宁德时代和比亚迪隔空互怼：一根钢针能否决定电池安全？
2020-05-27,以汉为起点 比亚迪进军高端纯电轿车市场,以汉为起点 比亚迪进军高端纯电轿车市场
2020-05-27,4月新能源乘用车上险数5.4万辆 比亚迪称霸租赁市场,4月新能源乘用车上险数5.4万辆 比亚迪称霸租赁市场
2020-05-27,【山证早班车】山西证券：晨会纪要（20200527）,【山证早班车】山西证券：晨会纪要（20200527）
2020-05-27,股海导航 5月27日沪深股市公告提示,股海导航 5月27日沪深股市公告提示
2020-05-27,早报：5月外资逆势净流入超200亿 3新股今日申购,早报：5月外资逆势净流入超200亿 3新股今日申购
2020-05-27,【中证盘前】交易所预警，3股将被外资买爆；高新兴与百度战略合作；瑞幸咖啡涨逾53%；美欧股市上涨,【中证盘前】交易所预警，3股将被外资买爆；高新兴与百度战略合作；瑞幸咖啡涨逾53%；美欧股市上涨
2020-05-27,比亚迪（002594）：半导体成功引战，中性化战略可期,比亚迪（002594）：半导体成功引战，中性化战略可期
2020-05-27,史上首次！深交所发预警，3股将被外资买爆；腾讯将投入5000亿布局新基建丨盘前有料,史上首次！深交所发预警，3股将被外资买爆；腾讯将投入5000亿布局新基建丨盘前有料
2020-05-27,上半年业绩暴增股名单 （附股）,上半年业绩暴增股名单 （附股）
2020-05-27,冲高还是回落 “中产”车企有本难念的经,冲高还是回落 “中产”车企有本难念的经
2020-05-27,A股早报2020年5月27日星期三,A股早报2020年5月27日星期三
2020-05-27,比亚迪(01211-HK)半导体引入14位投资者独立上市的又一重要进展,比亚迪(01211-HK)半导体引入14位投资者独立上市的又一重要进展
2020-05-27,中信证券：半导体成功引战，比亚迪中性化战略可期,中信证券：半导体成功引战，比亚迪中性化战略可期
2020-05-27,投资界24h|滴滴成立一家旅行社；微信封杀第三方工具WeTool；比亚迪半导体获19亿元融资,投资界24h|滴滴成立一家旅行社；微信封杀第三方工具WeTool；比亚迪半导体获19亿元融资
2020-05-27,新能源补贴退坡影响 市场销量大幅下降 政策恶化,新能源补贴退坡影响 市场销量大幅下降 政策恶化
2020-05-27,27日公司新闻聚焦：天茂集团终止吸并国华人寿 比亚迪半导体拟引入战投,27日公司新闻聚焦：天茂集团终止吸并国华人寿 比亚迪半导体拟引入战投
2020-05-27,港股开盘(5.27)︱恒指涨0.56%报23515点 金山软件(03888)一季度扭亏为盈高开2.97%,港股开盘(5.27)︱恒指涨0.56%报23515点 金山软件(03888)一季度扭亏为盈高开2.97%
2020-05-27,增资19亿元！比亚迪半导体成功引人战投，上市目标再下一城！,增资19亿元！比亚迪半导体成功引人战投，上市目标再下一城！
2020-05-27,最前线 | 比亚迪半导体42天引入19亿战投，投后估值近百亿,最前线 | 比亚迪半导体42天引入19亿战投，投后估值近百亿
2020-05-27,4万左右+国六排放+1.5L动力！比亚迪F3超值版即将上市,4万左右+国六排放+1.5L动力！比亚迪F3超值版即将上市
2020-05-27,最新公告透露利好 12只个股有望爆发（05.27）,最新公告透露利好 12只个股有望爆发（05.27）
2020-05-27,独角兽日报 | 纽交所国际资本市场主管：中概股IPO仍可期；华纳音乐IPO定价为23美元-26美元；快手与京东战略合作,独角兽日报 | 纽交所国际资本市场主管：中概股IPO仍可期；华纳音乐IPO定价为23美元-26美元；快手与京东战略合作
2020-05-28,比亚迪苦寻第二曲线,比亚迪苦寻第二曲线
2020-05-28,伯特利(603596)：EPB及轻量化推动增长 线控制动及ADAS前景可期,伯特利(603596)：EPB及轻量化推动增长 线控制动及ADAS前景可期
2020-05-28,15股今日获机构买入评级,15股今日获机构买入评级
2020-05-28,新款比亚迪F3超值版正式上市 售价为4.78万元,新款比亚迪F3超值版正式上市 售价为4.78万元
2020-05-28,比亚迪秦Pro起火自燃 汉搭载新电池将避免,比亚迪秦Pro起火自燃 汉搭载新电池将避免
2020-05-28,比亚迪秦Pro EV自燃 整车被烧毁,比亚迪秦Pro EV自燃 整车被烧毁
2020-05-28,比亚迪布局网点 纯电动轻卡终于要开卖,比亚迪布局网点 纯电动轻卡终于要开卖
2020-05-28,42天A轮融资19亿 比亚迪半导体上市在即解困芯片之危,42天A轮融资19亿 比亚迪半导体上市在即解困芯片之危
2020-05-28,这些股获机构扎堆推荐 最牛股年内涨幅超100%（附名单）,这些股获机构扎堆推荐 最牛股年内涨幅超100%（附名单）
2020-05-28,比亚迪F3超值版尺寸接近全新秦 价钱便宜1.71万,比亚迪F3超值版尺寸接近全新秦 价钱便宜1.71万
2020-05-28,宁德时代独家回应：完成针刺测试≠动力电池安全,宁德时代独家回应：完成针刺测试≠动力电池安全
2020-05-28,红杉中国、中金、国投创新19亿元领投比亚迪半导体 布局汽车芯片硬科技,红杉中国、中金、国投创新19亿元领投比亚迪半导体 布局汽车芯片硬科技
2020-05-28,为什么新造车都爱“碰瓷”特斯拉？,为什么新造车都爱“碰瓷”特斯拉？
2020-05-28,午评：三大指数冲高回落创指跌2% 权重股逆市走强,午评：三大指数冲高回落创指跌2% 权重股逆市走强
2020-05-28,“比宁之争”成焦点 电池技术将迎创新窗口,“比宁之争”成焦点 电池技术将迎创新窗口
2020-05-28,比亚迪(002594)事件点评：半导体引入战投 拉开市场化序幕,比亚迪(002594)事件点评：半导体引入战投 拉开市场化序幕
2020-05-28,22股获券商买入评级 金圆股份目标涨幅达50.26%,22股获券商买入评级 金圆股份目标涨幅达50.26%
2020-05-28,周四机构一致看好的七大金股（05.28）,周四机构一致看好的七大金股（05.28）
2020-05-28,上调评级至买入策略选股（5月28日）,上调评级至买入策略选股（5月28日）
2020-05-28,5月28日券商晨会研报汇编,5月28日券商晨会研报汇编
2020-05-28,【国盛机械·周报】线性驱动系统市场大有可为,【国盛机械·周报】线性驱动系统市场大有可为
2020-05-28,电报|红杉中国：看好比亚迪半导体IGBT发展空间,电报|红杉中国：看好比亚迪半导体IGBT发展空间
2020-05-28,当初背叛华为的美国代工厂，如今反过来希望恢复合作，华为不屑,当初背叛华为的美国代工厂，如今反过来希望恢复合作，华为不屑
2020-05-28,特斯拉又双叒叕降价了，进口车型全系下调2.9万,特斯拉又双叒叕降价了，进口车型全系下调2.9万
2020-05-28,深度布局电动车“CPU”：红杉中国、中金、国投创新领投比亚迪半导体,深度布局电动车“CPU”：红杉中国、中金、国投创新领投比亚迪半导体
2020-05-28,每日资讯：传大众将收购江淮50%股份、比亚迪半导体融资19亿元,每日资讯：传大众将收购江淮50%股份、比亚迪半导体融资19亿元
2020-05-29,无模组化电池深度报告：无模组化降本路径清晰 磷酸铁锂有望复苏,无模组化电池深度报告：无模组化降本路径清晰 磷酸铁锂有望复苏
2020-05-29,大众汽车砸出近160亿：A股两公司飙涨 新能源车行业变局陡生,大众汽车砸出近160亿：A股两公司飙涨 新能源车行业变局陡生
2020-05-29,视频|比亚迪回应“汽车充完电后起火”：正等待鉴定 安全事故,视频|比亚迪回应“汽车充完电后起火”：正等待鉴定 安全事故
2020-05-29,比亚迪：将加快推进比亚迪半导体分拆上市工作,比亚迪：将加快推进比亚迪半导体分拆上市工作
2020-05-29,巨丰周报：本周市场先抑后扬 两类股望成新主战场,巨丰周报：本周市场先抑后扬 两类股望成新主战场
2020-05-29,比亚迪：后续将会在其他新能源车型上逐步运用刀片电池,比亚迪：后续将会在其他新能源车型上逐步运用刀片电池
2020-05-29,迪斯、冯思翰详解大众入股江淮、国轩高科：开发小型纯电动车布局新能源产业,迪斯、冯思翰详解大众入股江淮、国轩高科：开发小型纯电动车布局新能源产业
2020-05-29,比亚迪：董事夏佐全拟减持不超0.25% 减持股份,比亚迪：董事夏佐全拟减持不超0.25% 减持股份
2020-05-29,比亚迪(002594.SZ)董事夏佐全拟减持不超680万股A股 拟减持股份,比亚迪(002594.SZ)董事夏佐全拟减持不超680万股A股 拟减持股份
2020-05-29,门槛被踏破！200多家机构涌入3家公司，这些个股值得关注,门槛被踏破！200多家机构涌入3家公司，这些个股值得关注
2020-05-29,正面硬怼宁德时代 比亚迪的急与慢,正面硬怼宁德时代 比亚迪的急与慢
2020-05-29,大众入股，动力电池“千年老三”国轩高科终于熬出头？,大众入股，动力电池“千年老三”国轩高科终于熬出头？
2020-05-29,敲定！大众将60亿入股国轩高科成为第一大股东 控制人变化,敲定！大众将60亿入股国轩高科成为第一大股东 控制人变化
2020-05-29,捆绑国轩，大众豪掷87亿“买”电池图什么,捆绑国轩，大众豪掷87亿“买”电池图什么
2020-05-29,比亚迪秦Pro纯电动汽车在充电站起火 官方客服称起火原因尚待检测 安全事故,比亚迪秦Pro纯电动汽车在充电站起火 官方客服称起火原因尚待检测 安全事故
2020-05-29,一根钢针引发的争议，比亚迪和宁德时代互怼、反击,一根钢针引发的争议，比亚迪和宁德时代互怼、反击
2020-05-29,商用车合资高潮迭起 比亚迪和日野联手,商用车合资高潮迭起 比亚迪和日野联手
2020-05-29,近一周16股获机构扎堆推荐，汽车行业受青睐,近一周16股获机构扎堆推荐，汽车行业受青睐
2020-05-29,热点前瞻：3D打印技术迎机遇 沪杭甬高速今年基本建成智慧高速,热点前瞻：3D打印技术迎机遇 沪杭甬高速今年基本建成智慧高速
2020-05-29,日产口罩5000万只的比亚迪电子，搞定127.50亿的医用大合同,日产口罩5000万只的比亚迪电子，搞定127.50亿的医用大合同
2020-05-29,超80亿元大手笔收购落定 大众为何看上国轩高科？,超80亿元大手笔收购落定 大众为何看上国轩高科？
2020-05-29,“针刺试验”刺碎了谁的玻璃心,“针刺试验”刺碎了谁的玻璃心
2020-05-29,比亚迪(002594)：比亚迪半导体引进战投 打开业务分拆新篇章,比亚迪(002594)：比亚迪半导体引进战投 打开业务分拆新篇章
2020-05-29,销量惨淡行业排名落后 一汽新能源近况堪忧,销量惨淡行业排名落后 一汽新能源近况堪忧
2020-05-29,“针”是令人头大，比亚迪宁德时代隔空互撕，谁吃亏？ 诉讼纠纷,“针”是令人头大，比亚迪宁德时代隔空互撕，谁吃亏？ 诉讼纠纷
2020-05-29,近一周16股获机构扎堆推荐汽车行业受青睐,近一周16股获机构扎堆推荐汽车行业受青睐
2020-05-29,新国标引领高质量发展 动力电池市场加速洗牌,新国标引领高质量发展 动力电池市场加速洗牌
2020-05-30,钢针扎不进电池却刺破了宁德时代的谎言 这场云battle站比亚迪,钢针扎不进电池却刺破了宁德时代的谎言 这场云battle站比亚迪
2020-05-30,大众中国CEO冯思翰：目前没有必要介入国轩高科的管理层,大众中国CEO冯思翰：目前没有必要介入国轩高科的管理层
2020-05-30,国内半导体火了！风险资本、产业资本涌入，芯片类企业现诞生潮，月增近4000家,国内半导体火了！风险资本、产业资本涌入，芯片类企业现诞生潮，月增近4000家
2020-05-30,王兴喜提32.8万的理想ONE，马斯克拿到8亿美元期权丨本周不是在烧钱，就是在烧车,王兴喜提32.8万的理想ONE，马斯克拿到8亿美元期权丨本周不是在烧钱，就是在烧车
2020-05-30,各路资本加速入场，半导体行业投资潮起,各路资本加速入场，半导体行业投资潮起
2020-05-30,车市21连降后触底反弹 代表委员呼吁政策扶持,车市21连降后触底反弹 代表委员呼吁政策扶持
2020-05-30,各路资本加速入场半导体行业投资潮起,各路资本加速入场半导体行业投资潮起
2020-05-30,大众巨资入股 国轩高科实际控制人未变,大众巨资入股 国轩高科实际控制人未变
2020-05-31,轰鸣30期|大众汽车接连投资国轩高科、江汽控股谁将是最大受益者？,轰鸣30期|大众汽车接连投资国轩高科、江汽控股谁将是最大受益者？
2020-05-31,三季连播：动力电池龙头互怼背后,三季连播：动力电池龙头互怼背后
2020-05-31,全球新能源乘用车4月榜单：Model 3销量近10万,全球新能源乘用车4月榜单：Model 3销量近10万
2020-05-31,动力电池竞争现白热化 大众入股国轩加码三元锂电,动力电池竞争现白热化 大众入股国轩加码三元锂电
2020-05-31,比亚迪“芯制造” LED 车灯正式下线,比亚迪“芯制造” LED 车灯正式下线
2020-06-01,机械周报：行业规范发布 HIT设备需求有望升温,机械周报：行业规范发布 HIT设备需求有望升温
2020-06-01,【东兴汽车】下半年新能源车型看点有哪些？,【东兴汽车】下半年新能源车型看点有哪些？
2020-06-01,6月汽车销量仍将呈下跌趋势 五菱宝骏换标后保值率上涨 盈利能力下降,6月汽车销量仍将呈下跌趋势 五菱宝骏换标后保值率上涨 盈利能力下降
2020-06-01,比亚迪或将向福特汽车供应电池,比亚迪或将向福特汽车供应电池
2020-06-01,大众20亿欧元押注安徽企业，江淮与国轩高科能否迎来命运逆转？,大众20亿欧元押注安徽企业，江淮与国轩高科能否迎来命运逆转？
2020-06-01,汽车&电新行业报告：大众投资江淮、国轩 加码在华新能源布局,汽车&电新行业报告：大众投资江淮、国轩 加码在华新能源布局
2020-06-01,犀牛财经晚报：传小鹏汽车提交IPO文件 歌华有线实控人将变为国务院,犀牛财经晚报：传小鹏汽车提交IPO文件 歌华有线实控人将变为国务院
2020-06-01,传比亚迪股份(01211)将向福特汽车(F.US)供应电动汽车电池,传比亚迪股份(01211)将向福特汽车(F.US)供应电动汽车电池
2020-06-01,【华创新能源汽车】比亚迪：一线战投抢筹，比亚迪投身半导体大时代,【华创新能源汽车】比亚迪：一线战投抢筹，比亚迪投身半导体大时代
2020-06-01,特斯拉和Model 3：无敌是多么寂寞,特斯拉和Model 3：无敌是多么寂寞
2020-06-01,电气设备新能源行业周报：欧州电动车政策超预期 光伏扩产标准趋严,电气设备新能源行业周报：欧州电动车政策超预期 光伏扩产标准趋严
2020-06-01,比亚迪将向福特汽车提供动力电池？,比亚迪将向福特汽车提供动力电池？
2020-06-01,大众在华第三极：新能源汽车业务下注合肥,大众在华第三极：新能源汽车业务下注合肥
2020-06-01,数据|100天！再融资新规频掀定增热潮 战略投资者纷抢79家A股公司,数据|100天！再融资新规频掀定增热潮 战略投资者纷抢79家A股公司
2020-06-01,比亚迪半导体获19 亿元投资，为独立上市做准备,比亚迪半导体获19 亿元投资，为独立上市做准备
2020-06-01,针刺一下宁德时代有何不可？,针刺一下宁德时代有何不可？
2020-06-01,上半年业绩暴增股名单 （附股）,上半年业绩暴增股名单 （附股）
2020-06-01,【汽车】增资江淮、入股国轩，大众加速在华新能源布局——新能源汽车行业周报——看好（联系人：郑连声、陈兰芳）,【汽车】增资江淮、入股国轩，大众加速在华新能源布局——新能源汽车行业周报——看好（联系人：郑连声、陈兰芳）
2020-06-01,深度亏损，粘短企业不再大量预售，不再后延结算，价格 亏损,深度亏损，粘短企业不再大量预售，不再后延结算，价格 亏损
2020-06-01,哥伦比亚引入比亚迪唐/元等新能源汽车,哥伦比亚引入比亚迪唐/元等新能源汽车
2020-06-01,蔚来一季度亏损17.23亿元；大众战略投资落地，160亿元入股江淮和国轩高科 亏损,蔚来一季度亏损17.23亿元；大众战略投资落地，160亿元入股江淮和国轩高科 亏损
2020-06-01,比亚迪升逾5% 报45.85港元,比亚迪升逾5% 报45.85港元
2020-06-01,车市周“数”评丨宁德时代与比亚迪“隔空互怼” ，豪掷21亿欧元大众汽车绑定江淮、入主国轩高科,车市周“数”评丨宁德时代与比亚迪“隔空互怼” ，豪掷21亿欧元大众汽车绑定江淮、入主国轩高科
2020-06-01,6月这五款车，款款藏杀机,6月这五款车，款款藏杀机
2020-06-01,1-4月珠三角新能源汽车销量分析,1-4月珠三角新能源汽车销量分析
2020-06-01,港股异动︱比亚迪股份(01211)涨超6% 拟为比亚迪半导体引入战投 获花旗唱好,港股异动︱比亚迪股份(01211)涨超6% 拟为比亚迪半导体引入战投 获花旗唱好
2020-06-01,最前线 | 搭了比亚迪的车，华为5G“快跑”进军汽车行业,最前线 | 搭了比亚迪的车，华为5G“快跑”进军汽车行业
2020-06-02,比亚迪新能源汽车进入哥伦比亚市场 首批订单含132辆,比亚迪新能源汽车进入哥伦比亚市场 首批订单含132辆
2020-06-02,宁德时代与比亚迪针锋相对的背后，行业或将变局？,宁德时代与比亚迪针锋相对的背后，行业或将变局？
2020-06-02,汽车行业动态分析：软件定义汽车 电子电气架构的革命,汽车行业动态分析：软件定义汽车 电子电气架构的革命
2020-06-02,539家公司预告中期业绩，预喜率不足2成，新五丰净利增逾25倍,539家公司预告中期业绩，预喜率不足2成，新五丰净利增逾25倍
2020-06-02,蓝海华腾携手比亚迪半导体共建“联合创新实验室”！,蓝海华腾携手比亚迪半导体共建“联合创新实验室”！
2020-06-02,【SMM分析】铁锂时代拟复兴 高镍三元局中人：不甘就此谢幕,【SMM分析】铁锂时代拟复兴 高镍三元局中人：不甘就此谢幕
2020-06-02,我国锂离子电池产业国际竞争力明显提升,我国锂离子电池产业国际竞争力明显提升
2020-06-02,不止是大巴 比亚迪唐/元也将出海拉美,不止是大巴 比亚迪唐/元也将出海拉美
2020-06-02,刀片电池走出国门！福特成首家使用比亚迪电池的合资车企,刀片电池走出国门！福特成首家使用比亚迪电池的合资车企
2020-06-02,动力电池：新能源车风口下趋势上行,动力电池：新能源车风口下趋势上行
2020-06-02,【6.2锂电快讯】北京交通委一次性增发2万个新能源指标*传比亚迪将为福特供应电池,【6.2锂电快讯】北京交通委一次性增发2万个新能源指标*传比亚迪将为福特供应电池
2020-06-02,银轮股份(002126)：后处理业绩兑现 新能源成长赛道 弹性可期,银轮股份(002126)：后处理业绩兑现 新能源成长赛道 弹性可期
2020-06-02,【新时代电新|深度报告】宁德时代：立足宁德布局全球，锂电引领电动时代,【新时代电新|深度报告】宁德时代：立足宁德布局全球，锂电引领电动时代
2020-06-02,比亚迪将向福特供应电动汽车电池，生产混动汽车,比亚迪将向福特供应电动汽车电池，生产混动汽车
2020-06-03,比亚迪：首款搭载刀片电池的“汉”已经开始预售,比亚迪：首款搭载刀片电池的“汉”已经开始预售
2020-06-03,【港股通】比亚迪与美国加州10亿美元N95口罩订单再次延期,【港股通】比亚迪与美国加州10亿美元N95口罩订单再次延期
2020-06-03,比亚迪全新SUV官图曝光 有望命名“宋PLUS”,比亚迪全新SUV官图曝光 有望命名“宋PLUS”
2020-06-03,比亚迪全新中型SUV官图发布 介于宋Pro和唐之间,比亚迪全新中型SUV官图发布 介于宋Pro和唐之间
2020-06-03,电池技术或让整个电动车时代加速到来,电池技术或让整个电动车时代加速到来
2020-06-03,富时罗素：富时中国A50指数将纳入京沪高铁、药明康德,富时罗素：富时中国A50指数将纳入京沪高铁、药明康德
2020-06-03,富时罗素：富时中国A50等指数季度审核变更6月22日生效,富时罗素：富时中国A50等指数季度审核变更6月22日生效
2020-06-03,可转债新券投资价值分析-今天转债：让智慧物流成为现实,可转债新券投资价值分析-今天转债：让智慧物流成为现实
2020-06-03,风口过后的口罩贸易商自白：月赚千万造富神话破灭,风口过后的口罩贸易商自白：月赚千万造富神话破灭
2020-06-03,大众的“吃相”：入股江淮、国轩高科；上汽奥迪、江淮西亚特也快了,大众的“吃相”：入股江淮、国轩高科；上汽奥迪、江淮西亚特也快了
2020-06-03,动力电池打响“无钴”争夺战：谁将占据未来红利？,动力电池打响“无钴”争夺战：谁将占据未来红利？
2020-06-03,员工均薪竟差23万，上市车企薪资谁垫底？,员工均薪竟差23万，上市车企薪资谁垫底？
2020-06-03,宁德时代不敌，比亚迪或为福特供应电池,宁德时代不敌，比亚迪或为福特供应电池
2020-06-03,银盛泰资本投资比亚迪半导体，布局电动车“CPU”领域,银盛泰资本投资比亚迪半导体，布局电动车“CPU”领域
2020-06-03,新款比亚迪唐或采用刀片电池,新款比亚迪唐或采用刀片电池
2020-06-03,比亚迪电池外供又下一城！长安福特新车确认用比亚迪电池,比亚迪电池外供又下一城！长安福特新车确认用比亚迪电池
2020-06-03,长安福特锐际PHEV车型将搭载比亚迪刀片电池,长安福特锐际PHEV车型将搭载比亚迪刀片电池
2020-06-03,磷酸铁锂电池top10：CATL/BYD/国轩高科上演“三国争霸”,磷酸铁锂电池top10：CATL/BYD/国轩高科上演“三国争霸”
2020-06-03,永贵电器：公司电动汽车领域提供高压、大电流互联系统的整体解决方案,永贵电器：公司电动汽车领域提供高压、大电流互联系统的整体解决方案
2020-06-03,6月重磅新车上市，比亚迪汉PK五菱宏光MINI EV你选谁？,6月重磅新车上市，比亚迪汉PK五菱宏光MINI EV你选谁？
2020-06-03,华为5G车载模组正式商用,华为5G车载模组正式商用
2020-06-03,车市抢先看|5月新能源热度 比亚迪连冠,车市抢先看|5月新能源热度 比亚迪连冠
2020-06-03,"巨头开启""厮杀""模式 动力电池企业激战","巨头开启""厮杀""模式 动力电池企业激战"
2020-06-03,比亚迪：刀片电池未来会在更多的车型上搭载,比亚迪：刀片电池未来会在更多的车型上搭载
2020-06-04,探秘刀片电池的诞生地,探秘刀片电池的诞生地
2020-06-04,比亚迪“刀片电池”市场反馈高于预期 行业红利或提前来临,比亚迪“刀片电池”市场反馈高于预期 行业红利或提前来临
2020-06-04,锂电设备行业深度报告：新的起点，群雄逐鹿，全球争霸,锂电设备行业深度报告：新的起点，群雄逐鹿，全球争霸
2020-06-04,策略日报：美国5月ADP数据大幅好于预期,策略日报：美国5月ADP数据大幅好于预期
2020-06-04,比亚迪“刀片电池”市场反馈高于预期今年年底将扩产至13GWh,比亚迪“刀片电池”市场反馈高于预期今年年底将扩产至13GWh
2020-06-04,【东吴电新】5月装机电量点评：总体平稳，特斯拉及新造车势力表现亮眼,【东吴电新】5月装机电量点评：总体平稳，特斯拉及新造车势力表现亮眼
2020-06-04,探秘刀片电池超级工厂：动力电池路线或将生变,探秘刀片电池超级工厂：动力电池路线或将生变
2020-06-04,采用华为5G车载模组全球首款量产5G汽车即将落地,采用华为5G车载模组全球首款量产5G汽车即将落地
2020-06-04,【采用华为5G车载模组全球首款量产5G汽车即将落地】美港电讯4日讯，从接近华为车BU的知情人士获悉，华为5G车载模组已正式商用。昨日，比亚迪股份(01211.HK)在其官方微信号发布消息称，旗下全新车型——汉将是全球首款搭载华为5G技术的量产车型。但具体采用了华为什么技术并没有透露。知情人士还透露，这项技术正是华为5G车载模组，支持峰值2Gbps的下行速率。这也意味着比亚迪汉将成为全球首款量产的具,【采用华为5G车载模组全球首款量产5G汽车即将落地】美港电讯4日讯，从接近华为车BU的知情人士获悉，华为5G车载模组已正式商用。昨日，比亚迪股份(01211.HK)在其官方微信号发布消息称，旗下全新车型——汉将是全球首款搭载华为5G技术的量产车型。但具体采用了华为什么技术并没有透露。知情人士还透露，这项技术正是华为5G车载模组，支持峰值2Gbps的下行速率。这也意味着比亚迪汉将成为全球首款量产的具
2020-06-04,比亚迪交锋宁德时代：动力电池领域难免一战,比亚迪交锋宁德时代：动力电池领域难免一战
2020-06-04,比亚迪：汉将是全球首款搭载华为5G技术的量产车型,比亚迪：汉将是全球首款搭载华为5G技术的量产车型
2020-06-04,外媒传来重磅消息！比亚迪电池要来大订单了！,外媒传来重磅消息！比亚迪电池要来大订单了！
2020-06-04,4 月全球新能源乘用车销量：短期承压，趋势不变 丨月报（朱玥）,4 月全球新能源乘用车销量：短期承压，趋势不变 丨月报（朱玥）
2020-06-04,【报道】比亚迪在其官方微信号发布消息称，旗下全新车型——汉将是全球首款搭载华为5G技术的量产车型。作为一款面向中大型豪华市场推出的纯电动/混动轿车，比亚迪汉于今年4月份正式开启预定，新车补贴后预售价区间为23万-28万元，预计6月份内上市销售。（techweb）,【报道】比亚迪在其官方微信号发布消息称，旗下全新车型——汉将是全球首款搭载华为5G技术的量产车型。作为一款面向中大型豪华市场推出的纯电动/混动轿车，比亚迪汉于今年4月份正式开启预定，新车补贴后预售价区间为23万-28万元，预计6月份内上市销售。（techweb）
2020-06-04,比亚迪抢夺电池市场份额 将向福特供应电池,比亚迪抢夺电池市场份额 将向福特供应电池
2020-06-04,股价新高，美团总市值超中石油，被动资金配置引发抢筹行情？,股价新高，美团总市值超中石油，被动资金配置引发抢筹行情？
2020-06-04,[公司]比亚迪：公司的纯电动大巴在全球300多个城市运营,[公司]比亚迪：公司的纯电动大巴在全球300多个城市运营
2020-06-04,兆丰股份(300695)：轮毂轴承引领者 切入OEM开启2.0时代,兆丰股份(300695)：轮毂轴承引领者 切入OEM开启2.0时代
2020-06-04,比亚迪海外扩张持续不断 纯电大巴遍布6个大洲,比亚迪海外扩张持续不断 纯电大巴遍布6个大洲
2020-06-04,高端胶粘剂进口替代提速，龙头迎来成长窗口期 ——回天新材（300041.SZ）投资价值分析报告,高端胶粘剂进口替代提速，龙头迎来成长窗口期 ——回天新材（300041.SZ）投资价值分析报告
2020-06-04,【安信电子|每日观点】博通暗示新iPhone发布或将延迟，台积电加码晶圆封装,【安信电子|每日观点】博通暗示新iPhone发布或将延迟，台积电加码晶圆封装
2020-06-04,全世界各行各业联合起来，internet一定要实现！,全世界各行各业联合起来，internet一定要实现！
2020-06-04,[公司]比亚迪：比亚迪王朝系列全新轿车“汉”将首次搭载公司刀片电池产品,[公司]比亚迪：比亚迪王朝系列全新轿车“汉”将首次搭载公司刀片电池产品
2020-06-05,揭秘比亚迪（01211）刀片电池工厂 精益智造 分拆可期,揭秘比亚迪（01211）刀片电池工厂 精益智造 分拆可期
2020-06-05,全面建设“村村通” 比亚迪助力西安高新区城乡公交一体化,全面建设“村村通” 比亚迪助力西安高新区城乡公交一体化
2020-06-05,比亚迪：1-5月公司累计汽车销量12.5万辆，同比下降34.03% 盈利能力下降,比亚迪：1-5月公司累计汽车销量12.5万辆，同比下降34.03% 盈利能力下降
2020-06-05,比亚迪：5月汽车销量为31821辆,比亚迪：5月汽车销量为31821辆
2020-06-05,比亚迪：1-5月合计为124903辆 同比下降34.03%,比亚迪：1-5月合计为124903辆 同比下降34.03%
2020-06-05,比亚迪(002594.SZ)：5月新能源车销量同比降48.29% 油车大增70.50% 盈利能力下降,比亚迪(002594.SZ)：5月新能源车销量同比降48.29% 油车大增70.50% 盈利能力下降
2020-06-05,比亚迪：前5月新能源汽车销量同比下滑60.94% 盈利能力下降,比亚迪：前5月新能源汽车销量同比下滑60.94% 盈利能力下降
2020-06-05,比亚迪5月销量下滑6.1% 盈利能力下降,比亚迪5月销量下滑6.1% 盈利能力下降
2020-06-05,比亚迪筹备刀片电池扩产 业内推测IPO日期将近,比亚迪筹备刀片电池扩产 业内推测IPO日期将近
2020-06-05,动力电池之争：比亚迪可否凭借刀片电池再次称王？,动力电池之争：比亚迪可否凭借刀片电池再次称王？
2020-06-05,比亚迪(01211-HK)5月新能源汽车销量跌48.28% 盈利能力下降,比亚迪(01211-HK)5月新能源汽车销量跌48.28% 盈利能力下降
2020-06-05,巨丰周报：本周市场热点频频异动 三类股有望吹响冲锋号,巨丰周报：本周市场热点频频异动 三类股有望吹响冲锋号
2020-06-05,【行情】比亚迪AH股均走强，A股涨逾3%，H股午后涨幅扩大至逾7%。,【行情】比亚迪AH股均走强，A股涨逾3%，H股午后涨幅扩大至逾7%。
2020-06-05,犀牛财经晚报：洲际油气实控人遭调查 SEC奖励举报人5000万美元,犀牛财经晚报：洲际油气实控人遭调查 SEC奖励举报人5000万美元
2020-06-05,2020年4月中国占世界新能源车57%,2020年4月中国占世界新能源车57%
2020-06-05,比亚迪：今年底扩产“刀片电池”至13GWh以上,比亚迪：今年底扩产“刀片电池”至13GWh以上
2020-06-05,6月5日港股复盘：恒指涨1.66% 航空股影视股上涨,6月5日港股复盘：恒指涨1.66% 航空股影视股上涨
2020-06-05,港股比亚迪股份涨超7% 刀片电池将扩产,港股比亚迪股份涨超7% 刀片电池将扩产
2020-06-05,港股异动︱比亚迪股份(01211)涨超6% 获小摩升目标价至66港元及“增持”评级,港股异动︱比亚迪股份(01211)涨超6% 获小摩升目标价至66港元及“增持”评级
2020-06-05,港股异动|比亚迪股份(1211.HK)涨5.8%刀片电池将扩产叠加机构唱好,港股异动|比亚迪股份(1211.HK)涨5.8%刀片电池将扩产叠加机构唱好
2020-06-05,并非汉专属 比亚迪刀片电池扩产至12GWh,并非汉专属 比亚迪刀片电池扩产至12GWh
2020-06-05,比亚迪刀片电池定义电动车安全标准，动力电池路线或将生变,比亚迪刀片电池定义电动车安全标准，动力电池路线或将生变
2020-06-05,探秘刀片电池全球首家工厂，你想知道的都在这,探秘刀片电池全球首家工厂，你想知道的都在这
2020-06-05,科创板新股申购策略：预期联赢激光、泽达易盛首发PE估值分别约为33倍-35倍、19倍-21倍,科创板新股申购策略：预期联赢激光、泽达易盛首发PE估值分别约为33倍-35倍、19倍-21倍
2020-06-05,全球首款！比亚迪汉搭载华为5G技术，自动驾驶概念或受关注,全球首款！比亚迪汉搭载华为5G技术，自动驾驶概念或受关注
2020-06-05,宁德时代/国轩高科/亿纬锂能等动力电池企业发力细分领域,宁德时代/国轩高科/亿纬锂能等动力电池企业发力细分领域
2020-06-05,港股开盘(6.5)︱恒指涨0.09%报24388.18点 比亚迪股份（01211）“刀片电池”反馈高于预期早盘高开1.66%,港股开盘(6.5)︱恒指涨0.09%报24388.18点 比亚迪股份（01211）“刀片电池”反馈高于预期早盘高开1.66%
2020-06-05,新能源汽车 将打开出口新空间,新能源汽车 将打开出口新空间
2020-06-05,比亚迪高开近2% 传刀片电池反应佳拟扩生产线,比亚迪高开近2% 传刀片电池反应佳拟扩生产线
2020-06-05,全球首款？比亚迪汉将搭载华为5G技术,全球首款？比亚迪汉将搭载华为5G技术
2020-06-05,比亚迪刀片电池即将对外供应,比亚迪刀片电池即将对外供应
2020-06-05,【券商聚焦】小摩料龙头企业主导电池市场 升比亚迪评级至增持,【券商聚焦】小摩料龙头企业主导电池市场 升比亚迪评级至增持
2020-06-05,小摩：上调比亚迪(01211)至“增持”评级 升目标价至66港元,小摩：上调比亚迪(01211)至“增持”评级 升目标价至66港元
2020-06-05,西南证券：格局尚未完全明确 锂电行业望迎新起点,西南证券：格局尚未完全明确 锂电行业望迎新起点
2020-06-05,午间要闻 | 湖南蛋白固体饮料事件属欺诈误导消费；腾讯成京东最大股东；暴风集团存被暂停上市风险；LVMH拟重新考虑收购蒂芙尼,午间要闻 | 湖南蛋白固体饮料事件属欺诈误导消费；腾讯成京东最大股东；暴风集团存被暂停上市风险；LVMH拟重新考虑收购蒂芙尼
2020-06-05,天猫618：大众、别克、比亚迪等官方补贴 5折卖车,天猫618：大众、别克、比亚迪等官方补贴 5折卖车
2020-06-05,探秘比亚迪刀片电池工厂！,探秘比亚迪刀片电池工厂！
2020-06-06,比亚迪公布5月销量 SUV逆势增长成绩喜人,比亚迪公布5月销量 SUV逆势增长成绩喜人
2020-06-06,5月电动车5起自燃 强制安全标准下车企忙产品更新,5月电动车5起自燃 强制安全标准下车企忙产品更新
2020-06-06,比亚迪前5月新能源车销量降幅超六成 “汉”或成转折点 盈利能力下降,比亚迪前5月新能源车销量降幅超六成 “汉”或成转折点 盈利能力下降
2020-06-06,比亚迪5月新能源车销量1.13万辆，同比降48.29% 盈利能力下降,比亚迪5月新能源车销量1.13万辆，同比降48.29% 盈利能力下降
2020-06-06,上市公司正负面新闻2020年6月6日星期六,上市公司正负面新闻2020年6月6日星期六
2020-06-06,比亚迪股份有限公司2020年5月销量快报,比亚迪股份有限公司2020年5月销量快报
2020-06-06,SUV销量暴涨 比亚迪5月售出3.2万辆汽车,SUV销量暴涨 比亚迪5月售出3.2万辆汽车
2020-06-07,下周操盘攻略：基本面修复逻辑加强,下周操盘攻略：基本面修复逻辑加强
2020-06-07,年内最牛新股都还没开板，下周打新攻略来了！,年内最牛新股都还没开板，下周打新攻略来了！
2020-06-07,比亚迪刀片电池生产线首次对外开放，不怕针刺的电池是如何生产的？,比亚迪刀片电池生产线首次对外开放，不怕针刺的电池是如何生产的？
2020-06-07,华为5G车载模组已正式商用,华为5G车载模组已正式商用
2020-06-07,周观点 | 乘用车需求回暖 电动化布局加速【华西汽车 崔琰团队】,周观点 | 乘用车需求回暖 电动化布局加速【华西汽车 崔琰团队】
2020-06-08,大摩：相信比亚迪(1211.HK)未来30日股价将上升,大摩：相信比亚迪(1211.HK)未来30日股价将上升
2020-06-08,【汽车-袁伟】华为入局，打造汽车智能化主引擎,【汽车-袁伟】华为入局，打造汽车智能化主引擎
2020-06-08,【申港汽车】周观点：5月乘用车销量转正 建议增配零部件板块,【申港汽车】周观点：5月乘用车销量转正 建议增配零部件板块
2020-06-08,【申港电子】从中美摩擦看半导体前道检测设备行业格局,【申港电子】从中美摩擦看半导体前道检测设备行业格局
2020-06-08,磷酸铁锂电池路线的三元锂开始了称霸之路,磷酸铁锂电池路线的三元锂开始了称霸之路
2020-06-08,汽车行业周报：5月车市持续回暖 重卡销售17.5万辆同比增62%,汽车行业周报：5月车市持续回暖 重卡销售17.5万辆同比增62%
2020-06-08,汽车行业周报：乘用车零售数据改善；车企货车销量普遍增长,汽车行业周报：乘用车零售数据改善；车企货车销量普遍增长
2020-06-08,最前线 | 比亚迪5月汽车销量下滑，机构仍上调其股票目标价 盈利能力下降,最前线 | 比亚迪5月汽车销量下滑，机构仍上调其股票目标价 盈利能力下降
2020-06-08,我国锂离子电池产业国际竞争力明显提升,我国锂离子电池产业国际竞争力明显提升
2020-06-08,6只新股“10万+”！本周还有这些潜力股申购,6只新股“10万+”！本周还有这些潜力股申购
2020-06-08,计算机行业快报：华为汽车或将大量“上路” 建议近期关注华为汽车产业链,计算机行业快报：华为汽车或将大量“上路” 建议近期关注华为汽车产业链
2020-06-08,浙商通信周报：政策加持+巨头加码 车联网渐行渐近,浙商通信周报：政策加持+巨头加码 车联网渐行渐近
2020-06-08,华为腹背受敌？苹果高通等出手，爆买台积电产能！华为发力5G汽车，刚刚宣布一大利好,华为腹背受敌？苹果高通等出手，爆买台积电产能！华为发力5G汽车，刚刚宣布一大利好
2020-06-08,【车企动态】吉利、比亚迪5月销量速递：燃油车整体复苏吉利重启并购,【车企动态】吉利、比亚迪5月销量速递：燃油车整体复苏吉利重启并购
2020-06-08,EV晨报 | 中日6家企业成立燃料电池公司；比亚迪5月新能源车销量同比降48.3%；威马5月销量创新高,EV晨报 | 中日6家企业成立燃料电池公司；比亚迪5月新能源车销量同比降48.3%；威马5月销量创新高
2020-06-08,【券商聚焦】大摩料比亚迪股份未来30天内股价将上升,【券商聚焦】大摩料比亚迪股份未来30天内股价将上升
2020-06-08,电气设备新能源行业周报：欧州电动车政策持续超预期 国内锂电中游排产逐步恢复,电气设备新能源行业周报：欧州电动车政策持续超预期 国内锂电中游排产逐步恢复
2020-06-08,港股盘前必读：京东发行价上限定为236港元6月18日正式登陆港交所,港股盘前必读：京东发行价上限定为236港元6月18日正式登陆港交所
2020-06-08,早知道·财讯热搜榜TOP10（6月8日）,早知道·财讯热搜榜TOP10（6月8日）
2020-06-08,港股公告精选：网易-S发售价定为123港元，比亚迪5月销售汽车31821辆,港股公告精选：网易-S发售价定为123港元，比亚迪5月销售汽车31821辆
2020-06-08,实探比亚迪刀片电池生产基地：产品线将翻倍扩充，改善电池设计弥补续航短板,实探比亚迪刀片电池生产基地：产品线将翻倍扩充，改善电池设计弥补续航短板
2020-06-08,比亚迪(01211-HK)5月新能源汽车销量急降大摩仍给予2个“维持” 盈利能力下降,比亚迪(01211-HK)5月新能源汽车销量急降大摩仍给予2个“维持” 盈利能力下降
2020-06-08,比亚迪披露5月销量快报,比亚迪披露5月销量快报
2020-06-08,【华创新能源汽车】比亚迪5月销量点评：总销量仍在回暖，“汉”是EV销量关键点,【华创新能源汽车】比亚迪5月销量点评：总销量仍在回暖，“汉”是EV销量关键点
2020-06-08,比亚迪宁德时代决战大西北！,比亚迪宁德时代决战大西北！
2020-06-08,【6.8锂电快讯】比亚迪“刀片电池”扩充产能*恒大新能源湘阴生产基地于6月25日开工,【6.8锂电快讯】比亚迪“刀片电池”扩充产能*恒大新能源湘阴生产基地于6月25日开工
2020-06-08,【中原锂电池】锂电池行业月报：销量持续边际改善，关注三条主线,【中原锂电池】锂电池行业月报：销量持续边际改善，关注三条主线
2020-06-09,乘联会：5月新能源乘用车环比增19.4%，特斯拉销量破万夺“双冠”,乘联会：5月新能源乘用车环比增19.4%，特斯拉销量破万夺“双冠”
2020-06-09,全球供货？传比亚迪为捷豹路虎供应电池,全球供货？传比亚迪为捷豹路虎供应电池
2020-06-09,10亿美元口罩订单妥了，比亚迪N95口罩终于通过美方认证,10亿美元口罩订单妥了，比亚迪N95口罩终于通过美方认证
2020-06-09,【比亚迪：对或在英国投建电池工厂的传闻“不予回应”】针对“比亚迪正在与捷豹路虎就电池供应和生产进行谈判，并计划在英国建立其在欧洲的第一家电池工厂”的传闻，比亚迪相关负责人表示，“目前官方不予回应”。此前，比亚迪销售公司副总李云飞曾表示，“随着比亚迪商用车、大巴等在海外业务的提升，未来不排除在国外建厂，或者进行海外的合作。”,【比亚迪：对或在英国投建电池工厂的传闻“不予回应”】针对“比亚迪正在与捷豹路虎就电池供应和生产进行谈判，并计划在英国建立其在欧洲的第一家电池工厂”的传闻，比亚迪相关负责人表示，“目前官方不予回应”。此前，比亚迪销售公司副总李云飞曾表示，“随着比亚迪商用车、大巴等在海外业务的提升，未来不排除在国外建厂，或者进行海外的合作。”
2020-06-09,【研报掘金】全球汽车电动化浪潮兴起 关注具备全球竞争力的供应链优质企业,【研报掘金】全球汽车电动化浪潮兴起 关注具备全球竞争力的供应链优质企业
2020-06-09,侃财丨不说了，我要去刷抖音了,侃财丨不说了，我要去刷抖音了
2020-06-09,港股收盘：恒指升破25000点 港府出资273亿港元援助国泰航空,港股收盘：恒指升破25000点 港府出资273亿港元援助国泰航空
2020-06-09,【SMM分析】5月锂电数据分析：特斯拉及造车新势力表现亮眼 营运市场需求仍未恢复,【SMM分析】5月锂电数据分析：特斯拉及造车新势力表现亮眼 营运市场需求仍未恢复
2020-06-09,寻求独立上市 比亚迪半导体“国产化替代”步伐加快,寻求独立上市 比亚迪半导体“国产化替代”步伐加快
2020-06-09,汇率7.09！复苏牛再度喝酒吃药，沪指涨0.62%收2956,汇率7.09！复苏牛再度喝酒吃药，沪指涨0.62%收2956
2020-06-09,捷豹路虎（中国）回应比亚迪合作在英国建电池厂：正在核实,捷豹路虎（中国）回应比亚迪合作在英国建电池厂：正在核实
2020-06-09,一波三折后 比亚迪N95口罩终于通过美国认证,一波三折后 比亚迪N95口罩终于通过美国认证
2020-06-09,比亚迪1-5月动力电池及储能电池装机累计2.964GWh,比亚迪1-5月动力电池及储能电池装机累计2.964GWh
2020-06-09,销量爆棚！特斯拉股价狂飙，马斯克却急了，亲口承认这个问题，外资爆买概念股名单出炉,销量爆棚！特斯拉股价狂飙，马斯克却急了，亲口承认这个问题，外资爆买概念股名单出炉
2020-06-09,东方电热：上汽、比亚迪均为公司客户,东方电热：上汽、比亚迪均为公司客户
2020-06-09,比亚迪“口罩大片”第二季大反转：获美国认证将完成加州9.9亿美元大单,比亚迪“口罩大片”第二季大反转：获美国认证将完成加州9.9亿美元大单
2020-06-09,时隔2月比亚迪N95口罩终于拿到美国通行证 10亿美元订单障碍扫除,时隔2月比亚迪N95口罩终于拿到美国通行证 10亿美元订单障碍扫除
2020-06-09,进击的刀片电池：比亚迪PK宁德时代胜算几何？,进击的刀片电池：比亚迪PK宁德时代胜算几何？
2020-06-09,比亚迪或在英国建电池厂，与捷豹路虎洽谈供货事宜,比亚迪或在英国建电池厂，与捷豹路虎洽谈供货事宜
2020-06-09,美国加州州长：比亚迪获得N95口罩认证，该公司将为加州生产1.5亿只N95口罩,美国加州州长：比亚迪获得N95口罩认证，该公司将为加州生产1.5亿只N95口罩
2020-06-09,李云飞:刀片电池前景可期 加码混动将推I系列,李云飞:刀片电池前景可期 加码混动将推I系列
2020-06-09,港股盘前必读：香港向18岁及以上居民每人派1万元,港股盘前必读：香港向18岁及以上居民每人派1万元
2020-06-09,车企争抢5G技术：锦上添花还是雪中送炭？,车企争抢5G技术：锦上添花还是雪中送炭？
2020-06-09,【周观点】5月第三周批发同比+25%，配置时机已至,【周观点】5月第三周批发同比+25%，配置时机已至
2020-06-09,比亚迪N95口罩认证通过，将为加州供应1.5亿个,比亚迪N95口罩认证通过，将为加州供应1.5亿个
2020-06-09,北京鹏奥瑞腾比亚迪王朝店开业庆典GO车惠,北京鹏奥瑞腾比亚迪王朝店开业庆典GO车惠
2020-06-09,传比亚迪在英国建电池厂供应捷豹路虎 考虑合作开发电力驱动系统,传比亚迪在英国建电池厂供应捷豹路虎 考虑合作开发电力驱动系统
2020-06-09,5月销量再超1万辆 事故频发的特斯拉还能“香”多久？ 安全事故,5月销量再超1万辆 事故频发的特斯拉还能“香”多久？ 安全事故
2020-06-09,比亚迪或在英国建电池厂 与捷豹路虎洽谈供货事宜,比亚迪或在英国建电池厂 与捷豹路虎洽谈供货事宜
2020-06-09,计算机行业周观点：5G加速智能驾驶商用落地,计算机行业周观点：5G加速智能驾驶商用落地
2020-06-10,5月车市“转正”，汽车股走强，报复性消费来临？,5月车市“转正”，汽车股走强，报复性消费来临？
2020-06-10,20天预售总量超15000台 比亚迪汉是如何做到的？,20天预售总量超15000台 比亚迪汉是如何做到的？
2020-06-10,比亚迪今日大宗交易成交3.50万股，成交价61.05元溢价0.0%,比亚迪今日大宗交易成交3.50万股，成交价61.05元溢价0.0%
2020-06-10,比亚迪：还未来得及挑战宁德时代 半路先杀出个LG化学,比亚迪：还未来得及挑战宁德时代 半路先杀出个LG化学
2020-06-10,【中银电新】无模组化电池深度报告:无模组化降本路径清晰，磷酸铁锂有望复苏,【中银电新】无模组化电池深度报告:无模组化降本路径清晰，磷酸铁锂有望复苏
2020-06-10,比亚迪现1笔大宗交易 共成交213.68万元,比亚迪现1笔大宗交易 共成交213.68万元
2020-06-10,比亚迪(002594.SZ)：“19亚迪G1”将于6月15日付息4.86元/张,比亚迪(002594.SZ)：“19亚迪G1”将于6月15日付息4.86元/张
2020-06-10,比亚迪(002594.SZ)：“17亚迪01”将于6月15日付息4.87元/张,比亚迪(002594.SZ)：“17亚迪01”将于6月15日付息4.87元/张
2020-06-10,推长寿命电池 宁德时代再起市占率“卡位战”,推长寿命电池 宁德时代再起市占率“卡位战”
2020-06-10,深圳A股公司数量超过上海，市值逼近上海+广州,深圳A股公司数量超过上海，市值逼近上海+广州
2020-06-10,李云飞：“刀片电池”改变市场格局,李云飞：“刀片电池”改变市场格局
2020-06-10,宁德时代将推200万公里电池，超级电池加速跑马圈地,宁德时代将推200万公里电池，超级电池加速跑马圈地
2020-06-10,比亚迪N95口罩认证通过 业内：继续看好公司未来前景,比亚迪N95口罩认证通过 业内：继续看好公司未来前景
2020-06-10,天奈科技(688116)：碳管加速渗透 龙头优势明显,天奈科技(688116)：碳管加速渗透 龙头优势明显
2020-06-10,得电池者得天下！车企布局电池摆脱产能掣肘,得电池者得天下！车企布局电池摆脱产能掣肘
2020-06-10,【安信汽车】丰田宣布在华合资股比不调整，电动化合作战略加速推进,【安信汽车】丰田宣布在华合资股比不调整，电动化合作战略加速推进
2020-06-10,比亚迪(01211)：“19亚迪G1”将于6月15日开始付息,比亚迪(01211)：“19亚迪G1”将于6月15日开始付息
2020-06-10,丰田提速电动化：加码电池布局 2025年电动车销量要超550万辆,丰田提速电动化：加码电池布局 2025年电动车销量要超550万辆
2020-06-10,A股共发生90宗大宗交易成交21.5亿元（6月10日）,A股共发生90宗大宗交易成交21.5亿元（6月10日）
2020-06-10,麦格理：上调比亚迪(1211.HK)目标价至28.3港元 评级“跑输大市”,麦格理：上调比亚迪(1211.HK)目标价至28.3港元 评级“跑输大市”
2020-06-10,挑战的勇气 丰田纯电动技术成果如何,挑战的勇气 丰田纯电动技术成果如何
2020-06-10,5G+汽车会让行业“变天”吗？,5G+汽车会让行业“变天”吗？
2020-06-10,国内汽车市场回暖13股获北上资金增持超千万股,国内汽车市场回暖13股获北上资金增持超千万股
2020-06-10,新能源汽车行业周报：5月欧洲电动车注册量环比复苏明显,新能源汽车行业周报：5月欧洲电动车注册量环比复苏明显
2020-06-10,比亚迪N95口罩通过认证 将完成约10亿美元大单,比亚迪N95口罩通过认证 将完成约10亿美元大单
2020-06-10,每日理财观察：首批5只新三板基金今日开售,每日理财观察：首批5只新三板基金今日开售
2020-06-10,粤港澳大湾区新能源汽车产业布局提速升级,粤港澳大湾区新能源汽车产业布局提速升级
2020-06-10,31股获券商买入评级 长安汽车目标涨幅达73.08%,31股获券商买入评级 长安汽车目标涨幅达73.08%
2020-06-10,宁德时代超级电池来了！总里程可达200万公里,宁德时代超级电池来了！总里程可达200万公里
2020-06-10,捷豹路虎与比亚迪就电池供应进行谈判,捷豹路虎与比亚迪就电池供应进行谈判
2020-06-10,5月动力电池装机观察：8家企业负增长 中航锂电逆势增长118%,5月动力电池装机观察：8家企业负增长 中航锂电逆势增长118%
2020-06-10,5月乘用车动力电池装机量TOP10：宁德时代榜首但环比下降 塔菲尔强势升至第6！,5月乘用车动力电池装机量TOP10：宁德时代榜首但环比下降 塔菲尔强势升至第6！
2020-06-10,上半年业绩暴增股名单 （附股）,上半年业绩暴增股名单 （附股）
2020-06-10,5月车企销量：新能源板块仍陷负增长“泥沼”，蔚来领跑新势力,5月车企销量：新能源板块仍陷负增长“泥沼”，蔚来领跑新势力
2020-06-10,比亚迪：比亚迪N95口罩近期已经取得NIOSH认证,比亚迪：比亚迪N95口罩近期已经取得NIOSH认证
2020-06-10,比亚迪回应计划在英建厂：官方未回应，确认为长安福特供应电池,比亚迪回应计划在英建厂：官方未回应，确认为长安福特供应电池
2020-06-10,比亚迪或在英国建电池厂供应捷豹路虎；李斌卸任长安蔚来董事长 董监高成员变化,比亚迪或在英国建电池厂供应捷豹路虎；李斌卸任长安蔚来董事长 董监高成员变化
2020-06-10,全球纺织事(06.10)：API原油库存意外大增842万桶，中国一家口罩企业或面临150万美元罚款,全球纺织事(06.10)：API原油库存意外大增842万桶，中国一家口罩企业或面临150万美元罚款
2020-06-11,丰田称在华不考虑改变合资股比，将首次采用中国产电池,丰田称在华不考虑改变合资股比，将首次采用中国产电池
2020-06-11,乘用车5月产量排行：特斯拉连续三个月产量破万，小鹏P7正式投产,乘用车5月产量排行：特斯拉连续三个月产量破万，小鹏P7正式投产
2020-06-11,10亿美元口罩订单要黄？金发科技股价一度跌近4%,10亿美元口罩订单要黄？金发科技股价一度跌近4%
2020-06-11,行业复苏难掩上汽失落:合资车再丢份额 电车前路坎坷,行业复苏难掩上汽失落:合资车再丢份额 电车前路坎坷
2020-06-11,深圳华强：拟不超2000万元投资比亚迪半导体,深圳华强：拟不超2000万元投资比亚迪半导体
2020-06-11,比宁大战升级！200万公里续航依然难解新能源车焦虑,比宁大战升级！200万公里续航依然难解新能源车焦虑
2020-06-11,深圳华强(000062.SZ)：拟以自有资金向比亚迪半导体投资不超2000万元,深圳华强(000062.SZ)：拟以自有资金向比亚迪半导体投资不超2000万元
2020-06-11,5月电车产销持续回暖，7月有望迎来拐点 | 兴证电新· 5月新能源汽车产销点评（朱玥、曾英捷）,5月电车产销持续回暖，7月有望迎来拐点 | 兴证电新· 5月新能源汽车产销点评（朱玥、曾英捷）
2020-06-11,6月12日十大利好公告：爱建集团控股股东拟增持,6月12日十大利好公告：爱建集团控股股东拟增持
2020-06-11,分析丨LG化学23亿投资电池工厂，全球覆盖下国内企业该何去何从？,分析丨LG化学23亿投资电池工厂，全球覆盖下国内企业该何去何从？
2020-06-11,全新一代比亚迪元明年亮相 全面采用新能源动力,全新一代比亚迪元明年亮相 全面采用新能源动力
2020-06-11,开源证券：从历史看未来竞争格局 锂电王者引领发展,开源证券：从历史看未来竞争格局 锂电王者引领发展
2020-06-11,火爆热销 比亚迪汉预售量已达15000台,火爆热销 比亚迪汉预售量已达15000台
2020-06-11,【一语道破】拒绝华为的上汽集团（600104.SH），底气何在？,【一语道破】拒绝华为的上汽集团（600104.SH），底气何在？
2020-06-11,华为发力5G汽车车联网概念股有望受益,华为发力5G汽车车联网概念股有望受益
2020-06-11,全球龙头暴涨，市值破1.3万亿！关键技术突破，深圳放大招，1.8万亿板块迎爆点？,全球龙头暴涨，市值破1.3万亿！关键技术突破，深圳放大招，1.8万亿板块迎爆点？
2020-06-11,一线心声：技术和人才是最大障碍,一线心声：技术和人才是最大障碍
2020-06-11,洞察者 |丰田E路不辜负,洞察者 |丰田E路不辜负
2020-06-11,技术路线之争 刀片电池何以平息,技术路线之争 刀片电池何以平息
2020-06-11,5月特斯拉销量增长动力十足，动力电池装机小幅下降——国内5月动力电池装机和新能源车销量数据点评 盈利能力下降,5月特斯拉销量增长动力十足，动力电池装机小幅下降——国内5月动力电池装机和新能源车销量数据点评 盈利能力下降
2020-06-11,【电新*曾朵红】5月装机电量点评：总体平稳，特斯拉及新造车势力表现亮眼,【电新*曾朵红】5月装机电量点评：总体平稳，特斯拉及新造车势力表现亮眼
2020-06-11,港股盘前必读：网易香港IPO发行价定为123港元/股预计净筹资209亿港元,港股盘前必读：网易香港IPO发行价定为123港元/股预计净筹资209亿港元
2020-06-11,比亚迪：公司全新车型汉将首次搭载刀片电池产品,比亚迪：公司全新车型汉将首次搭载刀片电池产品
2020-06-11,一波三折！比亚迪N95口罩通过认证，10亿美元订单或将迎来转机！,一波三折！比亚迪N95口罩通过认证，10亿美元订单或将迎来转机！
2020-06-11,比亚迪新能源前5月销量下滑 全系车型将换新 盈利能力下降,比亚迪新能源前5月销量下滑 全系车型将换新 盈利能力下降
2020-06-11,全球龙头暴涨，市值破1.3万亿！深圳放大招，1.8万亿板块迎爆点？,全球龙头暴涨，市值破1.3万亿！深圳放大招，1.8万亿板块迎爆点？
2020-06-12,近10亿美元口罩订单没收到钱？金发科技发公告了,近10亿美元口罩订单没收到钱？金发科技发公告了
2020-06-12,首都在线(300846)、胜蓝股份(300843)、捷安高科(300845)：新股网下申购询价建议报告,首都在线(300846)、胜蓝股份(300843)、捷安高科(300845)：新股网下申购询价建议报告
2020-06-12,新能源汽车行业2020年5月销量点评：销量符合市场预期 复苏政策持续加码,新能源汽车行业2020年5月销量点评：销量符合市场预期 复苏政策持续加码
2020-06-12,深圳华强拟投资比亚迪半导体 顶级玩家离上市有多远？,深圳华强拟投资比亚迪半导体 顶级玩家离上市有多远？
2020-06-12,宇通客车“一骑绝尘”，继续稳坐新能源客车市场头把交椅,宇通客车“一骑绝尘”，继续稳坐新能源客车市场头把交椅
2020-06-12,动力电池5月动态跟踪报告(十)：国内电动车市场回暖 关注特斯拉产业链机会,动力电池5月动态跟踪报告(十)：国内电动车市场回暖 关注特斯拉产业链机会
2020-06-12,大众联手福特是为了阻击特斯拉吗？,大众联手福特是为了阻击特斯拉吗？
2020-06-12,万里扬(002434)5月销量数据点评：CVT、MT环比增速低于预期 商用车变速器同比大幅增长,万里扬(002434)5月销量数据点评：CVT、MT环比增速低于预期 商用车变速器同比大幅增长
2020-06-12,【创业板上市委专家委候选名单出炉：科大讯飞、万科董事长上榜】上市委将参与创业板发行上市审核工作，负责对深交所审核机构出具的审核报告和发行人申请文件进行审议，加强把关，保障审核工作公开、公平、公正，提升审核工作专业性、权威性和公信力。其中，来自上市公司的候选人共6名，分别是科大讯飞董事长刘庆峰、美的集团董事会秘书江鹏、比亚迪董事会秘书李黔、万科董事会主席郁亮、乐普医药高级副总经理郭同军、宁德时代副总,【创业板上市委专家委候选名单出炉：科大讯飞、万科董事长上榜】上市委将参与创业板发行上市审核工作，负责对深交所审核机构出具的审核报告和发行人申请文件进行审议，加强把关，保障审核工作公开、公平、公正，提升审核工作专业性、权威性和公信力。其中，来自上市公司的候选人共6名，分别是科大讯飞董事长刘庆峰、美的集团董事会秘书江鹏、比亚迪董事会秘书李黔、万科董事会主席郁亮、乐普医药高级副总经理郭同军、宁德时代副总
2020-06-12,5月乘用车回归正增长 中国品牌份额继续下滑,5月乘用车回归正增长 中国品牌份额继续下滑
2020-06-12,本土电机供应商落后了吗？,本土电机供应商落后了吗？
2020-06-12,估值100亿，比亚迪芯片到底什么水平？,估值100亿，比亚迪芯片到底什么水平？
2020-06-12,动力电池板块跌幅继续扩大，杉杉股份、当升科技、国轩高科领跌,动力电池板块跌幅继续扩大，杉杉股份、当升科技、国轩高科领跌
2020-06-12,汽车消费刺激政策显现多路资金积极“买车”,汽车消费刺激政策显现多路资金积极“买车”
2020-06-12,【东吴电新】5月销量点评：整体温和恢复，特斯拉强势增长,【东吴电新】5月销量点评：整体温和恢复，特斯拉强势增长
2020-06-12,万万没想到，特斯拉和比亚迪用上了同一种电池,万万没想到，特斯拉和比亚迪用上了同一种电池
2020-06-12,5 月新能源汽车产销点评：5月电车产销持续回暖 7月有望迎来拐点,5 月新能源汽车产销点评：5月电车产销持续回暖 7月有望迎来拐点
2020-06-12,最新公告透露利好 12只个股有望爆发（06.12）,最新公告透露利好 12只个股有望爆发（06.12）
2020-06-12,谁在逆袭？5月动力电池企业排名新出炉,谁在逆袭？5月动力电池企业排名新出炉
2020-06-12,“针刺”下半场，比亚迪与宁德时代之间的这口瓜有了新味道,“针刺”下半场，比亚迪与宁德时代之间的这口瓜有了新味道
2020-06-12,比亚迪的销量迷局,比亚迪的销量迷局
2020-06-12,动力电池竞争白刃化，宁德时代推超级电池迎接挑战,动力电池竞争白刃化，宁德时代推超级电池迎接挑战
2020-06-12,比亚迪跌近5% 报50.9港元,比亚迪跌近5% 报50.9港元
2020-06-12,A股早报2020年6月12日星期五,A股早报2020年6月12日星期五
2020-06-13,向新而行旗舰之选 暨北京鹏奥瑞腾比亚迪王朝店盛装开业,向新而行旗舰之选 暨北京鹏奥瑞腾比亚迪王朝店盛装开业
2020-06-13,一石三鸟？宁德时代新电池任重道远,一石三鸟？宁德时代新电池任重道远
2020-06-13,比亚迪：刀片电池将陆续搭载在后续车型上,比亚迪：刀片电池将陆续搭载在后续车型上
2020-06-13,【东吴电新】6月销量点评：环比明显恢复，Q3拐点将临,【东吴电新】6月销量点评：环比明显恢复，Q3拐点将临
2020-06-13,动力电池企业竞争激烈 “百万公里”电池时代或开启,动力电池企业竞争激烈 “百万公里”电池时代或开启
2020-06-13,下半年景气有望回升 新能源汽车产业链迎机遇,下半年景气有望回升 新能源汽车产业链迎机遇
2020-06-13,香港恒生指数开盘跌1.28%，比亚迪涨3.88%,香港恒生指数开盘跌1.28%，比亚迪涨3.88%
2020-06-13,汽车智能化迎窗口期，融资客斥资逾13亿元抢筹,汽车智能化迎窗口期，融资客斥资逾13亿元抢筹
2020-06-13,比亚迪动力电池“中场战事”,比亚迪动力电池“中场战事”
2020-06-14,刀片电池背后的撕扯 是比亚迪和宁德时代的技术路线比拼,刀片电池背后的撕扯 是比亚迪和宁德时代的技术路线比拼
2020-06-14,赛迪观点丨我国锂离子电池产业国际竞争力明显提升,赛迪观点丨我国锂离子电池产业国际竞争力明显提升
2020-06-15,比亚迪：将加快推进比亚迪半导体分拆上市,比亚迪：将加快推进比亚迪半导体分拆上市
2020-06-15,[公司]比亚迪：全新“秦”车型将会有部分作为网约车进行销售,[公司]比亚迪：全新“秦”车型将会有部分作为网约车进行销售
2020-06-15,[公司]比亚迪：将加快推进比亚迪半导体分拆上市工作,[公司]比亚迪：将加快推进比亚迪半导体分拆上市工作
2020-06-15,华为海思与比亚迪达成合作，首款上车芯片或为麒麟710A,华为海思与比亚迪达成合作，首款上车芯片或为麒麟710A
2020-06-15,市场综述：恐慌指数大幅飙升，航空邮轮成“重灾区”,市场综述：恐慌指数大幅飙升，航空邮轮成“重灾区”
2020-06-15,港股收盘：恒指跌超2% 猫眼娱乐、呷哺呷哺大跌超10% 连续下跌,港股收盘：恒指跌超2% 猫眼娱乐、呷哺呷哺大跌超10% 连续下跌
2020-06-15,智能终端设备市场规模 2020中国智能终端行业现状及发展前景分析,智能终端设备市场规模 2020中国智能终端行业现状及发展前景分析
2020-06-15,【比亚迪：将加快推进比亚迪半导体分拆上市】比亚迪在投资者关系活动记录表中披露，在公司市场化发展的战略布局下，比亚迪半导体作为中国最大的车规级IGBT厂商，仅用42天即成功引入红杉资本中国基金、中金资本、国投创新等知名投资机构，迈出了比亚迪市场化战略布局的第一步。日前，比亚迪半导体引入19亿元战投，投后估值近百亿元。后续公司将加快推进比亚迪半导体分拆上市工作。,【比亚迪：将加快推进比亚迪半导体分拆上市】比亚迪在投资者关系活动记录表中披露，在公司市场化发展的战略布局下，比亚迪半导体作为中国最大的车规级IGBT厂商，仅用42天即成功引入红杉资本中国基金、中金资本、国投创新等知名投资机构，迈出了比亚迪市场化战略布局的第一步。日前，比亚迪半导体引入19亿元战投，投后估值近百亿元。后续公司将加快推进比亚迪半导体分拆上市工作。
2020-06-15,华为麒麟芯片即将「上车」，「趁虚而入」取代高通？,华为麒麟芯片即将「上车」，「趁虚而入」取代高通？
2020-06-15,比亚迪成立新公司 涉及无人机、VR眼镜等业务,比亚迪成立新公司 涉及无人机、VR眼镜等业务
2020-06-15,比亚迪表示刀片电池等技术有助于应对补贴退坡影响,比亚迪表示刀片电池等技术有助于应对补贴退坡影响
2020-06-15,比亚迪股份(01211)表示刀片电池等技术有助减小补贴退坡影响,比亚迪股份(01211)表示刀片电池等技术有助减小补贴退坡影响
2020-06-15,比亚迪(002594.SZ)：比亚迪半导体拟以增资扩股方式引入战投,比亚迪(002594.SZ)：比亚迪半导体拟以增资扩股方式引入战投
2020-06-15,[公司]比亚迪：小米长江产业基金等拟向比亚迪半导体合计增资8亿元,[公司]比亚迪：小米长江产业基金等拟向比亚迪半导体合计增资8亿元
2020-06-15,深圳华强(000062.SZ)就2000万元投资比亚迪半导体签署了投资协议和股东协议,深圳华强(000062.SZ)就2000万元投资比亚迪半导体签署了投资协议和股东协议
2020-06-15,进击的丰田和它的新能源焦虑,进击的丰田和它的新能源焦虑
2020-06-15,[公司]比亚迪：刀片电池的发布将重新定义新能源汽车安全标准,[公司]比亚迪：刀片电池的发布将重新定义新能源汽车安全标准
2020-06-15,比亚迪半导体再融资8亿：小米联想及上汽产投等多家参投,比亚迪半导体再融资8亿：小米联想及上汽产投等多家参投
2020-06-15,比亚迪半导体引入19亿元战投 比亚迪表示将加快推进分拆上市,比亚迪半导体引入19亿元战投 比亚迪表示将加快推进分拆上市
2020-06-15,比亚迪被资本“冷落”的真相,比亚迪被资本“冷落”的真相
2020-06-15,比亚迪：董事会同意公司及比亚迪半导体与小米长江产业基金等多家战投签署《投资协议》,比亚迪：董事会同意公司及比亚迪半导体与小米长江产业基金等多家战投签署《投资协议》
2020-06-15,港股午评|恒指跌幅收窄至150点重上24000，餐饮股重挫,港股午评|恒指跌幅收窄至150点重上24000，餐饮股重挫
2020-06-15,传与比亚迪合作 华为麒麟芯片将上车,传与比亚迪合作 华为麒麟芯片将上车
2020-06-15,一周热点回顾|国内外纺织服装行业新闻大事件速览（6.8.-6.12.）,一周热点回顾|国内外纺织服装行业新闻大事件速览（6.8.-6.12.）
2020-06-15,汽车周报：“百万公里”电池时代或刺激国内需求回升,汽车周报：“百万公里”电池时代或刺激国内需求回升
2020-06-15,华为麒麟芯片探索独立上车，已和比亚迪签订合作。（36氪）,华为麒麟芯片探索独立上车，已和比亚迪签订合作。（36氪）
2020-06-15,华为麒麟芯片探索独立上车，已和比亚迪签订合作,华为麒麟芯片探索独立上车，已和比亚迪签订合作
2020-06-15,【华为麒麟芯片探索独立上车，已和比亚迪签订合作】36氪从多位接近华为消费者BG和比亚迪高层的知情人士处获悉，华为麒麟芯片正独立探索在汽车数字座舱领域的应用落地，首款产品是麒麟710A，目前已经与比亚迪签订合作协议。麒麟芯片是华为海思半导体公司自研的手机芯片，目前只面向华为和荣耀手机供货。对于此事，比亚迪官方向36氪表示：“暂无可披露的信息。”截至发稿，华为方面仍未回应。,【华为麒麟芯片探索独立上车，已和比亚迪签订合作】36氪从多位接近华为消费者BG和比亚迪高层的知情人士处获悉，华为麒麟芯片正独立探索在汽车数字座舱领域的应用落地，首款产品是麒麟710A，目前已经与比亚迪签订合作协议。麒麟芯片是华为海思半导体公司自研的手机芯片，目前只面向华为和荣耀手机供货。对于此事，比亚迪官方向36氪表示：“暂无可披露的信息。”截至发稿，华为方面仍未回应。
2020-06-15,5月动力电池排行榜：LG化学环比增长8.6%位列第二，宁德时代市占率下跌,5月动力电池排行榜：LG化学环比增长8.6%位列第二，宁德时代市占率下跌
2020-06-15,华友钴业(603799)：资源+冶炼+新能源三位一体 打造钴业航母,华友钴业(603799)：资源+冶炼+新能源三位一体 打造钴业航母
2020-06-15,华为、阿里相继入场，如何掘金价值万亿的充电桩,华为、阿里相继入场，如何掘金价值万亿的充电桩
2020-06-15,5月动力电池装机环比微降，总量宁德第一比亚迪第二,5月动力电池装机环比微降，总量宁德第一比亚迪第二
2020-06-15,再看电动车价值链：微笑曲线正逐渐形成,再看电动车价值链：微笑曲线正逐渐形成
2020-06-15,5月驱动电机排行榜：特斯拉反超比亚迪夺得第一,5月驱动电机排行榜：特斯拉反超比亚迪夺得第一
2020-06-15,每经10点丨北京养老服务机构恢复执行二级疫情防控标准；华为麒麟芯片探索车内应用；恒大健康涨幅扩大至35%,每经10点丨北京养老服务机构恢复执行二级疫情防控标准；华为麒麟芯片探索车内应用；恒大健康涨幅扩大至35%
2020-06-15,特斯拉：铁锂登堂,特斯拉：铁锂登堂
2020-06-15,港股异动：港股比亚迪一度涨超5%，传与华为进行合作,港股异动：港股比亚迪一度涨超5%，传与华为进行合作
2020-06-15,【港股通】传比亚迪与华为合作 股价应声高涨逾5.5%,【港股通】传比亚迪与华为合作 股价应声高涨逾5.5%
2020-06-15,异动直击|比亚迪大涨超5%，传与华为签订合作协议,异动直击|比亚迪大涨超5%，传与华为签订合作协议
2020-06-15,比亚迪股份(1211.HK)大涨近5%！华为麒麟芯片“上车”有望,比亚迪股份(1211.HK)大涨近5%！华为麒麟芯片“上车”有望
2020-06-15,消息称华为与比亚迪签订合作 麒麟芯片探索独立上车,消息称华为与比亚迪签订合作 麒麟芯片探索独立上车
2020-06-16,比亚迪半导体完成A＋轮融资 估值超百亿,比亚迪半导体完成A＋轮融资 估值超百亿
2020-06-16,事情正在起变化？华为概念股集体暴涨！外资半天猛加仓45亿,事情正在起变化？华为概念股集体暴涨！外资半天猛加仓45亿
2020-06-16,比亚迪半导体一个月内两度融资，估值已过百亿,比亚迪半导体一个月内两度融资，估值已过百亿
2020-06-16,外资巨头重回中国市场 动力电池行业上演拉锯战,外资巨头重回中国市场 动力电池行业上演拉锯战
2020-06-16,巨头间的牵手 一场汽车产业优势互补的生存战,巨头间的牵手 一场汽车产业优势互补的生存战
2020-06-16,插混市场细分化 比亚迪DM-p技术将引发鲶鱼效应,插混市场细分化 比亚迪DM-p技术将引发鲶鱼效应
2020-06-16,比亚迪半导体完成A＋轮融资！IGBT芯片产业再获积极加码,比亚迪半导体完成A＋轮融资！IGBT芯片产业再获积极加码
2020-06-16,比亚迪：加快推动半导体业务分拆 寻求独立上市丨公司问答,比亚迪：加快推动半导体业务分拆 寻求独立上市丨公司问答
2020-06-16,港股收盘：恒指收涨超2% 中芯国际大涨11% 腾讯、阿里涨超3%,港股收盘：恒指收涨超2% 中芯国际大涨11% 腾讯、阿里涨超3%
2020-06-16,比亚迪纯电动大巴“加码”绿色交通 北欧新能源版图连下两城,比亚迪纯电动大巴“加码”绿色交通 北欧新能源版图连下两城
2020-06-16,英威腾：子公司拟向比亚迪半导体投资不超过1500万元,英威腾：子公司拟向比亚迪半导体投资不超过1500万元
2020-06-16,小米、联想为何入资比亚迪半导体？,小米、联想为何入资比亚迪半导体？
2020-06-16,[公司]比亚迪：首条海外云轨线的整体设计方案正式获批,[公司]比亚迪：首条海外云轨线的整体设计方案正式获批
2020-06-16,基金收评 | 两市集体涨逾1%，科技股回暖！公募关注三个维度,基金收评 | 两市集体涨逾1%，科技股回暖！公募关注三个维度
2020-06-16,“无钴电池”风口将至 谁将成为大赢家？,“无钴电池”风口将至 谁将成为大赢家？
2020-06-16,开盘：恒指高开2.28%重回24300点 比亚迪子公司获8亿增资涨2.25%,开盘：恒指高开2.28%重回24300点 比亚迪子公司获8亿增资涨2.25%
2020-06-16,分拆比亚迪半导体上市！将引入小米、联想等战投，投前估值75亿元,分拆比亚迪半导体上市！将引入小米、联想等战投，投前估值75亿元
2020-06-16,比亚迪：第二轮引入战投因考虑到未来拟实施的各项业务资源整合,比亚迪：第二轮引入战投因考虑到未来拟实施的各项业务资源整合
2020-06-16,引入小米/联想 比亚迪半导体再融资8亿,引入小米/联想 比亚迪半导体再融资8亿
2020-06-16,【中证盘前】财政部将发行两期抗疫特别国债，总计1000亿元；今年夏粮丰收已成定局；比亚迪拟引入小米等多位战投,【中证盘前】财政部将发行两期抗疫特别国债，总计1000亿元；今年夏粮丰收已成定局；比亚迪拟引入小米等多位战投
2020-06-16,这10家公司发布公告有看点 经营业绩回暖股或有补涨需求,这10家公司发布公告有看点 经营业绩回暖股或有补涨需求
2020-06-16,比亚迪半导体增资扩股吸引战投 充分利用产业资源,比亚迪半导体增资扩股吸引战投 充分利用产业资源
2020-06-16,比亚迪半导体完成8亿元A+轮融资 加速分拆上市,比亚迪半导体完成8亿元A+轮融资 加速分拆上市
2020-06-16,超级战投联手入局！韩国SK、小米、上汽......比亚迪半导体太抢手了,超级战投联手入局！韩国SK、小米、上汽......比亚迪半导体太抢手了
2020-06-16,深企头5个月从资本市场融资2600亿,深企头5个月从资本市场融资2600亿
2020-06-16,虚惊一场今天补涨,虚惊一场今天补涨
2020-06-16,【中金科技】每日科技信息快递：我国5G毫米波芯片研发成功 成本由1000元降至20元,【中金科技】每日科技信息快递：我国5G毫米波芯片研发成功 成本由1000元降至20元
2020-06-16,【华创新能源汽车】比亚迪A+轮点评：半导体超百亿估值，多元投资人双线赋能,【华创新能源汽车】比亚迪A+轮点评：半导体超百亿估值，多元投资人双线赋能
2020-06-16,国泰君安中小盘·首次覆盖【中科电气（300035）：动力电池负极新龙头，拓展优质客户巩固行业地位】,国泰君安中小盘·首次覆盖【中科电气（300035）：动力电池负极新龙头，拓展优质客户巩固行业地位】
2020-06-16,【6.16锂电快讯】蔚来完成发行7200万股ADS*特斯拉上海Model 3轿车5月注册登记11364辆,【6.16锂电快讯】蔚来完成发行7200万股ADS*特斯拉上海Model 3轿车5月注册登记11364辆
2020-06-16,麒麟芯片首秀汽车领域，将嵌入比亚迪智能座舱，首款为麒麟710A！,麒麟芯片首秀汽车领域，将嵌入比亚迪智能座舱，首款为麒麟710A！
2020-06-16,港股公告精选：银保监会核准中信银行全资子公司信银理财开业,港股公告精选：银保监会核准中信银行全资子公司信银理财开业
2020-06-17,华为跟比亚迪对上了眼,华为跟比亚迪对上了眼
2020-06-17,大和：维持比亚迪(1211.HK)“买入”评级 目标价59港元,大和：维持比亚迪(1211.HK)“买入”评级 目标价59港元
2020-06-17,不足一月两次融资，比亚迪在“独立”路上狂奔,不足一月两次融资，比亚迪在“独立”路上狂奔
2020-06-17,比亚迪向北欧最大公交运营商一次性交付34台纯电动大巴,比亚迪向北欧最大公交运营商一次性交付34台纯电动大巴
2020-06-17,富瑞上调比亚迪目标价至64.5港元股价微跌0.28%,富瑞上调比亚迪目标价至64.5港元股价微跌0.28%
2020-06-17,比亚迪桂林商用车基地获工信部“准生证”,比亚迪桂林商用车基地获工信部“准生证”
2020-06-17,比亚迪(002594.SZ)：“19亚迪Y1”将于6月22日付息每手62元,比亚迪(002594.SZ)：“19亚迪Y1”将于6月22日付息每手62元
2020-06-17,新能源行业周报：5月新能源车销量环比回暖 国产特斯拉再破万辆大关,新能源行业周报：5月新能源车销量环比回暖 国产特斯拉再破万辆大关
2020-06-17,e系列增新车型 新款比亚迪e6申报图/定位MPV,e系列增新车型 新款比亚迪e6申报图/定位MPV
2020-06-17,华为联手18家车企成立“5G汽车生态圈” 加速抢占5G落地市场,华为联手18家车企成立“5G汽车生态圈” 加速抢占5G落地市场
2020-06-17,最被看好十大港股：大摩予腾讯控股目标价500港元,最被看好十大港股：大摩予腾讯控股目标价500港元
2020-06-17,联想等30位新战投再入局 比亚迪半导体20天内融资27亿跑步上市？,联想等30位新战投再入局 比亚迪半导体20天内融资27亿跑步上市？
2020-06-17,特斯拉暴增150％， 比亚迪下降16％，新赛道落后两代,特斯拉暴增150％， 比亚迪下降16％，新赛道落后两代
2020-06-17,Q2销量恢复性增长，港股汽车板块“上车”时？,Q2销量恢复性增长，港股汽车板块“上车”时？
2020-06-17,瑞银：升比亚迪(1211.HK)评级至中性目标价上调至55元,瑞银：升比亚迪(1211.HK)评级至中性目标价上调至55元
2020-06-17,7月成本或降10% 特斯拉还会再降价吗？,7月成本或降10% 特斯拉还会再降价吗？
2020-06-17,杰富瑞将比亚迪A股评级下调至持有目标价69.6元 投资评级恶化,杰富瑞将比亚迪A股评级下调至持有目标价69.6元 投资评级恶化
2020-06-17,21股获券商买入评级 中科电气目标涨幅达78.02%,21股获券商买入评级 中科电气目标涨幅达78.02%
2020-06-17,麒麟“上车” 华为打响车载芯片“前哨战”,麒麟“上车” 华为打响车载芯片“前哨战”
2020-06-17,5月新能源车型销量排行：小鹏P7等新车初入榜单，一汽大众销量骤降62.3% 盈利能力下降,5月新能源车型销量排行：小鹏P7等新车初入榜单，一汽大众销量骤降62.3% 盈利能力下降
2020-06-17,刀片/石墨烯/“无钴”电池谁才是动力电池的未来,刀片/石墨烯/“无钴”电池谁才是动力电池的未来
2020-06-17,题材 | 比亚迪半导体引入超级战投！,题材 | 比亚迪半导体引入超级战投！
2020-06-17,三种电池技术PK，谁会胜出？,三种电池技术PK，谁会胜出？
2020-06-17,碧桂园创投参与比亚迪半导体A+轮融资 后者投前估值75亿元,碧桂园创投参与比亚迪半导体A+轮融资 后者投前估值75亿元
2020-06-17,比亚迪成立新公司，专注无人机、VR眼镜,比亚迪成立新公司，专注无人机、VR眼镜
2020-06-18,2个月斩获27亿，红杉、中金、SK、小米齐聚，这一百亿巨头做对了什么？,2个月斩获27亿，红杉、中金、SK、小米齐聚，这一百亿巨头做对了什么？
2020-06-18,北水动向(6.18)|北水净流入23.81亿 中兴通讯(00763)暴涨两成遭北水沽售,北水动向(6.18)|北水净流入23.81亿 中兴通讯(00763)暴涨两成遭北水沽售
2020-06-18,比亚迪「上天」，特斯拉「入地」,比亚迪「上天」，特斯拉「入地」
2020-06-18,11个月首翻倍，记录我的美股投资经历,11个月首翻倍，记录我的美股投资经历
2020-06-18,搭载磷酸铁锂刀片电池 新款比亚迪e6申报图曝光,搭载磷酸铁锂刀片电池 新款比亚迪e6申报图曝光
2020-06-18,估值百亿、30+战投加持，比亚迪半导体为何这么香？,估值百亿、30+战投加持，比亚迪半导体为何这么香？
2020-06-18,分析丨刀片电池与三元锂电池的江湖对决,分析丨刀片电池与三元锂电池的江湖对决
2020-06-18,第334批新车公示：大众ID4/几何T等332款新能源车入选,第334批新车公示：大众ID4/几何T等332款新能源车入选
2020-06-18,比亚迪半导体20天融资27亿 30家机构热捧,比亚迪半导体20天融资27亿 30家机构热捧
2020-06-18,港股盘前必读：京东将于今日在港交所上市净筹资约300亿港元,港股盘前必读：京东将于今日在港交所上市净筹资约300亿港元
2020-06-18,比亚迪涨近4% 创历史新高,比亚迪涨近4% 创历史新高
2020-06-19,主打高性能与经济性 比亚迪DM全新平台命名发布,主打高性能与经济性 比亚迪DM全新平台命名发布
2020-06-19,技术路线之争 最终总会落到动力电池企业层面的竞争,技术路线之争 最终总会落到动力电池企业层面的竞争
2020-06-19,动力强/油耗低 比亚迪宋PLUS搭高功率1.5T发动机,动力强/油耗低 比亚迪宋PLUS搭高功率1.5T发动机
2020-06-19,电气设备行业海外供应链系列报告之二：逐鹿全球动力市场 电池巨头谁执牛耳？,电气设备行业海外供应链系列报告之二：逐鹿全球动力市场 电池巨头谁执牛耳？
2020-06-19,汽车行业周报：特斯拉登顶全球汽车市值第一股,汽车行业周报：特斯拉登顶全球汽车市值第一股
2020-06-19,比亚迪：刀片电池将会陆续搭载在公司后续车型上,比亚迪：刀片电池将会陆续搭载在公司后续车型上
2020-06-19,汽车行业周报：行业基本触底 但复苏的时间将显著拉长,汽车行业周报：行业基本触底 但复苏的时间将显著拉长
2020-06-19,基于刀片电池的特殊结构以及工艺的革新,基于刀片电池的特殊结构以及工艺的革新
2020-06-19,【6.19锂电快讯】深圳2019年纯电动物流车补贴超7725万元*特斯拉计划今夏在美国建设新工厂,【6.19锂电快讯】深圳2019年纯电动物流车补贴超7725万元*特斯拉计划今夏在美国建设新工厂
2020-06-19,华为已到绝境，美国为何“纵虎归山”？,华为已到绝境，美国为何“纵虎归山”？
2020-06-19,比亚迪DM新平台命名发布 将推DM-p/DM-i平台,比亚迪DM新平台命名发布 将推DM-p/DM-i平台
2020-06-19,辣评1-4月42款改款新车销量丨长安CS75逼宫哈弗H6/亚洲龙超越宝马5系进前三,辣评1-4月42款改款新车销量丨长安CS75逼宫哈弗H6/亚洲龙超越宝马5系进前三
2020-06-19,估值100亿 比亚迪芯片到底什么水平？,估值100亿 比亚迪芯片到底什么水平？
2020-06-19,视频|消费者订购“万元车”比亚迪拒发货 订单已被退,视频|消费者订购“万元车”比亚迪拒发货 订单已被退
2020-06-20,即将露出“真面目” 比亚迪汉DM今日正式亮相,即将露出“真面目” 比亚迪汉DM今日正式亮相
2020-06-20,中运量轨道交通批复停滞四年 业内翘首以盼待破冰,中运量轨道交通批复停滞四年 业内翘首以盼待破冰
2020-06-20,未来动力电池企业围绕车型配套的竞争将进入白热化,未来动力电池企业围绕车型配套的竞争将进入白热化
2020-06-20,4.7秒破百/纯电续航81公里 比亚迪汉DM正式亮相,4.7秒破百/纯电续航81公里 比亚迪汉DM正式亮相
2020-06-20,比亚迪新申报乘用车型全面转向“刀片电池”的背后,比亚迪新申报乘用车型全面转向“刀片电池”的背后
2020-06-20,遇见“汉” 特斯拉还能靠铁锂版Model 3冲量吗？,遇见“汉” 特斯拉还能靠铁锂版Model 3冲量吗？
2020-06-21,【周观点】6月第二周批发同比+16%，配置时机已至,【周观点】6月第二周批发同比+16%，配置时机已至
2020-06-21,全球Q1云计算、服务器、超融合、存储市场梳理，重点关注云计算产业链,全球Q1云计算、服务器、超融合、存储市场梳理，重点关注云计算产业链
2020-06-21,卡门内参 | 套路满满的东航3322元「随心飞」；马斯克发的11394条推特透露了这些秘密；比亚迪半导体距离上市还有多远？,卡门内参 | 套路满满的东航3322元「随心飞」；马斯克发的11394条推特透露了这些秘密；比亚迪半导体距离上市还有多远？
2020-06-22,535家公司预告上半年业绩 20.93%报喜,535家公司预告上半年业绩 20.93%报喜
2020-06-22,汽车行业周观点：5月乘用车首月转 新能源产业链持续向上,汽车行业周观点：5月乘用车首月转 新能源产业链持续向上
2020-06-22,汽车行业事件点评：双积分修改更加合理 有利于行业长远健康发展,汽车行业事件点评：双积分修改更加合理 有利于行业长远健康发展
2020-06-22,新能源汽车，时代将选择有实力的玩家,新能源汽车，时代将选择有实力的玩家
2020-06-22,电气设备：后补贴时代 看LFP电池发展趋势,电气设备：后补贴时代 看LFP电池发展趋势
2020-06-22,广东省2020年汽车销量下降幅度或将好于全国平均水平 盈利能力下降,广东省2020年汽车销量下降幅度或将好于全国平均水平 盈利能力下降
2020-06-22,基础材料、工业：新能源车月度观察：需求底部排产回升 看好3Q20 全球大拐点,基础材料、工业：新能源车月度观察：需求底部排产回升 看好3Q20 全球大拐点
2020-06-22,已融资27亿比亚迪半导体跑步上市?,已融资27亿比亚迪半导体跑步上市?
2020-06-22,睿思七日谈·车：全球车市展复苏气象，国内车企谋资本助力,睿思七日谈·车：全球车市展复苏气象，国内车企谋资本助力
2020-06-22,A+轮融资后估值超百亿，比亚迪子公司分拆上市提速，半导体将成新“蓝海”？,A+轮融资后估值超百亿，比亚迪子公司分拆上市提速，半导体将成新“蓝海”？
2020-06-22,比亚迪2020年5月动力电池及储能电池装机总量约为0.77GWh,比亚迪2020年5月动力电池及储能电池装机总量约为0.77GWh
2020-06-22,双龙寻找“接盘侠”：吉利否认竞购 比亚迪不置评,双龙寻找“接盘侠”：吉利否认竞购 比亚迪不置评
2020-06-23,宁德时代比亚迪等入选福布斯创新力企业榜，百度进智能驾驶,宁德时代比亚迪等入选福布斯创新力企业榜，百度进智能驾驶
2020-06-23,比亚迪半导体完成8亿元A+轮融资，距上一轮融资仅20天 | 股权投资周报,比亚迪半导体完成8亿元A+轮融资，距上一轮融资仅20天 | 股权投资周报
2020-06-23,【华西电新|深度研究】中材科技：湿法隔膜领域快速发力，叶片+玻纤业务优化发展,【华西电新|深度研究】中材科技：湿法隔膜领域快速发力，叶片+玻纤业务优化发展
2020-06-23,电力设备与新能源行业点评：21-23年双积分考核趋严 托底电动车长期高增长,电力设备与新能源行业点评：21-23年双积分考核趋严 托底电动车长期高增长
2020-06-23,天奈科技(688116)首次覆盖报告：赛道延展性强 技术铸就壁垒,天奈科技(688116)首次覆盖报告：赛道延展性强 技术铸就壁垒
2020-06-23,嘉元科技(688388)首次覆盖报告：成长空间广阔的极薄锂电铜箔龙头,嘉元科技(688388)首次覆盖报告：成长空间广阔的极薄锂电铜箔龙头
2020-06-23,同样是出口欧洲 为啥新能源车表现比燃油车好?,同样是出口欧洲 为啥新能源车表现比燃油车好?
2020-06-23,宁德时代、蔚来、比亚迪入选福布斯中国2020创新榜单，智能驾驶上榜企业锐减,宁德时代、蔚来、比亚迪入选福布斯中国2020创新榜单，智能驾驶上榜企业锐减
2020-06-23,【新时代电新 开文明团队】比亚迪：各业务亮点频出，长期逻辑逐步验证中,【新时代电新 开文明团队】比亚迪：各业务亮点频出，长期逻辑逐步验证中
2020-06-23,【早安新时代】2020/06/23：今日关注比亚迪、中来股份,【早安新时代】2020/06/23：今日关注比亚迪、中来股份
2020-06-23,品牌龙头板块再创新高，东阿阿胶、比亚迪、青岛啤酒均涨5%左右,品牌龙头板块再创新高，东阿阿胶、比亚迪、青岛啤酒均涨5%左右
2020-06-23,新能源汽车产业链行业周报：新车目录乘用车铁锂配套比例超30％,新能源汽车产业链行业周报：新车目录乘用车铁锂配套比例超30％
2020-06-23,造车口罩半导体，比亚迪想下什么棋？,造车口罩半导体，比亚迪想下什么棋？
2020-06-23,业绩高增长股名单：46股上半年净利润预计翻倍,业绩高增长股名单：46股上半年净利润预计翻倍
2020-06-24,汽车周报2020第23期：6月乘用车销量同比正增长难实现 华为打响车载芯片“前哨战”,汽车周报2020第23期：6月乘用车销量同比正增长难实现 华为打响车载芯片“前哨战”
2020-06-24,【SMM分析】无钴化道路艰难三元还是很香 硫酸镍需求后市仍有看点存在,【SMM分析】无钴化道路艰难三元还是很香 硫酸镍需求后市仍有看点存在
2020-06-24,与中国铁塔达成合作、比亚迪动力电池梯次回收利用中心落地山东,与中国铁塔达成合作、比亚迪动力电池梯次回收利用中心落地山东
2020-06-24,小米联想等巨头争相入股 比亚迪半导体有何魔力,小米联想等巨头争相入股 比亚迪半导体有何魔力
2020-06-24,富途研选|刀片电池、汉预售火爆，该如何看待比亚迪今年增长弹性？,富途研选|刀片电池、汉预售火爆，该如何看待比亚迪今年增长弹性？
2020-06-24,德联集团：被忽视的电动化新材料龙头，单车产品价值量大幅增长！,德联集团：被忽视的电动化新材料龙头，单车产品价值量大幅增长！
2020-06-24,334批公告：CATL/国轩高科/BYD前三 LFP版乘用车占31%,334批公告：CATL/国轩高科/BYD前三 LFP版乘用车占31%
2020-06-24,北上广深杭5月上牌榜单：占比超六成，看这五城市热销车型是哪些？,北上广深杭5月上牌榜单：占比超六成，看这五城市热销车型是哪些？
2020-06-24,宁德时代、比亚迪双双拉升，提振动力电池板块,宁德时代、比亚迪双双拉升，提振动力电池板块
2020-06-24,5月新能源乘用车上牌量：特斯拉横扫榜单，蔚来ES6累计上险近万,5月新能源乘用车上牌量：特斯拉横扫榜单，蔚来ES6累计上险近万
2020-06-24,44股获券商买入评级，长源电力目标涨幅达62.20%,44股获券商买入评级，长源电力目标涨幅达62.20%
2020-06-24,天干物燥 小心火烛 网传比亚迪唐疑似自燃,天干物燥 小心火烛 网传比亚迪唐疑似自燃
2020-06-24,“新基建”不是根源，新能源汽车产业链升仍需补齐短板,“新基建”不是根源，新能源汽车产业链升仍需补齐短板
2020-06-24,信心回来了！一场天猫618给车企带来18万线上订单,信心回来了！一场天猫618给车企带来18万线上订单
2020-06-25,5月插混轿车上险量排行，比亚迪秦仅排第七，三款豪车上榜,5月插混轿车上险量排行，比亚迪秦仅排第七，三款豪车上榜
2020-06-26,比亚迪王传福：新能源的春天到了,比亚迪王传福：新能源的春天到了
2020-06-26,苹果版车钥匙来了！用iPhone就能解锁汽车， 用户：手机丢了怎么办？,苹果版车钥匙来了！用iPhone就能解锁汽车， 用户：手机丢了怎么办？
2020-06-27,5月全球新能源乘用车销量：环比继续提升，下半年胜负手在国内市场丨兴业电新（朱玥）,5月全球新能源乘用车销量：环比继续提升，下半年胜负手在国内市场丨兴业电新（朱玥）
2020-06-27,豪华车重磅产品搅动粤港澳大湾区车展：“带货”属性凸显 终端让利促成交,豪华车重磅产品搅动粤港澳大湾区车展：“带货”属性凸显 终端让利促成交
2020-06-27,车企「各怀心事」，政策添柴也难以点燃换电之火,车企「各怀心事」，政策添柴也难以点燃换电之火
2020-06-27,更轻更安全？比亚迪升级电机安装支架,更轻更安全？比亚迪升级电机安装支架
2020-06-27,拳打特斯拉，脚踢比亚迪？北汽新能源的“精神胜利法”！,拳打特斯拉，脚踢比亚迪？北汽新能源的“精神胜利法”！
2020-06-28,混动技术替代化加速：DM技术吹响燃油车时代终结的号角,混动技术替代化加速：DM技术吹响燃油车时代终结的号角
2020-06-28,当众泰们吹响汽车行业的“死亡”号角,当众泰们吹响汽车行业的“死亡”号角
2020-06-28,比亚迪(002594)：供应链中性化加速 “汉”驱动品牌向上,比亚迪(002594)：供应链中性化加速 “汉”驱动品牌向上
2020-06-28,进军中大型豪华车市场 比亚迪汉7月10日正式上市,进军中大型豪华车市场 比亚迪汉7月10日正式上市
2020-06-29,一汽丰田新能源分公司项目启动 新工厂年产能20万,一汽丰田新能源分公司项目启动 新工厂年产能20万
2020-06-29,年产20万台电动车，或搭载比亚迪刀片电池，丰田加快国内布局,年产20万台电动车，或搭载比亚迪刀片电池，丰田加快国内布局
2020-06-29,比亚迪(002594)：DM4.0降本提质 PHEV有望快速平价,比亚迪(002594)：DM4.0降本提质 PHEV有望快速平价
2020-06-29,智利新增150台纯电动大巴 比亚迪(01211)市占率达65%,智利新增150台纯电动大巴 比亚迪(01211)市占率达65%
2020-06-29,3.4秒破百续航635公里的特斯拉，比亚迪和小鹏能顶住吗？,3.4秒破百续航635公里的特斯拉，比亚迪和小鹏能顶住吗？
2020-06-29,智利新增150台纯电动大巴 比亚迪市占率达65%,智利新增150台纯电动大巴 比亚迪市占率达65%
2020-06-29,电气设备新能源行业周报：光伏竞价项目超预期 特斯拉Q2销量超预期,电气设备新能源行业周报：光伏竞价项目超预期 特斯拉Q2销量超预期
2020-06-29,曾风光一时的众泰汽车 已走到接近破产的局面 减资破产,曾风光一时的众泰汽车 已走到接近破产的局面 减资破产
2020-06-29,华为海思“上车”：麒麟 710A 与骁龙 820A 刚正面,华为海思“上车”：麒麟 710A 与骁龙 820A 刚正面
2020-06-29,比亚迪宋PLUS内饰曝光 极简风/有望成都车展亮相,比亚迪宋PLUS内饰曝光 极简风/有望成都车展亮相
2020-06-29,亿纬锂能、杉杉股份等大涨，引领动力电池板块上扬,亿纬锂能、杉杉股份等大涨，引领动力电池板块上扬
2020-06-29,崛起、博弈、“三国杀”：电动汽车电池的“中场战事”,崛起、博弈、“三国杀”：电动汽车电池的“中场战事”
2020-06-29,比亚迪宋Plus内饰官图发布 副驾饰板可显示天气信息,比亚迪宋Plus内饰官图发布 副驾饰板可显示天气信息
2020-06-29,【申港电子】SiC材料将助力汽车行业新变革,【申港电子】SiC材料将助力汽车行业新变革
2020-06-29,疑似吉利电动车在杭州起火，前一天力帆刚烧过,疑似吉利电动车在杭州起火，前一天力帆刚烧过
2020-06-29,电子行业研究周报：SIC材料将助力汽车行业新变革,电子行业研究周报：SIC材料将助力汽车行业新变革
2020-06-30,国联证券研究所7月金股组合,国联证券研究所7月金股组合
2020-06-30,创业板IPO谁来审？腾讯万科比亚迪高管在列，上市委委员名单来了！,创业板IPO谁来审？腾讯万科比亚迪高管在列，上市委委员名单来了！
2020-06-30,嘉元科技(688388)：高端锂电铜箔供应商 薄化浪潮领航者,嘉元科技(688388)：高端锂电铜箔供应商 薄化浪潮领航者
2020-06-30,看600km以上续航车型！动力电池技术哪家强？,看600km以上续航车型！动力电池技术哪家强？
2020-06-30,广发固收：吉利控股和比亚迪3年内个券具有一定性价比,广发固收：吉利控股和比亚迪3年内个券具有一定性价比
2020-06-30,打响帝都价格战，不愁卖的Aion S为何要以价换量？,打响帝都价格战，不愁卖的Aion S为何要以价换量？
2020-06-30,苹果概念股涨势不停，比亚迪、蓝思科技、欧菲光、东山精密、环旭电子等大涨,苹果概念股涨势不停，比亚迪、蓝思科技、欧菲光、东山精密、环旭电子等大涨
2020-06-30,再打帝都价格战，广汽新能源Aion S降维打击比亚迪秦EV,再打帝都价格战，广汽新能源Aion S降维打击比亚迪秦EV
2020-06-30,吉利汽车回A阳谋：一口吞下沃尔沃,吉利汽车回A阳谋：一口吞下沃尔沃
2020-06-30,新能源汽车｜上通五打造电动低成本典范，供应链料将受益,新能源汽车｜上通五打造电动低成本典范，供应链料将受益
2020-06-30,【广发早间速递】宏观/固收/通信/社服/宏观每日一图,【广发早间速递】宏观/固收/通信/社服/宏观每日一图
2020-06-30,比亚迪：“汉”搭载了DiPilot智能驾驶辅助系统,比亚迪：“汉”搭载了DiPilot智能驾驶辅助系统
2020-07-01,腾讯诉老干妈案反转，专家释疑法院如何审查财产保全申请,腾讯诉老干妈案反转，专家释疑法院如何审查财产保全申请
2020-07-01,【东吴电新】周策略：6月电动车销量超预期，多晶硅价格开涨,【东吴电新】周策略：6月电动车销量超预期，多晶硅价格开涨
2020-07-01,彻底惊呆！腾讯真被骗了？警方：3人用了萝卜章，已被刑拘,彻底惊呆！腾讯真被骗了？警方：3人用了萝卜章，已被刑拘
2020-07-01,聚焦中报行情！业绩预喜，这些股已异动,聚焦中报行情！业绩预喜，这些股已异动
2020-07-01,马化腾真被骗了？警方：3人用了老干妈“萝卜章” 已被刑拘！支付宝又调皮了,马化腾真被骗了？警方：3人用了老干妈“萝卜章” 已被刑拘！支付宝又调皮了
2020-07-01,星源材质(300568)：全球化供应加速 成本优势有望建立,星源材质(300568)：全球化供应加速 成本优势有望建立
2020-07-01,奥德的发展故事正是中国模温机行业发展历程的缩影,奥德的发展故事正是中国模温机行业发展历程的缩影
2020-07-01,动力电池板块高开，宁德时代、比亚迪领涨,动力电池板块高开，宁德时代、比亚迪领涨
2020-07-01,每日理财观察：再贷款利率迎第二次下调,每日理财观察：再贷款利率迎第二次下调
2020-07-01,创业板上市委正式公布委员名单，腾讯万科比亚迪高管在列,创业板上市委正式公布委员名单，腾讯万科比亚迪高管在列
2020-07-01,创业板上市委正式公布委员名单 腾讯万科比亚迪高管在列,创业板上市委正式公布委员名单 腾讯万科比亚迪高管在列
2020-07-01,电力设备与新能源行业：大众集团华丽转身 电动化蓄势待发,电力设备与新能源行业：大众集团华丽转身 电动化蓄势待发
2020-07-02,乘风破浪，实力“出圈”！比亚迪唐EV真身挪威惊艳亮相,乘风破浪，实力“出圈”！比亚迪唐EV真身挪威惊艳亮相
2020-07-02,石墨烯强势崛起！“材料之王”引爆电子行业变革,石墨烯强势崛起！“材料之王”引爆电子行业变革
2020-07-02,比亚迪汉EV实车到店 订单已破万/7月10日上市,比亚迪汉EV实车到店 订单已破万/7月10日上市
2020-07-02,上游评论｜李光斗：腾讯老干妈广告罗生门，两边都有匪夷所思处,上游评论｜李光斗：腾讯老干妈广告罗生门，两边都有匪夷所思处
2020-07-02,老干妈白嫖QQ千万元广告 难道要成比亚迪第二？,老干妈白嫖QQ千万元广告 难道要成比亚迪第二？
2020-07-02,5月全球电动车销量Top 20榜单： 蔚来上榜,5月全球电动车销量Top 20榜单： 蔚来上榜
2020-07-02,EV晨报 | 全球5月新能源车榜出炉；特斯拉市值破2000亿美元；清陶发展完成E+轮融资,EV晨报 | 全球5月新能源车榜出炉；特斯拉市值破2000亿美元；清陶发展完成E+轮融资
2020-07-02,下半年值得期待新车，比亚迪吉利上榜，长城子品牌新车也要来,下半年值得期待新车，比亚迪吉利上榜，长城子品牌新车也要来
2020-07-02,【回顾】上半年这五件大事已改写新能源格局,【回顾】上半年这五件大事已改写新能源格局
2020-07-03,预售23万起/7月12日上市 比亚迪汉上市时间推迟,预售23万起/7月12日上市 比亚迪汉上市时间推迟
2020-07-03,半年报业绩预告不佳！警惕这些债券兑付风险,半年报业绩预告不佳！警惕这些债券兑付风险
2020-07-03,叫板特斯拉：新能源+半导体光环加持 比亚迪股价创五年新高,叫板特斯拉：新能源+半导体光环加持 比亚迪股价创五年新高
2020-07-03,10车企半年市值蒸发超两千亿：东风暴跌200亿 比亚迪领涨,10车企半年市值蒸发超两千亿：东风暴跌200亿 比亚迪领涨
2020-07-03,比亚迪龙虎榜数据（7月3日）,比亚迪龙虎榜数据（7月3日）
2020-07-03,富士康&比亚迪：两大代工厂的移动机器人布局,富士康&比亚迪：两大代工厂的移动机器人布局
2020-07-03,比亚迪股份：夏佐全减持逾463万股公司股份 减持股份,比亚迪股份：夏佐全减持逾463万股公司股份 减持股份
2020-07-03,比亚迪、吉利突然暴涨！H股涨幅最少也有12%，发生了什么？,比亚迪、吉利突然暴涨！H股涨幅最少也有12%，发生了什么？
2020-07-03,比亚迪升逾15% 报68.8港元,比亚迪升逾15% 报68.8港元
2020-07-03,比亚迪：公司董事夏佐全已减持约464万股 减持股份,比亚迪：公司董事夏佐全已减持约464万股 减持股份
2020-07-03,游资情报｜各路顶级游资“围猎”券商龙头；“作手新一”巨资封板比亚迪！,游资情报｜各路顶级游资“围猎”券商龙头；“作手新一”巨资封板比亚迪！
2020-07-03,7月份镍及不锈钢期货行情策略展望：印尼镍铁供应压力加大 镍价或先抑后扬,7月份镍及不锈钢期货行情策略展望：印尼镍铁供应压力加大 镍价或先抑后扬
2020-07-03,疫情下的印度｜印度分析师：未发现汽车产业链明显向印度转移,疫情下的印度｜印度分析师：未发现汽车产业链明显向印度转移
2020-07-03,电新行业中期策略报告：电车与光伏方兴日盛 坚守龙头兼具成长价值,电新行业中期策略报告：电车与光伏方兴日盛 坚守龙头兼具成长价值
2020-07-03,比亚迪(002594.SZ)：董事夏佐全累计减持463.53万股 减持股份,比亚迪(002594.SZ)：董事夏佐全累计减持463.53万股 减持股份
2020-07-03,最前线 | 汽车股集体拉升，比亚迪“A+H”股齐创近两年新高,最前线 | 汽车股集体拉升，比亚迪“A+H”股齐创近两年新高
2020-07-03,比亚迪今日涨停，中信证券北京总部卖出3.67亿元,比亚迪今日涨停，中信证券北京总部卖出3.67亿元
2020-07-03,快讯：汽车板块午后异动拉升逾4% 一汽解放、比亚迪涨停,快讯：汽车板块午后异动拉升逾4% 一汽解放、比亚迪涨停
2020-07-03,七月金股何处有，券商遥指大消费,七月金股何处有，券商遥指大消费
2020-07-03,新一代国货出圈，他们凭什么圈粉？,新一代国货出圈，他们凭什么圈粉？
2020-07-03,花旗大升比亚迪(01211-HK)目标价至109.2港元股价午后大涨14.13%,花旗大升比亚迪(01211-HK)目标价至109.2港元股价午后大涨14.13%
2020-07-03,富途研选|特斯拉继续飙涨，宁德时代还在等啥？,富途研选|特斯拉继续飙涨，宁德时代还在等啥？
2020-07-03,一文读懂老干妈与腾讯的官司 三次神反转暴露出多个疑点,一文读懂老干妈与腾讯的官司 三次神反转暴露出多个疑点
2020-07-03,[路演]贝特瑞：和比亚迪、特斯拉均有合作,[路演]贝特瑞：和比亚迪、特斯拉均有合作
2020-07-03,比亚迪发布DM-p混动系统，技术实力如何？,比亚迪发布DM-p混动系统，技术实力如何？
2020-07-03,挪威两城引入比亚迪大巴 北欧累计交付超200台,挪威两城引入比亚迪大巴 北欧累计交付超200台
2020-07-03,获花旗上调目标价 比亚迪现涨3%吉利汽车升逾2%,获花旗上调目标价 比亚迪现涨3%吉利汽车升逾2%
2020-07-03,【行情】汽车整车板块走强，一汽解放涨停，长安汽车、力帆股份、比亚迪均涨逾7%,【行情】汽车整车板块走强，一汽解放涨停，长安汽车、力帆股份、比亚迪均涨逾7%
2020-07-03,比亚迪午后冲击涨停提振动力电池板块，杉杉股份、国轩高科跟涨,比亚迪午后冲击涨停提振动力电池板块，杉杉股份、国轩高科跟涨
2020-07-03,比亚迪封住涨停，创多年新高,比亚迪封住涨停，创多年新高
2020-07-03,港股比亚迪大涨13.04% 花旗升目标价至109.2港元,港股比亚迪大涨13.04% 花旗升目标价至109.2港元
2020-07-03,汽车股午后走强 比亚迪、一汽解放涨停,汽车股午后走强 比亚迪、一汽解放涨停
2020-07-03,比亚迪股价拉升触及涨停创5年新高 总市值超2100亿,比亚迪股价拉升触及涨停创5年新高 总市值超2100亿
2020-07-03,比亚迪午后拉升，一度涨停,比亚迪午后拉升，一度涨停
2020-07-03,比亚迪大涨5.21%，成交额超14亿元,比亚迪大涨5.21%，成交额超14亿元
2020-07-04,他，一战回报2万倍，刚刚变现5个亿,他，一战回报2万倍，刚刚变现5个亿
2020-07-04,车市抢先看|特斯拉掉出6月新能源热度榜,车市抢先看|特斯拉掉出6月新能源热度榜
2020-07-04,【东吴电新】新能源汽车下乡，助力A00级销量恢复,【东吴电新】新能源汽车下乡，助力A00级销量恢复
2020-07-05,公司深度 | 新坐标：冷锻隐形冠军 开启全新成长【华西汽车 崔琰团队】,公司深度 | 新坐标：冷锻隐形冠军 开启全新成长【华西汽车 崔琰团队】
2020-07-05,电气设备行业周报：特斯拉销量超预期 未来多周期共振向上-行业周报,电气设备行业周报：特斯拉销量超预期 未来多周期共振向上-行业周报
2020-07-05,0703龙虎榜：太平洋许昌建安大道1.3亿主买浙商证券，深股通9.2亿抢筹紫光国微,0703龙虎榜：太平洋许昌建安大道1.3亿主买浙商证券，深股通9.2亿抢筹紫光国微
2020-07-06,[互动]比亚迪：积极拓展云轨和云巴业务 部分线路已取得积极进展,[互动]比亚迪：积极拓展云轨和云巴业务 部分线路已取得积极进展
2020-07-06,【招商汽车|公司点评】比亚迪：新车型汉订单饱满，降本进度有望超预期,【招商汽车|公司点评】比亚迪：新车型汉订单饱满，降本进度有望超预期
2020-07-06,首台“江苏淮安造”比亚迪新能源专用车下线,首台“江苏淮安造”比亚迪新能源专用车下线
2020-07-06,制造行业日报：佛山公示176辆氢燃料电池汽车补贴,制造行业日报：佛山公示176辆氢燃料电池汽车补贴
2020-07-06,卡门简报 | 5月二手车市场交易量超117万辆；特斯拉在中国启动电动皮卡预订；2021款比亚迪唐EV拟搭载刀片电池,卡门简报 | 5月二手车市场交易量超117万辆；特斯拉在中国启动电动皮卡预订；2021款比亚迪唐EV拟搭载刀片电池
2020-07-06,特斯拉成全球第一车企！面对特斯拉大范围的攻城略地，“冰火两重天”的国内造车新势力最终能留下几家？,特斯拉成全球第一车企！面对特斯拉大范围的攻城略地，“冰火两重天”的国内造车新势力最终能留下几家？
2020-07-06,比亚迪与宁德时代交锋：一文看懂刀片电池、三元锂电池的优劣势,比亚迪与宁德时代交锋：一文看懂刀片电池、三元锂电池的优劣势
2020-07-06,比亚迪再向智利交付150辆电动公交,比亚迪再向智利交付150辆电动公交
2020-07-06,从有形到无形 数字钥匙用起来倍儿飒！,从有形到无形 数字钥匙用起来倍儿飒！
2020-07-06,2021款比亚迪唐EV拟搭载刀片电池，预计四季度量产下线,2021款比亚迪唐EV拟搭载刀片电池，预计四季度量产下线
2020-07-06,【7.6锂电快讯】LG 化学拟在韩国为特斯拉生产电池*比亚迪唐换装刀片电池：续航大增,【7.6锂电快讯】LG 化学拟在韩国为特斯拉生产电池*比亚迪唐换装刀片电池：续航大增
2020-07-06,“走出去”的上汽新能源能否“走回来”？,“走出去”的上汽新能源能否“走回来”？
2020-07-06,7月6日券商晨会研报汇编,7月6日券商晨会研报汇编
2020-07-06,【窥业绩】半年赚百亿牧原股份“身价”接连击退顺丰、比亚迪和洋河！,【窥业绩】半年赚百亿牧原股份“身价”接连击退顺丰、比亚迪和洋河！
2020-07-06,【车企动态】蔚来、特斯拉市占率上升，新能源汽车面面观,【车企动态】蔚来、特斯拉市占率上升，新能源汽车面面观
2020-07-06,港股盘前必读：中芯国际科创板IPO募资或达450亿,港股盘前必读：中芯国际科创板IPO募资或达450亿
2020-07-06,“双积分”考不达标的86家车企到底慌不慌？ 产品问题,“双积分”考不达标的86家车企到底慌不慌？ 产品问题
2020-07-06,2020年电新行业周报7月第1期：欧洲新能源汽车销量向好 国内爆款车型将上市,2020年电新行业周报7月第1期：欧洲新能源汽车销量向好 国内爆款车型将上市
2020-07-07,比亚迪：上半年新能源汽车销量同比下滑58.34% 盈利能力下降,比亚迪：上半年新能源汽车销量同比下滑58.34% 盈利能力下降
2020-07-07,比亚迪：上半年汽车累计销量15.86万辆，同比下降30.45% 盈利能力下降,比亚迪：上半年汽车累计销量15.86万辆，同比下降30.45% 盈利能力下降
2020-07-07,比亚迪公告，上半年新能源汽车累计销量同比下降58.34% 盈利能力下降,比亚迪公告，上半年新能源汽车累计销量同比下降58.34% 盈利能力下降
2020-07-07,比亚迪6月销量同比下滑13% 盈利能力下降,比亚迪6月销量同比下滑13% 盈利能力下降
2020-07-07,比亚迪(01211-HK)上半年汽车销量跌30.45% 盈利能力下降,比亚迪(01211-HK)上半年汽车销量跌30.45% 盈利能力下降
2020-07-07,比亚迪6月份汽车销量3.37万辆,比亚迪6月份汽车销量3.37万辆
2020-07-07,汽车经销商调研：三四线需求恢复缓慢 销量仍有下滑 盈利能力下降,汽车经销商调研：三四线需求恢复缓慢 销量仍有下滑 盈利能力下降
2020-07-07,晚间要闻2020年7月7日星期二,晚间要闻2020年7月7日星期二
2020-07-07,比亚迪夏作全7月1日至3日出售160万股A股股票,比亚迪夏作全7月1日至3日出售160万股A股股票
2020-07-07,比亚迪股价创新高，市值超越上汽成中国车企第一,比亚迪股价创新高，市值超越上汽成中国车企第一
2020-07-07,比亚迪：1-6月累计销量60677辆，同比下降58.34% 盈利能力下降,比亚迪：1-6月累计销量60677辆，同比下降58.34% 盈利能力下降
2020-07-07,电动自行车充电桩市场规模 2020年电动自行车充电桩行业发展前景趋势及现状分析报告,电动自行车充电桩市场规模 2020年电动自行车充电桩行业发展前景趋势及现状分析报告
2020-07-07,“龙爪”设计元素 曝比亚迪宋PLUS无伪路试谍照,“龙爪”设计元素 曝比亚迪宋PLUS无伪路试谍照
2020-07-07,解盘：资金流入超300亿，动力电池、次新股、大基金领涨,解盘：资金流入超300亿，动力电池、次新股、大基金领涨
2020-07-07,新能源整车企业走强 比亚迪涨逾8%,新能源整车企业走强 比亚迪涨逾8%
2020-07-07,【行情】新能源整车板块走强，北汽蓝谷、江淮汽车相继封板，比亚迪、长安汽车等跟涨,【行情】新能源整车板块走强，北汽蓝谷、江淮汽车相继封板，比亚迪、长安汽车等跟涨
2020-07-07,动力电池板块猛涨，亿纬锂能冲击涨停、比亚迪继续飙升,动力电池板块猛涨，亿纬锂能冲击涨停、比亚迪继续飙升
2020-07-07,【安信汽车】比亚迪：新能源乘用车销量迎来拐点，6月份环比增长23%,【安信汽车】比亚迪：新能源乘用车销量迎来拐点，6月份环比增长23%
2020-07-07,【车企动态】比亚迪晋升车企“市值王”巴菲特对马斯克暂时扳回一局,【车企动态】比亚迪晋升车企“市值王”巴菲特对马斯克暂时扳回一局
2020-07-07,【汽车-袁伟】比亚迪：不断超越自我，DM4.0有望开创全新时代,【汽车-袁伟】比亚迪：不断超越自我，DM4.0有望开创全新时代
2020-07-07,EV晨报 | 威马EX5销量突破3万辆;欧拉白猫开启线上预售;比亚迪唐EV拟搭载刀片电池,EV晨报 | 威马EX5销量突破3万辆;欧拉白猫开启线上预售;比亚迪唐EV拟搭载刀片电池
2020-07-07,动力电池王者归来，高光时刻小伙伴尽开颜,动力电池王者归来，高光时刻小伙伴尽开颜
2020-07-08,5家车企公布6月新能源车销量，比亚迪/江淮遭腰斩 盈利能力下降,5家车企公布6月新能源车销量，比亚迪/江淮遭腰斩 盈利能力下降
2020-07-08,赛麟汽车耗尽59亿融资：“新造车”陷入倒闭潮 减资破产,赛麟汽车耗尽59亿融资：“新造车”陷入倒闭潮 减资破产
2020-07-08,新能源汽车行业二季度新增企业2万家，环比上升122.2%,新能源汽车行业二季度新增企业2万家，环比上升122.2%
2020-07-08,"比亚迪汽车上半年销量同比下降30.45%至158,628辆 盈利能力下降","比亚迪汽车上半年销量同比下降30.45%至158,628辆 盈利能力下降"
2020-07-08,比亚迪上半年新能源车销量大跌近60%，为何市值仍高居A股车企第一？ 盈利能力下降,比亚迪上半年新能源车销量大跌近60%，为何市值仍高居A股车企第一？ 盈利能力下降
2020-07-08,6月销量快报：上汽大众/上汽通用掉队？,6月销量快报：上汽大众/上汽通用掉队？
2020-07-08,【华创新能源汽车】比亚迪：1H20恢复较弱，比亚迪汉有望开启新周期,【华创新能源汽车】比亚迪：1H20恢复较弱，比亚迪汉有望开启新周期
2020-07-08,纳尔股份预计上半年净利润增长逾七成 曾获比亚迪100吨熔喷布订单,纳尔股份预计上半年净利润增长逾七成 曾获比亚迪100吨熔喷布订单
2020-07-08,比亚迪上半年销量下滑30% 预测新能源板块即将走出低谷 盈利能力下降,比亚迪上半年销量下滑30% 预测新能源板块即将走出低谷 盈利能力下降
2020-07-08,美股异动 | 箩筐技术(LKCO.US)股价涨11.83% 与比亚迪(01211)建立合作伙伴关系,美股异动 | 箩筐技术(LKCO.US)股价涨11.83% 与比亚迪(01211)建立合作伙伴关系
2020-07-08,制造行业日报：广西南宁将打造新能源汽车产业链,制造行业日报：广西南宁将打造新能源汽车产业链
2020-07-08,北汽蓝谷、宁德时代开盘30分钟封涨停，新能源汽车板块能否接力上涨？,北汽蓝谷、宁德时代开盘30分钟封涨停，新能源汽车板块能否接力上涨？
2020-07-08,大和：下调比亚迪(1211.HK)目标至69港元降评级至持有 投资评级恶化,大和：下调比亚迪(1211.HK)目标至69港元降评级至持有 投资评级恶化
2020-07-08,【关注】2020年整车企业新能源汽车新投产情况一览,【关注】2020年整车企业新能源汽车新投产情况一览
2020-07-08,比亚迪上半年新能源车销量降幅近六成，汉及DM4.0有望开创新时代 盈利能力下降,比亚迪上半年新能源车销量降幅近六成，汉及DM4.0有望开创新时代 盈利能力下降
2020-07-08,车圈 | 比亚迪6月销量发布 新能源车型销量大跌46.7% 盈利能力下降,车圈 | 比亚迪6月销量发布 新能源车型销量大跌46.7% 盈利能力下降
2020-07-08,Wind风控日报2020年7月8日星期三,Wind风控日报2020年7月8日星期三
2020-07-08,18起案例看H1锂电产业“资本流向”,18起案例看H1锂电产业“资本流向”
2020-07-08,今年上半年比亚迪新能源车销量降幅近六成 盈利能力下降,今年上半年比亚迪新能源车销量降幅近六成 盈利能力下降
2020-07-08,布局加速，动力电池回收产业迎新发展,布局加速，动力电池回收产业迎新发展
2020-07-08,新能源汽车困境反转 动力电池龙头迎来高光时刻,新能源汽车困境反转 动力电池龙头迎来高光时刻
2020-07-08,大和指比亚迪股价已全面反映强劲的增长前景现涨2.95%,大和指比亚迪股价已全面反映强劲的增长前景现涨2.95%
2020-07-08,宋Pro成主力 比亚迪上半年销量15.9万辆,宋Pro成主力 比亚迪上半年销量15.9万辆
2020-07-08,除了比亚迪，联想还投资了这22家芯片公司,除了比亚迪，联想还投资了这22家芯片公司
2020-07-08,最前线 | 比亚迪汽车销量上半年同比下滑30.45%，6月环比数据有所回暖 盈利能力下降,最前线 | 比亚迪汽车销量上半年同比下滑30.45%，6月环比数据有所回暖 盈利能力下降
2020-07-08,大和将比亚迪A股目标价从81元小幅下调至79元 机构下调估值,大和将比亚迪A股目标价从81元小幅下调至79元 机构下调估值
2020-07-09,最前线 | 消息称比亚迪半导体欲赴科创板或创业板上市，官方称以公告为准,最前线 | 消息称比亚迪半导体欲赴科创板或创业板上市，官方称以公告为准
2020-07-09,最前线 | 消息称比亚迪半导体欲赴科创板或创业板上市，此前投后估值已超百亿元,最前线 | 消息称比亚迪半导体欲赴科创板或创业板上市，此前投后估值已超百亿元
2020-07-09,"车企""市值一哥""易主：比亚迪取代上汽背后发生了啥？ 控制人变化","车企""市值一哥""易主：比亚迪取代上汽背后发生了啥？ 控制人变化"
2020-07-09,SMM 6月锂电数据分析: LG化学装机量继续超越比亚迪 磷酸铁锂在乘用车装机量占比提高至9%,SMM 6月锂电数据分析: LG化学装机量继续超越比亚迪 磷酸铁锂在乘用车装机量占比提高至9%
2020-07-09,比亚迪半导体据悉考虑在科创板或创业板上市,比亚迪半导体据悉考虑在科创板或创业板上市
2020-07-09,【车企动态】新能源市场回暖，新车“汉”预售超2万辆，比亚迪下半年有望迎拐点？,【车企动态】新能源市场回暖，新车“汉”预售超2万辆，比亚迪下半年有望迎拐点？
2020-07-09,比亚迪(002594)：暂成为中国车企市值第一 但新能源车估值尚未完全体现,比亚迪(002594)：暂成为中国车企市值第一 但新能源车估值尚未完全体现
2020-07-09,比亚迪李柯：新能源汽车竞争激烈 但合作仍是主流,比亚迪李柯：新能源汽车竞争激烈 但合作仍是主流
2020-07-09,拓斯达(300607)：半年报业绩超市场预期 抗疫产品链贡献较大,拓斯达(300607)：半年报业绩超市场预期 抗疫产品链贡献较大
2020-07-09,更智能更科幻 曝比亚迪宋PLUS内饰设计草图,更智能更科幻 曝比亚迪宋PLUS内饰设计草图
2020-07-09,比亚迪6月动力电池及储能电池装机总量约为0.85GWh,比亚迪6月动力电池及储能电池装机总量约为0.85GWh
2020-07-09,自主品牌新能源汽车跌落神坛？,自主品牌新能源汽车跌落神坛？
2020-07-09,比亚迪6月新能源汽车销量同比下降46.69% 盈利能力下降,比亚迪6月新能源汽车销量同比下降46.69% 盈利能力下降
2020-07-09,太豪横！中概股疯狂一夜：阿里市值狂飙逾4000亿,太豪横！中概股疯狂一夜：阿里市值狂飙逾4000亿
2020-07-09,动力电池概念股大涨 下半年电池产能或将迎来扩张,动力电池概念股大涨 下半年电池产能或将迎来扩张
2020-07-09,比亚迪新能源车6月销量腰斩 累计暴跌59.2% 盈利能力下降,比亚迪新能源车6月销量腰斩 累计暴跌59.2% 盈利能力下降
2020-07-09,EV晨报 | 6月新能源乘用车销量同比降35%；深圳将对39家电动物流车企发放补助；比亚迪6月新能源销量遭腰斩,EV晨报 | 6月新能源乘用车销量同比降35%；深圳将对39家电动物流车企发放补助；比亚迪6月新能源销量遭腰斩
2020-07-09,国际资管巨头高呼增持中国股票，看看海外机构调研了哪些标的,国际资管巨头高呼增持中国股票，看看海外机构调研了哪些标的
2020-07-10,蓝海华腾与比亚迪电池签署战略合作框架协议 就电机控制器单元等产品应用与推广达成合作共识,蓝海华腾与比亚迪电池签署战略合作框架协议 就电机控制器单元等产品应用与推广达成合作共识
2020-07-10,6月新能源乘用车合格证产量7.9万辆 磷酸铁锂装机量占比提至9%,6月新能源乘用车合格证产量7.9万辆 磷酸铁锂装机量占比提至9%
2020-07-10,拓斯达(300607)2020H1业绩预告点评：Q2业绩超预期 口罩机助力业绩增长,拓斯达(300607)2020H1业绩预告点评：Q2业绩超预期 口罩机助力业绩增长
2020-07-10,纯电轿车竞争加剧 广汽埃安S再升级破局私人消费市场,纯电轿车竞争加剧 广汽埃安S再升级破局私人消费市场
2020-07-10,和解方案是否有损上市公司利益？太阳能因7000万元违规担保事项再收关注函 关注函,和解方案是否有损上市公司利益？太阳能因7000万元违规担保事项再收关注函 关注函
2020-07-10,比亚迪：“汉”上市时间为7月12日 销售已经开始预热,比亚迪：“汉”上市时间为7月12日 销售已经开始预热
2020-07-10,财华聚焦|新能源汽车：老车主的牢骚VS新工厂的狂欢,财华聚焦|新能源汽车：老车主的牢骚VS新工厂的狂欢
2020-07-10,太阳能子公司违规担保案和解 深交所：是否损上市公司 大额借贷担保,太阳能子公司违规担保案和解 深交所：是否损上市公司 大额借贷担保
2020-07-10,6月装机电量点评：环比明显向好 蓄势待发,6月装机电量点评：环比明显向好 蓄势待发
2020-07-10,特斯拉、蔚来、小鹏明争下的暗斗：动力电池三国争霸,特斯拉、蔚来、小鹏明争下的暗斗：动力电池三国争霸
2020-07-10,【安信电子|每日观点】华为100%通过率完成5G设备安全测试，我国已成全球最大功率器件市场,【安信电子|每日观点】华为100%通过率完成5G设备安全测试，我国已成全球最大功率器件市场
2020-07-10,半导体子公司将登陆科创板？ 比亚迪：积极寻求适当时机独立上市,半导体子公司将登陆科创板？ 比亚迪：积极寻求适当时机独立上市
2020-07-10,A股异动|蓝海华腾(300484.SZ)直线拉升涨超7%与比亚迪电池签署战略合作框架协议,A股异动|蓝海华腾(300484.SZ)直线拉升涨超7%与比亚迪电池签署战略合作框架协议
2020-07-10,新能源汽车行业：新能源汽车急速狂飙,新能源汽车行业：新能源汽车急速狂飙
2020-07-10,7月10日午间重要公告集锦,7月10日午间重要公告集锦
2020-07-10,最前线 | 机构观点：全球新能源汽车产销拐点已至，电池行业马太效应加剧,最前线 | 机构观点：全球新能源汽车产销拐点已至，电池行业马太效应加剧
2020-07-10,让汽车成为移动终端十大智能芯片厂商盘点,让汽车成为移动终端十大智能芯片厂商盘点
2020-07-10,再等几天就上市！比亚迪汉EV的亮点你了解多少？,再等几天就上市！比亚迪汉EV的亮点你了解多少？
2020-07-10,上半年乘用车销量秀出深V，汽车概念股猛踩油门,上半年乘用车销量秀出深V，汽车概念股猛踩油门
2020-07-10,57股获券商买入评级 长安汽车目标涨幅达46.17%,57股获券商买入评级 长安汽车目标涨幅达46.17%
2020-07-10,蓝海华腾与比亚迪电池开启战略合作,蓝海华腾与比亚迪电池开启战略合作
2020-07-10,6月动力电池排行榜：宁德时代市占率再次过半,6月动力电池排行榜：宁德时代市占率再次过半
2020-07-10,雨季来临 电池安全又被重提,雨季来临 电池安全又被重提
2020-07-10,特斯拉(TSLA.US)、蔚来(NIO.US)股价频频新高的背后，不仅是因为销量回暖,特斯拉(TSLA.US)、蔚来(NIO.US)股价频频新高的背后，不仅是因为销量回暖
2020-07-10,新能源汽车销量半年缩水近四成 两年间产品和企业格局已大变,新能源汽车销量半年缩水近四成 两年间产品和企业格局已大变
2020-07-10,【港股通】传比亚迪拟分拆半导体业务于科创板或创业板上市 股价涨5.9%,【港股通】传比亚迪拟分拆半导体业务于科创板或创业板上市 股价涨5.9%
2020-07-10,比亚迪冲击涨停，再创新高,比亚迪冲击涨停，再创新高
2020-07-10,比亚迪AH股齐涨传子公司比亚迪半导体将于科创板或创业板上市,比亚迪AH股齐涨传子公司比亚迪半导体将于科创板或创业板上市
2020-07-10,解盘：金融拖累指数，免税店、肺炎检测、光刻胶领涨,解盘：金融拖累指数，免税店、肺炎检测、光刻胶领涨
2020-07-10,蓝海华腾：与惠州比亚迪电池有限公司签署战略合作框架协议,蓝海华腾：与惠州比亚迪电池有限公司签署战略合作框架协议
2020-07-10,午间公告：蓝海华腾与比亚迪电池达成战略合作；锦浪科技上半年净利预增239%-320%,午间公告：蓝海华腾与比亚迪电池达成战略合作；锦浪科技上半年净利预增239%-320%
2020-07-10,丰田上半年在华销量达75.3万 下降2.2% 盈利能力下降,丰田上半年在华销量达75.3万 下降2.2% 盈利能力下降
2020-07-11,6月车市盘点：豪车价格下探疯狂收割市场，日系领跑合资阵营,6月车市盘点：豪车价格下探疯狂收割市场，日系领跑合资阵营
2020-07-11,孚能科技带伤IPO：新能源电池这块肉没那么好啃,孚能科技带伤IPO：新能源电池这块肉没那么好啃
2020-07-11,A股汽车板块迎来新“一哥”，15块的蔚来你抄底了吗？,A股汽车板块迎来新“一哥”，15块的蔚来你抄底了吗？
2020-07-11,历史性时刻！比亚迪超上汽，成中国市值最大车企！距销量一哥还有多远？,历史性时刻！比亚迪超上汽，成中国市值最大车企！距销量一哥还有多远？
2020-07-11,犀牛财经早报：理想汽车提交招股书科创板即将迎来2200亿解禁,犀牛财经早报：理想汽车提交招股书科创板即将迎来2200亿解禁
2020-07-11,新能源车观察系列78：金色九月，中国电动车水马龙【安信电新】,新能源车观察系列78：金色九月，中国电动车水马龙【安信电新】
2020-07-11,电力设备行业动态分析：持续回暖 砥砺前行,电力设备行业动态分析：持续回暖 砥砺前行
2020-07-12,正面刚特斯拉？比亚迪“汉”来了，搭载多项华为“黑科技”,正面刚特斯拉？比亚迪“汉”来了，搭载多项华为“黑科技”
2020-07-12,比亚迪汉各款车型售价出炉,比亚迪汉各款车型售价出炉
2020-07-12,余承东：5G和AI时代到来，华为和比亚迪联合打造汉,余承东：5G和AI时代到来，华为和比亚迪联合打造汉
2020-07-12,比亚迪旗舰轿车汉正式上市：比亚迪凭什么挑战特斯拉？,比亚迪旗舰轿车汉正式上市：比亚迪凭什么挑战特斯拉？
2020-07-12,华为余承东站台打Call比亚迪汉21.98万元起震撼上市,华为余承东站台打Call比亚迪汉21.98万元起震撼上市
2020-07-12,比亚迪汉正式上市 补贴后售21.98万元起,比亚迪汉正式上市 补贴后售21.98万元起
2020-07-12,比亚迪汉将于今晚线上发布,比亚迪汉将于今晚线上发布
2020-07-12,比亚迪汉上市 王传福称智能化是竞争下半场,比亚迪汉上市 王传福称智能化是竞争下半场
2020-07-12,比亚迪汉上市搭载刀片电池 王传福余承东同框“带货”,比亚迪汉上市搭载刀片电池 王传福余承东同框“带货”
2020-07-12,车企“市值一哥”比亚迪的隐忧：新能源王冠“褪色”？,车企“市值一哥”比亚迪的隐忧：新能源王冠“褪色”？
2020-07-12,电气设备点评报告：自主品牌承接复苏 新车蓄势迎接Q3(终端产销202006),电气设备点评报告：自主品牌承接复苏 新车蓄势迎接Q3(终端产销202006)
2020-07-12,华为自动驾驶专利曝光！余承东今晚还要为比亚迪站台,华为自动驾驶专利曝光！余承东今晚还要为比亚迪站台
2020-07-12,比亚迪在中国第一车企的位子上能坐多久,比亚迪在中国第一车企的位子上能坐多久
2020-07-12,新能源车有多火？特斯拉、蔚来股价新高，比亚迪市值超越上汽，理想汽车将敲钟,新能源车有多火？特斯拉、蔚来股价新高，比亚迪市值超越上汽，理想汽车将敲钟
2020-07-12,比亚迪超车上汽 成中国车企市值老大 距离市场老大还有多远？,比亚迪超车上汽 成中国车企市值老大 距离市场老大还有多远？
2020-07-12,比亚迪汉将于12日晚线上发布,比亚迪汉将于12日晚线上发布
2020-07-13,“汉”新车型发布 比亚迪股价创历史新高,“汉”新车型发布 比亚迪股价创历史新高
2020-07-13,宁德时代、比亚迪股价齐创新高 新能源车又迎新起点？,宁德时代、比亚迪股价齐创新高 新能源车又迎新起点？
2020-07-13,最前线 | 比亚迪AH股齐创历史新高，比亚迪汉正式上市或带利好,最前线 | 比亚迪AH股齐创历史新高，比亚迪汉正式上市或带利好
2020-07-13,港股收评：恒指涨0.17%汽车股全线爆发恒大健康暴涨近30%比亚迪大涨16%,港股收评：恒指涨0.17%汽车股全线爆发恒大健康暴涨近30%比亚迪大涨16%
2020-07-13,恒指震荡收高0.17%，比亚迪涨逾16%创新高,恒指震荡收高0.17%，比亚迪涨逾16%创新高
2020-07-13,【A股收盘综述】上证指数收涨1.77%，两市成交金额连续六日超过1.5万亿元,【A股收盘综述】上证指数收涨1.77%，两市成交金额连续六日超过1.5万亿元
2020-07-13,【异动股】汽车股获追捧比亚迪股份(01211-HK)领跑下午曾弹12.4%,【异动股】汽车股获追捧比亚迪股份(01211-HK)领跑下午曾弹12.4%
2020-07-13,新能源汽车集体暴涨 比亚迪回暖股价大涨逾13%,新能源汽车集体暴涨 比亚迪回暖股价大涨逾13%
2020-07-13,比亚迪一度涨近16%创历史新高,比亚迪一度涨近16%创历史新高
2020-07-13,港股复盘：又升温了,港股复盘：又升温了
2020-07-13,比亚迪股份尾盘升至90港元关口，再创纪录新高,比亚迪股份尾盘升至90港元关口，再创纪录新高
2020-07-13,【原创视频】车来特斯拉股价暴涨！马斯克身家超巴菲特！蔚来、比亚迪行情都来了！,【原创视频】车来特斯拉股价暴涨！马斯克身家超巴菲特！蔚来、比亚迪行情都来了！
2020-07-13,拓斯达(300607)：抗疫产品链业务火爆 净利润迎风上扬,拓斯达(300607)：抗疫产品链业务火爆 净利润迎风上扬
2020-07-13,港股扭跌为升微扬44点比亚迪推“汉”暴涨16%创新高,港股扭跌为升微扬44点比亚迪推“汉”暴涨16%创新高
2020-07-13,新能源汽车产业链行业周报(7月第2周)：6月产业链数据持续改善 迎接最好7月,新能源汽车产业链行业周报(7月第2周)：6月产业链数据持续改善 迎接最好7月
2020-07-13,比亚迪推出首款搭载刀片电池车型“汉” 华为5G技术加持,比亚迪推出首款搭载刀片电池车型“汉” 华为5G技术加持
2020-07-13,大众、宝马、奔驰召回近8000辆汽车！马云在阿里持股降至5%以下 产品问题,大众、宝马、奔驰召回近8000辆汽车！马云在阿里持股降至5%以下 产品问题
2020-07-13,北水动向(7.13)|北水净流入61.91亿 新经济股继续受追捧,北水动向(7.13)|北水净流入61.91亿 新经济股继续受追捧
2020-07-13,汽车股集体走强：比亚迪涨停，宁德时代市值逼近五千亿,汽车股集体走强：比亚迪涨停，宁德时代市值逼近五千亿
2020-07-13,6 月汽车销量点评：销量环比改善 商用车同比大幅增长,6 月汽车销量点评：销量环比改善 商用车同比大幅增长
2020-07-13,汽车行业周观点：特斯拉MODEL Y降价 比亚迪汉正式上市,汽车行业周观点：特斯拉MODEL Y降价 比亚迪汉正式上市
2020-07-13,汽车周报：汽车行业继续回暖 6月产销创历史新高,汽车周报：汽车行业继续回暖 6月产销创历史新高
2020-07-13,"暴涨1700亿！许家印""造车""彻底火了，百年汽车行业的大变局来了?","暴涨1700亿！许家印""造车""彻底火了，百年汽车行业的大变局来了?"
2020-07-13,6月LFP电池装机高增长、造车新势力表现优异——新能源行业周报,6月LFP电池装机高增长、造车新势力表现优异——新能源行业周报
2020-07-13,【安信电子|每日观点】半导体设备国产化趋势加快，紫光芯云三大项目落户上海,【安信电子|每日观点】半导体设备国产化趋势加快，紫光芯云三大项目落户上海
2020-07-13,新能源汽车行业2020年6月销量点评：销量环比向好 下半年有望持续改善,新能源汽车行业2020年6月销量点评：销量环比向好 下半年有望持续改善
2020-07-13,比亚迪(002594 01211.HK)重大事项点评：“汉”新车型发布 品牌力有望提升,比亚迪(002594 01211.HK)重大事项点评：“汉”新车型发布 品牌力有望提升
2020-07-13,蓝海华腾与比亚迪电池达成战略合作,蓝海华腾与比亚迪电池达成战略合作
2020-07-13,余承东为比亚迪汉打Call 华为欲进军三万亿市场,余承东为比亚迪汉打Call 华为欲进军三万亿市场
2020-07-13,22万元起售、搭载刀片电池，比亚迪汉能否撼动特斯拉Model 3？,22万元起售、搭载刀片电池，比亚迪汉能否撼动特斯拉Model 3？
2020-07-13,比亚迪汉核心零部件配套供应商一览,比亚迪汉核心零部件配套供应商一览
2020-07-13,鸿蒙OS重磅！首款搭载移动设备曝光，华为进军三万亿大市场，概念股名单出炉！,鸿蒙OS重磅！首款搭载移动设备曝光，华为进军三万亿大市场，概念股名单出炉！
2020-07-13,比亚迪汉上市21.98万元起 王传福:旗舰轿车十年磨一剑,比亚迪汉上市21.98万元起 王传福:旗舰轿车十年磨一剑
2020-07-13,首款搭载刀片电池轿车“汉”亮相，王传福、余承东都说了什么？,首款搭载刀片电池轿车“汉”亮相，王传福、余承东都说了什么？
2020-07-13,首款搭载鸿蒙OS设备曝光 华为进军三万亿市场(股),首款搭载鸿蒙OS设备曝光 华为进军三万亿市场(股)
2020-07-13,5月全球新能源销量榜：比亚迪回暖，蔚来首次入榜,5月全球新能源销量榜：比亚迪回暖，蔚来首次入榜
2020-07-13,比亚迪汉系列四款新车上市 搭载刀片电池和华为5G技术,比亚迪汉系列四款新车上市 搭载刀片电池和华为5G技术
2020-07-13,乘用车6月产量排行：特斯拉长续航版扩产，蔚来产量创新高,乘用车6月产量排行：特斯拉长续航版扩产，蔚来产量创新高
2020-07-13,比亚迪首推搭载刀片电池车型“汉” 华为紧贴造车圈,比亚迪首推搭载刀片电池车型“汉” 华为紧贴造车圈
2020-07-13,投资界24h|理想汽车赴美上市；半年40000家酒店倒闭；比亚迪“汉”正式上市,投资界24h|理想汽车赴美上市；半年40000家酒店倒闭；比亚迪“汉”正式上市
2020-07-13,港股盘前必读：伦敦基本金属普涨，7月18日深港通–创业板改革演习,港股盘前必读：伦敦基本金属普涨，7月18日深港通–创业板改革演习
2020-07-13,汽车股走强，比亚迪再创新高,汽车股走强，比亚迪再创新高
2020-07-13,7月13日盘前重要公司新闻,7月13日盘前重要公司新闻
2020-07-13,【异动股】比亚迪股份(01211-HK)推5G纯电动车“汉”早段升6.7%,【异动股】比亚迪股份(01211-HK)推5G纯电动车“汉”早段升6.7%
2020-07-13,德赛西威(002920)：Q2业绩超预期 继续重点推荐,德赛西威(002920)：Q2业绩超预期 继续重点推荐
2020-07-13,新山东能源集团、新山东高速集团确定产业定位,新山东能源集团、新山东高速集团确定产业定位
2020-07-13,中金：上调比亚迪(01211)目标价至86港元， 维持“跑赢行业”评级,中金：上调比亚迪(01211)目标价至86港元， 维持“跑赢行业”评级
2020-07-13,Model 3销量全方位碾压，25-35万区间还有特斯拉的对手吗？,Model 3销量全方位碾压，25-35万区间还有特斯拉的对手吗？
2020-07-13,【A股午盘综述】上证指数半日升1.27%，农业、周期、白酒股领涨,【A股午盘综述】上证指数半日升1.27%，农业、周期、白酒股领涨
2020-07-13,【动力电池大事记】本田与CATL，比亚迪与蓝海华腾、蜂巢能源无钴,【动力电池大事记】本田与CATL，比亚迪与蓝海华腾、蜂巢能源无钴
2020-07-13,长信科技(300088)：持续发力折叠与可穿戴 减薄与模组比翼双飞,长信科技(300088)：持续发力折叠与可穿戴 减薄与模组比翼双飞
2020-07-13,比亚迪炒高近8% 新车型为全球首款搭载华为5G技术,比亚迪炒高近8% 新车型为全球首款搭载华为5G技术
2020-07-13,苹果概念股持续火热，立讯精密、歌尔股份、蓝思科技、比亚迪均创新高,苹果概念股持续火热，立讯精密、歌尔股份、蓝思科技、比亚迪均创新高
2020-07-13,推5G纯电动车“汉”比亚迪AH股齐齐大涨A股创历史新高,推5G纯电动车“汉”比亚迪AH股齐齐大涨A股创历史新高
2020-07-13,大华继显上调比亚迪(01211-HK)目标价至55港元股价大涨7.7%,大华继显上调比亚迪(01211-HK)目标价至55港元股价大涨7.7%
2020-07-13,比亚迪首款搭载“刀片电池”车型上市， 华为高管亲自站台,比亚迪首款搭载“刀片电池”车型上市， 华为高管亲自站台
2020-07-14,重庆首富生死局：力帆股份无人接盘，长孙女被迫继位，花光股民的钱也救不回！,重庆首富生死局：力帆股份无人接盘，长孙女被迫继位，花光股民的钱也救不回！
2020-07-14,6月销量快报出炉：涨势喜人！5家上市车企上半年销量转正！江铃、福田等商用车企6月销量暴涨,6月销量快报出炉：涨势喜人！5家上市车企上半年销量转正！江铃、福田等商用车企6月销量暴涨
2020-07-14,困难阻挡不了华为前进脚步，三大业务齐头并进，消费者业务占比持续提升，这些A股小伙伴火了！,困难阻挡不了华为前进脚步，三大业务齐头并进，消费者业务占比持续提升，这些A股小伙伴火了！
2020-07-14,华为的5G技术不是比亚迪汉的核心竞争力,华为的5G技术不是比亚迪汉的核心竞争力
2020-07-14,6月国内电车产销稳步上升，7月起同比有望全面转正| 兴业电新· 6月新能源汽车产销点评,6月国内电车产销稳步上升，7月起同比有望全面转正| 兴业电新· 6月新能源汽车产销点评
2020-07-14,中华文化融合顶级造车工艺，比亚迪（01211）汉引领新能源自主品牌“换道超车”,中华文化融合顶级造车工艺，比亚迪（01211）汉引领新能源自主品牌“换道超车”
2020-07-14,[公司]比亚迪：后续公司将加快推进比亚迪半导体分拆上市工作,[公司]比亚迪：后续公司将加快推进比亚迪半导体分拆上市工作
2020-07-14,全球首款5G汽车正式上市！比亚迪A+H股携手迎涨！新一轮竞争或被引爆？,全球首款5G汽车正式上市！比亚迪A+H股携手迎涨！新一轮竞争或被引爆？
2020-07-14,汽车与新能源行业7月投资策略：行业复苏在即 享受行业机遇,汽车与新能源行业7月投资策略：行业复苏在即 享受行业机遇
2020-07-14,比亚迪(002594)：高端车型汉上市 品牌力持续向上,比亚迪(002594)：高端车型汉上市 品牌力持续向上
2020-07-14,特斯拉股价巨震是“假摔”？国内新能源两股势力大战一触即发,特斯拉股价巨震是“假摔”？国内新能源两股势力大战一触即发
2020-07-14,[公司]比亚迪：新车型“汉”搭载了公司刀片电池产品,[公司]比亚迪：新车型“汉”搭载了公司刀片电池产品
2020-07-14,赵长江：比亚迪16年动力电池安全0事故 评测标准未公布,赵长江：比亚迪16年动力电池安全0事故 评测标准未公布
2020-07-14,华为“乘风”，比亚迪“破浪”，“5G＋汽车”到底能有多大惊喜？,华为“乘风”，比亚迪“破浪”，“5G＋汽车”到底能有多大惊喜？
2020-07-14,比亚迪跌近10% 报81.15港元,比亚迪跌近10% 报81.15港元
2020-07-14,比亚迪加速海外新能源布局 纯电动双层大巴在英销量突破250台,比亚迪加速海外新能源布局 纯电动双层大巴在英销量突破250台
2020-07-14,深圳：搭载车牌识别系统的新能源智慧警车将上路,深圳：搭载车牌识别系统的新能源智慧警车将上路
2020-07-14,新能源车市发展前景被看好,新能源车市发展前景被看好
2020-07-14,王传福想打翻身仗 ，马斯克答应吗？,王传福想打翻身仗 ，马斯克答应吗？
2020-07-14,自主品牌半年考：份额不断下探、产品端面临困局,自主品牌半年考：份额不断下探、产品端面临困局
2020-07-14,比亚迪成A股市值最高车企被指成色不足 近12月销量负增长 盈利能力下降,比亚迪成A股市值最高车企被指成色不足 近12月销量负增长 盈利能力下降
2020-07-14,牛市东风诚可贵 打铁还需自身硬,牛市东风诚可贵 打铁还需自身硬
2020-07-14,宁德时代独占鳌头，比亚迪出货量排名下跌，刀片电池能逆转吗？ 盈利能力下降,宁德时代独占鳌头，比亚迪出货量排名下跌，刀片电池能逆转吗？ 盈利能力下降
2020-07-14,股市热车市依旧不暖 中国新能源汽车能翻盘吗,股市热车市依旧不暖 中国新能源汽车能翻盘吗
2020-07-14,港股盘前必读：腾讯云自研分布式HTAP数据库TBase正式发布最新开源版本,港股盘前必读：腾讯云自研分布式HTAP数据库TBase正式发布最新开源版本
2020-07-14,【SMM金属早餐】Centinela铜矿工会投票决定罢工*沪锌急攻猛进*铁矿暴涨逾5%,【SMM金属早餐】Centinela铜矿工会投票决定罢工*沪锌急攻猛进*铁矿暴涨逾5%
2020-07-14,容百科技(688005)公司动态点评：业绩基本符合预期 盈利能力有望恢复,容百科技(688005)公司动态点评：业绩基本符合预期 盈利能力有望恢复
2020-07-14,万里扬(002434)：6月同比大幅增长 但是环比增速均略低于预期,万里扬(002434)：6月同比大幅增长 但是环比增速均略低于预期
2020-07-14,涨涨涨！林洋、日升、亚玛顿、比亚迪、拓日、金晶、爱康涨停,涨涨涨！林洋、日升、亚玛顿、比亚迪、拓日、金晶、爱康涨停
2020-07-14,动力电池板块调整，宁德时代、比亚迪、亿纬锂能均走软,动力电池板块调整，宁德时代、比亚迪、亿纬锂能均走软
2020-07-14,比亚迪跌逾4% 报86港元,比亚迪跌逾4% 报86港元
2020-07-14,上半年SUV引领反攻：自主延揽前三、奔驰强势入榜,上半年SUV引领反攻：自主延揽前三、奔驰强势入榜
2020-07-15,汽车股普遍向下 吉利汽车下跌2%比亚迪下跌5%,汽车股普遍向下 吉利汽车下跌2%比亚迪下跌5%
2020-07-15,富途研选|市值新高！比亚迪的业绩改善才刚开始？,富途研选|市值新高！比亚迪的业绩改善才刚开始？
2020-07-15,汽车再下乡：5-10万不等，中央不补贴，新能源车在农村有市场吗？,汽车再下乡：5-10万不等，中央不补贴，新能源车在农村有市场吗？
2020-07-15,5G如何赋能智慧出行，听听业内「大佬们」怎么说,5G如何赋能智慧出行，听听业内「大佬们」怎么说
2020-07-15,通信行业研究：华为上半年业绩保持高增长 5G不惧困难越挫越勇,通信行业研究：华为上半年业绩保持高增长 5G不惧困难越挫越勇
2020-07-15,车规级IGBT供不应求 A股多家厂商扩产能否加速国产替代？,车规级IGBT供不应求 A股多家厂商扩产能否加速国产替代？
2020-07-15,暴涨387%！这家私募股权巨头火了，一把狂赚近20个亿,暴涨387%！这家私募股权巨头火了，一把狂赚近20个亿
2020-07-15,厦门钨业旗下厦钨新能冲刺科创板 三星、比亚迪等为客户,厦门钨业旗下厦钨新能冲刺科创板 三星、比亚迪等为客户
2020-07-15,电气设备行业深度报告：7月新能源汽车产业月报及上半年总结,电气设备行业深度报告：7月新能源汽车产业月报及上半年总结
2020-07-15,【NE数据】2020上半年电机电控TOP10：比亚迪下滑六成,【NE数据】2020上半年电机电控TOP10：比亚迪下滑六成
2020-07-15,新能源车迎来重磅利好！多家上市公司参与,新能源车迎来重磅利好！多家上市公司参与
2020-07-15,长安汽车大跌超8%拖累汽车板块，江淮汽车、比亚迪等纷纷下滑,长安汽车大跌超8%拖累汽车板块，江淮汽车、比亚迪等纷纷下滑
2020-07-15,比亚迪跌近5% 报78.7港元,比亚迪跌近5% 报78.7港元
2020-07-15,比亚迪：将加快推进比亚迪半导体分拆上市工作,比亚迪：将加快推进比亚迪半导体分拆上市工作
2020-07-15,新能源汽车撑起IGBT一片天,新能源汽车撑起IGBT一片天
2020-07-15,工信部等部门开展新能源汽车下乡活动，上汽通用五菱、比亚迪等多家企业参与,工信部等部门开展新能源汽车下乡活动，上汽通用五菱、比亚迪等多家企业参与
2020-07-15,工信部等部门开展新能源汽车下乡活动 上汽通用五菱、比亚迪等多家企业参与,工信部等部门开展新能源汽车下乡活动 上汽通用五菱、比亚迪等多家企业参与
2020-07-15,银轮股份：进入特斯拉供应体系,银轮股份：进入特斯拉供应体系
2020-07-15,三部门联合组织开展新能源汽车下乡活动,三部门联合组织开展新能源汽车下乡活动
2020-07-15,【车企动态】比亚迪晋升车企“市值王” 巴菲特对马斯克暂时扳回一局,【车企动态】比亚迪晋升车企“市值王” 巴菲特对马斯克暂时扳回一局
2020-07-15,斯莱克：横向延伸发挥技术优势，前瞻布局争做时代后浪,斯莱克：横向延伸发挥技术优势，前瞻布局争做时代后浪
2020-07-15,6月新能源汽车销量排名出炉，Model 3强势领跑,6月新能源汽车销量排名出炉，Model 3强势领跑
2020-07-15,比亚迪VS特斯拉“战争升级” 动力电池难撼CATL,比亚迪VS特斯拉“战争升级” 动力电池难撼CATL
2020-07-16,恩捷股份逆市频扩张 锂电池行业豪赌是否存“泡沫”？,恩捷股份逆市频扩张 锂电池行业豪赌是否存“泡沫”？
2020-07-16,赫荣亮：对“新能源汽车下乡”的五个建议,赫荣亮：对“新能源汽车下乡”的五个建议
2020-07-16,20股获20家以上机构扎堆调研4股引市场瞩目,20股获20家以上机构扎堆调研4股引市场瞩目
2020-07-16,国轩高科上半年净利润或暴跌超90％，存多项违规行为被整改问询 其他违规处罚,国轩高科上半年净利润或暴跌超90％，存多项违规行为被整改问询 其他违规处罚
2020-07-16,快讯：比亚迪跌停 报于85.05元,快讯：比亚迪跌停 报于85.05元
2020-07-16,【方正汽车】新下乡，新时代,【方正汽车】新下乡，新时代
2020-07-16,中国动力电池企业联袂崛起，国际汽车巨头纷纷入股锁定供应,中国动力电池企业联袂崛起，国际汽车巨头纷纷入股锁定供应
2020-07-16,汽车股集体跳水 比亚迪跌逾8%吉利汽车下跌6%,汽车股集体跳水 比亚迪跌逾8%吉利汽车下跌6%
2020-07-16,再冲击中高端新能源汽车市场 比亚迪能否凭借汉顺利突围？,再冲击中高端新能源汽车市场 比亚迪能否凭借汉顺利突围？
2020-07-16,华为汽车BU提供5G芯片的比亚迪汉即将上市,华为汽车BU提供5G芯片的比亚迪汉即将上市
2020-07-16,2020H1动力电池装机量排行榜：外资企业加速渗透，LG超比亚迪,2020H1动力电池装机量排行榜：外资企业加速渗透，LG超比亚迪
2020-07-16,16款新能源车下乡，比亚迪长城进入名单，还有造车新势力,16款新能源车下乡，比亚迪长城进入名单，还有造车新势力
2020-07-16,“魅力济南”（深圳）粤港澳大湾区双招双引合作洽谈会成功举行,“魅力济南”（深圳）粤港澳大湾区双招双引合作洽谈会成功举行
2020-07-17,比亚迪(002594.SZ)：拟下调“18亚迪02”公司债券票面利率,比亚迪(002594.SZ)：拟下调“18亚迪02”公司债券票面利率
2020-07-17,电气设备行业：工信部发布新能源汽车下乡,电气设备行业：工信部发布新能源汽车下乡
2020-07-17,【电新*曾朵红】新能源汽车下乡，助力A00级销量恢复,【电新*曾朵红】新能源汽车下乡，助力A00级销量恢复
2020-07-17,自主汽车“中考”成绩单：超10家销量为0，第二梯队分化严重,自主汽车“中考”成绩单：超10家销量为0，第二梯队分化严重
2020-07-17,比亚迪：拟下调“18亚迪02”公司债券票面利率至3.50%~3.80%,比亚迪：拟下调“18亚迪02”公司债券票面利率至3.50%~3.80%
2020-07-17,比亚迪、长安汽车再度走软，汽车板块低位盘整,比亚迪、长安汽车再度走软，汽车板块低位盘整
2020-07-17,新能源汽车下乡，这次没有政府补贴,新能源汽车下乡，这次没有政府补贴
2020-07-17,银隆成立新合资公司，新四化转型过程中零部件重要性日益凸显,银隆成立新合资公司，新四化转型过程中零部件重要性日益凸显
2020-07-17,6月销量排行：Model 3累计销量近5万，蔚来创交付新高,6月销量排行：Model 3累计销量近5万，蔚来创交付新高
2020-07-17,长信科技(300088)：毛利率创新高 穿戴式和UTG有望快速增长,长信科技(300088)：毛利率创新高 穿戴式和UTG有望快速增长
2020-07-17,复苏迹象初显 2020年上半年国内车市销量点评,复苏迹象初显 2020年上半年国内车市销量点评
2020-07-17,汽车行业快报：新能源汽车下乡启动 核心车企受益,汽车行业快报：新能源汽车下乡启动 核心车企受益
2020-07-18,新能源乘用车七成流向B端 业内人士称C端用户并不认可,新能源乘用车七成流向B端 业内人士称C端用户并不认可
2020-07-18,比亚迪273倍市盈率背后,比亚迪273倍市盈率背后
2020-07-18,分析本土车规级IGBT产业的发展现状、行业格局及未来趋势,分析本土车规级IGBT产业的发展现状、行业格局及未来趋势
2020-07-18,高瓴资本100亿入局宁德时代锂电市场下滑不改资本热浪,高瓴资本100亿入局宁德时代锂电市场下滑不改资本热浪
2020-07-18,零售行业-“数据会说话”之2020年6月深度解读：社零增速稳步回升 618促进线上消费,零售行业-“数据会说话”之2020年6月深度解读：社零增速稳步回升 618促进线上消费
2020-07-18,香港恒指收盘跌0.12%，比亚迪涨12.25%,香港恒指收盘跌0.12%，比亚迪涨12.25%
2020-07-18,董扬：2020年新能源汽车产销量下降或成定局，但前景依然广阔 盈利能力下降,董扬：2020年新能源汽车产销量下降或成定局，但前景依然广阔 盈利能力下降
2020-07-19,震动汽车圈！大众在华签订百亿大单，对象却非宁德时代,震动汽车圈！大众在华签订百亿大单，对象却非宁德时代
2020-07-19,周观点 | 新能源汽车下乡 乘用车底部已现【华西汽车 崔琰团队】,周观点 | 新能源汽车下乡 乘用车底部已现【华西汽车 崔琰团队】
2020-07-19,"小智一周要闻 | 大众更换软件部门负责人, 特斯拉Autopilot广告被禁","小智一周要闻 | 大众更换软件部门负责人, 特斯拉Autopilot广告被禁"
2020-07-19,电气设备行业周报：电动车热管理赛道清晰 光伏组件报价止跌回升,电气设备行业周报：电动车热管理赛道清晰 光伏组件报价止跌回升
2020-07-20,比亚迪电动车之路：何以成为“中国特斯拉”,比亚迪电动车之路：何以成为“中国特斯拉”
2020-07-20,电气设备行业深度报告：势头凶猛锂电龙头 构建全球化产业渠道,电气设备行业深度报告：势头凶猛锂电龙头 构建全球化产业渠道
2020-07-20,12股获20家以上机构扎堆调研 五股市场瞩目,12股获20家以上机构扎堆调研 五股市场瞩目
2020-07-20,比亚迪被碾压背后：垂直整合遇阻 品牌进化承压,比亚迪被碾压背后：垂直整合遇阻 品牌进化承压
2020-07-20,"跑输行业的比亚迪:库存压力犹存 关联方另类""解围""","跑输行业的比亚迪:库存压力犹存 关联方另类""解围"""
2020-07-20,汽车行业周报：工信部等拟开展新能源汽车下乡活动,汽车行业周报：工信部等拟开展新能源汽车下乡活动
2020-07-20,比亚迪(002594)：比亚迪汉上市 新能源车业务竞争力凸显,比亚迪(002594)：比亚迪汉上市 新能源车业务竞争力凸显
2020-07-20,港股复盘：科技指数来了,港股复盘：科技指数来了
2020-07-20,中签率仅23.7%，高瓴资本「独吞」百亿，资金为何疯抢宁德时代定增股份？,中签率仅23.7%，高瓴资本「独吞」百亿，资金为何疯抢宁德时代定增股份？
2020-07-20,花2亿买的资产两折卖回去？还不止一次 融捷健康为何连做赔本买卖 资产异常,花2亿买的资产两折卖回去？还不止一次 融捷健康为何连做赔本买卖 资产异常
2020-07-20,港股继续一天升一天降又跌31点比亚迪强力反弹12%,港股继续一天升一天降又跌31点比亚迪强力反弹12%
2020-07-20,率先布局 IoT，ColorOS 7.2 让手机化身车钥匙,率先布局 IoT，ColorOS 7.2 让手机化身车钥匙
2020-07-20,快讯：汽车股午后持续走强 中国重汽涨超8%,快讯：汽车股午后持续走强 中国重汽涨超8%
2020-07-20,历经“沃特玛之变” 坚瑞沃能或迎来“第二春”？,历经“沃特玛之变” 坚瑞沃能或迎来“第二春”？
2020-07-20,可充当比亚迪部分车型钥匙，ColorOS 7.2 全面拥抱 IoT,可充当比亚迪部分车型钥匙，ColorOS 7.2 全面拥抱 IoT
2020-07-20,电气设备行业周报：新能源车下乡打开市场 光伏需求改善带动产业回暖,电气设备行业周报：新能源车下乡打开市场 光伏需求改善带动产业回暖
2020-07-20,2020年度杰出人物/企业/品牌/车型评选揭晓,2020年度杰出人物/企业/品牌/车型评选揭晓
2020-07-20,震荡市跑输业绩基准的基金们：南方现代教育、万家俩基金等上榜,震荡市跑输业绩基准的基金们：南方现代教育、万家俩基金等上榜
2020-07-20,比亚迪升逾4% 报71.95港元,比亚迪升逾4% 报71.95港元
2020-07-20,资金疯抢宁德时代定增股份，动力电池市场格局将加速重构,资金疯抢宁德时代定增股份，动力电池市场格局将加速重构
2020-07-20,一电调查 | 换个R标就高端了？62%受访者表示荣威ER6档次明显提升,一电调查 | 换个R标就高端了？62%受访者表示荣威ER6档次明显提升
2020-07-20,比亚迪升逾10% 报75.95港元,比亚迪升逾10% 报75.95港元
2020-07-20,长安新能源奋力突围：CS55 纯电版出击15-20万元纯电紧凑SUV市场,长安新能源奋力突围：CS55 纯电版出击15-20万元纯电紧凑SUV市场
2020-07-20,【港股通】料7月汽车零售仍现增长 比亚迪大涨逾14%,【港股通】料7月汽车零售仍现增长 比亚迪大涨逾14%
2020-07-20,弗迪动力首亮相，成都车展发布全新一代1.5T高功率动力总成,弗迪动力首亮相，成都车展发布全新一代1.5T高功率动力总成
2020-07-20,【7.20锂电快讯】本田出资37亿元入股宁德时代*万向一二三成大众汽车动力电池供应商,【7.20锂电快讯】本田出资37亿元入股宁德时代*万向一二三成大众汽车动力电池供应商
2020-07-21,汽车行业周观点：新能源汽车下乡开启 业绩超预期个股值得重点关注,汽车行业周观点：新能源汽车下乡开启 业绩超预期个股值得重点关注
2020-07-21,五大上市车企年中业绩盘点：长安炒股赚近18亿 海马卖145套房又领补贴,五大上市车企年中业绩盘点：长安炒股赚近18亿 海马卖145套房又领补贴
2020-07-21,车展前瞻｜蔚来、比亚迪领衔，这次的成都车展大有看点！,车展前瞻｜蔚来、比亚迪领衔，这次的成都车展大有看点！
2020-07-21,【东吴电新】周策略：光伏全产业链涨价，电动车众多新车上市,【东吴电新】周策略：光伏全产业链涨价，电动车众多新车上市
2020-07-21,汽车整车：新能源车展开下乡活动 有望提升农村市场渗透率,汽车整车：新能源车展开下乡活动 有望提升农村市场渗透率
2020-07-21,2020年三季度汽车行业投资策略：电动智能 拥抱汽车新变革,2020年三季度汽车行业投资策略：电动智能 拥抱汽车新变革
2020-07-21,比亚迪与蜀都客车签订战略合作协议 发力纯电动与氢燃料电池汽车,比亚迪与蜀都客车签订战略合作协议 发力纯电动与氢燃料电池汽车
2020-07-21,深圳出台《关于加快推进新型基础设施建设的实施意见（2020-2025年）》,深圳出台《关于加快推进新型基础设施建设的实施意见（2020-2025年）》
2020-07-21,第33批免购置税车型目录发布，大众ID.4 X/几何T/小鹏P7等453款车型入选,第33批免购置税车型目录发布，大众ID.4 X/几何T/小鹏P7等453款车型入选
2020-07-21,第17批免车船税目录发布，北汽X7/宝马X1 PHEV等车型在列,第17批免车船税目录发布，北汽X7/宝马X1 PHEV等车型在列
2020-07-21,比亚迪(002594)：比亚迪“汉”订单饱满 助力销量回暖,比亚迪(002594)：比亚迪“汉”订单饱满 助力销量回暖
2020-07-21,比亚迪李黔：港股市场价值被低估,比亚迪李黔：港股市场价值被低估
2020-07-21,比亚迪李黔：AH股价的差别是不同估值方法下的合理体现,比亚迪李黔：AH股价的差别是不同估值方法下的合理体现
2020-07-21,与蜀都客车合作开发氢燃料电池产品，比亚迪是否开启了“氢”赛道？,与蜀都客车合作开发氢燃料电池产品，比亚迪是否开启了“氢”赛道？
2020-07-21,不可一世的宁德时代 危机或许才刚开始,不可一世的宁德时代 危机或许才刚开始
2020-07-21,今年首个A级车展即将开幕，7月底去成都“耍起”,今年首个A级车展即将开幕，7月底去成都“耍起”
2020-07-21,融资客青睐3股，鲁西化工买入占比高达39.97%,融资客青睐3股，鲁西化工买入占比高达39.97%
2020-07-21,公共领域用车电动化有望年内实施 新能源车企迎利好,公共领域用车电动化有望年内实施 新能源车企迎利好
2020-07-21,上半年动力电池装机量：宁德时代市场份额近半 ，外资企业开始渗透市场,上半年动力电池装机量：宁德时代市场份额近半 ，外资企业开始渗透市场
2020-07-21,全球车企半年销量平均下跌25% 德系车下半年集中布局新能源 盈利能力下降,全球车企半年销量平均下跌25% 德系车下半年集中布局新能源 盈利能力下降
2020-07-21,五大汽车上市公司年中业绩盘点：长安靠投资翻盘 比亚迪业务多点开花,五大汽车上市公司年中业绩盘点：长安靠投资翻盘 比亚迪业务多点开花
2020-07-22,P7开启全国交付冲击EV前十名 小鹏正式进军高端纯电市场,P7开启全国交付冲击EV前十名 小鹏正式进军高端纯电市场
2020-07-22,制造行业日报：亿纬锂能获宝马电池供应定点,制造行业日报：亿纬锂能获宝马电池供应定点
2020-07-22,区域战略系列报告之八：西部大开发3.0：一箭三雕的战略红利,区域战略系列报告之八：西部大开发3.0：一箭三雕的战略红利
2020-07-22,比亚迪(002594)：新一批新能源汽车推广目录发布 比亚迪新车表现亮眼,比亚迪(002594)：新一批新能源汽车推广目录发布 比亚迪新车表现亮眼
2020-07-22,比亚迪：E平台持续进化，助力比亚迪新能源车竿头直上【安信汽车】,比亚迪：E平台持续进化，助力比亚迪新能源车竿头直上【安信汽车】
2020-07-22,小米、联想争相入股，百亿比亚迪半导体加速IPO！,小米、联想争相入股，百亿比亚迪半导体加速IPO！
2020-07-22,小学校长转战锂电 年入10亿 冲击创业板还需过这三道关,小学校长转战锂电 年入10亿 冲击创业板还需过这三道关
2020-07-22,装机量增长过百倍后 动力电池行业的天花板在哪？,装机量增长过百倍后 动力电池行业的天花板在哪？
2020-07-22,比亚迪猛攻，宁德时代抱紧本田,比亚迪猛攻，宁德时代抱紧本田
2020-07-22,第8批推荐目录分析：荣威ER6、特斯拉Model 3获1.1倍补贴,第8批推荐目录分析：荣威ER6、特斯拉Model 3获1.1倍补贴
2020-07-22,6月驱动电机排行榜：特斯拉蝉联第一,6月驱动电机排行榜：特斯拉蝉联第一
2020-07-22,深圳强力推动新基建促经济高质量发展：首批95个项目总投资4119亿元,深圳强力推动新基建促经济高质量发展：首批95个项目总投资4119亿元
2020-07-22,销量下滑近6成，比亚迪汉深陷乱收费漩涡，比亚迪新能源还挺得住吗？,销量下滑近6成，比亚迪汉深陷乱收费漩涡，比亚迪新能源还挺得住吗？
2020-07-23,从26个问答了解比亚迪的现在与未来,从26个问答了解比亚迪的现在与未来
2020-07-23,新能源补贴结束后，特斯拉推出新价格和销售政策！小鹏P7/汉EV要倒霉了,新能源补贴结束后，特斯拉推出新价格和销售政策！小鹏P7/汉EV要倒霉了
2020-07-23,当升科技(300073)：锂电正极材料龙头 全球电动化进程直接受益者,当升科技(300073)：锂电正极材料龙头 全球电动化进程直接受益者
2020-07-23,汽车行业二季度基金持仓分析：销量回升 配置比例下降 把握低估值和成长两条主线,汽车行业二季度基金持仓分析：销量回升 配置比例下降 把握低估值和成长两条主线
2020-07-23,汽车行业：20年2季度公募基金汽车行业持仓分析,汽车行业：20年2季度公募基金汽车行业持仓分析
2020-07-23,今年国内首个A级车展今天开幕 多款全球或国内首发车型“空降”成都,今年国内首个A级车展今天开幕 多款全球或国内首发车型“空降”成都
2020-07-23,谍照曝光！比亚迪全新纯电动轻卡T5来了,谍照曝光！比亚迪全新纯电动轻卡T5来了
2020-07-23,比亚迪电子：公司与比亚迪订立资产采购协议,比亚迪电子：公司与比亚迪订立资产采购协议
2020-07-23,【东吴电新】特斯拉20Q3财报点评：业绩再超预期，盈利能力大幅提上，全年维持50万辆目标!,【东吴电新】特斯拉20Q3财报点评：业绩再超预期，盈利能力大幅提上，全年维持50万辆目标!
2020-07-23,比亚迪：毛利逐季变化及研发费用增加导致扣非后净利润逐季下滑 盈利能力下降,比亚迪：毛利逐季变化及研发费用增加导致扣非后净利润逐季下滑 盈利能力下降
2020-07-23,对蔚来汽车的财务分析（中）,对蔚来汽车的财务分析（中）
2020-07-23,德时代/国轩/孚能/万向/亿纬等成国际车企的“香饽饽”,德时代/国轩/孚能/万向/亿纬等成国际车企的“香饽饽”
2020-07-23,车圈｜美国疫情累积确诊破400万 加州政府向比亚迪追加4.2亿只口罩,车圈｜美国疫情累积确诊破400万 加州政府向比亚迪追加4.2亿只口罩
2020-07-23,补贴新政首日：北京市场静悄悄,补贴新政首日：北京市场静悄悄
2020-07-23,EV晨报 | 第335批新车公示；特斯拉调整四项销售政策；上汽软件中心定名“零束”,EV晨报 | 第335批新车公示；特斯拉调整四项销售政策；上汽软件中心定名“零束”
2020-07-23,新能源市场风云迭起 谁有可能先行抢占市场？,新能源市场风云迭起 谁有可能先行抢占市场？
2020-07-23,多达十几款新车亮相 2020成都车展首发新车盘点,多达十几款新车亮相 2020成都车展首发新车盘点
2020-07-23,加州将向比亚迪追加4.2亿个口罩订单,加州将向比亚迪追加4.2亿个口罩订单
2020-07-23,上汽大众ID.4续航公布，比亚迪汉低功率版亮参数，第8批推荐目录还有哪些亮点？,上汽大众ID.4续航公布，比亚迪汉低功率版亮参数，第8批推荐目录还有哪些亮点？
2020-07-23,新能源客车：磷酸铁锂装机占比90%,新能源客车：磷酸铁锂装机占比90%
2020-07-23,加州政府向比亚迪追加4.2亿只口罩订单,加州政府向比亚迪追加4.2亿只口罩订单
2020-07-23,做空者拦不住特斯拉的加速狂奔？,做空者拦不住特斯拉的加速狂奔？
2020-07-23,【异动股】加州向比亚迪(01211-HK)追加3.15亿美元口罩现涨5.9%,【异动股】加州向比亚迪(01211-HK)追加3.15亿美元口罩现涨5.9%
2020-07-24,专访比亚迪弗迪动力张楠：全新动力总成率先“上车”宋PLUS，将和外部品牌合作,专访比亚迪弗迪动力张楠：全新动力总成率先“上车”宋PLUS，将和外部品牌合作
2020-07-24,【A股收盘综述】上证指数低收3.86%击穿3200关口，科创50跌幅达7%,【A股收盘综述】上证指数低收3.86%击穿3200关口，科创50跌幅达7%
2020-07-24,比亚迪发布同级最强骁云全新1.5TI动力总成，助力宋PLUS超感新体验,比亚迪发布同级最强骁云全新1.5TI动力总成，助力宋PLUS超感新体验
2020-07-24,宋PLUS率先搭载 比亚迪发布骁云全新动力总成,宋PLUS率先搭载 比亚迪发布骁云全新动力总成
2020-07-24,多图直击成都车展：小鹏蔚来正面「刚」，比亚迪「单挑」众豪车,多图直击成都车展：小鹏蔚来正面「刚」，比亚迪「单挑」众豪车
2020-07-24,中国乘用市场逐步回暖 车企年中考试分数公布,中国乘用市场逐步回暖 车企年中考试分数公布
2020-07-24,搭载智能驾驶辅助系统 2021款唐预售发布,搭载智能驾驶辅助系统 2021款唐预售发布
2020-07-24,加州疫情超纽约！美国又来采购4亿多只比亚迪口罩,加州疫情超纽约！美国又来采购4亿多只比亚迪口罩
2020-07-24,[直击成都车展]集中爆发，弯道超车终在新能源落地,[直击成都车展]集中爆发，弯道超车终在新能源落地
2020-07-24,【安信汽车】Model 3降至25万元以下，奔驰发布全新电气化战略,【安信汽车】Model 3降至25万元以下，奔驰发布全新电气化战略
2020-07-24,全款比亚迪唐DM公布预售价 补贴后25万以内起售,全款比亚迪唐DM公布预售价 补贴后25万以内起售
2020-07-24,天成自控(603085)：座椅国产替代先锋 布局航空座椅,天成自控(603085)：座椅国产替代先锋 布局航空座椅
2020-07-24,“龙爪”设计元素 比亚迪宋PLUS亮相/9月上市,“龙爪”设计元素 比亚迪宋PLUS亮相/9月上市
2020-07-24,六公司“赶考”创业板，多家机构现身股东榜,六公司“赶考”创业板，多家机构现身股东榜
2020-07-24,【A股午盘综述】上证指数半日下滑2.25%，创业板指、科创50均跌超4%,【A股午盘综述】上证指数半日下滑2.25%，创业板指、科创50均跌超4%
2020-07-24,比亚迪跌近8% 公告指净利润逐季下滑主因毛利变化,比亚迪跌近8% 公告指净利润逐季下滑主因毛利变化
2020-07-24,广和通(300638)重大事项点评：收购SIERRA车载前装业务 快速切入全球第一梯队,广和通(300638)重大事项点评：收购SIERRA车载前装业务 快速切入全球第一梯队
2020-07-24,科创板ETF整装待发；比亚迪获加州4.2亿只口罩订单；蚂蚁区块链升级为“蚂蚁链”；周杰伦26日快手直播 | 投资者早报,科创板ETF整装待发；比亚迪获加州4.2亿只口罩订单；蚂蚁区块链升级为“蚂蚁链”；周杰伦26日快手直播 | 投资者早报
2020-07-24,6月新能源乘用车上牌量：特斯拉创新高，蔚来ES6累计破万,6月新能源乘用车上牌量：特斯拉创新高，蔚来ES6累计破万
2020-07-24,动力电池板块跌幅超3%，宁德时代、比亚迪均跌超4%,动力电池板块跌幅超3%，宁德时代、比亚迪均跌超4%
2020-07-24,新能源车行业深度报告：特斯拉Q2财报续盈 逆势而上吹响进击号角,新能源车行业深度报告：特斯拉Q2财报续盈 逆势而上吹响进击号角
2020-07-24,美国产能不够 加州紧急向中企再买4亿多枚口罩,美国产能不够 加州紧急向中企再买4亿多枚口罩
2020-07-24,比亚迪跌近5% 报75.65港元,比亚迪跌近5% 报75.65港元
2020-07-24,最新，巴西对101种太阳能设备“零收费”！96%进口光伏来自中国,最新，巴西对101种太阳能设备“零收费”！96%进口光伏来自中国
2020-07-24,招银国际：首予比亚迪目标价100港元 首予买入评级,招银国际：首予比亚迪目标价100港元 首予买入评级
2020-07-24,【券商聚焦】目标价100港元！招银首予比亚迪买入评级,【券商聚焦】目标价100港元！招银首予比亚迪买入评级
2020-07-24,招银国际首予比亚迪(01211-HK)目标价100港元股价现跌4.47%,招银国际首予比亚迪(01211-HK)目标价100港元股价现跌4.47%
2020-07-25,车市半年考“交卷”：豪华车跑赢大盘，新能源期待转正，下半年车市稳了？,车市半年考“交卷”：豪华车跑赢大盘，新能源期待转正，下半年车市稳了？
2020-07-25,王兴说，千亿美金都太少。信谁呢？,王兴说，千亿美金都太少。信谁呢？
2020-07-25,外资车企抢滩中国市场，强行绑定动力电池企业有何难言之隐？,外资车企抢滩中国市场，强行绑定动力电池企业有何难言之隐？
2020-07-25,广和通(300638)重大事项点评：收购SIERRAWIRELESS车载前装业务 卡位海外车载高价值场景,广和通(300638)重大事项点评：收购SIERRAWIRELESS车载前装业务 卡位海外车载高价值场景
2020-07-26,雷赛智能(002979)：步进系统王者 伺服新星起航,雷赛智能(002979)：步进系统王者 伺服新星起航
2020-07-26,电气设备新能源行业周报：光伏全产业链涨价 电动车众多新车上市,电气设备新能源行业周报：光伏全产业链涨价 电动车众多新车上市
2020-07-26,iPhone车钥匙宝马专享？别着急，苹果的大招在后面！,iPhone车钥匙宝马专享？别着急，苹果的大招在后面！
2020-07-26,P7交付小鹏欲冲击高端纯电前十,P7交付小鹏欲冲击高端纯电前十
2020-07-26,一周热点 | 国标委发布两项新行业标准；第8批新能源车型推荐目录发布；特斯拉中国公布四项销售政策调整,一周热点 | 国标委发布两项新行业标准；第8批新能源车型推荐目录发布；特斯拉中国公布四项销售政策调整
2020-07-26,比亚迪去年扣非后净利润逐季下滑，腾势新能源近三年亏损加剧 亏损,比亚迪去年扣非后净利润逐季下滑，腾势新能源近三年亏损加剧 亏损
2020-07-26,成都车展|比亚迪弗迪：纯电/混动/燃油路线并举期待与中国车企军团合作共赢,成都车展|比亚迪弗迪：纯电/混动/燃油路线并举期待与中国车企军团合作共赢
2020-07-27,【安信汽车】比亚迪：7月新车销量符合预期，口罩有望贡献业绩增量,【安信汽车】比亚迪：7月新车销量符合预期，口罩有望贡献业绩增量
2020-07-27,北汽蓝谷两年三易总经理 明星车型光环褪去销量降9成,北汽蓝谷两年三易总经理 明星车型光环褪去销量降9成
2020-07-27,2020年《财富》中国500强新鲜出炉，19家能源企业杀入前100！,2020年《财富》中国500强新鲜出炉，19家能源企业杀入前100！
2020-07-27,比亚迪发布骁云1.5TI高功率动力 将首搭宋PLUS9月上市,比亚迪发布骁云1.5TI高功率动力 将首搭宋PLUS9月上市
2020-07-27,债券重大事件2020年7月27日星期一,债券重大事件2020年7月27日星期一
2020-07-27,比亚迪：减持计划完成 董事夏佐全合计减持680万股,比亚迪：减持计划完成 董事夏佐全合计减持680万股
2020-07-27,比亚迪(002594.SZ)：董事夏佐全减持680万股 减持计划实施完成,比亚迪(002594.SZ)：董事夏佐全减持680万股 减持计划实施完成
2020-07-27,比亚迪：夏佐全累计减持0.38%股份，完成减持计划 减持股份,比亚迪：夏佐全累计减持0.38%股份，完成减持计划 减持股份
2020-07-27,动力电池PACK市场1863亿美元！宁德/比亚迪/上汽都在抢,动力电池PACK市场1863亿美元！宁德/比亚迪/上汽都在抢
2020-07-27,欧洲新能源车增长带动产业链机会，星源材质等优秀本土企业“逐鹿全球”,欧洲新能源车增长带动产业链机会，星源材质等优秀本土企业“逐鹿全球”
2020-07-27,从骁云1.5TI高功率动力总成发布，看比亚迪（01211）的格局与视野,从骁云1.5TI高功率动力总成发布，看比亚迪（01211）的格局与视野
2020-07-27,真香！美国又找比亚迪紧急购买4亿个口罩！,真香！美国又找比亚迪紧急购买4亿个口罩！
2020-07-27,比亚迪子公司弗迪动力造发动机,比亚迪子公司弗迪动力造发动机
2020-07-27,比亚迪股份：“18亚迪02”票面利率下调至3.5%,比亚迪股份：“18亚迪02”票面利率下调至3.5%
2020-07-27,国内加速最快量产新能源轿车上市,国内加速最快量产新能源轿车上市
2020-07-27,比亚迪「汉」 DM 加推尊贵型，8 月中旬开启交付,比亚迪「汉」 DM 加推尊贵型，8 月中旬开启交付
2020-07-27,335批公告：换电车型扩容 乘用车LFP占比超2成,335批公告：换电车型扩容 乘用车LFP占比超2成
2020-07-27,第8批目录：大众ID.4亮相 中航锂电客车配套“回归”,第8批目录：大众ID.4亮相 中航锂电客车配套“回归”
2020-07-27,翔丰华6年现金流4年负 去年净利0.6亿逾期账款2.4亿,翔丰华6年现金流4年负 去年净利0.6亿逾期账款2.4亿
2020-07-27,汽车下乡，或许最终只是几个厂家的狂欢,汽车下乡，或许最终只是几个厂家的狂欢
2020-07-27,上半年整车企业加速对动力电池行业布局 保障电池供应,上半年整车企业加速对动力电池行业布局 保障电池供应
2020-07-27,电力设备及新能源行业周报：特斯拉Q2超预期有望带动估值改善 光伏产业链价格上涨,电力设备及新能源行业周报：特斯拉Q2超预期有望带动估值改善 光伏产业链价格上涨
2020-07-27,华为与比亚迪合作，深度布局智能汽车,华为与比亚迪合作，深度布局智能汽车
2020-07-27,锂电池检测系统市场研究：电动车需求激增，锂电池推动行业高成长,锂电池检测系统市场研究：电动车需求激增，锂电池推动行业高成长
2020-07-28,特斯拉首次连续4季度实现盈利 比亚迪汉瞄准Model 3：轮到我们出牌了,特斯拉首次连续4季度实现盈利 比亚迪汉瞄准Model 3：轮到我们出牌了
2020-07-28,新能源行业周报：大众ID.4、奥迪E-TRON上目录,新能源行业周报：大众ID.4、奥迪E-TRON上目录
2020-07-28,图说新能源汽车：二季度卖到了哪儿和需求结构变化,图说新能源汽车：二季度卖到了哪儿和需求结构变化
2020-07-28,升级后更香 比亚迪新款宋MAX部分配置信息曝光,升级后更香 比亚迪新款宋MAX部分配置信息曝光
2020-07-28,富途研选|比亚迪重估尚未完成？招银：目标价100港币,富途研选|比亚迪重估尚未完成？招银：目标价100港币
2020-07-28,比亚迪股份(01211.HK)深藏若虚，渐露锋芒，给予“买入”评级，目标价100港元,比亚迪股份(01211.HK)深藏若虚，渐露锋芒，给予“买入”评级，目标价100港元
2020-07-28,睿智投资｜比亚迪控股 - A (002594 CH) – 深藏若虚，渐露锋芒,睿智投资｜比亚迪控股 - A (002594 CH) – 深藏若虚，渐露锋芒
2020-07-28,2020上半年动力电池TOP10盘点,2020上半年动力电池TOP10盘点
2020-07-28,动力电池板块大涨超3%，比亚迪、宁德时代领涨,动力电池板块大涨超3%，比亚迪、宁德时代领涨
2020-07-28,广和通(300638)：参股公司收购车载前装优质资产 高价值车联网赛道持续突破,广和通(300638)：参股公司收购车载前装优质资产 高价值车联网赛道持续突破
2020-07-28,EV晨报 | 郑状履新宝能汽车；刘宇正式任职北汽新能源总经理；首批比亚迪汉EV交付,EV晨报 | 郑状履新宝能汽车；刘宇正式任职北汽新能源总经理；首批比亚迪汉EV交付
2020-07-28,抢滩上市、股价飙升 新能源掀资本狂潮,抢滩上市、股价飙升 新能源掀资本狂潮
2020-07-28,拉开技术转型大幕 车市打响品牌向上“持久战”,拉开技术转型大幕 车市打响品牌向上“持久战”
2020-07-28,市场份额再创新低：“命悬一线”的自主品牌如何决胜下半场？,市场份额再创新低：“命悬一线”的自主品牌如何决胜下半场？
2020-07-28,“命悬一线”的自主品牌如何决胜下半场？,“命悬一线”的自主品牌如何决胜下半场？
2020-07-28,13家汽车及零部件制造企业荣登《中国装备制造业100强》排行榜（内附榜单）,13家汽车及零部件制造企业荣登《中国装备制造业100强》排行榜（内附榜单）
2020-07-29,日韩卷土重来，LG成全球最大供应商，国产动力电池会被颠覆吗？,日韩卷土重来，LG成全球最大供应商，国产动力电池会被颠覆吗？
2020-07-29,英维克(002837)中报点评：业绩平稳快速增长 定增打开成长天花板,英维克(002837)中报点评：业绩平稳快速增长 定增打开成长天花板
2020-07-29,汽车行业8月投资策略报告：行业弱复苏持续 精选业绩与估值相匹配个股,汽车行业8月投资策略报告：行业弱复苏持续 精选业绩与估值相匹配个股
2020-07-29,2020Q2基金重仓股汽车板块持仓分析：板块配置下降 比亚迪、星宇、宇通、重汽、拓普、银轮配置占比提升,2020Q2基金重仓股汽车板块持仓分析：板块配置下降 比亚迪、星宇、宇通、重汽、拓普、银轮配置占比提升
2020-07-29,电气设备行业深度报告：博世应对电动化变革的“十八般武艺”,电气设备行业深度报告：博世应对电动化变革的“十八般武艺”
2020-07-29,汽车行业周报：三大技术品牌发布 长城汽车向科技进军,汽车行业周报：三大技术品牌发布 长城汽车向科技进军
2020-07-29,《财富》中国500强出炉：汽车业23家上榜，仅长安汽车出现亏损！ 亏损,《财富》中国500强出炉：汽车业23家上榜，仅长安汽车出现亏损！ 亏损
2020-07-29,翔丰华创业板IPO成功过会 未来三年锂电负极材料产能拟达6万吨,翔丰华创业板IPO成功过会 未来三年锂电负极材料产能拟达6万吨
2020-07-29,特斯拉为何如此在意电池管理芯片？,特斯拉为何如此在意电池管理芯片？
2020-07-29,云海金属(002182)中报点评：Q2环比改善 看好镁合金和深加工利润恢复,云海金属(002182)中报点评：Q2环比改善 看好镁合金和深加工利润恢复
2020-07-29,云海金属(002182)2020年中报点评：二季度业绩大幅反弹 轻量化助力长期成长,云海金属(002182)2020年中报点评：二季度业绩大幅反弹 轻量化助力长期成长
2020-07-29,8月金股配置：持有消费 配置券商、新能源车,8月金股配置：持有消费 配置券商、新能源车
2020-07-29,市值突破1200亿，只卖出5万辆车的蔚来，为何比得上2个广汽？,市值突破1200亿，只卖出5万辆车的蔚来，为何比得上2个广汽？
2020-07-29,2020年成都车展：分化的车市与以价换量的逻辑,2020年成都车展：分化的车市与以价换量的逻辑
2020-07-29,云海金属(002182)：业绩环比大幅改善 深加工初具规模,云海金属(002182)：业绩环比大幅改善 深加工初具规模
2020-07-29,比亚迪发布全新骁云1.5TI发动机 最大功率可达136kW,比亚迪发布全新骁云1.5TI发动机 最大功率可达136kW
2020-07-29,新三板日报：贝特瑞-锂离子二次电池用新能源材料专业化生产厂家,新三板日报：贝特瑞-锂离子二次电池用新能源材料专业化生产厂家
2020-07-29,进击的比亚迪！,进击的比亚迪！
2020-07-29,丰田的取舍：集中火力发展固态电池 液态电池不重点布局,丰田的取舍：集中火力发展固态电池 液态电池不重点布局
2020-07-30,安信证券 |比亚迪002594：E平台持续进化，助力比亚迪新能源车竿头直上,安信证券 |比亚迪002594：E平台持续进化，助力比亚迪新能源车竿头直上
2020-07-30,理想上市冲刺中,理想上市冲刺中
2020-07-30,比亚迪：“18亚迪02”回售金额约15.20亿元,比亚迪：“18亚迪02”回售金额约15.20亿元
2020-07-30,随市场脉动 向效益冲锋,随市场脉动 向效益冲锋
2020-07-30,比亚迪与金风科技开启跨界合作，推动清洁能源储存应用,比亚迪与金风科技开启跨界合作，推动清洁能源储存应用
2020-07-30,态度迥异！高瓴美股清仓造车新势力，反手大买比亚迪，什么信号？（附高瓴新能源投资版图）,态度迥异！高瓴美股清仓造车新势力，反手大买比亚迪，什么信号？（附高瓴新能源投资版图）
2020-07-30,金风科技与比亚迪达成战略合作,金风科技与比亚迪达成战略合作
2020-07-30,苹果概念股震荡休整，立讯精密、工业富联、比亚迪、京东方A、蓝思科技、歌尔股份均飘绿,苹果概念股震荡休整，立讯精密、工业富联、比亚迪、京东方A、蓝思科技、歌尔股份均飘绿
2020-07-30,金风科技与比亚迪开启跨界合作 携手开创能源储存新未来,金风科技与比亚迪开启跨界合作 携手开创能源储存新未来
2020-07-30,宁德时代首推换电，重卡锂电化“急行军”,宁德时代首推换电，重卡锂电化“急行军”
2020-07-30,比亚迪与金风科技合作布局电源侧储能,比亚迪与金风科技合作布局电源侧储能
2020-07-30,制造行业日报：上半年建成投运充电桩3083个 充电量同比增长6.4%,制造行业日报：上半年建成投运充电桩3083个 充电量同比增长6.4%
2020-07-31,让外国用户羡慕妒忌恨，TCL电视是这样“偏心”国内消费者的,让外国用户羡慕妒忌恨，TCL电视是这样“偏心”国内消费者的
2020-07-31,下半场竞争更加激烈，哪款新能源汽车会成为爆款？,下半场竞争更加激烈，哪款新能源汽车会成为爆款？
2020-07-31,金风科技A股涨停H股涨超8%与比亚迪战略合作,金风科技A股涨停H股涨超8%与比亚迪战略合作
2020-07-31,比亚迪汉EV北京首批车主发声：不管车停哪，哪都有人围观汉EV,比亚迪汉EV北京首批车主发声：不管车停哪，哪都有人围观汉EV
2020-07-31,【东吴电新】比亚迪中报点评：盈利持续回升，“汉”王朝开启,【东吴电新】比亚迪中报点评：盈利持续回升，“汉”王朝开启
2020-07-31,比亚迪加入TWS电池争夺战，已供货华为,比亚迪加入TWS电池争夺战，已供货华为
2020-07-31,比亚迪进军TWS电池生产,比亚迪进军TWS电池生产
2020-07-31,比亚迪进军TWS电池已打入华为供应链,比亚迪进军TWS电池已打入华为供应链
2020-07-31,北京和众汇富：A股最牛供应商，ROE超过20％,北京和众汇富：A股最牛供应商，ROE超过20％
2020-07-31,金风科技与比亚迪开启储能领域跨界合作,金风科技与比亚迪开启储能领域跨界合作
2020-07-31,当升科技(300073)事件点评：向上拐点已现 正极龙头迎戴维斯双击,当升科技(300073)事件点评：向上拐点已现 正极龙头迎戴维斯双击
2020-07-31,宏发股份(600885)半年报点评：中报业绩超预期 逐季改善趋势强劲,宏发股份(600885)半年报点评：中报业绩超预期 逐季改善趋势强劲
2020-07-31,理想上市，但生存游戏才刚刚开始,理想上市，但生存游戏才刚刚开始
2020-07-31,多重挑战，新能源汽车产业需进一步优化结构,多重挑战，新能源汽车产业需进一步优化结构
2020-07-31,业绩“失意”，中国动力电池产业遭遇剧变？,业绩“失意”，中国动力电池产业遭遇剧变？
2020-07-31,【方正机械】周观察1：塔机租赁服务行业深度复盘,【方正机械】周观察1：塔机租赁服务行业深度复盘
2020-07-31,7月氢燃料电池迎来快速发展，众车企强化布局,7月氢燃料电池迎来快速发展，众车企强化布局
2020-07-31,金风科技携手比亚迪推清洁能源储存创新应用,金风科技携手比亚迪推清洁能源储存创新应用
2020-07-31,比亚迪新款唐DM将于8月中旬上市 预售价25万元起,比亚迪新款唐DM将于8月中旬上市 预售价25万元起
2020-08-01,6月欧洲新能源创下历史最高月销量纪录，最畅销的不是Model 3,6月欧洲新能源创下历史最高月销量纪录，最畅销的不是Model 3
2020-08-02,汽车行业：新能源汽车急速狂飙,汽车行业：新能源汽车急速狂飙
2020-08-02,宁德时代布局锂电设备领域；蜂巢能源获PSA采购合同； 比亚迪进军真无线耳机电池生产,宁德时代布局锂电设备领域；蜂巢能源获PSA采购合同； 比亚迪进军真无线耳机电池生产
2020-08-03,比亚迪现1笔大宗交易 共成交517.02万元,比亚迪现1笔大宗交易 共成交517.02万元
2020-08-03,比亚迪(002594)“汉”重点新车型调研系列报告(上海站)：“汉”热度可持续性强 刀片电池营销效果好-HLL,比亚迪(002594)“汉”重点新车型调研系列报告(上海站)：“汉”热度可持续性强 刀片电池营销效果好-HLL
2020-08-03,广和通(300638)公司动态点评：半年报业绩超预期 备货积极释放未来成长动力,广和通(300638)公司动态点评：半年报业绩超预期 备货积极释放未来成长动力
2020-08-03,比亚迪汉DM增四驱性能尊贵型 补贴后售23.98万,比亚迪汉DM增四驱性能尊贵型 补贴后售23.98万
2020-08-03,年中观汽车 | 下半年汽车销量降幅将环比收窄，尾部车企将加速 盈利能力下降,年中观汽车 | 下半年汽车销量降幅将环比收窄，尾部车企将加速 盈利能力下降
2020-08-03,7月金股组合盈利15.28% 8月荐股名单出炉,7月金股组合盈利15.28% 8月荐股名单出炉
2020-08-03,自主品牌车企步入转型关口 或再度“洗牌”,自主品牌车企步入转型关口 或再度“洗牌”
2020-08-03,比亚迪汉 DM 四驱性能版尊贵型价格公布：23.98 万元,比亚迪汉 DM 四驱性能版尊贵型价格公布：23.98 万元
2020-08-03,汽车行业周报：从准入规定的变化看行业发展的趋势,汽车行业周报：从准入规定的变化看行业发展的趋势
2020-08-03,广和通(300638)2020年中报点评：Q2业绩大超预期 看好公司高端场景布局,广和通(300638)2020年中报点评：Q2业绩大超预期 看好公司高端场景布局
2020-08-03,匈牙利古城喜迎史上首批纯电动大巴 来自中国品牌欧洲制造,匈牙利古城喜迎史上首批纯电动大巴 来自中国品牌欧洲制造
2020-08-03,电力设备及新能源行业周报：产业链自上游进入涨价通道 特斯拉开放软件授权,电力设备及新能源行业周报：产业链自上游进入涨价通道 特斯拉开放软件授权
2020-08-03,电车七月产销同比首次上升，低压电器提价显景气需求【安信电新周观察20200817】,电车七月产销同比首次上升，低压电器提价显景气需求【安信电新周观察20200817】
2020-08-03,汽车行业周报：吉利高端SUV几何C来袭 关注产业链相关机会,汽车行业周报：吉利高端SUV几何C来袭 关注产业链相关机会
2020-08-03,电池巨头储能战况升级 磷酸铁锂迎来新机遇,电池巨头储能战况升级 磷酸铁锂迎来新机遇
2020-08-03,电动汽车换电模式“大热”,电动汽车换电模式“大热”
2020-08-03,比亚迪创始人也来放贷了？年薪100万 正在招消费金融副总裁,比亚迪创始人也来放贷了？年薪100万 正在招消费金融副总裁
2020-08-04,东软教育的高教学院+轻资产业务在目前是港股市场的标的上十分罕见,东软教育的高教学院+轻资产业务在目前是港股市场的标的上十分罕见
2020-08-04,属于自主SiC车用功率器件的时代真的要来了,属于自主SiC车用功率器件的时代真的要来了
2020-08-04,国信证券：股债性价比已趋于平衡,国信证券：股债性价比已趋于平衡
2020-08-04,比亚迪秦EV新增车型上市 补贴后售价14.68万元,比亚迪秦EV新增车型上市 补贴后售价14.68万元
2020-08-04,新能源汽车产业2020年7月报：电动车全球化 车企争夺优质电池产能,新能源汽车产业2020年7月报：电动车全球化 车企争夺优质电池产能
2020-08-04,汽车电池管理系统迎来快速发展期,汽车电池管理系统迎来快速发展期
2020-08-04,比亚迪现1笔大宗交易 共成交249.20万元,比亚迪现1笔大宗交易 共成交249.20万元
2020-08-04,2020年电新行业周报8月第1期：比亚迪“汉”开启交付 光伏产业链全线提价,2020年电新行业周报8月第1期：比亚迪“汉”开启交付 光伏产业链全线提价
2020-08-04,制造行业日报：Q2新增汽车租赁企业8万家 同比增长17%,制造行业日报：Q2新增汽车租赁企业8万家 同比增长17%
2020-08-04,吉利卫冕 评2020上半年中国品牌销量,吉利卫冕 评2020上半年中国品牌销量
2020-08-04,比亚迪“骁云”新1.5TI动力总成发布,比亚迪“骁云”新1.5TI动力总成发布
2020-08-04,上半年全球电动车销量排行：冠军是它是它还是它,上半年全球电动车销量排行：冠军是它是它还是它
2020-08-04,比亚迪宋PLUS领衔，下半年这3款新能源值得期待,比亚迪宋PLUS领衔，下半年这3款新能源值得期待
2020-08-04,比亚迪升近5%升穿20天线 报78.3港元,比亚迪升近5%升穿20天线 报78.3港元
2020-08-05,【东吴电新】海外动力电池20Q3详细点评：单季度收入历史新高，龙头盈利开始改善,【东吴电新】海外动力电池20Q3详细点评：单季度收入历史新高，龙头盈利开始改善
2020-08-05,【东吴电新】LG化学20Q3点评：电池收入历史新高，拆分在即公布宏伟蓝图,【东吴电新】LG化学20Q3点评：电池收入历史新高，拆分在即公布宏伟蓝图
2020-08-05,华为 P40 比亚迪「汉」定制手机即将上线限量兑换,华为 P40 比亚迪「汉」定制手机即将上线限量兑换
2020-08-05,新泉股份(603179)：20Q2业绩超预期 成功配套特斯拉,新泉股份(603179)：20Q2业绩超预期 成功配套特斯拉
2020-08-05,科创板IPO|比亚迪等上游供货商厦钨新能冲A，资产负债率居高不下,科创板IPO|比亚迪等上游供货商厦钨新能冲A，资产负债率居高不下
2020-08-05,【东吴电新】海外动力电池20Q4详细点评：全年lg及sk实现高增，产能扩张提速,【东吴电新】海外动力电池20Q4详细点评：全年lg及sk实现高增，产能扩张提速
2020-08-05,从比亚迪“单飞”后首发新品 弗迪动力三条路线拓市场,从比亚迪“单飞”后首发新品 弗迪动力三条路线拓市场
2020-08-05,新能源汽车，时代将选择有实力的玩家,新能源汽车，时代将选择有实力的玩家
2020-08-05,石大胜华(603026)：股权改革落地 公司迎来发展新阶段,石大胜华(603026)：股权改革落地 公司迎来发展新阶段
2020-08-05,整容式变化背后的动力电池榜,整容式变化背后的动力电池榜
2020-08-05,动力电池榜整容式变化背后,动力电池榜整容式变化背后
2020-08-05,恩捷股份(002812)：恰逢好风凭借力 正是扬帆远航时,恩捷股份(002812)：恰逢好风凭借力 正是扬帆远航时
2020-08-05,外资车企为何纷纷选择“中国驱动研发”？,外资车企为何纷纷选择“中国驱动研发”？
2020-08-05,上半年全球新能源榜：Model Y快速上位，大众宝马超越比亚迪,上半年全球新能源榜：Model Y快速上位，大众宝马超越比亚迪
2020-08-06,比亚迪：1-7月汽车销量为190010辆同比降26.65% 盈利能力下降,比亚迪：1-7月汽车销量为190010辆同比降26.65% 盈利能力下降
2020-08-06,美国三大股指小幅低开，西部数据大跌逾12%,美国三大股指小幅低开，西部数据大跌逾12%
2020-08-06,单月销量13.8万，比亚迪公布7月销量快报,单月销量13.8万，比亚迪公布7月销量快报
2020-08-06,【安信汽车】比亚迪：业绩优异，来日更可期,【安信汽车】比亚迪：业绩优异，来日更可期
2020-08-06,比亚迪：7月新能源汽车销售1.51万辆 同比下滑8.9% 盈利能力下降,比亚迪：7月新能源汽车销售1.51万辆 同比下滑8.9% 盈利能力下降
2020-08-06,比亚迪：7月新能源汽车销量同比下降 盈利能力下降,比亚迪：7月新能源汽车销量同比下降 盈利能力下降
2020-08-06,比亚迪(002594.SZ)：7月新能源汽车销量降8.85% 燃油车销量升12.93% 盈利能力下降,比亚迪(002594.SZ)：7月新能源汽车销量降8.85% 燃油车销量升12.93% 盈利能力下降
2020-08-06,蔚来的“投名状”,蔚来的“投名状”
2020-08-06,孚能科技的“盛世危局”：过度依赖大客户，赊销严重倒贴钱销售,孚能科技的“盛世危局”：过度依赖大客户，赊销严重倒贴钱销售
2020-08-06,行业点评 | 政策持续加码 行业加速复苏【华西汽车 崔琰团队】,行业点评 | 政策持续加码 行业加速复苏【华西汽车 崔琰团队】
2020-08-06,华为P40比亚迪汉定制款获取方式公布 近期限量上架,华为P40比亚迪汉定制款获取方式公布 近期限量上架
2020-08-06,小鹏不是小米,小鹏不是小米
2020-08-06,特斯拉夺冠，电动车格局变幻,特斯拉夺冠，电动车格局变幻
2020-08-06,上半年市场业绩不佳 内忧外患下自主“三电”企业城门失守? 盈利能力下降,上半年市场业绩不佳 内忧外患下自主“三电”企业城门失守? 盈利能力下降
2020-08-07,晚间重要公告2020年8月7日星期五,晚间重要公告2020年8月7日星期五
2020-08-07,融捷投资控股拟减持比亚迪股份(01211)不超过880万股A股以改善现金流 拟减持股份,融捷投资控股拟减持比亚迪股份(01211)不超过880万股A股以改善现金流 拟减持股份
2020-08-07,比亚迪：融捷投资控股拟减持不超0.33%股份 拟减持股份,比亚迪：融捷投资控股拟减持不超0.33%股份 拟减持股份
2020-08-07,比亚迪：持股逾5%股东融捷投资控股拟减持不超过0.33% 拟减持股份,比亚迪：持股逾5%股东融捷投资控股拟减持不超过0.33% 拟减持股份
2020-08-07,比亚迪：持股5.96%股东融捷投资控股拟减持不超过0.33% 拟减持股份,比亚迪：持股5.96%股东融捷投资控股拟减持不超过0.33% 拟减持股份
2020-08-07,比亚迪(002594.SZ)：融捷投资控股拟减持不超880万股A股 拟减持股份,比亚迪(002594.SZ)：融捷投资控股拟减持不超880万股A股 拟减持股份
2020-08-07,比亚迪(01211-HK)首7个月汽车销量跌26.65% 盈利能力下降,比亚迪(01211-HK)首7个月汽车销量跌26.65% 盈利能力下降
2020-08-07,【SMM专题】上半年新能源汽车行业遭疫情袭击 但这些企业仍在扩建产能！,【SMM专题】上半年新能源汽车行业遭疫情袭击 但这些企业仍在扩建产能！
2020-08-07,补贴后售23.98万 比亚迪汉DM新增车型上市,补贴后售23.98万 比亚迪汉DM新增车型上市
2020-08-07,比亚迪股份(01211.HK)：融捷投资控股拟减持不超880万股A股 拟减持股份,比亚迪股份(01211.HK)：融捷投资控股拟减持不超880万股A股 拟减持股份
2020-08-07,7月份比亚迪汽车总销量为31382辆 同比上升1.28%,7月份比亚迪汽车总销量为31382辆 同比上升1.28%
2020-08-07,比亚迪7月销量3.1万辆，纯电动乘用车同比增长9.95%,比亚迪7月销量3.1万辆，纯电动乘用车同比增长9.95%
2020-08-07,新能源乘用车市场“变天”：个人用户占比超72% 自主品牌压力大,新能源乘用车市场“变天”：个人用户占比超72% 自主品牌压力大
2020-08-07,比亚迪 | 7月：销量持续改善 新品周期开启【华西汽车|崔琰团队】,比亚迪 | 7月：销量持续改善 新品周期开启【华西汽车|崔琰团队】
2020-08-07,取得正增长！比亚迪依靠燃油车扭转下滑趋势,取得正增长！比亚迪依靠燃油车扭转下滑趋势
2020-08-07,电观资讯：河南2025年建充换电站2000座、比亚迪新能源车7月销量同比降8% 盈利能力下降,电观资讯：河南2025年建充换电站2000座、比亚迪新能源车7月销量同比降8% 盈利能力下降
2020-08-07,比亚迪7月纯电动汽车销量同比增长近10%，年内首次“转正”,比亚迪7月纯电动汽车销量同比增长近10%，年内首次“转正”
2020-08-07,想查看车内影像又怕隐私泄露 比亚迪 DiLink 3.0千里眼一招保证安全,想查看车内影像又怕隐私泄露 比亚迪 DiLink 3.0千里眼一招保证安全
2020-08-07,花旗：上调比亚迪电子（00285）目标价至38港元，业务增量与口罩生产带来重大利好,花旗：上调比亚迪电子（00285）目标价至38港元，业务增量与口罩生产带来重大利好
2020-08-07,比亚迪7月销量快报：新能源与燃油车合计共售3.14万辆,比亚迪7月销量快报：新能源与燃油车合计共售3.14万辆
2020-08-07,巨额推广补贴“喂奶” 新能源汽车“巨婴”何时独当一面？,巨额推广补贴“喂奶” 新能源汽车“巨婴”何时独当一面？
2020-08-08,SUV销量暴涨 宋/宋Pro拯救了比亚迪？,SUV销量暴涨 宋/宋Pro拯救了比亚迪？
2020-08-08,吉利三提共享 车企的开放之路有多远？,吉利三提共享 车企的开放之路有多远？
2020-08-08,上市公司正负面新闻2020年8月8日星期六,上市公司正负面新闻2020年8月8日星期六
2020-08-08,比亚迪迎来年内月销首次正增长 纯电动板块告别下滑骤增10%,比亚迪迎来年内月销首次正增长 纯电动板块告别下滑骤增10%
2020-08-08,比亚迪新能源车交付德国市场 中国智造挺进全球汽车工业强国,比亚迪新能源车交付德国市场 中国智造挺进全球汽车工业强国
2020-08-09,70亿口罩订单告吹！一年50%净利润没了，抗疫牛股摊事，年内股价已涨超140%，订单黑天鹅或早有端倪,70亿口罩订单告吹！一年50%净利润没了，抗疫牛股摊事，年内股价已涨超140%，订单黑天鹅或早有端倪
2020-08-09,比亚迪新能源7月销量降13.8% 累计降54.55% 盈利能力下降,比亚迪新能源7月销量降13.8% 累计降54.55% 盈利能力下降
2020-08-09,"和美国人做生意不靠谱？金发科技近10亿美元口罩大订单黄了！精明股民早已提醒要""小心仙人跳""","和美国人做生意不靠谱？金发科技近10亿美元口罩大订单黄了！精明股民早已提醒要""小心仙人跳"""
2020-08-09,【东吴电新】7月销量点评：同比转正，Q3拐点确立,【东吴电新】7月销量点评：同比转正，Q3拐点确立
2020-08-10,比亚迪今日大宗交易成交3.50万股，成交价81.98元溢价0.0%,比亚迪今日大宗交易成交3.50万股，成交价81.98元溢价0.0%
2020-08-10,造车新势力烧钱指南：像特斯拉一样活下来,造车新势力烧钱指南：像特斯拉一样活下来
2020-08-10,红星资本局|70亿口罩订单黄了？金发科技被美国买家“放鸽子”，开盘就跌8%,红星资本局|70亿口罩订单黄了？金发科技被美国买家“放鸽子”，开盘就跌8%
2020-08-10,被美国人耍了？70亿口罩订单突然告吹！这家公司股价大跌，超12万股民踩雷 连续下跌,被美国人耍了？70亿口罩订单突然告吹！这家公司股价大跌，超12万股民踩雷 连续下跌
2020-08-10,A股共发生78宗大宗交易成交14.39亿元（8月10日）,A股共发生78宗大宗交易成交14.39亿元（8月10日）
2020-08-10,抗疫牛股的70亿真假订单,抗疫牛股的70亿真假订单
2020-08-10,开启“造富”盛宴，分拆上市魔力何在？,开启“造富”盛宴，分拆上市魔力何在？
2020-08-10,70亿元订单黄了！口罩牛股遇黑天鹅跌下神坛，13万股民却懵了！,70亿元订单黄了！口罩牛股遇黑天鹅跌下神坛，13万股民却懵了！
2020-08-10,比亚迪现1笔大宗交易 共成交286.93万元,比亚迪现1笔大宗交易 共成交286.93万元
2020-08-10,汽车行业：下半年新能源车型看点有哪些？,汽车行业：下半年新能源车型看点有哪些？
2020-08-10,电力设备有新能源行业周报：欧洲销量持续高增 新势力峥嵘初露,电力设备有新能源行业周报：欧洲销量持续高增 新势力峥嵘初露
2020-08-10,赢合科技：公司上半年新签锂电设备订单超过10亿元,赢合科技：公司上半年新签锂电设备订单超过10亿元
2020-08-10,傻眼！金发科技68亿口罩订单被爽约，海外出口如何避开“仙人跳”？,傻眼！金发科技68亿口罩订单被爽约，海外出口如何避开“仙人跳”？
2020-08-10,有没有你的车？比亚迪汉EV北京地区正式开启交付,有没有你的车？比亚迪汉EV北京地区正式开启交付
2020-08-10,A股异动丨比亚迪(002594.SZ)收跌约4% 融捷投资控股拟减持不超880万股A股 拟减持股份,A股异动丨比亚迪(002594.SZ)收跌约4% 融捷投资控股拟减持不超880万股A股 拟减持股份
2020-08-10,70亿口罩订单告吹！一年净利润一半没了 抗疫牛股最新回应！年内股价已涨140%,70亿口罩订单告吹！一年净利润一半没了 抗疫牛股最新回应！年内股价已涨140%
2020-08-10,13万股民懵了，美国客户一直没付款，“抗疫牛股”68亿口罩订单告吹，公司回应,13万股民懵了，美国客户一直没付款，“抗疫牛股”68亿口罩订单告吹，公司回应
2020-08-10,出道三年 比亚迪终于出了“新专辑”,出道三年 比亚迪终于出了“新专辑”
2020-08-10,突发利空！12万股东踩雷，金发科技近10亿美元KN95口罩订单终止，50%年净利润没了，公司最新回应来了,突发利空！12万股东踩雷，金发科技近10亿美元KN95口罩订单终止，50%年净利润没了，公司最新回应来了
2020-08-10,比亚迪跌逾5% 报74.2港元,比亚迪跌逾5% 报74.2港元
2020-08-10,金发科技70亿口罩订单告吹！50%年净利润没了，年内已涨超140%，黑天鹅或早有端倪,金发科技70亿口罩订单告吹！50%年净利润没了，年内已涨超140%，黑天鹅或早有端倪
2020-08-10,关键指标异常，多只高位股下跌，37只热门股回调超20%,关键指标异常，多只高位股下跌，37只热门股回调超20%
2020-08-10,比亚迪大跌5.13%，净流出1.37亿元,比亚迪大跌5.13%，净流出1.37亿元
2020-08-10,汽行业周报：我们身处汽车行业周期何处？,汽行业周报：我们身处汽车行业周期何处？
2020-08-10,品牌凝聚力量，2020中国汽车论坛聚焦提升品牌竞争力,品牌凝聚力量，2020中国汽车论坛聚焦提升品牌竞争力
2020-08-10,挺进汽车工业强国 比亚迪纯电动大巴交付德国市场,挺进汽车工业强国 比亚迪纯电动大巴交付德国市场
2020-08-10,金发科技70亿元口罩订单告吹暴跌7% ，订单生产一直没有开始，难道天价合同是忽悠？ 连续下跌,金发科技70亿元口罩订单告吹暴跌7% ，订单生产一直没有开始，难道天价合同是忽悠？ 连续下跌
2020-08-11,【SMM专题】7月汽车销量哪家强？ 原本淡季却好于往年,【SMM专题】7月汽车销量哪家强？ 原本淡季却好于往年
2020-08-11,比亚迪(002594.SZ)2019年度权益分派10派0.6元A股股权登记日为8月17日,比亚迪(002594.SZ)2019年度权益分派10派0.6元A股股权登记日为8月17日
2020-08-11,腾冲峰会·候选案例|比亚迪汉为观止·汉车型营销传播案例,腾冲峰会·候选案例|比亚迪汉为观止·汉车型营销传播案例
2020-08-11,比亚迪(01211-HK)于8月18日派发2019年H股末期息每股0.06562港元,比亚迪(01211-HK)于8月18日派发2019年H股末期息每股0.06562港元
2020-08-11,新能源结束12连跌！特斯继续破万，比亚迪重返榜首 连续下跌,新能源结束12连跌！特斯继续破万，比亚迪重返榜首 连续下跌
2020-08-11,刀片电池再次来袭，比亚迪发布全新储能产品,刀片电池再次来袭，比亚迪发布全新储能产品
2020-08-11,7月车市：造车新势力“起飞”，老牌劲旅不太OK,7月车市：造车新势力“起飞”，老牌劲旅不太OK
2020-08-11,2020年1-7月比亚迪新能源乘用车下滑54.55%,2020年1-7月比亚迪新能源乘用车下滑54.55%
2020-08-11,2021 款比亚迪唐将 8 月 16 日上市：零百成绩提升，或采用新刀片电池,2021 款比亚迪唐将 8 月 16 日上市：零百成绩提升，或采用新刀片电池
2020-08-11,面积能量密度提升90%！比亚迪电网级储能新品面世,面积能量密度提升90%！比亚迪电网级储能新品面世
2020-08-11,2020年7月汽车销量榜排行 中国7月份汽车产量220.1万辆,2020年7月汽车销量榜排行 中国7月份汽车产量220.1万辆
2020-08-11,美国又下毒手？抗疫牛股被坑惨！一半的利润没了！,美国又下毒手？抗疫牛股被坑惨！一半的利润没了！
2020-08-11,新能源汽车｜销量符合预期，年内同比销量首次增长：7月销量点评,新能源汽车｜销量符合预期，年内同比销量首次增长：7月销量点评
2020-08-11,恩捷股份拟收购纽米科技54.76%股份 外延扩张巩固锂电池隔离膜龙头地位,恩捷股份拟收购纽米科技54.76%股份 外延扩张巩固锂电池隔离膜龙头地位
2020-08-11,“平平无奇”的它为什么能成比亚迪销售支柱？,“平平无奇”的它为什么能成比亚迪销售支柱？
2020-08-11,本周操盘：数字货币、农业、疫苗再迎利好,本周操盘：数字货币、农业、疫苗再迎利好
2020-08-11,造车新势力盈利 没有时间表,造车新势力盈利 没有时间表
2020-08-11,乘联会：7月电动车高端化趋势明显，特斯拉以1.1万辆仍保持纯电第一，但比亚迪新能源总体销量达到1.4万辆，回归新能源第一,乘联会：7月电动车高端化趋势明显，特斯拉以1.1万辆仍保持纯电第一，但比亚迪新能源总体销量达到1.4万辆，回归新能源第一
2020-08-11,同比大涨！最高涨幅达99%！7月民族品牌车企销量全面上扬,同比大涨！最高涨幅达99%！7月民族品牌车企销量全面上扬
2020-08-11,乘联会：7月新能源乘用车批发销量8.3万辆，比亚迪重返第一,乘联会：7月新能源乘用车批发销量8.3万辆，比亚迪重返第一
2020-08-11,怎么从电动车身上赚钱？比亚迪7个月新能源乘用车下滑54.55%,怎么从电动车身上赚钱？比亚迪7个月新能源乘用车下滑54.55%
2020-08-12,兴业证券：中国IGBT市场需求增长迅速 国产化替代空间巨大,兴业证券：中国IGBT市场需求增长迅速 国产化替代空间巨大
2020-08-12,宁德时代的炒股故事，开始了,宁德时代的炒股故事，开始了
2020-08-12,新能源汽车行业专题报告：动力电池，未来几何,新能源汽车行业专题报告：动力电池，未来几何
2020-08-12,最前线 | 机构观点：中国新能源汽车2020年产销量预计前低后高,最前线 | 机构观点：中国新能源汽车2020年产销量预计前低后高
2020-08-12,2020年7月汽车销量点评：市场继续回暖 新能源汽车销量增速回正,2020年7月汽车销量点评：市场继续回暖 新能源汽车销量增速回正
2020-08-12,2019年中国自主品牌汽车行业概览,2019年中国自主品牌汽车行业概览
2020-08-12,前瞻研究系列报告83：小鹏汽车(XPEV)在美递交IPO 将成中国第三家上市造车新势力,前瞻研究系列报告83：小鹏汽车(XPEV)在美递交IPO 将成中国第三家上市造车新势力
2020-08-12,鞍钢集团与比亚迪签署战略合作协议,鞍钢集团与比亚迪签署战略合作协议
2020-08-12,不止于高功率，骁云高燃效版发动机热效率将超40%,不止于高功率，骁云高燃效版发动机热效率将超40%
2020-08-12,比亚迪跌逾5% 报71.55港元,比亚迪跌逾5% 报71.55港元
2020-08-12,高低两级市场走热 7月购车热度排行,高低两级市场走热 7月购车热度排行
2020-08-12,7月新能源汽车产销量同比增速回正,7月新能源汽车产销量同比增速回正
2020-08-12,新能源汽车年内首次正增,新能源汽车年内首次正增
2020-08-12,7月新能源汽车产销同比回正，磷酸铁锂电池占比再提升,7月新能源汽车产销同比回正，磷酸铁锂电池占比再提升
2020-08-12,精选层审查恢复常态，多家已受理企业半年报业绩不俗,精选层审查恢复常态，多家已受理企业半年报业绩不俗
2020-08-12,7月新能源汽车销量增速转正比亚迪重返品牌总销量榜首,7月新能源汽车销量增速转正比亚迪重返品牌总销量榜首
2020-08-12,7月汽车产销维持两位数增长：新能源车或迎新周期,7月汽车产销维持两位数增长：新能源车或迎新周期
2020-08-13,7月车市迎来年度最大反弹 自主品牌＆新能源车绝地翻身,7月车市迎来年度最大反弹 自主品牌＆新能源车绝地翻身
2020-08-13,锂电池行业月报：销售如期恢复增长 关注细分龙头,锂电池行业月报：销售如期恢复增长 关注细分龙头
2020-08-13,【IDCC2020深圳站】圆桌共论：5G下的产业互联网发展,【IDCC2020深圳站】圆桌共论：5G下的产业互联网发展
2020-08-13,创业板一哥宁德时代豪掷190亿“扶持产业” 网友：其实是炒股,创业板一哥宁德时代豪掷190亿“扶持产业” 网友：其实是炒股
2020-08-13,三花智控(002050)中报点评：电动车超预期增长 下半年有望迎业绩向上拐点,三花智控(002050)中报点评：电动车超预期增长 下半年有望迎业绩向上拐点
2020-08-13,7月上市车企多报喜，国产新能源车名企再夺冠,7月上市车企多报喜，国产新能源车名企再夺冠
2020-08-13,新三板精选层对比研究系列之一-贝特瑞(835185)：全球锂电池负极材料龙头,新三板精选层对比研究系列之一-贝特瑞(835185)：全球锂电池负极材料龙头
2020-08-13,姜伯静：对外投资，宁德时代能打翻身仗吗？,姜伯静：对外投资，宁德时代能打翻身仗吗？
2020-08-13,消费电子产业迎来政策利好，行业龙头歌尔股份、立讯精密。好股票的五个标注,消费电子产业迎来政策利好，行业龙头歌尔股份、立讯精密。好股票的五个标注
2020-08-13,疫情影响渐消 新能源汽车正从补贴走向市场,疫情影响渐消 新能源汽车正从补贴走向市场
2020-08-13,乘用车7月产量排行：宏光MINI产量超7000辆，小鹏P7、比亚迪汉大规模量产,乘用车7月产量排行：宏光MINI产量超7000辆，小鹏P7、比亚迪汉大规模量产
2020-08-13,三花智控(002050)：Q2龙头业绩稳健 新能源汽零增速靓丽,三花智控(002050)：Q2龙头业绩稳健 新能源汽零增速靓丽
2020-08-13,诺力股份(603611)：中鼎验收确认加速 智能仓储凸显成长属性,诺力股份(603611)：中鼎验收确认加速 智能仓储凸显成长属性
2020-08-13,7月新能源汽车销量正增长 比亚迪重返总销量榜首,7月新能源汽车销量正增长 比亚迪重返总销量榜首
2020-08-14,恒生指数公司公布最新一期指数检讨结果，比亚迪从恒生中国企业指数中被剔除 剔除指数,恒生指数公司公布最新一期指数检讨结果，比亚迪从恒生中国企业指数中被剔除 剔除指数
2020-08-14,自称新势力 R标能否撬动上汽乘用车转型,自称新势力 R标能否撬动上汽乘用车转型
2020-08-14,李云飞：比亚迪半导体芯片有望独立分拆上市 已进行2轮融资,李云飞：比亚迪半导体芯片有望独立分拆上市 已进行2轮融资
2020-08-14,汪青峰：比亚迪汽车“十四五”布局 “汉”的车型会突破订单已达3万辆,汪青峰：比亚迪汽车“十四五”布局 “汉”的车型会突破订单已达3万辆
2020-08-14,汪青峰：“十四五”期间比亚迪的重心将从产品技术转到用户身上,汪青峰：“十四五”期间比亚迪的重心将从产品技术转到用户身上
2020-08-14,汪青峰：比亚迪用“三个自信” 应对十四五,汪青峰：比亚迪用“三个自信” 应对十四五
2020-08-14,汪青峰：比亚迪汽车“十四五”策略与布局,汪青峰：比亚迪汽车“十四五”策略与布局
2020-08-14,下周35股分红实施，三角度寻找潜力股,下周35股分红实施，三角度寻找潜力股
2020-08-14,资本盛宴后接连被曝汽车起火 理想小鹏怎么了,资本盛宴后接连被曝汽车起火 理想小鹏怎么了
2020-08-14,重磅消息！长江机械与艾佰特仓储达成战略合作并举行隆重签约仪式！,重磅消息！长江机械与艾佰特仓储达成战略合作并举行隆重签约仪式！
2020-08-14,20多万买比亚迪 汉DM值吗？产品力不输合资车,20多万买比亚迪 汉DM值吗？产品力不输合资车
2020-08-14,比亚迪再度OTA升级，用户开机后可自动调起听伴电台,比亚迪再度OTA升级，用户开机后可自动调起听伴电台
2020-08-14,比亚迪在互动平台表示，相关技术公司会紧密跟踪行业动态,比亚迪在互动平台表示，相关技术公司会紧密跟踪行业动态
2020-08-14,比亚迪：DM下一代车型将会开始应用刀片电池,比亚迪：DM下一代车型将会开始应用刀片电池
2020-08-14,新能源终止12连跌 特斯拉蝉联单月销冠 连续下跌,新能源终止12连跌 特斯拉蝉联单月销冠 连续下跌
2020-08-14,比亚迪半导体增资超1亿元 引入小米等投资者,比亚迪半导体增资超1亿元 引入小米等投资者
2020-08-14,比亚迪发力万亿市场！刀片电池将装上储能柜,比亚迪发力万亿市场！刀片电池将装上储能柜
2020-08-14,7月动力电池市场：年内首次正增长，新玩家进入TOP10,7月动力电池市场：年内首次正增长，新玩家进入TOP10
2020-08-14,宝马采用他励同步电机，比亚迪电池电机外供加速,宝马采用他励同步电机，比亚迪电池电机外供加速
2020-08-14,电池隐忧 新能源汽车绕不开的坎,电池隐忧 新能源汽车绕不开的坎
2020-08-15,招募消金高管 融捷集团重启金融梦？,招募消金高管 融捷集团重启金融梦？
2020-08-15,能量密度遭遇瓶颈，动力电池面临挑战？,能量密度遭遇瓶颈，动力电池面临挑战？
2020-08-15,周贵树：动力电池技术创新促进新能源汽车市场化,周贵树：动力电池技术创新促进新能源汽车市场化
2020-08-16,官方指导价16.58万元起 2021款唐正式上市,官方指导价16.58万元起 2021款唐正式上市
2020-08-16,【华创机械|周观点】挖掘机销量延续高增长，重点关注三季度机械公司业绩超预期行情,【华创机械|周观点】挖掘机销量延续高增长，重点关注三季度机械公司业绩超预期行情
2020-08-16,下周操盘攻略：数字货币、农业再迎利好，康希诺疫苗已获专利,下周操盘攻略：数字货币、农业再迎利好，康希诺疫苗已获专利
2020-08-16,2021款唐正式上市，DM版4.3秒破百，EV版565km续航,2021款唐正式上市，DM版4.3秒破百，EV版565km续航
2020-08-16,汽车行业月报：7月产销同比持续为正 零售同比首次转正,汽车行业月报：7月产销同比持续为正 零售同比首次转正
2020-08-16,直播 | 2021款比亚迪唐上市！4.3s破百惊艳！,直播 | 2021款比亚迪唐上市！4.3s破百惊艳！
2020-08-16,比亚迪移动充电服务正式上线：国内 60 分钟可达,比亚迪移动充电服务正式上线：国内 60 分钟可达
2020-08-16,新款比亚迪唐正式上市 售16.58万-31.48万元,新款比亚迪唐正式上市 售16.58万-31.48万元
2020-08-17,深圳上市公司协会“互联互通--走进比亚迪”活动圆满举行,深圳上市公司协会“互联互通--走进比亚迪”活动圆满举行
2020-08-17,组件价格上涨对电站收益影响分析,组件价格上涨对电站收益影响分析
2020-08-17,由于新冠肺炎病毒大流行，2020年中国新能源汽车市场将面临又一年萎缩,由于新冠肺炎病毒大流行，2020年中国新能源汽车市场将面临又一年萎缩
2020-08-17,比亚迪回应宁波e5被烧燃事件：可能人为纵火导致,比亚迪回应宁波e5被烧燃事件：可能人为纵火导致
2020-08-17,天风证券：9月1日召开“18亚迪02”持有人会议，审议提前兑付议案,天风证券：9月1日召开“18亚迪02”持有人会议，审议提前兑付议案
2020-08-17,比亚迪回应宁波多台 e5 电动汽车被烧燃事件：初步判断是人为纵火,比亚迪回应宁波多台 e5 电动汽车被烧燃事件：初步判断是人为纵火
2020-08-17,比亚迪回应宁波多台e5汽车同时燃烧：初步判断不是车辆引起，或有人纵火导致,比亚迪回应宁波多台e5汽车同时燃烧：初步判断不是车辆引起，或有人纵火导致
2020-08-17,车圈 | 比亚迪发声明回应e5烧燃事件：可能系人为纵火所致,车圈 | 比亚迪发声明回应e5烧燃事件：可能系人为纵火所致
2020-08-17,小米坐在奔驰里笑 手机商们打响联名车轮战,小米坐在奔驰里笑 手机商们打响联名车轮战
2020-08-17,比亚迪回应宁波e5燃烧事件：不是车辆引起,比亚迪回应宁波e5燃烧事件：不是车辆引起
2020-08-17,e5车型同时燃烧 比亚迪回应：可能系人为纵火,e5车型同时燃烧 比亚迪回应：可能系人为纵火
2020-08-17,特斯拉7月中国新车注册量11456辆 与6月份相比下降24%,特斯拉7月中国新车注册量11456辆 与6月份相比下降24%
2020-08-17,比亚迪换电池政策？不，比亚迪推出移动充电服务,比亚迪换电池政策？不，比亚迪推出移动充电服务
2020-08-17,动力电池吸引投资大户的市场作用力来自何方？,动力电池吸引投资大户的市场作用力来自何方？
2020-08-17,伦敦打造“全球最大的汽车到电网”项目，使用比亚迪巴士,伦敦打造“全球最大的汽车到电网”项目，使用比亚迪巴士
2020-08-17,【华创汽车】政策有望提振电动车对公销量,【华创汽车】政策有望提振电动车对公销量
2020-08-17,数据解放生产力——琰究汽车数据系列（2020年7月）【华西汽车 崔琰团队】,数据解放生产力——琰究汽车数据系列（2020年7月）【华西汽车 崔琰团队】
2020-08-17,一度电30元 比亚迪推出移动充电服务,一度电30元 比亚迪推出移动充电服务
2020-08-17,再也没有里程焦虑 比亚迪推出移动充电服务,再也没有里程焦虑 比亚迪推出移动充电服务
2020-08-17,比亚迪推出移动充电服务 一度电30元,比亚迪推出移动充电服务 一度电30元
2020-08-17,【异动股】国药比亚迪中信証券剔出恒指股价表现各异,【异动股】国药比亚迪中信証券剔出恒指股价表现各异
2020-08-17,周观点 | 全球电动智能化加速推进【华西汽车 崔琰团队】,周观点 | 全球电动智能化加速推进【华西汽车 崔琰团队】
2020-08-17,比亚迪电池助力Fronius获得Intersolar2020大奖,比亚迪电池助力Fronius获得Intersolar2020大奖
2020-08-17,宁德时代与比亚迪的战争,宁德时代与比亚迪的战争
2020-08-17,中国旗舰SUV“唐”鼎之作，23.68万预算的超值体验，实力比肩BBA,中国旗舰SUV“唐”鼎之作，23.68万预算的超值体验，实力比肩BBA
2020-08-17,不断吸引投资大户 动力电池的市场作用力从哪来？,不断吸引投资大户 动力电池的市场作用力从哪来？
2020-08-17,IP联名+限量成标配 手机厂商疯狂联名背后意图为何？,IP联名+限量成标配 手机厂商疯狂联名背后意图为何？
2020-08-17,7月电机排行榜：宏观MINI EV助力宁波双林跻身TOP3,7月电机排行榜：宏观MINI EV助力宁波双林跻身TOP3
2020-08-18,德赛西威(002920)：产品升级 客户结构不断优化 带动业绩持续增长,德赛西威(002920)：产品升级 客户结构不断优化 带动业绩持续增长
2020-08-18,新泉股份(603179)：领先的饰件龙头 有望跟随客户成长,新泉股份(603179)：领先的饰件龙头 有望跟随客户成长
2020-08-18,比亚迪拼刺“刀”，2021款唐能否重回巅峰？,比亚迪拼刺“刀”，2021款唐能否重回巅峰？
2020-08-18,先导智能(300450)：新签订单创新高 募投扩产来助力,先导智能(300450)：新签订单创新高 募投扩产来助力
2020-08-18,比亚迪汉订单已超3万台 比亚迪重返深圳单一品牌销量冠军,比亚迪汉订单已超3万台 比亚迪重返深圳单一品牌销量冠军
2020-08-18,卡门简报 | 特斯拉柏林超级工厂或将刷新上海速度；滴滴货运宣布再开6城；丰田与亚马逊推进合作,卡门简报 | 特斯拉柏林超级工厂或将刷新上海速度；滴滴货运宣布再开6城；丰田与亚马逊推进合作
2020-08-18,比亚迪推出移动充电服务，全国统一收费295元/10度电,比亚迪推出移动充电服务，全国统一收费295元/10度电
2020-08-18,新能源乘用车销量首度“双增”，五菱大涨夺冠,新能源乘用车销量首度“双增”，五菱大涨夺冠
2020-08-18,当比亚迪站上国内车企市值第一后，一文读懂比亚迪能否配上2200亿市值,当比亚迪站上国内车企市值第一后，一文读懂比亚迪能否配上2200亿市值
2020-08-18,新能源车市在经历“12连跌” 迎久违的正增长,新能源车市在经历“12连跌” 迎久违的正增长
2020-08-18,2021款唐EV上市：首款搭载刀片电池的中国SUV，最大特点是安全,2021款唐EV上市：首款搭载刀片电池的中国SUV，最大特点是安全
2020-08-18,比亚迪获西班牙最大纯电动巴士订单,比亚迪获西班牙最大纯电动巴士订单
2020-08-18,比亚迪获西班牙纯电大巴订单 2020年公交客车行业发展前景及现状报告,比亚迪获西班牙纯电大巴订单 2020年公交客车行业发展前景及现状报告
2020-08-18,【8.18锂电快讯】丰田想在电池领域出大招？*比亚迪获西班牙公司30台纯电大巴订单,【8.18锂电快讯】丰田想在电池领域出大招？*比亚迪获西班牙公司30台纯电大巴订单
2020-08-18,新能源车市冰火两重天 微型纯电动车有望成细分市场下一阶段增量,新能源车市冰火两重天 微型纯电动车有望成细分市场下一阶段增量
2020-08-18,订单不断！比亚迪获西班牙市政交通公司30台纯电大巴订单,订单不断！比亚迪获西班牙市政交通公司30台纯电大巴订单
2020-08-18,新势力销量飙涨特斯拉霸榜 新能源汽车市场迎来久违正增长,新势力销量飙涨特斯拉霸榜 新能源汽车市场迎来久违正增长
2020-08-18,官方回应宁波多台比亚迪e5离奇起火事件 安全事故,官方回应宁波多台比亚迪e5离奇起火事件 安全事故
2020-08-18,【电新*曾朵红】7月销量点评：同比转正，Q3拐点确立,【电新*曾朵红】7月销量点评：同比转正，Q3拐点确立
2020-08-18,终止12连跌 新能源车市冰火两重天,终止12连跌 新能源车市冰火两重天
2020-08-18,比亚迪：动力电池技术已不逊于国际水平,比亚迪：动力电池技术已不逊于国际水平
2020-08-19,拳打特斯拉，以十敌一的上汽通用五菱胜之不武？,拳打特斯拉，以十敌一的上汽通用五菱胜之不武？
2020-08-19,汇川技术(300124)：工控巨头 乘风而上,汇川技术(300124)：工控巨头 乘风而上
2020-08-19,丰田与亚马逊云服务AWS扩大合作 着眼于未来汽车技术,丰田与亚马逊云服务AWS扩大合作 着眼于未来汽车技术
2020-08-19,新泉股份(603179)：设立墨西哥子公司 海外配套将成为盈利新的增长点,新泉股份(603179)：设立墨西哥子公司 海外配套将成为盈利新的增长点
2020-08-19,“中国新造车三巨头”即将齐聚美股，能摆脱“苦逼”命运吗？,“中国新造车三巨头”即将齐聚美股，能摆脱“苦逼”命运吗？
2020-08-19,科技出行简报丨传威马年底冲刺IPO；特斯拉与台积电合作开发芯片,科技出行简报丨传威马年底冲刺IPO；特斯拉与台积电合作开发芯片
2020-08-19,主流车企的“十四五”小目标，哪家先实现,主流车企的“十四五”小目标，哪家先实现
2020-08-19,苹果概念股多数调整，立讯精密、工业富联、比亚迪、歌尔股份、鹏鼎控股普跌,苹果概念股多数调整，立讯精密、工业富联、比亚迪、歌尔股份、鹏鼎控股普跌
2020-08-19,瓜亚斯省为厄电动汽车持有量最多省份,瓜亚斯省为厄电动汽车持有量最多省份
2020-08-19,技术与品牌成“清障”关键，新能源汽车市场化亟需提高,技术与品牌成“清障”关键，新能源汽车市场化亟需提高
2020-08-19,双一科技：公司已进入比亚迪、长城等乘用车厂商的供应商体系,双一科技：公司已进入比亚迪、长城等乘用车厂商的供应商体系
2020-08-19,7月新能源乘用车上牌量：上汽通用五菱超越特斯拉排名第一,7月新能源乘用车上牌量：上汽通用五菱超越特斯拉排名第一
2020-08-20,比亚迪：“18亚迪02”回售金额为15.19亿元,比亚迪：“18亚迪02”回售金额为15.19亿元
2020-08-20,拓斯达(300607)2020年中报点评：2020上半年业绩卓着 积极响应市场需求彰显管理智慧,拓斯达(300607)2020年中报点评：2020上半年业绩卓着 积极响应市场需求彰显管理智慧
2020-08-20,【兴证汽车】黄金十年苹果链，赤金时代特斯拉——从苹果链机会演变看特斯拉链后续机会,【兴证汽车】黄金十年苹果链，赤金时代特斯拉——从苹果链机会演变看特斯拉链后续机会
2020-08-20,自主品牌决胜新能源赛道,自主品牌决胜新能源赛道
2020-08-20,嘉元科技(688388)：下半年经营有望好转 中长期增长仍值得期待,嘉元科技(688388)：下半年经营有望好转 中长期增长仍值得期待
2020-08-20,比亚迪将推出E2升级版 8月25日上市/配置升级,比亚迪将推出E2升级版 8月25日上市/配置升级
2020-08-20,新能源车主题VS传统汽车基金，有点纠结了？,新能源车主题VS传统汽车基金，有点纠结了？
2020-08-21,7月销量排行：汉EV助力比亚迪超越特斯拉夺冠,7月销量排行：汉EV助力比亚迪超越特斯拉夺冠
2020-08-21,十年生死两茫茫：中国车企top10的江湖往事，大众、丰田谁是真正最强王者？,十年生死两茫茫：中国车企top10的江湖往事，大众、丰田谁是真正最强王者？
2020-08-21,【SMM分析】7月新能源乘用车销量分析：Model 3与宏光Mini共同拉动新能源市场需求,【SMM分析】7月新能源乘用车销量分析：Model 3与宏光Mini共同拉动新能源市场需求
2020-08-21,深度*公司*拓普集团(601689)：收入增长业绩有望爆发 新产品打开长期空间,深度*公司*拓普集团(601689)：收入增长业绩有望爆发 新产品打开长期空间
2020-08-21,腾冲峰会|比亚迪李云飞:产品+用户体验+品牌三方面打好“阵地战”,腾冲峰会|比亚迪李云飞:产品+用户体验+品牌三方面打好“阵地战”
2020-08-21,先导智能(300450)：业绩拐点显现 上半年新签订单创历史新高,先导智能(300450)：业绩拐点显现 上半年新签订单创历史新高
2020-08-21,拓普集团(601689)：新能源车热管理及汽车电子有望成为盈利新增长点,拓普集团(601689)：新能源车热管理及汽车电子有望成为盈利新增长点
2020-08-21,总投资约100亿元 比亚迪“刀片电池”年底长沙宁乡造,总投资约100亿元 比亚迪“刀片电池”年底长沙宁乡造
2020-08-21,韩国双龙拉响破产警报，会有人抄底吗？ 减资破产,韩国双龙拉响破产警报，会有人抄底吗？ 减资破产
2020-08-21,开始被反超！中国新能源“弯道超车”还有戏吗？,开始被反超！中国新能源“弯道超车”还有戏吗？
2020-08-21,中国汽车TOP 10十年之变,中国汽车TOP 10十年之变
2020-08-21,动力电池吸引投资大户的市场作用力来自何方？,动力电池吸引投资大户的市场作用力来自何方？
2020-08-21,比亚迪“刀片电池”年底长沙首条生产线试产,比亚迪“刀片电池”年底长沙首条生产线试产
2020-08-21,工信部放宽生产准入门槛 中国新能源汽车突围战打响,工信部放宽生产准入门槛 中国新能源汽车突围战打响
2020-08-22,国产IGBT自主研发群雄争跑 赛晶抢赛道谋三年国内上市,国产IGBT自主研发群雄争跑 赛晶抢赛道谋三年国内上市
2020-08-22,深交所副总理李鸣钟：试点注册制后企业申报创业板积极性高,深交所副总理李鸣钟：试点注册制后企业申报创业板积极性高
2020-08-22,2020年智能网联汽车产业高峰研讨会在坪山召开,2020年智能网联汽车产业高峰研讨会在坪山召开
2020-08-22,深交所李鸣钟：创业板“增量+存量”改革，为全市场注册制积累经验,深交所李鸣钟：创业板“增量+存量”改革，为全市场注册制积累经验
2020-08-22,中航光电(002179)：Q2净利润同比增长47% 军工、通讯、新能源汽车领域内生增长确定性高,中航光电(002179)：Q2净利润同比增长47% 军工、通讯、新能源汽车领域内生增长确定性高
2020-08-22,中国汽车销量十年之变:铁打的前三与流水的上榜者,中国汽车销量十年之变:铁打的前三与流水的上榜者
2020-08-22,拓普集团(601689)：新能源客户助力稳健业绩 前瞻布局智能驾驶+热管理+轻量化底盘,拓普集团(601689)：新能源客户助力稳健业绩 前瞻布局智能驾驶+热管理+轻量化底盘
2020-08-22,7月新能源客车上险3883辆，宁德时代电池占有率增至69%,7月新能源客车上险3883辆，宁德时代电池占有率增至69%
2020-08-23,周观点 | 蔚来发布BaaS 推动“车电分离”【华西汽车 崔琰团队】,周观点 | 蔚来发布BaaS 推动“车电分离”【华西汽车 崔琰团队】
2020-08-24,北京将下发2万新能源家庭指标 实探新能源车市：几乎无特殊优惠活动，不同车企销量分化严重,北京将下发2万新能源家庭指标 实探新能源车市：几乎无特殊优惠活动，不同车企销量分化严重
2020-08-24,工信部发布《新能源汽车推广应用推荐车型目录》,工信部发布《新能源汽车推广应用推荐车型目录》
2020-08-24,比亚迪“刀片电池”供不应求 重庆造了长沙造,比亚迪“刀片电池”供不应求 重庆造了长沙造
2020-08-24,中材科技(002080)2020年中报点评：隔膜拓展顺利 叶片、玻纤持续向好,中材科技(002080)2020年中报点评：隔膜拓展顺利 叶片、玻纤持续向好
2020-08-24,材料观察 | 宁德时代和蔚来成立电池资产共识，目标：车电分离,材料观察 | 宁德时代和蔚来成立电池资产共识，目标：车电分离
2020-08-24,电力设备新能源周观察：汽车执行器赛道优质 风电龙头中报高增,电力设备新能源周观察：汽车执行器赛道优质 风电龙头中报高增
2020-08-24,苹果概念股表现活跃，立讯精密、比亚迪、京东方A、蓝思科技、欧菲光、领益智造普涨,苹果概念股表现活跃，立讯精密、比亚迪、京东方A、蓝思科技、欧菲光、领益智造普涨
2020-08-24,818评选深度解析：年度消费者信赖车型,818评选深度解析：年度消费者信赖车型
2020-08-24,电动汽车行业未来趋势如何？2020电动汽车行业发展前景现状分析,电动汽车行业未来趋势如何？2020电动汽车行业发展前景现状分析
2020-08-25,数说深圳40年企业发展： “每10人就有1个老板”，世界500强从0到8逆袭,数说深圳40年企业发展： “每10人就有1个老板”，世界500强从0到8逆袭
2020-08-25,新能源千亿产业集群崛起，王传福：没有深圳，就没有比亚迪!,新能源千亿产业集群崛起，王传福：没有深圳，就没有比亚迪!
2020-08-25,汽车轻量化行业深度报告：LESS IS MORE 加速的汽车轻量化,汽车轻量化行业深度报告：LESS IS MORE 加速的汽车轻量化
2020-08-25,比亚迪如何成就深圳中考的“扫地僧”,比亚迪如何成就深圳中考的“扫地僧”
2020-08-25,顶尖技术/外观套件加持 曝比亚迪新款唐EV实车,顶尖技术/外观套件加持 曝比亚迪新款唐EV实车
2020-08-25,SiC功率器件加速新能源汽车产品升级,SiC功率器件加速新能源汽车产品升级
2020-08-25,CATL/BYD/国轩高科/亿纬锂能领衔，磷酸铁锂电池装机量“越来越红”,CATL/BYD/国轩高科/亿纬锂能领衔，磷酸铁锂电池装机量“越来越红”
2020-08-25,深圳40年·财经40人丨比亚迪董事长王传福：没有深圳，就没有比亚迪,深圳40年·财经40人丨比亚迪董事长王传福：没有深圳，就没有比亚迪
2020-08-25,谁能夺得今年动力电池头把交椅？,谁能夺得今年动力电池头把交椅？
2020-08-25,使用场景扩展 比亚迪DiLink3.0系统发布,使用场景扩展 比亚迪DiLink3.0系统发布
2020-08-25,5G助推智能网联 华为比亚迪加速竞合,5G助推智能网联 华为比亚迪加速竞合
2020-08-25,北向资金动向盘点：加仓行业龙头；“消费”摇摆不定,北向资金动向盘点：加仓行业龙头；“消费”摇摆不定
2020-08-25,氢能测试设备第一股科威尔科创板上市估值报告,氢能测试设备第一股科威尔科创板上市估值报告
2020-08-25,每日理财观察：多只主动权益基金限购升级,每日理财观察：多只主动权益基金限购升级
2020-08-25,矩子科技杨勇：凭“工匠精神”通关机器视觉检测,矩子科技杨勇：凭“工匠精神”通关机器视觉检测
2020-08-25,趋近“完全体” 比亚迪DiLink 3.0简析,趋近“完全体” 比亚迪DiLink 3.0简析
2020-08-26,拓普集团(601689)半年报点评：汽车电子及轻量化底盘有望发力 中长期高增长可期,拓普集团(601689)半年报点评：汽车电子及轻量化底盘有望发力 中长期高增长可期
2020-08-26,A股异动丨比亚迪A+H联袂上涨两款纯电动车获工信部推荐,A股异动丨比亚迪A+H联袂上涨两款纯电动车获工信部推荐
2020-08-26,品牌龙头指数再创新高，口子窖、涪陵榨菜、比亚迪、云南白药、伊利、东阿阿胶等普涨,品牌龙头指数再创新高，口子窖、涪陵榨菜、比亚迪、云南白药、伊利、东阿阿胶等普涨
2020-08-26,比亚迪飙升7% 两款纯电动车获工信部推荐,比亚迪飙升7% 两款纯电动车获工信部推荐
2020-08-26,比亚迪港A两地再度拉涨！工信部消息为主要利好刺激因素,比亚迪港A两地再度拉涨！工信部消息为主要利好刺激因素
2020-08-26,大珠小珠落玉盘——解读深圳企业群像,大珠小珠落玉盘——解读深圳企业群像
2020-08-26,长远锂科冲刺科创板：押注三元材料被反攻 “宁德系”销售骤降,长远锂科冲刺科创板：押注三元材料被反攻 “宁德系”销售骤降
2020-08-26,每经:比亚迪“刀片电池”通过针刺试验 树立电动汽车安全标杆,每经:比亚迪“刀片电池”通过针刺试验 树立电动汽车安全标杆
2020-08-26,万里扬(002434)：Q2收入&净利润均快速增长 超预期,万里扬(002434)：Q2收入&净利润均快速增长 超预期
2020-08-26,补贴后8.98万起 比亚迪e2升级版上市,补贴后8.98万起 比亚迪e2升级版上市
2020-08-26,新坐标 | 2020半年报点评：业绩多点开花 全新成长启航【华西汽车 崔琰团队】,新坐标 | 2020半年报点评：业绩多点开花 全新成长启航【华西汽车 崔琰团队】
2020-08-26,比亚迪助力公务用车加速电动化,比亚迪助力公务用车加速电动化
2020-08-27,NEDC续航418km 比亚迪秦D1申报图曝光,NEDC续航418km 比亚迪秦D1申报图曝光
2020-08-27,年轻人的第一台兰博基尼？汽车也能玩联名,年轻人的第一台兰博基尼？汽车也能玩联名
2020-08-27,【SMM专题】两大巨头重新采用！ 磷酸铁锂电池有望再成香饽饽？,【SMM专题】两大巨头重新采用！ 磷酸铁锂电池有望再成香饽饽？
2020-08-27,取消汉字LOGO 比亚迪全新车型“龙颜”升级,取消汉字LOGO 比亚迪全新车型“龙颜”升级
2020-08-27,湘潭电化(002125)：2020H1半年蛰伏 看好下半年业绩回暖,湘潭电化(002125)：2020H1半年蛰伏 看好下半年业绩回暖
2020-08-27,比亚迪元搭载刀片电池蹭热度，或创最低价,比亚迪元搭载刀片电池蹭热度，或创最低价
2020-08-27,【申港电新|周观点】中报总结：风光业绩突出 新能源车跨过低点,【申港电新|周观点】中报总结：风光业绩突出 新能源车跨过低点
2020-08-27,【行情】汽车板块走强，北汽蓝谷涨4%，比亚迪、广汽集团、上汽集团、江铃汽车跟涨,【行情】汽车板块走强，北汽蓝谷涨4%，比亚迪、广汽集团、上汽集团、江铃汽车跟涨
2020-08-27,信心与挑战并存 自主车企引领涡轮增压发动机新增长,信心与挑战并存 自主车企引领涡轮增压发动机新增长
2020-08-27,比亚迪升近5% 报79.5港元,比亚迪升近5% 报79.5港元
2020-08-27,上汽集团、比亚迪、广汽集团均涨超3%，提振汽车板块,上汽集团、比亚迪、广汽集团均涨超3%，提振汽车板块
2020-08-28,比亚迪上半年净利润17亿：新能源车卖少了钱赚多了,比亚迪上半年净利润17亿：新能源车卖少了钱赚多了
2020-08-28,比亚迪中报发布营收605亿净利16.62亿同比增14.29%,比亚迪中报发布营收605亿净利16.62亿同比增14.29%
2020-08-28,多元产业助力业绩增长 比亚迪上半年实现16.62亿净利,多元产业助力业绩增长 比亚迪上半年实现16.62亿净利
2020-08-28,比亚迪(002594.SZ)半年度净利润升14.29%至16.62亿元,比亚迪(002594.SZ)半年度净利润升14.29%至16.62亿元
2020-08-28,比亚迪A股：上半年营业收入605.03亿元人民币,比亚迪A股：上半年营业收入605.03亿元人民币
2020-08-28,比亚迪：上半年净利16.62亿元 同比增14.29%,比亚迪：上半年净利16.62亿元 同比增14.29%
2020-08-28,比亚迪：上半年净利润同比增长14.29%,比亚迪：上半年净利润同比增长14.29%
2020-08-28,搭高功率1.5T发动机 宋PLUS燃油版预售11.88万起,搭高功率1.5T发动机 宋PLUS燃油版预售11.88万起
2020-08-28,应用案例遍地开花，看各行业巨头如何在9月工博,应用案例遍地开花，看各行业巨头如何在9月工博
2020-08-28,蔚来、理想、小鹏齐聚美股：中国新造车三足鼎立,蔚来、理想、小鹏齐聚美股：中国新造车三足鼎立
2020-08-28,EV晨报 | 小鹏汽车IPO发行价15美元；戴姆勒欲从北汽夺走16%股份；蔚来总市值超240亿美元,EV晨报 | 小鹏汽车IPO发行价15美元；戴姆勒欲从北汽夺走16%股份；蔚来总市值超240亿美元
2020-08-28,比亚迪：资产减值准备上半年合计计提6.59亿元 资产异常,比亚迪：资产减值准备上半年合计计提6.59亿元 资产异常
2020-08-28,比亚迪：前三季度预计净利润同比增长77.86%~90.56%,比亚迪：前三季度预计净利润同比增长77.86%~90.56%
2020-08-29,【安信汽车】比亚迪：销量持续改善，汉EV/DM表现亮眼,【安信汽车】比亚迪：销量持续改善，汉EV/DM表现亮眼
2020-08-29,【安信汽车】比亚迪：销量再创新高，新年新起点,【安信汽车】比亚迪：销量再创新高，新年新起点
2020-08-29,上市公司正负面新闻2020年8月29日星期六,上市公司正负面新闻2020年8月29日星期六
2020-08-29,#创作新星#比亚迪宋Plus开启预售,#创作新星#比亚迪宋Plus开启预售
2020-08-29,【安信汽车】比亚迪：2月销量短暂回落，重磅车型矩阵将上市 盈利能力下降,【安信汽车】比亚迪：2月销量短暂回落，重磅车型矩阵将上市 盈利能力下降
2020-08-29,北汽蓝谷称将迅速调整对B端依赖 ARCFOX将成下半年新增长点,北汽蓝谷称将迅速调整对B端依赖 ARCFOX将成下半年新增长点
2020-08-29,比亚迪，被遗忘的巨头！,比亚迪，被遗忘的巨头！
2020-08-29,注册制新股申购策略：福昕软件,注册制新股申购策略：福昕软件
2020-08-29,卖车不如卖口罩！比亚迪这半年成功避险，净利润增了两成,卖车不如卖口罩！比亚迪这半年成功避险，净利润增了两成
2020-08-30,卖车不如卖口罩！“不务正业”的比亚迪靠卖口罩赚了多少钱？,卖车不如卖口罩！“不务正业”的比亚迪靠卖口罩赚了多少钱？
2020-08-30,周观点 | 乘用车底部向上 新能源政策助力【华西汽车 崔琰团队】,周观点 | 乘用车底部向上 新能源政策助力【华西汽车 崔琰团队】
2020-08-31,中科电气(300035)2020中报点评：负极材料客户不断拓展 下半年高增长可期,中科电气(300035)2020中报点评：负极材料客户不断拓展 下半年高增长可期
2020-08-31,杰富瑞将比亚迪H股评级上调至买入,杰富瑞将比亚迪H股评级上调至买入
2020-08-31,整车一哥比亚迪，未来高速增长源自何处？,整车一哥比亚迪，未来高速增长源自何处？
2020-08-31,【9月新车观察】比亚迪奇瑞唱主角，大众ID.4全球首秀,【9月新车观察】比亚迪奇瑞唱主角，大众ID.4全球首秀
2020-08-31,新能源汽车行业周报：半年报均已出炉 约77％的公司Q2业绩环比增长,新能源汽车行业周报：半年报均已出炉 约77％的公司Q2业绩环比增长
2020-08-31,比亚迪上半年净利润同比增长14.3％ 口罩业务成业绩贡献主力,比亚迪上半年净利润同比增长14.3％ 口罩业务成业绩贡献主力
2020-08-31,康尼机电(603111)：1H20业绩符合预期 聚焦主业回归增长轨道,康尼机电(603111)：1H20业绩符合预期 聚焦主业回归增长轨道
2020-08-31,德方纳米(300769)中报点评：优势地位继续保持 未来发展前景可期,德方纳米(300769)中报点评：优势地位继续保持 未来发展前景可期
2020-08-31,汽车行业第36周周报：8月第三周零售批发同比增长,汽车行业第36周周报：8月第三周零售批发同比增长
2020-08-31,深度*公司*比亚迪(002594)：Q2业绩翻倍增长 多项核心技术释放前景看好,深度*公司*比亚迪(002594)：Q2业绩翻倍增长 多项核心技术释放前景看好
2020-08-31,比亚迪2020年上半年净利16.62亿元,比亚迪2020年上半年净利16.62亿元
2020-08-31,比亚迪e3升级版上市 售11.38万元起/配置升级,比亚迪e3升级版上市 售11.38万元起/配置升级
2020-08-31,上半年净利16.62亿元，比亚迪的股票还能买么？,上半年净利16.62亿元，比亚迪的股票还能买么？
2020-08-31,上半年净利增长14.3%，“技术控”比亚迪多元布局深挖护城河,上半年净利增长14.3%，“技术控”比亚迪多元布局深挖护城河
2020-08-31,多元业务助力业绩增长 比亚迪上半年净利润16.62亿元,多元业务助力业绩增长 比亚迪上半年净利润16.62亿元
2020-08-31,比亚迪“刀片电池”首条生产线预计年底试产,比亚迪“刀片电池”首条生产线预计年底试产
2020-08-31,比亚迪：业绩逆势增长，e平台+电池降本将对冲补贴退坡【太平洋汽车白宇团队】2020半年报点评,比亚迪：业绩逆势增长，e平台+电池降本将对冲补贴退坡【太平洋汽车白宇团队】2020半年报点评
2020-08-31,比亚迪(002594)2020年中报点评：半年报符合预期 下半年继续向好,比亚迪(002594)2020年中报点评：半年报符合预期 下半年继续向好
2020-08-31,宁德时代的隐忧与豪赌,宁德时代的隐忧与豪赌
2020-08-31,吉利汽车完成科创板上市辅导 新能源转型触礁库存居行业前三,吉利汽车完成科创板上市辅导 新能源转型触礁库存居行业前三
2020-08-31,上市车企半年报出炉：14家车企中9家市值缩水，部分车企遭遇“暴击”,上市车企半年报出炉：14家车企中9家市值缩水，部分车企遭遇“暴击”
2020-08-31,比亚迪2020年上半年营收605.03亿，同比减少2.70% 盈利能力下降,比亚迪2020年上半年营收605.03亿，同比减少2.70% 盈利能力下降
2020-08-31,高合HiPhi X领衔 4款重磅新能源车型申报图曝光,高合HiPhi X领衔 4款重磅新能源车型申报图曝光
2020-08-31,科技出行简报丨吉利完成科创板上市辅导，比亚迪净利增长14.3%,科技出行简报丨吉利完成科创板上市辅导，比亚迪净利增长14.3%
2020-08-31,【华创汽车】比亚迪：1H20符合预期，资金宽裕助公司逆势提升,【华创汽车】比亚迪：1H20符合预期，资金宽裕助公司逆势提升
2020-08-31,比亚迪（002594）20H1财报点评：新品周期开启，业绩超预期,比亚迪（002594）20H1财报点评：新品周期开启，业绩超预期
2020-08-31,比亚迪｜2020半年报点评：汽车业务企稳 业绩拐点已至【华西汽车 崔琰团队】,比亚迪｜2020半年报点评：汽车业务企稳 业绩拐点已至【华西汽车 崔琰团队】
2020-08-31,深市半年报：近8成公司盈利，创业板净利润增长14%,深市半年报：近8成公司盈利，创业板净利润增长14%
2020-08-31,国机汽车(600335)2020年中报点评：业绩符合预期 特斯拉项目签约落地,国机汽车(600335)2020年中报点评：业绩符合预期 特斯拉项目签约落地
2020-08-31,比亚迪(002594)：口罩业务贡献1H20利润 整车估值尚未完全体现,比亚迪(002594)：口罩业务贡献1H20利润 整车估值尚未完全体现
2020-09-01,比亚迪今日放量涨停 深股通净买入2.81亿元,比亚迪今日放量涨停 深股通净买入2.81亿元
2020-09-01,比亚迪巴西铁电池工厂正式投产年产18000个电池模组,比亚迪巴西铁电池工厂正式投产年产18000个电池模组
2020-09-01,比亚迪涨停，汽车整车行业涨4.43%,比亚迪涨停，汽车整车行业涨4.43%
2020-09-01,【异动股】比亚迪(01211-HK)股价跟随Tesla狂奔现涨12.9%,【异动股】比亚迪(01211-HK)股价跟随Tesla狂奔现涨12.9%
2020-09-01,港股震荡整理 比亚迪股价飙升|港股收市,港股震荡整理 比亚迪股价飙升|港股收市
2020-09-01,比亚迪放量涨停，外资看好,比亚迪放量涨停，外资看好
2020-09-01,收评：恒指涨0.03%迎9月开门红 比亚迪涨13.83%小米市值超6100亿,收评：恒指涨0.03%迎9月开门红 比亚迪涨13.83%小米市值超6100亿
2020-09-01,龙虎榜：比亚迪涨停 深股通席位买入4.53亿元,龙虎榜：比亚迪涨停 深股通席位买入4.53亿元
2020-09-01,涨停板解密：三板块个股火爆引领市场！（9月1日）,涨停板解密：三板块个股火爆引领市场！（9月1日）
2020-09-01,比亚迪汉EV：9月产量有望达4000辆，年底冲万辆,比亚迪汉EV：9月产量有望达4000辆，年底冲万辆
2020-09-01,九月喜迎开门红，欧菲光陷入订单疑云，五大板块轮动受青睐！,九月喜迎开门红，欧菲光陷入订单疑云，五大板块轮动受青睐！
2020-09-01,中汽协发布第二批新能源汽车下乡名单，涉及36款车型,中汽协发布第二批新能源汽车下乡名单，涉及36款车型
2020-09-01,数据复盘|8亿主力资金净买入比亚迪 机构净卖出欧菲光等15股,数据复盘|8亿主力资金净买入比亚迪 机构净卖出欧菲光等15股
2020-09-01,游资情报|欧菲光盘中遭遇跌停，三机构割肉7.6亿元；“杭州庆春路”携手深股通席位狂买比亚迪！,游资情报|欧菲光盘中遭遇跌停，三机构割肉7.6亿元；“杭州庆春路”携手深股通席位狂买比亚迪！
2020-09-01,港股复盘：年来第四次被大股东减持的准蓝筹 减持股份,港股复盘：年来第四次被大股东减持的准蓝筹 减持股份
2020-09-01,10股特大单净流入资金超2亿元,10股特大单净流入资金超2亿元
2020-09-01,深港通十大成交活跃股排名（9月1日）,深港通十大成交活跃股排名（9月1日）
2020-09-01,【东吴电新】比亚迪Q3预告点评：汉唐开始发力和电子持续向好，业绩超预期,【东吴电新】比亚迪Q3预告点评：汉唐开始发力和电子持续向好，业绩超预期
2020-09-01,A股收盘综述：9月开门红创业板综指收涨1.22%，注册制第二批新股获热炒,A股收盘综述：9月开门红创业板综指收涨1.22%，注册制第二批新股获热炒
2020-09-01,比亚迪：“18亚迪02”持有人会议审议通过提前兑付议案,比亚迪：“18亚迪02”持有人会议审议通过提前兑付议案
2020-09-01,汽车行业表现强势 长城汽车、沪光股份、比亚迪涨停 多股大涨,汽车行业表现强势 长城汽车、沪光股份、比亚迪涨停 多股大涨
2020-09-01,长城汽车封住涨停板提振汽车板块，比亚迪涨幅扩大至8%,长城汽车封住涨停板提振汽车板块，比亚迪涨幅扩大至8%
2020-09-01,比亚迪放量涨停 ，汉产能持续爬坡，销量有望超预期,比亚迪放量涨停 ，汉产能持续爬坡，销量有望超预期
2020-09-01,比亚迪涨11%赣锋锂业涨8% 特斯拉暴涨马斯克跻身全球五大富豪,比亚迪涨11%赣锋锂业涨8% 特斯拉暴涨马斯克跻身全球五大富豪
2020-09-01,新能源产业链企业上半年业绩整体下滑 盈利能力下降,新能源产业链企业上半年业绩整体下滑 盈利能力下降
2020-09-01,新能源汽车市场呈现较大幅度下滑 加快行业优胜劣汰进程,新能源汽车市场呈现较大幅度下滑 加快行业优胜劣汰进程
2020-09-01,近7成车企净利润暴跌 长安江铃“花式”逆袭 盈利能力下降,近7成车企净利润暴跌 长安江铃“花式”逆袭 盈利能力下降
2020-09-01,2020年电新行业周报8月第5期：光伏产业链价格趋稳 迎接需求确定性到来,2020年电新行业周报8月第5期：光伏产业链价格趋稳 迎接需求确定性到来
2020-09-01,比亚迪汉DM 25万级豪华车市场的“黑马”？,比亚迪汉DM 25万级豪华车市场的“黑马”？
2020-09-01,8个理由告诉你，为什么宋Pro DM是20万级最强插混SUV,8个理由告诉你，为什么宋Pro DM是20万级最强插混SUV
2020-09-01,比亚迪涨超5%提振动力电池板块，恩捷股份、新宙邦、天赐材料纷纷大涨,比亚迪涨超5%提振动力电池板块，恩捷股份、新宙邦、天赐材料纷纷大涨
2020-09-01,【招商汽车|公司点评】比亚迪：中报符合预期，静待汉产能爬坡,【招商汽车|公司点评】比亚迪：中报符合预期，静待汉产能爬坡
2020-09-01,【行情】汽车整车板块个股纷纷走高，长城汽车大涨逾7%，比亚迪、一汽解放、长安汽车等个股纷纷走高,【行情】汽车整车板块个股纷纷走高，长城汽车大涨逾7%，比亚迪、一汽解放、长安汽车等个股纷纷走高
2020-09-01,近7成车企净利暴跌 长安江铃“花式”逆袭 盈利能力下降,近7成车企净利暴跌 长安江铃“花式”逆袭 盈利能力下降
2020-09-01,格局重塑：新能源产业链企业上半年业绩整体下滑 盈利能力下降,格局重塑：新能源产业链企业上半年业绩整体下滑 盈利能力下降
2020-09-01,工信部新车公告：新能源车将迎来新趋势,工信部新车公告：新能源车将迎来新趋势
2020-09-01,比亚迪大涨近9% 比亚迪股份涨超10%,比亚迪大涨近9% 比亚迪股份涨超10%
2020-09-01,比亚迪封住涨停，主力净流入超8亿元,比亚迪封住涨停，主力净流入超8亿元
2020-09-01,【行情】汽车板块持续走高，长城汽车、比亚迪涨停，福田汽车、长安汽车、北汽蓝谷、东风汽车跟涨,【行情】汽车板块持续走高，长城汽车、比亚迪涨停，福田汽车、长安汽车、北汽蓝谷、东风汽车跟涨
2020-09-01,比亚迪A股涨停,比亚迪A股涨停
2020-09-01,解盘：人气回暖，动力电池、军工、特斯拉、黄金珠宝领涨,解盘：人气回暖，动力电池、军工、特斯拉、黄金珠宝领涨
2020-09-01,500亿白马股跌停！多只基金重仓，欧菲光紧急澄清,500亿白马股跌停！多只基金重仓，欧菲光紧急澄清
2020-09-01,大和：升比亚迪(1211.HK)评级至买入 目标价上调至94港元,大和：升比亚迪(1211.HK)评级至买入 目标价上调至94港元
2020-09-01,比亚迪大涨5.22%，净流入1.67亿元,比亚迪大涨5.22%，净流入1.67亿元
2020-09-02,比亚迪(002594)20H1财报点评：20H1业绩亮眼 看好汽车业务新技术新产品周期,比亚迪(002594)20H1财报点评：20H1业绩亮眼 看好汽车业务新技术新产品周期
2020-09-02,卖口罩挽救业绩 比亚迪的造车主业又该怎么办呢？,卖口罩挽救业绩 比亚迪的造车主业又该怎么办呢？
2020-09-02,大摩：上调比亚迪(1211.HK)目标价至75港元评级“与大市同步”,大摩：上调比亚迪(1211.HK)目标价至75港元评级“与大市同步”
2020-09-02,26家上市车企上半年业绩普遍下滑，这9家净利却逆势增长,26家上市车企上半年业绩普遍下滑，这9家净利却逆势增长
2020-09-02,电动汽车用高压接触器、高压熔断器标准讨论会在比亚迪隆重召开,电动汽车用高压接触器、高压熔断器标准讨论会在比亚迪隆重召开
2020-09-02,杨冬生：比亚迪DiLink未开可实现双系统，3.0版本生态更开放,杨冬生：比亚迪DiLink未开可实现双系统，3.0版本生态更开放
2020-09-02,万华化学等5只A股被纳入富时中国A50指数,万华化学等5只A股被纳入富时中国A50指数
2020-09-02,上市车企半年报陆续出炉，整体营收下滑中仍有复苏希望 盈利能力下降,上市车企半年报陆续出炉，整体营收下滑中仍有复苏希望 盈利能力下降
2020-09-02,太彪悍！神秘私募一出手，这家创业板公司立马20%涨停！,太彪悍！神秘私募一出手，这家创业板公司立马20%涨停！
2020-09-02,国内上市的车企陆续公布了上半年业绩报告,国内上市的车企陆续公布了上半年业绩报告
2020-09-02,646家上市粤企三成多上半年营收净利双增 二季度归母净利同比增速中值为11.55%,646家上市粤企三成多上半年营收净利双增 二季度归母净利同比增速中值为11.55%
2020-09-02,646家广东辖区公司交半年报 逾3成营收净利双增,646家广东辖区公司交半年报 逾3成营收净利双增
2020-09-02,大华继显升比亚迪(01211-HK)目标价至95港元股价现跌2.11%,大华继显升比亚迪(01211-HK)目标价至95港元股价现跌2.11%
2020-09-02,49公司获得增持评级-更新中,49公司获得增持评级-更新中
2020-09-02,大摩升比亚迪(01211-HK)目标价至75港元维持中性,大摩升比亚迪(01211-HK)目标价至75港元维持中性
2020-09-02,上半年大部分车企业绩惨淡 江铃汽车、长安汽车独树一帜,上半年大部分车企业绩惨淡 江铃汽车、长安汽车独树一帜
2020-09-02,买智能平板送台车 DiLink 3.0正式发布,买智能平板送台车 DiLink 3.0正式发布
2020-09-02,【9.2锂电快讯】比亚迪巴西磷酸铁锂电池工厂正式投产*特斯拉生产提速 Model Y交付时间缩短,【9.2锂电快讯】比亚迪巴西磷酸铁锂电池工厂正式投产*特斯拉生产提速 Model Y交付时间缩短
2020-09-02,需求增加 比亚迪加速出“刀”,需求增加 比亚迪加速出“刀”
2020-09-02,卖口罩比卖车赚多了？比亚迪成功避险，口罩救主造车咋办？,卖口罩比卖车赚多了？比亚迪成功避险，口罩救主造车咋办？
2020-09-02,策略日报：九月首日“开门红” 军工板块领涨,策略日报：九月首日“开门红” 军工板块领涨
2020-09-02,北向资金动向盘点：重手加仓“酱香型牛奶”,北向资金动向盘点：重手加仓“酱香型牛奶”
2020-09-02,车企上半年“绿肥红瘦”回暖持续性待观察,车企上半年“绿肥红瘦”回暖持续性待观察
2020-09-02,小K播早报！ModelY交付时间缩短至2-4周吉利汽车科创板IPO获受理,小K播早报！ModelY交付时间缩短至2-4周吉利汽车科创板IPO获受理
2020-09-02,2020车企半年报：整体承压不乏亮点 下半年依然可期,2020车企半年报：整体承压不乏亮点 下半年依然可期
2020-09-02,都2020年了，自动驾驶也该来了,都2020年了，自动驾驶也该来了
2020-09-02,A股早报2020年9月2日星期三,A股早报2020年9月2日星期三
2020-09-02,A股融资融券日报：两融余额增加35.99亿元（9月1日）,A股融资融券日报：两融余额增加35.99亿元（9月1日）
2020-09-02,有研集团与深圳比亚迪集团共同推进新能源汽车产业发展,有研集团与深圳比亚迪集团共同推进新能源汽车产业发展
2020-09-02,[互动]金力永磁：是比亚迪等新能源汽车驱动电机的磁钢供应商,[互动]金力永磁：是比亚迪等新能源汽车驱动电机的磁钢供应商
2020-09-02,比亚迪巴西铁电池工厂正式投产 多股有望上涨,比亚迪巴西铁电池工厂正式投产 多股有望上涨
2020-09-02,比亚迪(002594)：Q2回升较快 后续有望持续增长,比亚迪(002594)：Q2回升较快 后续有望持续增长
2020-09-02,港股盘前必读：吉利汽车科创板IPO申请已获上交所受理拟融资200亿元,港股盘前必读：吉利汽车科创板IPO申请已获上交所受理拟融资200亿元
2020-09-03,7月全球新能源销量：上汽威胁比亚迪,7月全球新能源销量：上汽威胁比亚迪
2020-09-03,比亚迪(002594)2020年中报点评：1H20符合预期 资金宽裕助公司逆势提升,比亚迪(002594)2020年中报点评：1H20符合预期 资金宽裕助公司逆势提升
2020-09-03,造假300亿公司复牌，超100万手封死涨停！,造假300亿公司复牌，超100万手封死涨停！
2020-09-03,车企中考:头部公司研发缩水 北汽蓝谷毛利率跌入负值 盈利能力下降,车企中考:头部公司研发缩水 北汽蓝谷毛利率跌入负值 盈利能力下降
2020-09-03,头部车企密集发布半年财报，万亿车市是否走出了阴霾？,头部车企密集发布半年财报，万亿车市是否走出了阴霾？
2020-09-03,星展：上调比亚迪(1211.HK)目标价63％至98港元 评级“买入”,星展：上调比亚迪(1211.HK)目标价63％至98港元 评级“买入”
2020-09-03,「分裂」的比亚迪：股价春风得意，销量暗藏危机,「分裂」的比亚迪：股价春风得意，销量暗藏危机
2020-09-03,2020淡季不闲，车企玩儿命搏未来！,2020淡季不闲，车企玩儿命搏未来！
2020-09-03,百亿私募二季度调仓路径：冯柳新进34股，淡水泉增持农业股,百亿私募二季度调仓路径：冯柳新进34股，淡水泉增持农业股
2020-09-03,前夜特斯拉和苹果股价高位急跌，概念股承压,前夜特斯拉和苹果股价高位急跌，概念股承压
2020-09-03,比亚迪上半年新能源车销量降58.34% 现金流大幅增长靠口罩？ 盈利能力下降,比亚迪上半年新能源车销量降58.34% 现金流大幅增长靠口罩？ 盈利能力下降
2020-09-03,【2020.09.03钴锂新能源内部晨会纪要】三元材料库存承压 钴价小幅看跌,【2020.09.03钴锂新能源内部晨会纪要】三元材料库存承压 钴价小幅看跌
2020-09-03,4家依靠非汽车业务净利增长 2020上半年车企业绩6大特点梳理,4家依靠非汽车业务净利增长 2020上半年车企业绩6大特点梳理
2020-09-03,646家广东辖区上市公司交出上半年“成绩单” 逾三成广东上市公司营收净利双增 超半数二季度净利润增长,646家广东辖区上市公司交出上半年“成绩单” 逾三成广东上市公司营收净利双增 超半数二季度净利润增长
2020-09-03,比亚迪纯电动大巴全球超300城运营 4条“刀片电池”生产线明年4月投产,比亚迪纯电动大巴全球超300城运营 4条“刀片电池”生产线明年4月投产
2020-09-03,创业板再度演绎传奇，5股纳入富时中国A50指数,创业板再度演绎传奇，5股纳入富时中国A50指数
2020-09-03,位置决定性能 P0-P4电机系统架构解析,位置决定性能 P0-P4电机系统架构解析
2020-09-03,上汽新能源车销量紧追比亚迪,上汽新能源车销量紧追比亚迪
2020-09-03,A股早报2020年9月3日星期四,A股早报2020年9月3日星期四
2020-09-03,净利最高增长2143%，75家锂电上市公司H1业绩大PK,净利最高增长2143%，75家锂电上市公司H1业绩大PK
2020-09-03,苹果板块走软，立讯精密、比亚迪、蓝思科技、歌尔股份、环旭电子纷纷下滑,苹果板块走软，立讯精密、比亚迪、蓝思科技、歌尔股份、环旭电子纷纷下滑
2020-09-03,港股盘前必读：香港证监会将撤销对私人开放式基金型公司施加的所有投资限制,港股盘前必读：香港证监会将撤销对私人开放式基金型公司施加的所有投资限制
2020-09-04,半年报相继发布，车企2020年如何“渡劫”,半年报相继发布，车企2020年如何“渡劫”
2020-09-04,万安科技：目前主要为“比亚迪”提供配套产品,万安科技：目前主要为“比亚迪”提供配套产品
2020-09-04,蓝海华腾：与“比亚迪”合作碳化硅产品正在实验验证,蓝海华腾：与“比亚迪”合作碳化硅产品正在实验验证
2020-09-04,电气自动化设备行业20年中报总结：疫情影响短期需求 下半年旺季来临,电气自动化设备行业20年中报总结：疫情影响短期需求 下半年旺季来临
2020-09-04,宁德时代热衷“车电分离” 电池成本还需降,宁德时代热衷“车电分离” 电池成本还需降
2020-09-04,11家乘用车企上半年少赚238亿 仅4家毛利率增长 盈利能力下降,11家乘用车企上半年少赚238亿 仅4家毛利率增长 盈利能力下降
2020-09-04,比亚迪下半年该怎么走？,比亚迪下半年该怎么走？
2020-09-04,比亚迪巴西首个LFP电池工厂投产,比亚迪巴西首个LFP电池工厂投产
2020-09-04,三大民营车企半报：吉利搞研发、 长城卖皮卡、比亚迪做拆分,三大民营车企半报：吉利搞研发、 长城卖皮卡、比亚迪做拆分
2020-09-04,"拼""刀""速捍""王朝"" 比亚迪2500亿市值难藏软实力","拼""刀""速捍""王朝"" 比亚迪2500亿市值难藏软实力"
2020-09-04,苹果板块走软，立讯精密、比亚迪、蓝思科技、歌尔股份、环旭电子、工业富联普跌,苹果板块走软，立讯精密、比亚迪、蓝思科技、歌尔股份、环旭电子、工业富联普跌
2020-09-04,比亚迪(002594)：Q2高增长 汉、宋PLUS有望助力汽车销量回升,比亚迪(002594)：Q2高增长 汉、宋PLUS有望助力汽车销量回升
2020-09-04,新能源汽车补贴坏账率大幅提升，车企 “去补贴”后积分交易启动,新能源汽车补贴坏账率大幅提升，车企 “去补贴”后积分交易启动
2020-09-04,31家精选层受理公司半年报各有亮色,31家精选层受理公司半年报各有亮色
2020-09-04,【东吴电新】周策略：电动车Q3拐点明确，光伏Q3业绩继续高增,【东吴电新】周策略：电动车Q3拐点明确，光伏Q3业绩继续高增
2020-09-04,[苹果板块异动]立讯精密、比亚迪、蓝思科技普跌,[苹果板块异动]立讯精密、比亚迪、蓝思科技普跌
2020-09-05,昔日市场主力“跌跌不休” 国内新能源车市或迎新一轮热点切换,昔日市场主力“跌跌不休” 国内新能源车市或迎新一轮热点切换
2020-09-05,2020不再躺赢，宁德时代怎么办？,2020不再躺赢，宁德时代怎么办？
2020-09-05,比亚迪：1-8月累计销量为91060辆，同比下降49.11% 盈利能力下降,比亚迪：1-8月累计销量为91060辆，同比下降49.11% 盈利能力下降
2020-09-05,宁德时代光环背后的隐忧,宁德时代光环背后的隐忧
2020-09-05,【半年报】新能源车市受重创锂电池企业也遭殃,【半年报】新能源车市受重创锂电池企业也遭殃
2020-09-05,自主新能源汽车市场份额被蚕食 零部件企业依赖合资品牌？,自主新能源汽车市场份额被蚕食 零部件企业依赖合资品牌？
2020-09-05,今年国内磷酸铁锂电池回潮迹象十分显著,今年国内磷酸铁锂电池回潮迹象十分显著
2020-09-05,11家乘用车企上半年少赚248亿 仅4家毛利率增长 盈利能力下降,11家乘用车企上半年少赚248亿 仅4家毛利率增长 盈利能力下降
2020-09-05,整车制造龙头业绩企稳 欧菲光传闻不断引机构抛售,整车制造龙头业绩企稳 欧菲光传闻不断引机构抛售
2020-09-05,地产进入专业化细分时代，代建企业开启转型路,地产进入专业化细分时代，代建企业开启转型路
2020-09-05,比亚迪新能源车卖不动了,比亚迪新能源车卖不动了
2020-09-05,行业深度 | Less is More：加速的汽车轻量化【华西汽车 崔琰团队】,行业深度 | Less is More：加速的汽车轻量化【华西汽车 崔琰团队】
2020-09-06,“超级打新周”又来了！或有单签盈利十万“肉签”,“超级打新周”又来了！或有单签盈利十万“肉签”
2020-09-06,向上突围 宋PLUS有哪些绝活,向上突围 宋PLUS有哪些绝活
2020-09-06,#创作新星#21款CS75PLUS上市，你还选哈弗H6？,#创作新星#21款CS75PLUS上市，你还选哈弗H6？
2020-09-06,A股车企半年报连环雷炸响！破产、卖房子、卖口罩 能咸鱼翻身吗？ 减资破产,A股车企半年报连环雷炸响！破产、卖房子、卖口罩 能咸鱼翻身吗？ 减资破产
2020-09-06,电气设备行业周报：欧洲新能源车销量高增 光伏玻璃需求持续向好,电气设备行业周报：欧洲新能源车销量高增 光伏玻璃需求持续向好
2020-09-06,电力设备及新能源行业周报：电动自行车市场繁荣 锂电池需求快速释放,电力设备及新能源行业周报：电动自行车市场繁荣 锂电池需求快速释放
2020-09-06,整车制造龙头业绩企稳 欧菲光传闻不断引机构抛售,整车制造龙头业绩企稳 欧菲光传闻不断引机构抛售
2020-09-06,沪指围绕3400点宽幅震荡 欧菲光传闻不断引机构抛售,沪指围绕3400点宽幅震荡 欧菲光传闻不断引机构抛售
2020-09-07,比亚迪(002594.SZ)：8月新能源汽车销量降8.59%燃油车销量升11.45% 盈利能力下降,比亚迪(002594.SZ)：8月新能源汽车销量降8.59%燃油车销量升11.45% 盈利能力下降
2020-09-07,比亚迪半年报：研投32.32亿元 成销量下滑净利增长车企 盈利能力下降,比亚迪半年报：研投32.32亿元 成销量下滑净利增长车企 盈利能力下降
2020-09-07,宁德时代首次「战败」,宁德时代首次「战败」
2020-09-07,新能源汽车产业链2020年中报总结：行业持续回暖 外部因素不改长期趋势,新能源汽车产业链2020年中报总结：行业持续回暖 外部因素不改长期趋势
2020-09-07,比亚迪：今年新能源车累计销量9.11万辆，同比下降49.11% 盈利能力下降,比亚迪：今年新能源车累计销量9.11万辆，同比下降49.11% 盈利能力下降
2020-09-07,比亚迪：2020年8月新能源汽车销量15283辆，燃油汽车销量21499辆,比亚迪：2020年8月新能源汽车销量15283辆，燃油汽车销量21499辆
2020-09-07,比亚迪：8月新能源汽车销量同比减少8.6% 盈利能力下降,比亚迪：8月新能源汽车销量同比减少8.6% 盈利能力下降
2020-09-07,晚间重要公告2020年9月7日星期一,晚间重要公告2020年9月7日星期一
2020-09-07,比亚迪：8月新能源汽车销量为15283辆 去年同期为16719辆,比亚迪：8月新能源汽车销量为15283辆 去年同期为16719辆
2020-09-07,比亚迪现2笔大宗交易 共成交917.09万元,比亚迪现2笔大宗交易 共成交917.09万元
2020-09-07,比亚迪(01211-HK)：8月新能源汽车销量降8.59% 盈利能力下降,比亚迪(01211-HK)：8月新能源汽车销量降8.59% 盈利能力下降
2020-09-07,新能源汽车产业链行业周报(9月第1周)：阶段性供需错配 六氟涨价向电解液传导,新能源汽车产业链行业周报(9月第1周)：阶段性供需错配 六氟涨价向电解液传导
2020-09-07,神秘“一号客户”到访弗迪电池 究竟是谁又想牵手比亚迪？,神秘“一号客户”到访弗迪电池 究竟是谁又想牵手比亚迪？
2020-09-07,【金财富决策参考】2020-09-08,【金财富决策参考】2020-09-08
2020-09-07,上市车企最惨半年报：多数净利下滑毛利缩水 盈利能力下降,上市车企最惨半年报：多数净利下滑毛利缩水 盈利能力下降
2020-09-07,【A股收盘综述】“炒小不炒大”，创业板综指跌1.6%成交金额3548亿元创新高,【A股收盘综述】“炒小不炒大”，创业板综指跌1.6%成交金额3548亿元创新高
2020-09-07,大众做香肠，宝马造雪橇，只有不敢想，没有车企不敢造,大众做香肠，宝马造雪橇，只有不敢想，没有车企不敢造
2020-09-07,比亚迪大涨超5%、江铃汽车涨停，新能源汽车板块午后继续拉升,比亚迪大涨超5%、江铃汽车涨停，新能源汽车板块午后继续拉升
2020-09-07,汽车股走势强劲 中汽协预计8月汽车销量同比增长11.3%,汽车股走势强劲 中汽协预计8月汽车销量同比增长11.3%
2020-09-07,【东吴电新】7月海外电动车销量点评：欧洲大超预期，美国销量恢复,【东吴电新】7月海外电动车销量点评：欧洲大超预期，美国销量恢复
2020-09-07,连续15个月蝉联销冠 特斯拉续谋大棋局,连续15个月蝉联销冠 特斯拉续谋大棋局
2020-09-07,博敏电子(603936)重大事件快评：深耕PCB行业20年余载 厚积薄发正当时,博敏电子(603936)重大事件快评：深耕PCB行业20年余载 厚积薄发正当时
2020-09-07,汽车行业赚钱越来越难？还有机会吗？,汽车行业赚钱越来越难？还有机会吗？
2020-09-07,【早安新时代】晨会早读2020/09/07：今日关注捷捷微电、比亚迪,【早安新时代】晨会早读2020/09/07：今日关注捷捷微电、比亚迪
2020-09-07,动力电池行业已经进入剧变前夜?,动力电池行业已经进入剧变前夜?
2020-09-07,【新时代电新 开文明团队】比亚迪：寒冬已过，龙头崛起正当时,【新时代电新 开文明团队】比亚迪：寒冬已过，龙头崛起正当时
2020-09-07,2020泰达汽车论坛 | 肖成伟：车用电池技术现状及发展趋势,2020泰达汽车论坛 | 肖成伟：车用电池技术现状及发展趋势
2020-09-07,中国电科肖成伟：动力电池技术现状及发展趋势,中国电科肖成伟：动力电池技术现状及发展趋势
2020-09-07,一周锂电资讯：比亚迪巴西磷酸铁锂电池工厂正式投产；小鹏汽车试点推出电池融资租赁服务,一周锂电资讯：比亚迪巴西磷酸铁锂电池工厂正式投产；小鹏汽车试点推出电池融资租赁服务
2020-09-07,比亚迪：将依法追究抹黑诋毁诽谤公司产品行为,比亚迪：将依法追究抹黑诋毁诽谤公司产品行为
2020-09-07,传统车企数字化转型首战失利，交付流程被新势力碾压,传统车企数字化转型首战失利，交付流程被新势力碾压
2020-09-07,传统车企数字化转型首战失利，交付周期惨遭新势力碾压？,传统车企数字化转型首战失利，交付周期惨遭新势力碾压？
2020-09-07,电新周报：欧洲销量持续井喷 国内电车下乡助推销量增长,电新周报：欧洲销量持续井喷 国内电车下乡助推销量增长
2020-09-07,特斯拉为首的造车新势力交付周期抢眼，传统车企被无情吊打？,特斯拉为首的造车新势力交付周期抢眼，传统车企被无情吊打？
2020-09-08,比亚迪发布中报：净利增14.29%，多元化成长空间显现,比亚迪发布中报：净利增14.29%，多元化成长空间显现
2020-09-08,比亚迪新能源汽车8月销量15283辆 2020新能源汽车行业发展前景分析,比亚迪新能源汽车8月销量15283辆 2020新能源汽车行业发展前景分析
2020-09-08,比亚迪新能源汽车8月销售15283辆 2020新能源汽车最新补贴政策,比亚迪新能源汽车8月销售15283辆 2020新能源汽车最新补贴政策
2020-09-08,总投资50亿，重庆康佳光电技术研究院项目投产,总投资50亿，重庆康佳光电技术研究院项目投产
2020-09-08,比亚迪8月销量3.67万辆，新能源汽车逾1.5万辆,比亚迪8月销量3.67万辆，新能源汽车逾1.5万辆
2020-09-08,比亚迪8月销售新能源车1.5万辆，汉销售4000辆,比亚迪8月销售新能源车1.5万辆，汉销售4000辆
2020-09-08,氢燃料获支持、板块走强，初期仅为新能源汽车补充路径,氢燃料获支持、板块走强，初期仅为新能源汽车补充路径
2020-09-08,比亚迪｜8月： “汉”批量交付 销量持续改善【华西汽车 崔琰团队】,比亚迪｜8月： “汉”批量交付 销量持续改善【华西汽车 崔琰团队】
2020-09-08,全球前八！比亚迪光伏荣获彭博新能源财经“2020年全球最具融资价值组件品牌”,全球前八！比亚迪光伏荣获彭博新能源财经“2020年全球最具融资价值组件品牌”
2020-09-08,比亚迪1-8月动力电池及储能电池装机总量约5.813GWh,比亚迪1-8月动力电池及储能电池装机总量约5.813GWh
2020-09-08,乘联会：8月乘用车市场零同比增8.9%，为2018年5月以来最强正增长,乘联会：8月乘用车市场零同比增8.9%，为2018年5月以来最强正增长
2020-09-08,【异动股】比亚迪系股份双双下挫现挫2.8%和3.4%,【异动股】比亚迪系股份双双下挫现挫2.8%和3.4%
2020-09-08,汽车行业周报：8月重卡销量再创当月历史新高 第二批新能源汽车下乡名单公布,汽车行业周报：8月重卡销量再创当月历史新高 第二批新能源汽车下乡名单公布
2020-09-08,中金：半导体板块维持谨慎态度 推荐小米和比亚迪,中金：半导体板块维持谨慎态度 推荐小米和比亚迪
2020-09-08,【华创汽车】2Q20财报总结：2Q盈利显著恢复，预计3Q趋势增强,【华创汽车】2Q20财报总结：2Q盈利显著恢复，预计3Q趋势增强
2020-09-08,比亚迪8月销售36782辆车，今年累计销售22.68万辆车,比亚迪8月销售36782辆车，今年累计销售22.68万辆车
2020-09-08,A股融资融券日报：两融余额减少28.1亿元（9月7日）,A股融资融券日报：两融余额减少28.1亿元（9月7日）
2020-09-08,花旗、瑞信及大和分别给予比亚迪(01211-HK)目标价109.2港元、100港元及94港元,花旗、瑞信及大和分别给予比亚迪(01211-HK)目标价109.2港元、100港元及94港元
2020-09-08,汽车行业：二季度盈利显著恢复 预计三季度趋势增强,汽车行业：二季度盈利显著恢复 预计三季度趋势增强
2020-09-08,宁德时代辟谣：肯定不会放弃811下半年订单逐步释放,宁德时代辟谣：肯定不会放弃811下半年订单逐步释放
2020-09-08,新能源车正积分供给不足：价格上涨纾困新能源车企,新能源车正积分供给不足：价格上涨纾困新能源车企
2020-09-08,新能源车调查报告｜车主故事：一位尝鲜者的四个“春夏秋冬”,新能源车调查报告｜车主故事：一位尝鲜者的四个“春夏秋冬”
2020-09-08,三大自主车企年中财报：吉利营收王，比亚迪负债高 偿债能力下降,三大自主车企年中财报：吉利营收王，比亚迪负债高 偿债能力下降
2020-09-08,安泰科技：暂未参与“比亚迪”刀片电池生产线,安泰科技：暂未参与“比亚迪”刀片电池生产线
2020-09-08,基金重仓股遭大面积抛售，两大市场争夺战即将打响？,基金重仓股遭大面积抛售，两大市场争夺战即将打响？
2020-09-08,上市公司正负面新闻2020年9月8日星期二,上市公司正负面新闻2020年9月8日星期二
2020-09-08,中信证券：比亚迪供应链潜在价值巨大维持公司（A+H股）“买入”评级,中信证券：比亚迪供应链潜在价值巨大维持公司（A+H股）“买入”评级
2020-09-08,8日利好及其影响个股,8日利好及其影响个股
2020-09-08,周二机构一致看好的七大金股（09.08）,周二机构一致看好的七大金股（09.08）
2020-09-08,比亚迪(01211-HK)8月汽车销量同比增长2.15%目标价升至81.5港元,比亚迪(01211-HK)8月汽车销量同比增长2.15%目标价升至81.5港元
2020-09-08,比亚迪巴西磷酸铁锂电池工厂投产,比亚迪巴西磷酸铁锂电池工厂投产
2020-09-08,麦格理升比亚迪(01211-HK)目标价至81.7港元股价现涨0.71%,麦格理升比亚迪(01211-HK)目标价至81.7港元股价现涨0.71%
2020-09-08,比亚迪（002594/01211.HK）：刀片电池爬产顺利，“汉”销量超出预期,比亚迪（002594/01211.HK）：刀片电池爬产顺利，“汉”销量超出预期
2020-09-09,股市震荡，超100亿资金借道ETF抄底！,股市震荡，超100亿资金借道ETF抄底！
2020-09-09,【招商汽车|中报总结】低点已过，把握确定性回暖行情,【招商汽车|中报总结】低点已过，把握确定性回暖行情
2020-09-09,比亚迪巴西新电池工厂投产,比亚迪巴西新电池工厂投产
2020-09-09,【异动股】比亚迪能源汽车销售下滑连跌2天再挫4.2% 连续下跌,【异动股】比亚迪能源汽车销售下滑连跌2天再挫4.2% 连续下跌
2020-09-09,花旗：预计四季度乘用车零售销售同比增长约10%首选吉利和比亚迪美港电讯APP9日讯，花旗发表研究报告表示，预测8和9月乘用车保险零售分别同比增长15%和5.8%,花旗：预计四季度乘用车零售销售同比增长约10%首选吉利和比亚迪美港电讯APP9日讯，花旗发表研究报告表示，预测8和9月乘用车保险零售分别同比增长15%和5.8%
2020-09-09,苹果板块午后继续低位盘整，蓝思科技、安洁科技、领益智造跌超3%,苹果板块午后继续低位盘整，蓝思科技、安洁科技、领益智造跌超3%
2020-09-09,比亚迪跌5.11%报86.35元，领跌汽车行业,比亚迪跌5.11%报86.35元，领跌汽车行业
2020-09-09,【9.9锂电快讯】特斯拉2020电池日将宣布六大事件*重庆发布新能源车激励措施,【9.9锂电快讯】特斯拉2020电池日将宣布六大事件*重庆发布新能源车激励措施
2020-09-09,多家头部车企销量跑输大盘 车市下半场如何？,多家头部车企销量跑输大盘 车市下半场如何？
2020-09-09,新能源汽车企业上半年亮点频现,新能源汽车企业上半年亮点频现
2020-09-09,2020年电新行业周报9月第1期：欧洲电动车高增长持续 光伏产业链价格趋稳,2020年电新行业周报9月第1期：欧洲电动车高增长持续 光伏产业链价格趋稳
2020-09-09,港股盘前必读：隔夜美股重挫，纳指跌超4%,港股盘前必读：隔夜美股重挫，纳指跌超4%
2020-09-09,车企上半年：上汽销量跑输大盘 长安靠卖资产、炒股扭亏,车企上半年：上汽销量跑输大盘 长安靠卖资产、炒股扭亏
2020-09-09,32股获券商买入评级，长安汽车目标涨幅达46.97%,32股获券商买入评级，长安汽车目标涨幅达46.97%
2020-09-09,比亚迪8月动力电池及储能电池装机量0.949GWh 同比增长25.2%,比亚迪8月动力电池及储能电池装机量0.949GWh 同比增长25.2%
2020-09-09,刀片电池迎来大客户,刀片电池迎来大客户
2020-09-09,新能源车特供版究竟“特”在哪儿,新能源车特供版究竟“特”在哪儿
2020-09-09,谁说搭载磷酸铁锂电池的乘用车跑不远？,谁说搭载磷酸铁锂电池的乘用车跑不远？
2020-09-09,比亚迪巴西电池工厂开始投产 年产量可达1.8万个电池模组,比亚迪巴西电池工厂开始投产 年产量可达1.8万个电池模组
2020-09-10,"比亚迪现1笔大宗交易 共成交1,349.70万元","比亚迪现1笔大宗交易 共成交1,349.70万元"
2020-09-10,24家A股整车公司总市值近万亿，比亚迪一家占四分之一,24家A股整车公司总市值近万亿，比亚迪一家占四分之一
2020-09-10,一文了解2020年中国锂离子产业市场规模与竞争格局 锂离子电池出口额攀升,一文了解2020年中国锂离子产业市场规模与竞争格局 锂离子电池出口额攀升
2020-09-10,创业板低价股重挫12%：罕见12只跌停，超百只跌10%以上,创业板低价股重挫12%：罕见12只跌停，超百只跌10%以上
2020-09-10,创业板低价股重挫12%：罕见12只跌停，超百只跌10%以上！,创业板低价股重挫12%：罕见12只跌停，超百只跌10%以上！
2020-09-10,比亚迪今日大宗交易成交16.50万股，成交价81.8元折价6.07%,比亚迪今日大宗交易成交16.50万股，成交价81.8元折价6.07%
2020-09-10,“不上不下”的比亚迪汉,“不上不下”的比亚迪汉
2020-09-10,港股异动 | 比亚迪股份(01211)涨超5% 比亚迪汉8月交付4000辆,港股异动 | 比亚迪股份(01211)涨超5% 比亚迪汉8月交付4000辆
2020-09-10,长江一级汽车行业快速拉升，长安汽车涨近8%、比亚迪涨超4%,长江一级汽车行业快速拉升，长安汽车涨近8%、比亚迪涨超4%
2020-09-10,光伏产业规模持续增长 技术进步推动成本下降,光伏产业规模持续增长 技术进步推动成本下降
2020-09-10,港股盘前必读：农夫山泉9月22日起纳入恒生综合指数,港股盘前必读：农夫山泉9月22日起纳入恒生综合指数
2020-09-10,锐明技术(002970)公司深度报告：商用车信息化势如破竹 四轮驱动当者披靡,锐明技术(002970)公司深度报告：商用车信息化势如破竹 四轮驱动当者披靡
2020-09-10,搭智能网联/驾驶辅助系统 宋PLUS燃油版配置曝光,搭智能网联/驾驶辅助系统 宋PLUS燃油版配置曝光
2020-09-11,比亚迪李云飞：树立品牌需要品牌重点车型相互借力、相互赋能,比亚迪李云飞：树立品牌需要品牌重点车型相互借力、相互赋能
2020-09-11,中日韩动力电池“战火”从中国市场蔓延到全球,中日韩动力电池“战火”从中国市场蔓延到全球
2020-09-11,收评：恒指涨0.78% 科技、医药、汽车股集体反弹比亚迪涨7.26%,收评：恒指涨0.78% 科技、医药、汽车股集体反弹比亚迪涨7.26%
2020-09-11,港股异动︱比亚迪股份(01211)尾盘涨超7% 传比亚迪将向戴姆勒供应刀片电池,港股异动︱比亚迪股份(01211)尾盘涨超7% 传比亚迪将向戴姆勒供应刀片电池
2020-09-11,储能设备行业研究框架,储能设备行业研究框架
2020-09-11,快讯：恒指一度涨超1% 特斯拉概念股上涨比亚迪涨超6%,快讯：恒指一度涨超1% 特斯拉概念股上涨比亚迪涨超6%
2020-09-11,苹果板块连续拉升，蓝思科技、歌尔股份均涨超6%,苹果板块连续拉升，蓝思科技、歌尔股份均涨超6%
2020-09-11,宁德时代“811风波”带来的思考,宁德时代“811风波”带来的思考
2020-09-11,五菱PK特斯拉新能源 车市呈两极分化新格局,五菱PK特斯拉新能源 车市呈两极分化新格局
2020-09-11,8月新能源销量：“逼近”特斯拉Model 3的竟然是它？,8月新能源销量：“逼近”特斯拉Model 3的竟然是它？
2020-09-11,8月份新能源车销售强劲且特斯拉连弹两日，料利概念股,8月份新能源车销售强劲且特斯拉连弹两日，料利概念股
2020-09-11,永贵电器：公司已进入多家汽车公司供应链体系,永贵电器：公司已进入多家汽车公司供应链体系
2020-09-11,比亚迪电动客车在雅典试运行,比亚迪电动客车在雅典试运行
2020-09-11,北向资金动向盘点：继续缩量，重回医药,北向资金动向盘点：继续缩量，重回医药
2020-09-11,比亚迪将向戴姆勒供应刀片电池 性质更加稳定,比亚迪将向戴姆勒供应刀片电池 性质更加稳定
2020-09-11,宏光MINI EV是黑马 8月新能源车销量榜,宏光MINI EV是黑马 8月新能源车销量榜
2020-09-11,2020 ELEXCON半导体新星 比亚迪展位有啥看头？,2020 ELEXCON半导体新星 比亚迪展位有啥看头？
2020-09-11,谁掌握了磷酸铁锂，谁就掌握了电动车市场的未来,谁掌握了磷酸铁锂，谁就掌握了电动车市场的未来
2020-09-11,【山证汽车】比亚迪（002594.SZ）：Q2回升较快，后续有望持续增长,【山证汽车】比亚迪（002594.SZ）：Q2回升较快，后续有望持续增长
2020-09-12,比亞迪(01211.HK)電動巴士於多倫多啟用,比亞迪(01211.HK)電動巴士於多倫多啟用
2020-09-12,车市加速回暖，中国新能源汽车市场高端化趋势明显,车市加速回暖，中国新能源汽车市场高端化趋势明显
2020-09-12,新能源车市两极分化 超低价车走俏下沉市场,新能源车市两极分化 超低价车走俏下沉市场
2020-09-13,8月销量点评：产销持续向上 符合预期,8月销量点评：产销持续向上 符合预期
2020-09-14,新能源汽车产业链行业周报：六氟磷酸锂再涨价 行业盈利持续回升,新能源汽车产业链行业周报：六氟磷酸锂再涨价 行业盈利持续回升
2020-09-14,新能源车企和电池供应商，困在自燃风波里,新能源车企和电池供应商，困在自燃风波里
2020-09-14,汽车行业周报第36期：8月乘用车零售167万辆 行业需求持续回暖,汽车行业周报第36期：8月乘用车零售167万辆 行业需求持续回暖
2020-09-14,逆势大爆发！这公司半年净利激增70%，董事长：5G时代公司技术引领全球发展,逆势大爆发！这公司半年净利激增70%，董事长：5G时代公司技术引领全球发展
2020-09-14,A股收盘综述：创业板综指放量升3%超80股涨超10%，成交金额再超沪市,A股收盘综述：创业板综指放量升3%超80股涨超10%，成交金额再超沪市
2020-09-14,比亚迪半导体一个月融资27亿估值300亿 车规级IGBT全产业链布局打破垄断,比亚迪半导体一个月融资27亿估值300亿 车规级IGBT全产业链布局打破垄断
2020-09-14,储能产业资讯：Q3比亚迪储能电池出货同比大增；英美德强势引领近三年海外储能扩张,储能产业资讯：Q3比亚迪储能电池出货同比大增；英美德强势引领近三年海外储能扩张
2020-09-14,解决方案：比亚迪电池，Fronius逆变器与住宅储能,解决方案：比亚迪电池，Fronius逆变器与住宅储能
2020-09-14,当安全成为命脉时，宁德时代就丧失了“电池战役”的主动权,当安全成为命脉时，宁德时代就丧失了“电池战役”的主动权
2020-09-14,A股午盘综述：创业板综指半日升3.08%共71股涨超10%，成交金额再超沪市,A股午盘综述：创业板综指半日升3.08%共71股涨超10%，成交金额再超沪市
2020-09-14,策略日报：弱势反抽 或还有回落确认,策略日报：弱势反抽 或还有回落确认
2020-09-14,苹果板块涨超2%，立讯精密、比亚迪、蓝思科技、歌尔股份、鹏鼎控股等集体上扬,苹果板块涨超2%，立讯精密、比亚迪、蓝思科技、歌尔股份、鹏鼎控股等集体上扬
2020-09-14,比亚迪营收稳居“断层C位”！上半年34家储能企业财报出炉！,比亚迪营收稳居“断层C位”！上半年34家储能企业财报出炉！
2020-09-14,国际能源网-储能周报，众览储能天下事！【9月7日-9月11日】,国际能源网-储能周报，众览储能天下事！【9月7日-9月11日】
2020-09-14,比亚迪：“刀片电池”将陆续搭载公司后续车型,比亚迪：“刀片电池”将陆续搭载公司后续车型
2020-09-14,打游戏/刷抖音/煲电视剧 比亚迪DiLink车机全体验,打游戏/刷抖音/煲电视剧 比亚迪DiLink车机全体验
2020-09-15,北向资金净流入33.21亿元，比亚迪获净买入6.36亿元居首,北向资金净流入33.21亿元，比亚迪获净买入6.36亿元居首
2020-09-15,收评：恒指涨0.38%日线三连阳 汽车、地产股爆发比亚迪涨12.62%,收评：恒指涨0.38%日线三连阳 汽车、地产股爆发比亚迪涨12.62%
2020-09-15,港股收盘：比亚迪大涨12% 消息称其将代工苹果新款iPad,港股收盘：比亚迪大涨12% 消息称其将代工苹果新款iPad
2020-09-15,比亚迪成为苹果新iPad代工方 2020代工行业发展现状与转型升级分析,比亚迪成为苹果新iPad代工方 2020代工行业发展现状与转型升级分析
2020-09-15,【异动股】比亚迪股份(01211-HK)创历史新高曾见98.8港元,【异动股】比亚迪股份(01211-HK)创历史新高曾见98.8港元
2020-09-15,9月15日异动股点评：比亚迪突破百元大关 盘点四牛与四熊,9月15日异动股点评：比亚迪突破百元大关 盘点四牛与四熊
2020-09-15,宁德时代一出手！这只A股一度暴涨15%,宁德时代一出手！这只A股一度暴涨15%
2020-09-15,汽车行业及代表性发行人信用状况跟踪：车市负增长及疫情冲击下发行人趋向谨慎,汽车行业及代表性发行人信用状况跟踪：车市负增长及疫情冲击下发行人趋向谨慎
2020-09-15,北上资金净买入33.21亿比亚迪净买入6.36亿,北上资金净买入33.21亿比亚迪净买入6.36亿
2020-09-15,报道称比亚迪已成为iPad新品的代工方,报道称比亚迪已成为iPad新品的代工方
2020-09-15,汽车行业新能源车销量点评：8月增长强劲 爆款车型精准切中需求,汽车行业新能源车销量点评：8月增长强劲 爆款车型精准切中需求
2020-09-15,新能源汽车行业周报：特斯拉的欧洲困局,新能源汽车行业周报：特斯拉的欧洲困局
2020-09-15,比亚迪成为苹果新iPad代工方 比亚迪将为苹果代工2020款iPad新品,比亚迪成为苹果新iPad代工方 比亚迪将为苹果代工2020款iPad新品
2020-09-15,港股复盘：新高了,港股复盘：新高了
2020-09-15,比亚迪成为苹果新iPad代工方 受此影响比亚迪股票涨停 涨幅达到9.51%,比亚迪成为苹果新iPad代工方 受此影响比亚迪股票涨停 涨幅达到9.51%
2020-09-15,港股平淡內房股表现夺目比亚迪、飞鹤、信达生物创新高,港股平淡內房股表现夺目比亚迪、飞鹤、信达生物创新高
2020-09-15,比亚迪等15股股价创历史新高,比亚迪等15股股价创历史新高
2020-09-15,传向戴姆勒供应刀片电池、为新iPad代工，比亚迪股价破百，市值一日暴涨240亿,传向戴姆勒供应刀片电池、为新iPad代工，比亚迪股价破百，市值一日暴涨240亿
2020-09-15,特斯拉大涨、比亚迪创新高 新能源车整车、芯片、锂电池都有金股,特斯拉大涨、比亚迪创新高 新能源车整车、芯片、锂电池都有金股
2020-09-15,马云马化腾罕见联手 新能源车行业牛股扎堆,马云马化腾罕见联手 新能源车行业牛股扎堆
2020-09-15,沉寂三年，这个材料又爆发了，厂家见货就收！,沉寂三年，这个材料又爆发了，厂家见货就收！
2020-09-15,北上资金今日净流入33亿 比亚迪获净买入6.36亿,北上资金今日净流入33亿 比亚迪获净买入6.36亿
2020-09-15,比亚迪：“汉”引领产品\品牌高端化，刀片电池开疆拓土,比亚迪：“汉”引领产品\品牌高端化，刀片电池开疆拓土
2020-09-15,百度世界2020：李彦宏预测无人驾驶5年内规模化商用 比亚迪、奇瑞、北汽、林肯之后红旗、威马更近一步,百度世界2020：李彦宏预测无人驾驶5年内规模化商用 比亚迪、奇瑞、北汽、林肯之后红旗、威马更近一步
2020-09-15,上汽大通携两款燃料电池车亮相工博会,上汽大通携两款燃料电池车亮相工博会
2020-09-15,数据复盘|北向资金净买入比亚迪等股 中国平安获主力大幅加仓,数据复盘|北向资金净买入比亚迪等股 中国平安获主力大幅加仓
2020-09-15,巴菲特的两大投资：苹果和比亚迪，有何亮点？,巴菲特的两大投资：苹果和比亚迪，有何亮点？
2020-09-15,A股收盘综述：创业板综指缩量收升0.34%，成交金额连续两日超沪市,A股收盘综述：创业板综指缩量收升0.34%，成交金额连续两日超沪市
2020-09-15,广和通：御风而行的无线通信模组“小巨人”,广和通：御风而行的无线通信模组“小巨人”
2020-09-15,中信证券：宁德时代全额认购先导智能25亿定增 宁德时代及其供应链有望受益,中信证券：宁德时代全额认购先导智能25亿定增 宁德时代及其供应链有望受益
2020-09-15,电气设备行业周报：长期预期提升 景气度加速向上,电气设备行业周报：长期预期提升 景气度加速向上
2020-09-15,"C级车马太效应明显 比亚迪汉初露""黑马""锋芒","C级车马太效应明显 比亚迪汉初露""黑马""锋芒"
2020-09-15,乘用车8月产量排行：宏光MINI产量破万超特斯拉,乘用车8月产量排行：宏光MINI产量破万超特斯拉
2020-09-15,动力电池板块走强，杉杉股份、石大胜华、比亚迪、天赐材料集体上涨,动力电池板块走强，杉杉股份、石大胜华、比亚迪、天赐材料集体上涨
2020-09-15,杉杉股份封住涨停、比亚迪涨超5%，动力电池板块继续拉升,杉杉股份封住涨停、比亚迪涨超5%，动力电池板块继续拉升
2020-09-15,消息人士：比亚迪已成为苹果iPad代工方,消息人士：比亚迪已成为苹果iPad代工方
2020-09-15,比亚迪大涨近8%再创新高，主力净流入超4亿元,比亚迪大涨近8%再创新高，主力净流入超4亿元
2020-09-15,比亚迪股价站上百元大关！消息称比亚迪将向奔驰母公司戴姆勒供应刀片电池,比亚迪股价站上百元大关！消息称比亚迪将向奔驰母公司戴姆勒供应刀片电池
2020-09-15,新能源汽车概念股拉升 比亚迪逼近涨停,新能源汽车概念股拉升 比亚迪逼近涨停
2020-09-15,杀手锏“811”：宁德时代走下神坛还是走向世界？,杀手锏“811”：宁德时代走下神坛还是走向世界？
2020-09-15,比亚迪大涨逾9%，股价突破100元大关再创新高,比亚迪大涨逾9%，股价突破100元大关再创新高
2020-09-15,比亚迪将向奔驰母公司戴姆勒供应刀片电池 H股大涨11%,比亚迪将向奔驰母公司戴姆勒供应刀片电池 H股大涨11%
2020-09-15,【异动股】刀片电池板块拉升，比亚迪(002594-CN)涨9.84%,【异动股】刀片电池板块拉升，比亚迪(002594-CN)涨9.84%
2020-09-15,解局 | “双马”一起投了恒大汽车40亿港元的配股融资,解局 | “双马”一起投了恒大汽车40亿港元的配股融资
2020-09-15,比亚迪涨停，股价突破100元大关,比亚迪涨停，股价突破100元大关
2020-09-15,比亚迪电子代工iPad新品 比亚迪A+H股均创历史新高,比亚迪电子代工iPad新品 比亚迪A+H股均创历史新高
2020-09-15,【9.15锂电快讯】比亚迪将向奔驰母公司戴姆勒供应刀片电池*特斯拉采购低碳镍,【9.15锂电快讯】比亚迪将向奔驰母公司戴姆勒供应刀片电池*特斯拉采购低碳镍
2020-09-15,【港股通】传将向奔驰母公司戴姆勒供应刀片电池 比亚迪股份升逾10%破顶,【港股通】传将向奔驰母公司戴姆勒供应刀片电池 比亚迪股份升逾10%破顶
2020-09-15,A股午盘综述：创业板综指半日升0.36%成交额再超沪市，题材股多点开花,A股午盘综述：创业板综指半日升0.36%成交额再超沪市，题材股多点开花
2020-09-15,快讯：比亚迪封涨停再创新高 成交超38亿元,快讯：比亚迪封涨停再创新高 成交超38亿元
2020-09-15,【行情】比亚迪午前涨停，成交额超38亿,【行情】比亚迪午前涨停，成交额超38亿
2020-09-15,比亚迪封住涨停再创新高，主力净流入超12亿元,比亚迪封住涨停再创新高，主力净流入超12亿元
2020-09-15,A股午盘丨汽车股领涨 比亚迪午前涨停,A股午盘丨汽车股领涨 比亚迪午前涨停
2020-09-16,A股收盘综述：创业板综指缩量收跌1.39%，市场资金围猎注册制次新股,A股收盘综述：创业板综指缩量收跌1.39%，市场资金围猎注册制次新股
2020-09-16,国内新能源乘用车8月上险销量点评：8月电动车乘险销量企稳 纯电动占比进一步增大,国内新能源乘用车8月上险销量点评：8月电动车乘险销量企稳 纯电动占比进一步增大
2020-09-16,商洛比亚迪与云南省华坪县签订战略合作框架协议,商洛比亚迪与云南省华坪县签订战略合作框架协议
2020-09-16,策略日报：谨防指数冲高回落,策略日报：谨防指数冲高回落
2020-09-16,合力泰：和比亚迪的合作主要是在车载电子领域,合力泰：和比亚迪的合作主要是在车载电子领域
2020-09-16,花旗：大幅上调比亚迪(1211.HK)AH股目标价 维持买入评级,花旗：大幅上调比亚迪(1211.HK)AH股目标价 维持买入评级
2020-09-16,比亚迪大涨4%再创新高 四个交易日涨幅超20%,比亚迪大涨4%再创新高 四个交易日涨幅超20%
2020-09-16,精细化选择 比亚迪宋PLUS将于今晚上市,精细化选择 比亚迪宋PLUS将于今晚上市
2020-09-16,8月汽车制造业工业增加值同比增长14.8% 西安拟逐步放宽汽车限行规定,8月汽车制造业工业增加值同比增长14.8% 西安拟逐步放宽汽车限行规定
2020-09-16,新能源景气度回升，2020年迎业绩拐点,新能源景气度回升，2020年迎业绩拐点
2020-09-16,特斯拉爆出大动作！极可能建全球最大超级充电桩，A股汽车巨头市值猛飙千亿，产业链最全名单来了,特斯拉爆出大动作！极可能建全球最大超级充电桩，A股汽车巨头市值猛飙千亿，产业链最全名单来了
2020-09-16,比亚迪新高后还有多少空间？入局苹果成催化剂之一,比亚迪新高后还有多少空间？入局苹果成催化剂之一
2020-09-16,北向资金连续两日净流入，宁德时代获净买入2.97亿元居首,北向资金连续两日净流入，宁德时代获净买入2.97亿元居首
2020-09-16,14只股股价创历史新高,14只股股价创历史新高
2020-09-16,创业板注册制次新股再次走强，卡倍亿4连板！比亚迪创新高，机构:反弹并未结束,创业板注册制次新股再次走强，卡倍亿4连板！比亚迪创新高，机构:反弹并未结束
2020-09-16,比亚迪宋PLUS正式上市 售11.58万-14.38万元,比亚迪宋PLUS正式上市 售11.58万-14.38万元
2020-09-16,售价11.58万-14.38万元 比亚迪宋PLUS正式上市,售价11.58万-14.38万元 比亚迪宋PLUS正式上市
2020-09-16,比亚迪宋PLUS拍了拍你！燃油版4款车型，你的钱包准备好了吗,比亚迪宋PLUS拍了拍你！燃油版4款车型，你的钱包准备好了吗
2020-09-16,售11.58-14.38万元 比亚迪全新SUV宋PLUS正式上市,售11.58-14.38万元 比亚迪全新SUV宋PLUS正式上市
2020-09-16,比亚迪跻身“百元股”市值近三千亿 近一年股价翻倍,比亚迪跻身“百元股”市值近三千亿 近一年股价翻倍
2020-09-16,台媒：比亚迪切入苹果产业链，富士康腹背受敌,台媒：比亚迪切入苹果产业链，富士康腹背受敌
2020-09-16,苏大维格：公司纳米纹理装饰材料已开拓比亚迪、华为等厂商,苏大维格：公司纳米纹理装饰材料已开拓比亚迪、华为等厂商
2020-09-16,2020年8月份新能源汽车格局梳理,2020年8月份新能源汽车格局梳理
2020-09-16,花旗：上调比亚迪目标价至151港元，维持“买入”评级,花旗：上调比亚迪目标价至151港元，维持“买入”评级
2020-09-16,给苹果代工iPad？比亚迪突然暴涨了300多亿,给苹果代工iPad？比亚迪突然暴涨了300多亿
2020-09-16,苹果发布会背后比亚迪成大赢家！昨日暴涨9.5%后继续走高3% 市值上探2800亿元,苹果发布会背后比亚迪成大赢家！昨日暴涨9.5%后继续走高3% 市值上探2800亿元
2020-09-16,六氟磷酸锂沉寂三年又爆发，下游厂家“有货就收”,六氟磷酸锂沉寂三年又爆发，下游厂家“有货就收”
2020-09-16,合作全球60+车企 百度的车联网生意,合作全球60+车企 百度的车联网生意
2020-09-16,每日理财观察：央行表态继续深化LPR改革,每日理财观察：央行表态继续深化LPR改革
2020-09-16,比亚迪，被遗忘的巨头,比亚迪，被遗忘的巨头
2020-09-16,岂止长春高新，这些热门股也现机构分歧,岂止长春高新，这些热门股也现机构分歧
2020-09-16,A股早报2020年9月16日星期三,A股早报2020年9月16日星期三
2020-09-16,A股融资融券日报：两融余额增加29.0亿元（9月15日）,A股融资融券日报：两融余额增加29.0亿元（9月15日）
2020-09-16,21股获融资净买入额超5000万元 比亚迪居首,21股获融资净买入额超5000万元 比亚迪居首
2020-09-16,【券商聚焦】大摩予比亚迪股份“与大市同步”评级 目标价75港元,【券商聚焦】大摩予比亚迪股份“与大市同步”评级 目标价75港元
2020-09-16,比亚迪涨超4%再创新高，杉杉股份、多氟多等动力电池股纷纷走强,比亚迪涨超4%再创新高，杉杉股份、多氟多等动力电池股纷纷走强
2020-09-16,北向资金动向盘点：净流入33.2亿，比亚迪占19%,北向资金动向盘点：净流入33.2亿，比亚迪占19%
2020-09-16,股价突破100元大关！比亚迪坐稳新能源汽车“一哥”,股价突破100元大关！比亚迪坐稳新能源汽车“一哥”
2020-09-16,比亚迪等23股获北向资金增持额超亿元,比亚迪等23股获北向资金增持额超亿元
2020-09-16,炒股、卖房、政府补助 164只汽车股上半年“花式获利”超150亿,炒股、卖房、政府补助 164只汽车股上半年“花式获利”超150亿
2020-09-16,市场要闻丨苹果发布两款iPad产品，代工方比亚迪AH股全线大涨,市场要闻丨苹果发布两款iPad产品，代工方比亚迪AH股全线大涨
2020-09-16,华龙内参2020年第173期 总第761期,华龙内参2020年第173期 总第761期
2020-09-16,A股午盘综述：创业板综指半日跌1.54%，注册制次新股获热炒,A股午盘综述：创业板综指半日跌1.54%，注册制次新股获热炒
2020-09-16,【行情】汽车整车板块持续拉升，长城汽车涨5%，长安汽车、比亚迪、东风汽车等跟涨,【行情】汽车整车板块持续拉升，长城汽车涨5%，长安汽车、比亚迪、东风汽车等跟涨
2020-09-16,5G时代引领全球发展，广和通疫情危机下实现逆势爆发,5G时代引领全球发展，广和通疫情危机下实现逆势爆发
2020-09-16,大华继显：比亚迪目标价区间为98.95港元至99.00港元,大华继显：比亚迪目标价区间为98.95港元至99.00港元
2020-09-16,盛视早参：“三阳开泰”后的量能起关键作用,盛视早参：“三阳开泰”后的量能起关键作用
2020-09-16,午报 | 大数据杀熟行为下月明令禁止；比亚迪成为苹果新iPad代工方,午报 | 大数据杀熟行为下月明令禁止；比亚迪成为苹果新iPad代工方
2020-09-17,比亚迪三日大涨25% 北向资金累计净买入7.74亿元,比亚迪三日大涨25% 北向资金累计净买入7.74亿元
2020-09-17,汽车行业9月投资策略：探寻行业企稳复苏 Α与Β共振,汽车行业9月投资策略：探寻行业企稳复苏 Α与Β共振
2020-09-17,龙虎榜：比亚迪强势涨停两机构卖出逾1.6亿元,龙虎榜：比亚迪强势涨停两机构卖出逾1.6亿元
2020-09-17,比亚迪涨停再创新高，外资大额做T内资机构减仓,比亚迪涨停再创新高，外资大额做T内资机构减仓
2020-09-17,比亚迪龙虎榜数据（9月17日）,比亚迪龙虎榜数据（9月17日）
2020-09-17,港股收评：恒指收跌1.56%，科技股全线下挫，石油、汽车逆势走强 连续下跌,港股收评：恒指收跌1.56%，科技股全线下挫，石油、汽车逆势走强 连续下跌
2020-09-17,基金收评 | 科技股上扬，外资继续买买买，A股要企稳回升？,基金收评 | 科技股上扬，外资继续买买买，A股要企稳回升？
2020-09-17,涨停复盘：A股震荡加剧次新股、三代半导再次被爆炒超10股逆市涨停,涨停复盘：A股震荡加剧次新股、三代半导再次被爆炒超10股逆市涨停
2020-09-17,【异动股】比亚迪股份(01211-HK)如脱疆野马逆市再升近7%,【异动股】比亚迪股份(01211-HK)如脱疆野马逆市再升近7%
2020-09-17,【中原金股组合】2020年第三期：3月1日-3月31日*中原证券2020年3月十大金股组合,【中原金股组合】2020年第三期：3月1日-3月31日*中原证券2020年3月十大金股组合
2020-09-17,A股异动丨万安科技(002590.SZ)涨4.79% 为比亚迪提供配套产品,A股异动丨万安科技(002590.SZ)涨4.79% 为比亚迪提供配套产品
2020-09-17,A股收盘综述：创业板综指收涨0.41%，半导体概念炒作聚拢人气,A股收盘综述：创业板综指收涨0.41%，半导体概念炒作聚拢人气
2020-09-17,比亚迪A股强势涨停！市值接近3000亿元,比亚迪A股强势涨停！市值接近3000亿元
2020-09-17,2020国家网安周：安全左移是智能车联网发展必由之路,2020国家网安周：安全左移是智能车联网发展必由之路
2020-09-17,比亚迪股份涨超6% 获大和上调目标价至109港元,比亚迪股份涨超6% 获大和上调目标价至109港元
2020-09-17,宁德时代25亿元增资先导智能 对手比亚迪3天大涨25%,宁德时代25亿元增资先导智能 对手比亚迪3天大涨25%
2020-09-17,收评：恒生指数跌1.56% 科技股大跌汽车股逆市走高比亚迪涨近6%,收评：恒生指数跌1.56% 科技股大跌汽车股逆市走高比亚迪涨近6%
2020-09-17,知情人士：立讯精密和比亚迪将分别获得苹果新款Watch和iPad更多订单,知情人士：立讯精密和比亚迪将分别获得苹果新款Watch和iPad更多订单
2020-09-17,一周涨超30%：外资抢买汽车巨头比亚迪近8亿 机构砸盘3亿,一周涨超30%：外资抢买汽车巨头比亚迪近8亿 机构砸盘3亿
2020-09-17,机构今日买入这8股，卖出比亚迪1.67亿元丨牛熊眼,机构今日买入这8股，卖出比亚迪1.67亿元丨牛熊眼
2020-09-17,3000亿巨头又涨停！年内飙涨超140%，稳坐新能源汽车一哥，公司这样回应股价大涨,3000亿巨头又涨停！年内飙涨超140%，稳坐新能源汽车一哥，公司这样回应股价大涨
2020-09-17,比亚迪股价暴涨：公司公告称近期生产经营正常，有券商仍看涨,比亚迪股价暴涨：公司公告称近期生产经营正常，有券商仍看涨
2020-09-17,22只股股价创历史新高,22只股股价创历史新高
2020-09-17,陆股通净买入4.39亿元，连续3日净买入,陆股通净买入4.39亿元，连续3日净买入
2020-09-17,比亚迪(002594.SZ)近期股价涨幅较大不存在未披露的或处于筹划阶段的重大事项,比亚迪(002594.SZ)近期股价涨幅较大不存在未披露的或处于筹划阶段的重大事项
2020-09-17,比亚迪：近期生产经营正常 经营环境未发现重大变化,比亚迪：近期生产经营正常 经营环境未发现重大变化
2020-09-17,比亚迪：不存在应披露而未披露的重大信息,比亚迪：不存在应披露而未披露的重大信息
2020-09-17,刚刚，这一板块点位创2年半新高，千亿龙头股封涨停,刚刚，这一板块点位创2年半新高，千亿龙头股封涨停
2020-09-17,机构现身22股，净买入信邦制药1亿元、净卖出比亚迪1.67亿元,机构现身22股，净买入信邦制药1亿元、净卖出比亚迪1.67亿元
2020-09-17,新股涨近530%，比亚迪3天涨超25%！股民：到了调整尾声,新股涨近530%，比亚迪3天涨超25%！股民：到了调整尾声
2020-09-17,比亚迪宋PLUS下战书，四大12万级自主SUV赤身肉搏,比亚迪宋PLUS下战书，四大12万级自主SUV赤身肉搏
2020-09-17,游资情报｜深股通7.2亿元强势封板新能源汽车龙头；“章盟主”出货创业板次新股！,游资情报｜深股通7.2亿元强势封板新能源汽车龙头；“章盟主”出货创业板次新股！
2020-09-17,"宋PLUS搭载DiLink3.0震撼上市,智能网联体验全面升级","宋PLUS搭载DiLink3.0震撼上市,智能网联体验全面升级"
2020-09-17,车圈｜吉利回复上交所科创板IPO首轮问询：与沃尔沃/领克不存在同业竞争 问询,车圈｜吉利回复上交所科创板IPO首轮问询：与沃尔沃/领克不存在同业竞争 问询
2020-09-17,北水动向(9.17)|北水净流入16.55亿 内资抢筹腾讯(00700)获净买入6.1亿港元,北水动向(9.17)|北水净流入16.55亿 内资抢筹腾讯(00700)获净买入6.1亿港元
2020-09-17,港股恒指大跌410点科指挫1.9%比亚迪无畏无惧市值破千亿 连续下跌,港股恒指大跌410点科指挫1.9%比亚迪无畏无惧市值破千亿 连续下跌
2020-09-17,比亚迪全新SUV宋PLUS上市 售11.58万-14.38万,比亚迪全新SUV宋PLUS上市 售11.58万-14.38万
2020-09-17,龙虎榜动向：3股机构及北向资金集体净买入,龙虎榜动向：3股机构及北向资金集体净买入
2020-09-17,比亚迪A股午后再度涨停，近5日股价大涨33%,比亚迪A股午后再度涨停，近5日股价大涨33%
2020-09-17,比亚迪再度大幅拉升 盘中大涨逾9%再创新高,比亚迪再度大幅拉升 盘中大涨逾9%再创新高
2020-09-17,【行情】比亚迪A股午后涨停，股价续创历史新高至115.94元,【行情】比亚迪A股午后涨停，股价续创历史新高至115.94元
2020-09-17,代工iPad，比亚迪成苹果发布会最大赢家，曾与富士康对簿公堂 诉讼纠纷,代工iPad，比亚迪成苹果发布会最大赢家，曾与富士康对簿公堂 诉讼纠纷
2020-09-17,A股融资融券日报：两融余额增加1.73亿元（9月16日）,A股融资融券日报：两融余额增加1.73亿元（9月16日）
2020-09-17,龙洲股份：未直接或间接持有“蔚来汽车”股份,龙洲股份：未直接或间接持有“蔚来汽车”股份
2020-09-17,8月动力电池市场：装机量5.1GWh，中航锂电成广汽新能源主供应商,8月动力电池市场：装机量5.1GWh，中航锂电成广汽新能源主供应商
2020-09-17,2020年中国锂电池行业动力电池年度竞争力品牌榜单,2020年中国锂电池行业动力电池年度竞争力品牌榜单
2020-09-17,中信证券：上调比亚迪目标价至139元/159港元,中信证券：上调比亚迪目标价至139元/159港元
2020-09-17,苹果开始分散代工订单 比亚迪占据一席之地,苹果开始分散代工订单 比亚迪占据一席之地
2020-09-17,【券商聚焦】大和重申比亚迪股份买入评级 目标价上调16%至109港元,【券商聚焦】大和重申比亚迪股份买入评级 目标价上调16%至109港元
2020-09-17,比亚迪（002594）：“汉”驱动品牌力提升，电动造车价值重估,比亚迪（002594）：“汉”驱动品牌力提升，电动造车价值重估
2020-09-17,港股盘前必读：中通快递拟全球发售4500万股股份预期9月29日上市,港股盘前必读：中通快递拟全球发售4500万股股份预期9月29日上市
2020-09-17,【晨观方正】房地产8月统计局数据点评/特斯拉产业链强者恒强/比亚迪/卫星石化/恒逸石化20200917,【晨观方正】房地产8月统计局数据点评/特斯拉产业链强者恒强/比亚迪/卫星石化/恒逸石化20200917
2020-09-17,比亚迪或将为苹果代工 多业务发展寻找新的突围路径,比亚迪或将为苹果代工 多业务发展寻找新的突围路径
2020-09-17,汽车及零部件：8 月上牌量同环比增长明显 豪华品牌涨势显著跑赢行业,汽车及零部件：8 月上牌量同环比增长明显 豪华品牌涨势显著跑赢行业
2020-09-17,加码主流SUV市场 比亚迪宋PLUS能走多远,加码主流SUV市场 比亚迪宋PLUS能走多远
2020-09-17,都咋盈利？十大中国车企财报解析(下),都咋盈利？十大中国车企财报解析(下)
2020-09-17,比亚迪(002594.SZ)封涨停板,比亚迪(002594.SZ)封涨停板
2020-09-17,银行结余增至2109.6亿港元 临“国庆黄金周” 港股看好,银行结余增至2109.6亿港元 临“国庆黄金周” 港股看好
2020-09-17,“汉”月销量有望爬升 机构上调比亚迪目标价至139元,“汉”月销量有望爬升 机构上调比亚迪目标价至139元
2020-09-17,8月装机电量点评：装机量同环比改善 客车市场回升明显,8月装机电量点评：装机量同环比改善 客车市场回升明显
2020-09-17,北向资金动向盘点：突然集中加仓“泛金融”,北向资金动向盘点：突然集中加仓“泛金融”
2020-09-17,汽车股涨幅扩大 比亚迪涨超9%再创新高,汽车股涨幅扩大 比亚迪涨超9%再创新高
2020-09-17,【行情】汽车板块持续活跃，江铃汽车大涨6%，比亚迪、东风汽车、长安汽车集体拉升,【行情】汽车板块持续活跃，江铃汽车大涨6%，比亚迪、东风汽车、长安汽车集体拉升
2020-09-17,【行情】汽车整车板块持续活跃，长城汽车、比亚迪涨6%，中通客车、江铃汽车等涨4%,【行情】汽车整车板块持续活跃，长城汽车、比亚迪涨6%，中通客车、江铃汽车等涨4%
2020-09-17,游资太“猖狂”！次新股狂拉150%，只用了不到5天,游资太“猖狂”！次新股狂拉150%，只用了不到5天
2020-09-17,第一上海投资论坛 | 【比亚迪，王者归来】交流研讨会,第一上海投资论坛 | 【比亚迪，王者归来】交流研讨会
2020-09-17,券商调高目标价50%！刚刚，近3000亿国产车巨头又暴涨，“聪明钱”近两日疯狂买入,券商调高目标价50%！刚刚，近3000亿国产车巨头又暴涨，“聪明钱”近两日疯狂买入
2020-09-17,港股午评|恒指跌近400点，科技股普跌，比亚迪控股逆势创历史新高,港股午评|恒指跌近400点，科技股普跌，比亚迪控股逆势创历史新高
2020-09-17,A股午盘综述：创业板综指半日跌0.72%，资金热炒半导体和注册制次新股,A股午盘综述：创业板综指半日跌0.72%，资金热炒半导体和注册制次新股
2020-09-17,大摩：重申比亚迪(1211.HK)与大市同步评级估值已反映基本面上升潜力,大摩：重申比亚迪(1211.HK)与大市同步评级估值已反映基本面上升潜力
2020-09-17,比亚迪涨超8%，动力电池板块涨幅扩大至3%,比亚迪涨超8%，动力电池板块涨幅扩大至3%
2020-09-17,5G时代引领全球发展，广和通疫情危机下实现逆势爆发,5G时代引领全球发展，广和通疫情危机下实现逆势爆发
2020-09-17,比亚迪、福耀玻璃均涨超6%，同创新高,比亚迪、福耀玻璃均涨超6%，同创新高
2020-09-17,翔丰华今日上市，A股锂电池板块再添新兵,翔丰华今日上市，A股锂电池板块再添新兵
2020-09-17,自主品牌需向上走 新能源车领域高端化成果初显,自主品牌需向上走 新能源车领域高端化成果初显
2020-09-17,大和：上调比亚迪股份(01211)目标价至109港元，维持“买入”评级,大和：上调比亚迪股份(01211)目标价至109港元，维持“买入”评级
2020-09-17,港股异动 | 比亚迪股份(1211.HK)涨2.41%再破顶 旗下“汉”有望成为“爆款”,港股异动 | 比亚迪股份(1211.HK)涨2.41%再破顶 旗下“汉”有望成为“爆款”
2020-09-17,比亚迪、长城汽车双双走升并再创新高，江铃汽车、广汽集团等普涨,比亚迪、长城汽车双双走升并再创新高，江铃汽车、广汽集团等普涨
2020-09-17,长虹华意：暂未与“比亚迪”开展合作,长虹华意：暂未与“比亚迪”开展合作
2020-09-18,恒大汽车官宣科创板上市 2020新能源汽车市场前景分析及格局分析,恒大汽车官宣科创板上市 2020新能源汽车市场前景分析及格局分析
2020-09-18,【9.18锂电快讯】比亚迪重庆电池工厂年底建成8条产线*特斯拉与大众旗下充电巨头达成协议,【9.18锂电快讯】比亚迪重庆电池工厂年底建成8条产线*特斯拉与大众旗下充电巨头达成协议
2020-09-18,【SMM分析】比亚迪“刀片电池”持续火热 2021 年产能将达到 33GWh,【SMM分析】比亚迪“刀片电池”持续火热 2021 年产能将达到 33GWh
2020-09-18,特斯拉或将在动力电池领域投出利器 硅纳米线技术有何与众不同？,特斯拉或将在动力电池领域投出利器 硅纳米线技术有何与众不同？
2020-09-18,富时罗素指数调整今生效，北上资金买买买，这些股票尾盘异动,富时罗素指数调整今生效，北上资金买买买，这些股票尾盘异动
2020-09-18,北水动向(9.18)|北水净流入21.43亿 内资抢筹内险股 中国平安(02318)获净买入8.62亿港元,北水动向(9.18)|北水净流入21.43亿 内资抢筹内险股 中国平安(02318)获净买入8.62亿港元
2020-09-18,比亚迪市值冲上3000亿元：3日市值涨逾600亿，知情人士称“供电戴姆勒”系谣传,比亚迪市值冲上3000亿元：3日市值涨逾600亿，知情人士称“供电戴姆勒”系谣传
2020-09-18,解密硅纳米线技术，特斯拉或在电池领域投出“利器”,解密硅纳米线技术，特斯拉或在电池领域投出“利器”
2020-09-18,数据解盘|今日北向资金合计净流入122.01亿元 保险板块获主力资金青睐,数据解盘|今日北向资金合计净流入122.01亿元 保险板块获主力资金青睐
2020-09-18,新能源车行业点评：电动车产销持续向上 产业链渐入佳境,新能源车行业点评：电动车产销持续向上 产业链渐入佳境
2020-09-18,【东吴电新】9月装机电量点评：装机量同环比大增，铁锂占比提升,【东吴电新】9月装机电量点评：装机量同环比大增，铁锂占比提升
2020-09-18,大金融突然爆发：A股强势反弹 近100亿“聪明钱”杀入,大金融突然爆发：A股强势反弹 近100亿“聪明钱”杀入
2020-09-18,新车型e9来了 能让加持了刀片电池的比亚迪雄起吗？,新车型e9来了 能让加持了刀片电池的比亚迪雄起吗？
2020-09-18,2020年1-7月国内动力电池装机电量排名,2020年1-7月国内动力电池装机电量排名
2020-09-18,“电动车”将接替大消费？特斯拉红火反衬国产品牌困顿,“电动车”将接替大消费？特斯拉红火反衬国产品牌困顿
2020-09-18,42股近五日获机构净买入 比亚迪获营业部净买入较大,42股近五日获机构净买入 比亚迪获营业部净买入较大
2020-09-18,比亚迪正在加紧提高刀片电池的产能,比亚迪正在加紧提高刀片电池的产能
2020-09-18,8月新能源乘用车上险量：同比增长120%，宏光MINI EV上险量翻番,8月新能源乘用车上险量：同比增长120%，宏光MINI EV上险量翻番
2020-09-18,招商局港口业务开始复苏,招商局港口业务开始复苏
2020-09-18,3000亿巨头又涨停，今年已飙涨143%，公司刚刚回应了！有券商仍看涨，也有机构落袋为安,3000亿巨头又涨停，今年已飙涨143%，公司刚刚回应了！有券商仍看涨，也有机构落袋为安
2020-09-18,多机构大买信邦制药 著名游资合买易事特,多机构大买信邦制药 著名游资合买易事特
2020-09-18,北向资金动向盘点：净卖“茅台”21亿，锁仓比亚迪,北向资金动向盘点：净卖“茅台”21亿，锁仓比亚迪
2020-09-18,盘前情报丨国常会再定调！这个行业放宽市场准入，机构研判：3200点以下是很好的买点,盘前情报丨国常会再定调！这个行业放宽市场准入，机构研判：3200点以下是很好的买点
2020-09-18,A股融资融券日报：两融余额增加36.6亿元（9月17日）,A股融资融券日报：两融余额增加36.6亿元（9月17日）
2020-09-18,油改电？电动汽车远比想象的深奥,油改电？电动汽车远比想象的深奥
2020-09-18,大数据揭秘：基金持股抱团呈现三大趋势,大数据揭秘：基金持股抱团呈现三大趋势
2020-09-18,长江一级汽车板块回调，比亚迪、长城汽车、长安汽车均跌4%左右,长江一级汽车板块回调，比亚迪、长城汽车、长安汽车均跌4%左右
2020-09-18,国轩高科首次公开固态电池时间表，两年内引入相关技术,国轩高科首次公开固态电池时间表，两年内引入相关技术
2020-09-18,专访比亚迪吴海平：碳化硅产能正在爬坡 以满足比亚迪汉生产需求,专访比亚迪吴海平：碳化硅产能正在爬坡 以满足比亚迪汉生产需求
2020-09-18,比亚迪：“刀片电池”产能目前稳步爬坡,比亚迪：“刀片电池”产能目前稳步爬坡
2020-09-18,市场要闻丨恒大汽车拟回归科创板，或将出现更高估值,市场要闻丨恒大汽车拟回归科创板，或将出现更高估值
2020-09-18,策略日报：短期调整尚未结束,策略日报：短期调整尚未结束
2020-09-18,9月17日比亚迪股价涨停 总市值达3163亿元,9月17日比亚迪股价涨停 总市值达3163亿元
2020-09-19,传苹果在中国增加第六代智能手表和iPad零部件产量,传苹果在中国增加第六代智能手表和iPad零部件产量
2020-09-19,三花智控(002050)深度分析：制冷龙头 汽零新秀,三花智控(002050)深度分析：制冷龙头 汽零新秀
2020-09-19,比尔盖茨否认马斯克是新乔布斯 2020年新能源电动汽车市场投资前景分析,比尔盖茨否认马斯克是新乔布斯 2020年新能源电动汽车市场投资前景分析
2020-09-19,北上资金净买入超百亿 创业板获持续加仓,北上资金净买入超百亿 创业板获持续加仓
2020-09-19,金融权重掀起涨潮 大豪科技低位震荡,金融权重掀起涨潮 大豪科技低位震荡
2020-09-19,新能源汽车：电动车产销持续向上 产业链渐入佳境,新能源汽车：电动车产销持续向上 产业链渐入佳境
2020-09-19,重构供应链：新能源汽车配套订单大量回流,重构供应链：新能源汽车配套订单大量回流
2020-09-19,北上资金净买入超百亿创业板获持续加仓,北上资金净买入超百亿创业板获持续加仓
2020-09-19,招商局港口业务开始复苏,招商局港口业务开始复苏
2020-09-19,【华创汽车】比亚迪：下半场，3000亿之后看什么？,【华创汽车】比亚迪：下半场，3000亿之后看什么？
2020-09-19,新能源汽车“电池焦虑”有望缓解,新能源汽车“电池焦虑”有望缓解
2020-09-20,福耀集团董事长曹德旺提车比亚迪「汉」EV,福耀集团董事长曹德旺提车比亚迪「汉」EV
2020-09-20,提升产能 比亚迪将建8条刀片电池产线,提升产能 比亚迪将建8条刀片电池产线
2020-09-20,11.58万起比亚迪宋PLUS上市 比亚迪单一产品矩阵化策略成型,11.58万起比亚迪宋PLUS上市 比亚迪单一产品矩阵化策略成型
2020-09-20,新能源汽车产业跟踪系列23：8月新能源车产销同比高增 行业恢复景气,新能源汽车产业跟踪系列23：8月新能源车产销同比高增 行业恢复景气
2020-09-21,2020年电新行业周报9月第3期：新能源汽车景气向上 光伏持续保持高景气,2020年电新行业周报9月第3期：新能源汽车景气向上 光伏持续保持高景气
2020-09-21,【异动股】比亚迪股份(01211-HK)终登顶回调现挫6.6%,【异动股】比亚迪股份(01211-HK)终登顶回调现挫6.6%
2020-09-21,宁德时代“陨落”？,宁德时代“陨落”？
2020-09-21,比亚迪高位大跌8.42%，外资交投活跃,比亚迪高位大跌8.42%，外资交投活跃
2020-09-21,电气设备及新能源9月报：翘首十四五风光储融合发展 电动海内外景气度共振,电气设备及新能源9月报：翘首十四五风光储融合发展 电动海内外景气度共振
2020-09-21,龙虎榜：比亚迪跌8.4% 机构买入5594万元,龙虎榜：比亚迪跌8.4% 机构买入5594万元
2020-09-21,比亚迪高位大跌8.42%深股通卖出6.38亿元并买入6.89亿元,比亚迪高位大跌8.42%深股通卖出6.38亿元并买入6.89亿元
2020-09-21,比亚迪龙虎榜数据（9月21日）,比亚迪龙虎榜数据（9月21日）
2020-09-21,龙虎榜：比亚迪被超20亿资金集中博弈外资携手机构逢低加仓,龙虎榜：比亚迪被超20亿资金集中博弈外资携手机构逢低加仓
2020-09-21,滴滴出行与中国的比亚迪合作打造定制电动汽车,滴滴出行与中国的比亚迪合作打造定制电动汽车
2020-09-21,滴滴据悉将与比亚迪合作，生产定制型电动车,滴滴据悉将与比亚迪合作，生产定制型电动车
2020-09-21,【主力资金】华为突发利好？超3亿资金追捧芯片受益股,【主力资金】华为突发利好？超3亿资金追捧芯片受益股
2020-09-21,游资情报｜“方新侠”、两机构席位爆买军工股；神秘游资席位出手不凡，今日出手6只股4只涨停,游资情报｜“方新侠”、两机构席位爆买军工股；神秘游资席位出手不凡，今日出手6只股4只涨停
2020-09-21,【行情】比亚迪ADR盘前大跌8.63%，今日其港股跌7.51%，A股跌8.42%,【行情】比亚迪ADR盘前大跌8.63%，今日其港股跌7.51%，A股跌8.42%
2020-09-21,美股盘前：三大期指重挫，多家银行涉2万亿美元可疑交易,美股盘前：三大期指重挫，多家银行涉2万亿美元可疑交易
2020-09-21,美股大幅低开，银行股重挫,美股大幅低开，银行股重挫
2020-09-21,汽车周报：行业复苏之旅蓬勃展开 新能源领域供需两旺,汽车周报：行业复苏之旅蓬勃展开 新能源领域供需两旺
2020-09-21,“滴滴”牌汽车来了?消息称滴滴比亚迪年内将推出定制网约车,“滴滴”牌汽车来了?消息称滴滴比亚迪年内将推出定制网约车
2020-09-21,晚间资讯｜特斯拉电池日本周来袭；海澜之家澄清未在南京设立半导体设备新公司,晚间资讯｜特斯拉电池日本周来袭；海澜之家澄清未在南京设立半导体设备新公司
2020-09-21,晚间公告热点追踪：新能源汽车大牛股差点跌停 市值蒸发超200亿,晚间公告热点追踪：新能源汽车大牛股差点跌停 市值蒸发超200亿
2020-09-21,宁德时代迎来“至暗时刻”：跌落王座 威胁环顾,宁德时代迎来“至暗时刻”：跌落王座 威胁环顾
2020-09-21,滴滴出行与比亚迪合作打造定制电动汽车？滴滴：暂不回应,滴滴出行与比亚迪合作打造定制电动汽车？滴滴：暂不回应
2020-09-21,比亚迪股价飙升推动其联合创始人王传福身家一周增加23亿美元,比亚迪股价飙升推动其联合创始人王传福身家一周增加23亿美元
2020-09-21,万亿巨头火速过会将登陆科创板 外资抢筹净买入近百亿,万亿巨头火速过会将登陆科创板 外资抢筹净买入近百亿
2020-09-21,A股收盘综述：上证指数缩量下滑0.63%，比亚迪下挫超8%拖累汽车板块,A股收盘综述：上证指数缩量下滑0.63%，比亚迪下挫超8%拖累汽车板块
2020-09-21,打破垄断 比亚迪半导体布局车规级核心半导体器件,打破垄断 比亚迪半导体布局车规级核心半导体器件
2020-09-21,8月汽车销量两年来最强正增长？比亚迪们的金九银十要来了吗？,8月汽车销量两年来最强正增长？比亚迪们的金九银十要来了吗？
2020-09-21,Model Y提前上市 谁还能撼动特斯拉的地位？,Model Y提前上市 谁还能撼动特斯拉的地位？
2020-09-21,中通客车“失宠”背后：新能源弯道超车计划遭遇重大挑战,中通客车“失宠”背后：新能源弯道超车计划遭遇重大挑战
2020-09-21,比亚迪电池探索现代住宅储能解决方案,比亚迪电池探索现代住宅储能解决方案
2020-09-21,A股融资融券日报：两融余额增加37.75亿元（9月18日）,A股融资融券日报：两融余额增加37.75亿元（9月18日）
2020-09-21,宁德时代大涨近5%，提振动力电池板块,宁德时代大涨近5%，提振动力电池板块
2020-09-21,解析汽车半导体行业现状，它的未来在哪里,解析汽车半导体行业现状，它的未来在哪里
2020-09-21,比亚迪宋PLUS 11.58万起 欲与宋Pro合力抢占SUV市场,比亚迪宋PLUS 11.58万起 欲与宋Pro合力抢占SUV市场
2020-09-21,A股：7只无人驾驶概念细分龙头股（名单）一览（收藏+转发）,A股：7只无人驾驶概念细分龙头股（名单）一览（收藏+转发）
2020-09-21,LG化学将分拆电池业务部门 2020年动力电池市场格局数据分析,LG化学将分拆电池业务部门 2020年动力电池市场格局数据分析
2020-09-21,德方纳米(300769)：铁锂材料龙头 受益行业回暖,德方纳米(300769)：铁锂材料龙头 受益行业回暖
2020-09-21,产能制约新车交付，比亚迪将建8条刀片电池产线,产能制约新车交付，比亚迪将建8条刀片电池产线
2020-09-21,薛定谔的比亚迪,薛定谔的比亚迪
2020-09-21,共同见证十七载造车进化 比亚迪向曹德旺先生交付汉EV,共同见证十七载造车进化 比亚迪向曹德旺先生交付汉EV
2020-09-21,比亚迪(002594.SZ)一度逼近跌停 资金净流出超10亿元,比亚迪(002594.SZ)一度逼近跌停 资金净流出超10亿元
2020-09-21,比亚迪放量大跌逾8% 此前5个交易日大涨33% 连续下跌,比亚迪放量大跌逾8% 此前5个交易日大涨33% 连续下跌
2020-09-21,比亚迪尾盘逼近跌停，主力净流出近6亿元,比亚迪尾盘逼近跌停，主力净流出近6亿元
2020-09-21,汽车行业周观点：行业持续回暖 特斯拉供应商值得关注,汽车行业周观点：行业持续回暖 特斯拉供应商值得关注
2020-09-21,8月销量排行：宏光MINI EV助力上通五菱超越特斯拉夺冠,8月销量排行：宏光MINI EV助力上通五菱超越特斯拉夺冠
2020-09-21,比亚迪大跌5.14%，振幅8.94%,比亚迪大跌5.14%，振幅8.94%
2020-09-21,汽车行业周报：配置可以更均衡,汽车行业周报：配置可以更均衡
2020-09-21,比亚迪跌超7%，主力净流出5.7亿元,比亚迪跌超7%，主力净流出5.7亿元
2020-09-22,比亚迪为滴滴出行定制纯电动D1 续航超过400公里,比亚迪为滴滴出行定制纯电动D1 续航超过400公里
2020-09-22,8月乘用车配套动力电池装机量：LFP同比大增178%,8月乘用车配套动力电池装机量：LFP同比大增178%
2020-09-22,摩通：升比亚迪(1211.HK)目标价至122港元可受惠销售巩固及电池业务,摩通：升比亚迪(1211.HK)目标价至122港元可受惠销售巩固及电池业务
2020-09-22,新能源汽车下乡江苏站活动在南京启动,新能源汽车下乡江苏站活动在南京启动
2020-09-22,中金：2019新能源车市回顾——三因素带来销量波动,中金：2019新能源车市回顾——三因素带来销量波动
2020-09-22,盛视早参：外围大跌 抗疫再起！,盛视早参：外围大跌 抗疫再起！
2020-09-22,十年补贴1206亿元，新能源汽车国家补贴大调查,十年补贴1206亿元，新能源汽车国家补贴大调查
2020-09-22,股价震荡 联手滴滴造车？“梭哈”比亚迪值得吗,股价震荡 联手滴滴造车？“梭哈”比亚迪值得吗
2020-09-22,滴滴联手比亚迪打造电动汽车 年内将交付,滴滴联手比亚迪打造电动汽车 年内将交付
2020-09-22,美股盘前：期指窄幅波动，特斯拉盘前跌超4%,美股盘前：期指窄幅波动，特斯拉盘前跌超4%
2020-09-22,美股小幅高开，市场静待美联储鲍威尔国会证词,美股小幅高开，市场静待美联储鲍威尔国会证词
2020-09-22,晚间要闻2020年9月22日星期二,晚间要闻2020年9月22日星期二
2020-09-22,广州地铁与比亚迪签署战略合作协议 合作研发轨道交通新技术,广州地铁与比亚迪签署战略合作协议 合作研发轨道交通新技术
2020-09-22,连续3日净买入比亚迪获深股通净买入2.91亿元,连续3日净买入比亚迪获深股通净买入2.91亿元
2020-09-22,传比亚迪(01211)正在与戴姆勒(DMLRY.US)洽谈供应电动汽车芯片,传比亚迪(01211)正在与戴姆勒(DMLRY.US)洽谈供应电动汽车芯片
2020-09-22,任泽平：中国新能源汽车发展报告,任泽平：中国新能源汽车发展报告
2020-09-22,比亚迪据悉正在就向戴姆勒供应电动汽车芯片进行谈判,比亚迪据悉正在就向戴姆勒供应电动汽车芯片进行谈判
2020-09-22,深度 | 特斯拉电池日将至！憋了半年多的“大招”能否撑起暴涨6倍的市值？,深度 | 特斯拉电池日将至！憋了半年多的“大招”能否撑起暴涨6倍的市值？
2020-09-22,比亚迪弗迪重庆工厂新建8条产线年产能将达20GWh,比亚迪弗迪重庆工厂新建8条产线年产能将达20GWh
2020-09-22,宋PLUS亮相，比亚迪逆市寻求新突破,宋PLUS亮相，比亚迪逆市寻求新突破
2020-09-22,宁德时代研究报告,宁德时代研究报告
2020-09-22,多家机构布局军工标的 财通上塘路抓龙头首板,多家机构布局军工标的 财通上塘路抓龙头首板
2020-09-22,啥情况？3000亿大牛股差点跌停,啥情况？3000亿大牛股差点跌停
2020-09-22,跌75%后，这一材料价格终于回暖，上行空间有多大？,跌75%后，这一材料价格终于回暖，上行空间有多大？
2020-09-22,竞技龙舟下水亮相，比亚迪推动“龙舟入奥”更进一步,竞技龙舟下水亮相，比亚迪推动“龙舟入奥”更进一步
2020-09-22,23股获券商买入评级，蓝帆医疗目标涨幅达108.93%,23股获券商买入评级，蓝帆医疗目标涨幅达108.93%
2020-09-22,A股早报2020年9月22日星期二,A股早报2020年9月22日星期二
2020-09-22,A股融资融券日报：两融余额增加19.59亿元（9月21日）,A股融资融券日报：两融余额增加19.59亿元（9月21日）
2020-09-22,每日理财观察：LPR报价连续5个月按兵不动，回购定盘利率全线上涨,每日理财观察：LPR报价连续5个月按兵不动，回购定盘利率全线上涨
2020-09-22,6股获融资净买入额超亿元 比亚迪居首,6股获融资净买入额超亿元 比亚迪居首
2020-09-22,滴滴出行欲和比亚迪打造网约车版定制汽车?,滴滴出行欲和比亚迪打造网约车版定制汽车?
2020-09-22,苹果概念股局部活跃，立讯精密、比亚迪、蓝思科技、歌尔股份走升,苹果概念股局部活跃，立讯精密、比亚迪、蓝思科技、歌尔股份走升
2020-09-22,比亚迪回应与滴滴合作打造电动车：现阶段暂无披露信息,比亚迪回应与滴滴合作打造电动车：现阶段暂无披露信息
2020-09-22,打破次元壁！比亚迪将代工苹果新款iPad，公司总市值应声直逼3000亿元,打破次元壁！比亚迪将代工苹果新款iPad，公司总市值应声直逼3000亿元
2020-09-22,外媒：比亚迪将为滴滴出行生产定制电动汽车,外媒：比亚迪将为滴滴出行生产定制电动汽车
2020-09-22,利好比亚迪？马斯克“电池日”前夕泼冷水，特斯拉盘后跌5.87%,利好比亚迪？马斯克“电池日”前夕泼冷水，特斯拉盘后跌5.87%
2020-09-22,“沾”苹果就涨！比亚迪将代工新款iPad，总市值一度破3000亿,“沾”苹果就涨！比亚迪将代工新款iPad，总市值一度破3000亿
2020-09-22,超级电池虚与实：噱头还是颠覆性技术？,超级电池虚与实：噱头还是颠覆性技术？
2020-09-23,特斯拉发布4680新型电池 新车续航超830km 2020新能源电动汽车市场供需分析,特斯拉发布4680新型电池 新车续航超830km 2020新能源电动汽车市场供需分析
2020-09-23,比亚迪开辟芬兰市场 签下106辆电动公交订单,比亚迪开辟芬兰市场 签下106辆电动公交订单
2020-09-23,汽车行业周报：新能源汽车开始市场化放量 铁锂电池重获生机,汽车行业周报：新能源汽车开始市场化放量 铁锂电池重获生机
2020-09-23,车圈｜比亚迪与北欧最大公交运营商签单 106台电动大巴将进入荷兰市场,车圈｜比亚迪与北欧最大公交运营商签单 106台电动大巴将进入荷兰市场
2020-09-23,比亚迪：汉车型交付量无法及时满足客户对现车的需求,比亚迪：汉车型交付量无法及时满足客户对现车的需求
2020-09-23,比亚迪股份(01211)：汉车型供不应求，正加紧提升产能,比亚迪股份(01211)：汉车型供不应求，正加紧提升产能
2020-09-23,特斯拉“电池日”公布重磅技术突破，将如何震动新能源电池产业？,特斯拉“电池日”公布重磅技术突破，将如何震动新能源电池产业？
2020-09-23,环卫行业专题系列：从成本角度看新能源环卫车竞争力,环卫行业专题系列：从成本角度看新能源环卫车竞争力
2020-09-23,先导智能(300450)：携手CATL逆势扩张 锂电设备龙头蓄势待发,先导智能(300450)：携手CATL逆势扩张 锂电设备龙头蓄势待发
2020-09-23,【9.23锂电快讯】比亚迪称向戴姆勒供应电动汽车芯片*特斯拉期待上海工厂实现100万辆汽车/年的产量目标,【9.23锂电快讯】比亚迪称向戴姆勒供应电动汽车芯片*特斯拉期待上海工厂实现100万辆汽车/年的产量目标
2020-09-23,港股盘前必读：中通快递全球发售募集资金总额预计约为98.10亿港元,港股盘前必读：中通快递全球发售募集资金总额预计约为98.10亿港元
2020-09-23,广州地铁与比亚迪达成战略合作，共同发掘云巴、云轨等新型轨道交通建设运营业务,广州地铁与比亚迪达成战略合作，共同发掘云巴、云轨等新型轨道交通建设运营业务
2020-09-23,A股融资融券日报：两融余额增加4.49亿元（9月22日）,A股融资融券日报：两融余额增加4.49亿元（9月22日）
2020-09-23,“1号客户”曝光？3000亿新能源巨头大事件！机构高呼万亿市值,“1号客户”曝光？3000亿新能源巨头大事件！机构高呼万亿市值
2020-09-23,邓声兴：市况仍疲弱 投资者入市态度审慎 恒指料于现水平波动,邓声兴：市况仍疲弱 投资者入市态度审慎 恒指料于现水平波动
2020-09-23,比亚迪与北欧最大公共交通运营商签订106台纯电动大巴订单,比亚迪与北欧最大公共交通运营商签订106台纯电动大巴订单
2020-09-23,官宣牵手特斯拉，金力永磁早盘大涨超15%,官宣牵手特斯拉，金力永磁早盘大涨超15%
2020-09-23,华龙内参2020年第178期 总第766期,华龙内参2020年第178期 总第766期
2020-09-23,滴滴比亚迪定制出行车浮出水面 代号“D1”的电动车或于下月发布,滴滴比亚迪定制出行车浮出水面 代号“D1”的电动车或于下月发布
2020-09-23,开辟新市场：比亚迪获芬兰史上最大纯电动巴士订单,开辟新市场：比亚迪获芬兰史上最大纯电动巴士订单
2020-09-24,北水动向(9.24)|北水净流出1.33亿 逢低吸筹JS环球生活(01691)超1.5亿,北水动向(9.24)|北水净流出1.33亿 逢低吸筹JS环球生活(01691)超1.5亿
2020-09-24,国轩高科首次公开固态电池时间表，两年内引入相关技术,国轩高科首次公开固态电池时间表，两年内引入相关技术
2020-09-24,A股收盘综述：上证指数收跌1.7%各板块尽墨，北向资金净卖出超121亿元,A股收盘综述：上证指数收跌1.7%各板块尽墨，北向资金净卖出超121亿元
2020-09-24,比亚迪将向戴姆勒供应刀片电池与汽车芯片！,比亚迪将向戴姆勒供应刀片电池与汽车芯片！
2020-09-24,【券商聚焦】垂直整合及研发能力出众 招银看好新能源行业龙头比亚迪,【券商聚焦】垂直整合及研发能力出众 招银看好新能源行业龙头比亚迪
2020-09-24,谱尼测试：与比亚迪、蔚来有少量合作，与特斯拉无合作,谱尼测试：与比亚迪、蔚来有少量合作，与特斯拉无合作
2020-09-24,干到全球第一，只用了7年！宁德时代“赌”对了！,干到全球第一，只用了7年！宁德时代“赌”对了！
2020-09-24,苹果板块跌2.7%，立讯精密、京东方A、蓝思科技、歌尔股份集体下滑,苹果板块跌2.7%，立讯精密、京东方A、蓝思科技、歌尔股份集体下滑
2020-09-24,特斯拉新电池计划发布 对谁的威胁最大？,特斯拉新电池计划发布 对谁的威胁最大？
2020-09-24,瑞士信贷：上调比亚迪目标价至125港元，评级跑赢大市,瑞士信贷：上调比亚迪目标价至125港元，评级跑赢大市
2020-09-24,五菱宏光比亚迪强势冲击 特斯拉8月销量未达预期 盈利能力下降,五菱宏光比亚迪强势冲击 特斯拉8月销量未达预期 盈利能力下降
2020-09-24,被汽车耽误的隐形代工巨头比亚迪？,被汽车耽误的隐形代工巨头比亚迪？
2020-09-24,北向资金动向盘点：逆市抄底黄金股，玄机深藏,北向资金动向盘点：逆市抄底黄金股，玄机深藏
2020-09-24,中信证券：特斯拉积极推动电池技术进步 供应链有望受益（附股）,中信证券：特斯拉积极推动电池技术进步 供应链有望受益（附股）
2020-09-24,乘联会：重点车企指标明显改善,乘联会：重点车企指标明显改善
2020-09-24,8月电机排行榜：宏光MINI EV助力宁波双林乘用车领域夺冠,8月电机排行榜：宏光MINI EV助力宁波双林乘用车领域夺冠
2020-09-24,【券商聚焦】瑞信升比亚迪股份目标价25%至125港元 维持“优于大市”评级,【券商聚焦】瑞信升比亚迪股份目标价25%至125港元 维持“优于大市”评级
2020-09-24,A股融资融券日报：两融余额增加47.28亿元（9月23日）,A股融资融券日报：两融余额增加47.28亿元（9月23日）
2020-09-24,港股开盘(9.24)︱恒指跌0.86% JS环球生活(01691)低开近11% 配售股份涉资达10.8亿,港股开盘(9.24)︱恒指跌0.86% JS环球生活(01691)低开近11% 配售股份涉资达10.8亿
2020-09-25,利元亨时隔一年再冲科创板 内控规范性受质疑,利元亨时隔一年再冲科创板 内控规范性受质疑
2020-09-25,华润微(688396)：借特色工艺平台优势 高话语权细分市场持续拓宽,华润微(688396)：借特色工艺平台优势 高话语权细分市场持续拓宽
2020-09-25,比亚迪连续六日遭减持：A股H股双减持，王传福表哥套现1.25亿元 减持股份,比亚迪连续六日遭减持：A股H股双减持，王传福表哥套现1.25亿元 减持股份
2020-09-25,第10批目录：中航配套赛力斯 乘用车LFP占比近4成,第10批目录：中航配套赛力斯 乘用车LFP占比近4成
2020-09-25,【行情】汽车整车板块走强，曙光股份拉升封板，长城汽车、比亚迪、长安汽车等个股纷纷跟涨,【行情】汽车整车板块走强，曙光股份拉升封板，长城汽车、比亚迪、长安汽车等个股纷纷跟涨
2020-09-25,A股融资融券日报：两融余额减少21.84亿元（9月24日）,A股融资融券日报：两融余额减少21.84亿元（9月24日）
2020-09-25,Option Jack：慢跌是为了急跌做准备 比亚迪小米两样情,Option Jack：慢跌是为了急跌做准备 比亚迪小米两样情
2020-09-26,比亚迪北京车展正式发布《服务公约》 提出两点主张和四点承诺,比亚迪北京车展正式发布《服务公约》 提出两点主张和四点承诺
2020-09-26,比亚迪服务升级 北京车展发布《服务公约》,比亚迪服务升级 北京车展发布《服务公约》
2020-09-26,比亚迪赵长江：中国车市机会很大 纯电动汽车单月销量破2万不成问题,比亚迪赵长江：中国车市机会很大 纯电动汽车单月销量破2万不成问题
2020-09-26,比亚迪DiLink与蘑菇车联合作研发基于车路协同的智慧交通方案,比亚迪DiLink与蘑菇车联合作研发基于车路协同的智慧交通方案
2020-09-26,证监会重磅发声：中国资本市场已成最具吸引力市场！两大万亿资金掐架，茅台“受伤”？融资客加仓它们,证监会重磅发声：中国资本市场已成最具吸引力市场！两大万亿资金掐架，茅台“受伤”？融资客加仓它们
2020-09-26,比亚迪DiLink与蘑菇车联合作，推动车路协同和自动驾驶发展,比亚迪DiLink与蘑菇车联合作，推动车路协同和自动驾驶发展
2020-09-26,陆家嘴财经早餐2020年9月26日星期六,陆家嘴财经早餐2020年9月26日星期六
2020-09-26,华南西南车企“冰火两重天”：长安汽车逆势增长 海马力帆处境艰难,华南西南车企“冰火两重天”：长安汽车逆势增长 海马力帆处境艰难
2020-09-26,巴菲特过气了吗？,巴菲特过气了吗？
2020-09-26,证券板块拉升护盘 机构外资交易频繁,证券板块拉升护盘 机构外资交易频繁
2020-09-27,A股公司里那些玩跨界的高手：有人忍痛转型，有人“投机生财”,A股公司里那些玩跨界的高手：有人忍痛转型，有人“投机生财”
2020-09-27,汽车行业周报：政策终落地 燃料电池发展迎来新机遇,汽车行业周报：政策终落地 燃料电池发展迎来新机遇
2020-09-27,电气设备新能源行业周报：中欧两国携手倡导绿色发展 光伏电动车双双利好,电气设备新能源行业周报：中欧两国携手倡导绿色发展 光伏电动车双双利好
2020-09-27,比亚迪：确有与芬兰公司签下106台纯电动大巴订单,比亚迪：确有与芬兰公司签下106台纯电动大巴订单
2020-09-27,比亚迪：“汉”目前订单饱满，已经开始交付,比亚迪：“汉”目前订单饱满，已经开始交付
2020-09-27,比亚迪与蘑菇车联达成合作，聚焦车路协同，推动自动驾驶落地,比亚迪与蘑菇车联达成合作，聚焦车路协同，推动自动驾驶落地
2020-09-27,被“绿牌”割裂的北京新能源市场,被“绿牌”割裂的北京新能源市场
2020-09-27,委以坚守 托以创新——深圳第二产业比重何以近40%,委以坚守 托以创新——深圳第二产业比重何以近40%
2020-09-27,发展自动驾驶 比亚迪/蘑菇智行达成合作,发展自动驾驶 比亚迪/蘑菇智行达成合作
2020-09-27,北向资金动向盘点：本周累计净卖出247.1亿元,北向资金动向盘点：本周累计净卖出247.1亿元
2020-09-27,新能源车企：储备资金和上马2.0产品,新能源车企：储备资金和上马2.0产品
2020-09-27,有色金属2020年四季度策略报告(镍)：基本面支撑下 镍价下行空间有限,有色金属2020年四季度策略报告(镍)：基本面支撑下 镍价下行空间有限
2020-09-28,汽车智能网联系统DiLink3.0亮相车展,汽车智能网联系统DiLink3.0亮相车展
2020-09-28,汽车行业周观点：特斯拉电池日发布新技术 行业持续回暖,汽车行业周观点：特斯拉电池日发布新技术 行业持续回暖
2020-09-28,比亚迪李云飞：调整品牌策略 技术服务两手抓,比亚迪李云飞：调整品牌策略 技术服务两手抓
2020-09-28,为“回A”铺路？阿特斯新增比亚迪等12名股东,为“回A”铺路？阿特斯新增比亚迪等12名股东
2020-09-28,从沈阳到溧水 世界500强、宝马核心供应商佛吉亚联姻华夏幸福的N个理由,从沈阳到溧水 世界500强、宝马核心供应商佛吉亚联姻华夏幸福的N个理由
2020-09-28,TUV南德为比亚迪汽车工业户用储能系统颁发欧洲安全认证证书,TUV南德为比亚迪汽车工业户用储能系统颁发欧洲安全认证证书
2020-09-28,比亚迪入股阿特斯太阳能,比亚迪入股阿特斯太阳能
2020-09-28,[公司]比亚迪：“刀片电池”产能目前稳步爬坡中,[公司]比亚迪：“刀片电池”产能目前稳步爬坡中
2020-09-28,[公司]比亚迪：在深圳、西安、重庆、青海等地布局动力电池工厂,[公司]比亚迪：在深圳、西安、重庆、青海等地布局动力电池工厂
2020-09-28,[公司]比亚迪：将加快推进比亚迪半导体分拆上市工作,[公司]比亚迪：将加快推进比亚迪半导体分拆上市工作
2020-09-28,[公司]比亚迪：纯电动大巴已经在全球300多个城市运营,[公司]比亚迪：纯电动大巴已经在全球300多个城市运营
2020-09-28,苹果概念股表现活跃，立讯精密、比亚迪、京东方A、蓝思科技、歌尔股份普涨,苹果概念股表现活跃，立讯精密、比亚迪、京东方A、蓝思科技、歌尔股份普涨
2020-09-28,恒指涨幅扩大至2%，比亚迪涨近10%,恒指涨幅扩大至2%，比亚迪涨近10%
2020-09-28,比亚迪DiLink亮相华为智能汽车解决方案生态论坛杨冬生：诚邀开发者共享智能汽车发展成果,比亚迪DiLink亮相华为智能汽车解决方案生态论坛杨冬生：诚邀开发者共享智能汽车发展成果
2020-09-28,十四五能源规划前瞻：能源转型提速，万亿电力缺口还看风光,十四五能源规划前瞻：能源转型提速，万亿电力缺口还看风光
2020-09-28,电动车电池如何更安全？,电动车电池如何更安全？
2020-09-28,上市3年突破25万辆 比亚迪宋MAX开启全新里程碑,上市3年突破25万辆 比亚迪宋MAX开启全新里程碑
2020-09-28,每日理财观察：超500万人购买蚂蚁战配基金，多家银行下调外币存款利率,每日理财观察：超500万人购买蚂蚁战配基金，多家银行下调外币存款利率
2020-09-29,WNEVC 2020 | 比亚迪田春龙：商用车的电动化与智能化结合，未来可能比乘用车发展更快。,WNEVC 2020 | 比亚迪田春龙：商用车的电动化与智能化结合，未来可能比乘用车发展更快。
2020-09-29,技术驱动，新能源汽车领域半导体的国产化之路,技术驱动，新能源汽车领域半导体的国产化之路
2020-09-29,比亚迪鲁志佩：刀片电池能量密度2025年可超180Wh/kg,比亚迪鲁志佩：刀片电池能量密度2025年可超180Wh/kg
2020-09-29,观察｜北京车展：造车新势力多数缺席，自主品牌借纯电冲高端,观察｜北京车展：造车新势力多数缺席，自主品牌借纯电冲高端
2020-09-29,【东吴电新】9月销量点评：新能源汽车向上趋势持续，爆款车型表现亮眼,【东吴电新】9月销量点评：新能源汽车向上趋势持续，爆款车型表现亮眼
2020-09-29,WNEVC 2020 | 比亚迪鲁志佩：高集成刀片动力电池技术创新,WNEVC 2020 | 比亚迪鲁志佩：高集成刀片动力电池技术创新
2020-09-29,特斯拉没创新，马斯克难“革命”,特斯拉没创新，马斯克难“革命”
2020-09-29,数据解放生产力——琰究汽车数据系列（2020年8月）【华西汽车 崔琰团队】,数据解放生产力——琰究汽车数据系列（2020年8月）【华西汽车 崔琰团队】
2020-09-29,24家深企跻身“中国500强”,24家深企跻身“中国500强”
2020-09-29,2020年中国新能源重卡行业发展现状及市场竞争分析比亚迪商用车占据半壁江山【组图】,2020年中国新能源重卡行业发展现状及市场竞争分析比亚迪商用车占据半壁江山【组图】
2020-09-29,疫情下航司们太难了：为创收无所不用其极,疫情下航司们太难了：为创收无所不用其极
2020-09-29,马斯克：太阳定会吞噬地球、人类文明要重建,马斯克：太阳定会吞噬地球、人类文明要重建
2020-09-29,微信小程序打印体验！用过之后才发现真好用,微信小程序打印体验！用过之后才发现真好用
2020-09-29,回归国内储能市场，比亚迪选择参股阿特斯,回归国内储能市场，比亚迪选择参股阿特斯
2020-09-29,不只是 IGBT ，你所不知道的比亚迪半导体,不只是 IGBT ，你所不知道的比亚迪半导体
2020-09-29,比亚迪3000市值得而复失，刀片电池期望过高？,比亚迪3000市值得而复失，刀片电池期望过高？
2020-09-29,电气设备行业：欧洲渗透率进一步提高 特斯拉强势恢复,电气设备行业：欧洲渗透率进一步提高 特斯拉强势恢复
2020-09-29,曾毓群，中国汽车首富,曾毓群，中国汽车首富
2020-09-30,碳化硅如何让比亚迪汉跑的又快又远,碳化硅如何让比亚迪汉跑的又快又远
2020-09-30,近万台OLED电视被召回！OLED想取代液晶有点难 产品问题,近万台OLED电视被召回！OLED想取代液晶有点难 产品问题
2020-09-30,iPhone12mini减配严重！“小屏旗舰”们太难了,iPhone12mini减配严重！“小屏旗舰”们太难了
2020-09-30,北上资金活跃股名单(9月30日),北上资金活跃股名单(9月30日)
2020-09-30,比亚迪(002594)：工信部发布新一批《公告》 比亚迪亮点颇多,比亚迪(002594)：工信部发布新一批《公告》 比亚迪亮点颇多
2020-09-30,【安信汽车】比亚迪：9月销量数据较好，汉唐表现亮眼,【安信汽车】比亚迪：9月销量数据较好，汉唐表现亮眼
2020-09-30,电力设备及新能源行业9月行业洞察报告：特斯拉电池日不止于降本 引领新能源汽车加速渗透,电力设备及新能源行业9月行业洞察报告：特斯拉电池日不止于降本 引领新能源汽车加速渗透
2020-09-30,港股午评：恒指涨1.18%汽车股大涨比亚迪涨逾10%再创新高,港股午评：恒指涨1.18%汽车股大涨比亚迪涨逾10%再创新高
2020-09-30,比亚迪冲击涨停，主力净流入约6.8亿元,比亚迪冲击涨停，主力净流入约6.8亿元
2020-09-30,A股午盘综述：上证指数半日缩量升0.45%，光伏、风电、汽车股领涨,A股午盘综述：上证指数半日缩量升0.45%，光伏、风电、汽车股领涨
2020-09-30,2030年丰田电动车年销量预计超550万,2030年丰田电动车年销量预计超550万
2020-09-30,中金公司：汽车行业三季报也存在超预期空间建议布局长安汽车等车市继续行走在较长时间跨度的向上周期中，行业企业三季报也存在超预期空间，维持对汽车板块的推荐,中金公司：汽车行业三季报也存在超预期空间建议布局长安汽车等车市继续行走在较长时间跨度的向上周期中，行业企业三季报也存在超预期空间，维持对汽车板块的推荐
2020-09-30,动力电池板块连续拉升，比亚迪涨近7%,动力电池板块连续拉升，比亚迪涨近7%
2020-09-30,A股融资融券日报：两融余额减少40.71亿元（9月29日）,A股融资融券日报：两融余额减少40.71亿元（9月29日）
2020-09-30,制造行业日报：吉利汽车科创板IPO申请通过审核,制造行业日报：吉利汽车科创板IPO申请通过审核
2020-09-30,车展观向 一文看懂未来5年汽车新趋势,车展观向 一文看懂未来5年汽车新趋势
2020-09-30,吉利汽车开上科创板，没把特斯拉当主要对手,吉利汽车开上科创板，没把特斯拉当主要对手
2020-09-30,比亚迪H股大涨超12%创历史新高 A股欲再创历史新高 总市值超3100亿元,比亚迪H股大涨超12%创历史新高 A股欲再创历史新高 总市值超3100亿元
2020-10-01,9月A股牛熊榜：新余国科股价屡创新高，昔日“影音霸主”表现垫底,9月A股牛熊榜：新余国科股价屡创新高，昔日“影音霸主”表现垫底
2020-10-01,迅雷前CEO被立案侦查！官方呼吁尽快回国真相了 其他违规处罚,迅雷前CEO被立案侦查！官方呼吁尽快回国真相了 其他违规处罚
2020-10-01,7/10韩企不愿将生产从中国带回国！原因果不其然,7/10韩企不愿将生产从中国带回国！原因果不其然
2020-10-01,小米11渲染图出炉：曲面屏设计还有方形相机模组,小米11渲染图出炉：曲面屏设计还有方形相机模组
2020-10-01,一个净水器花你几千块？我只要几百就能搞定,一个净水器花你几千块？我只要几百就能搞定
2020-10-01,国内用不上？iPhone12将支持的毫米波技术到底是什么,国内用不上？iPhone12将支持的毫米波技术到底是什么
2020-10-01,【2020中国车企图鉴】解码“广新速度”：从未停止的科技秀场,【2020中国车企图鉴】解码“广新速度”：从未停止的科技秀场
2020-10-01,40年半导体经验内存业高端人才离开中国公司,40年半导体经验内存业高端人才离开中国公司
2020-10-01,揭秘本周聪明钱｜一类股弱势不减难撑大市；融资客“买小放大”另有图谋,揭秘本周聪明钱｜一类股弱势不减难撑大市；融资客“买小放大”另有图谋
2020-10-01,华为倒逼国产替代加速 断供后谁在哭？谁在笑？,华为倒逼国产替代加速 断供后谁在哭？谁在笑？
2020-10-01,华为Mate40要来了！配置大升级、直面iPhone12,华为Mate40要来了！配置大升级、直面iPhone12
2020-10-02,9月A股表现低迷 总体跌幅5%左右,9月A股表现低迷 总体跌幅5%左右
2020-10-02,消费“马车”火力全开！出游、票房创纪录，9万亿板块获强烈看好，机构预测业绩稳定高增长股有这些（附股）,消费“马车”火力全开！出游、票房创纪录，9万亿板块获强烈看好，机构预测业绩稳定高增长股有这些（附股）
2020-10-02,宁德时代第一！国内十大锂电池厂商还有谁？,宁德时代第一！国内十大锂电池厂商还有谁？
2020-10-02,车展观察丨汽车距真正的智能化还差多远,车展观察丨汽车距真正的智能化还差多远
2020-10-02,中国为什么支持美国企业特斯拉？,中国为什么支持美国企业特斯拉？
2020-10-03,利好不断！汽车电动化大提速，锂电池产业链后市如何？,利好不断！汽车电动化大提速，锂电池产业链后市如何？
2020-10-04,24.99万，Model 3开回家！特斯拉降维打击，造车新势力压力大,24.99万，Model 3开回家！特斯拉降维打击，造车新势力压力大
2020-10-04,蔚来市值接近300亿美元！或将成为中股新能源车企第一市值,蔚来市值接近300亿美元！或将成为中股新能源车企第一市值
2020-10-04,【华西策略】“陆股通”持股市值及结构剖析||逆势加仓“电气设备、化工、汽车”等,【华西策略】“陆股通”持股市值及结构剖析||逆势加仓“电气设备、化工、汽车”等
2020-10-05,小鹏汽车9月三大数据创历史新高机构展望新能源汽车产业链四季度行情,小鹏汽车9月三大数据创历史新高机构展望新能源汽车产业链四季度行情
2020-10-05,新能源汽车机构关注50强出炉！汽车行业格局大变，产业链全曝光,新能源汽车机构关注50强出炉！汽车行业格局大变，产业链全曝光
2020-10-05,新能源汽车机构关注50强出炉！五菱宏光出“神车”，8月销量超过特斯拉,新能源汽车机构关注50强出炉！五菱宏光出“神车”，8月销量超过特斯拉
2020-10-05,打败特斯拉 五菱宏光出“神车” 汽车行业格局大变 产业链全曝光,打败特斯拉 五菱宏光出“神车” 汽车行业格局大变 产业链全曝光
2020-10-05,汽车行业格局大变，产业链全曝光！新能源汽车机构关注50强出炉,汽车行业格局大变，产业链全曝光！新能源汽车机构关注50强出炉
2020-10-05,打败特斯拉：五菱宏光出“神车” 产业链全曝光（股）,打败特斯拉：五菱宏光出“神车” 产业链全曝光（股）
2020-10-06,汽车股全线大涨 多股齐创新高北京汽车涨近8%,汽车股全线大涨 多股齐创新高北京汽车涨近8%
2020-10-07,电气设备行业销量点评：8月海外电动车销量点评：欧洲维持同比高增，ID.3开始交付，维持“增持”评级,电气设备行业销量点评：8月海外电动车销量点评：欧洲维持同比高增，ID.3开始交付，维持“增持”评级
2020-10-08,Jefferies：上调比亚迪(1211.HK)及长汽(2333.HK)目标价评级“买入”,Jefferies：上调比亚迪(1211.HK)及长汽(2333.HK)目标价评级“买入”
2020-10-08,【东吴电新】9月海外电动车销量点评：欧洲大超预期，ID.3开始放量,【东吴电新】9月海外电动车销量点评：欧洲大超预期，ID.3开始放量
2020-10-08,恒生指数午盘收跌0.78%报24053点 比亚迪(01211)逆市涨5%,恒生指数午盘收跌0.78%报24053点 比亚迪(01211)逆市涨5%
2020-10-08,Jefferies：中资汽车股推荐长城汽车及比亚迪等,Jefferies：中资汽车股推荐长城汽车及比亚迪等
2020-10-08,9月融券余额连破两关至850多亿元 中芯国际、恒瑞医药融券净卖出额居前,9月融券余额连破两关至850多亿元 中芯国际、恒瑞医药融券净卖出额居前
2020-10-08,富瑞大升比亚迪(01211-HK)目标价至145港元股价现涨3.71%,富瑞大升比亚迪(01211-HK)目标价至145港元股价现涨3.71%
2020-10-08,汽车行业周报：特斯拉再次降价 磷酸铁锂持续利好,汽车行业周报：特斯拉再次降价 磷酸铁锂持续利好
2020-10-08,全球新能源乘用车8月榜单：Model 3全球交付近20万辆,全球新能源乘用车8月榜单：Model 3全球交付近20万辆
2020-10-08,【东吴电新】新能源车产业发展规划符合预期，长期托底电动车发展,【东吴电新】新能源车产业发展规划符合预期，长期托底电动车发展
2020-10-09,北上资金全透视月报：上月外资大幅流出 加仓周期减持消费 减持股份,北上资金全透视月报：上月外资大幅流出 加仓周期减持消费 减持股份
2020-10-09,5G版iPhone来了英国却担心起来：这理由实在想不到,5G版iPhone来了英国却担心起来：这理由实在想不到
2020-10-09,投影机好用功能盘点：用完才发现真香,投影机好用功能盘点：用完才发现真香
2020-10-09,台积电、富士康等被施压：要求业务搬出中国？,台积电、富士康等被施压：要求业务搬出中国？
2020-10-09,仍是三元锂电池 网传疑似江铃E200发生起火自燃 安全事故,仍是三元锂电池 网传疑似江铃E200发生起火自燃 安全事故
2020-10-09,11代酷睿笔记本扎堆上市怎么买最值？不做等等党,11代酷睿笔记本扎堆上市怎么买最值？不做等等党
2020-10-09,AirPods老充不满电是啥怪毛病？一招轻松解决,AirPods老充不满电是啥怪毛病？一招轻松解决
2020-10-09,月度金股报告：10月金股配置 增配金融、周期,月度金股报告：10月金股配置 增配金融、周期
2020-10-09,9月汽车股：近150家企业股价下挫 比亚迪市值涨近千亿,9月汽车股：近150家企业股价下挫 比亚迪市值涨近千亿
2020-10-09,比亚迪：9月新能源汽车销量19881辆同比增长45%,比亚迪：9月新能源汽车销量19881辆同比增长45%
2020-10-09,比亚迪9月汽车销量4.2183万辆,比亚迪9月汽车销量4.2183万辆
2020-10-09,比亚迪：9月汽车销量42183辆，去年同期为40729辆,比亚迪：9月汽车销量42183辆，去年同期为40729辆
2020-10-09,比亚迪：9月新能源汽车销量为19881辆，去年同期为13681辆,比亚迪：9月新能源汽车销量为19881辆，去年同期为13681辆
2020-10-09,比亚迪：9月汽车销量4.22万辆,比亚迪：9月汽车销量4.22万辆
2020-10-09,iPhone12下周三发布安卓党们开始坐不住了：准备逃离,iPhone12下周三发布安卓党们开始坐不住了：准备逃离
2020-10-09,比亚迪(002594.SZ)：9月新能源汽车销量同比升45.32%燃油车销量同比降17.55% 盈利能力下降,比亚迪(002594.SZ)：9月新能源汽车销量同比升45.32%燃油车销量同比降17.55% 盈利能力下降
2020-10-09,比亚迪9月汽车销量42183辆 其中新能源汽车销量19881辆,比亚迪9月汽车销量42183辆 其中新能源汽车销量19881辆
2020-10-09,新能源产业再迎重磅利好！龙头股已频创新高,新能源产业再迎重磅利好！龙头股已频创新高
2020-10-09,格隆汇港股聚焦(10.9)︱比亚迪9月新能源汽车销量同比升45.32%；舜宇9月手机摄像模组出货量升21.9%,格隆汇港股聚焦(10.9)︱比亚迪9月新能源汽车销量同比升45.32%；舜宇9月手机摄像模组出货量升21.9%
2020-10-09,数据复盘| 77亿主力资金潜入电子行业 北向资金净买入比亚迪超10亿元,数据复盘| 77亿主力资金潜入电子行业 北向资金净买入比亚迪超10亿元
2020-10-09,北水狂买美团15亿，加仓腾讯6亿；南水涌入比亚迪11亿，增持茅台,北水狂买美团15亿，加仓腾讯6亿；南水涌入比亚迪11亿，增持茅台
2020-10-09,全球新能源乘用车8月销量达24.8万辆 同比上涨52.8%,全球新能源乘用车8月销量达24.8万辆 同比上涨52.8%
2020-10-09,北上资金净买入112.67亿元比亚迪获净买入11.22亿元,北上资金净买入112.67亿元比亚迪获净买入11.22亿元
2020-10-09,港股盘前必读：超级独角兽陆金所上市，美国三大股指集体收高,港股盘前必读：超级独角兽陆金所上市，美国三大股指集体收高
2020-10-09,A股早报2020年10月9日星期五,A股早报2020年10月9日星期五
2020-10-09,9月欧洲电动车销量点评：欧洲继续超预期 ID.3快速爬坡,9月欧洲电动车销量点评：欧洲继续超预期 ID.3快速爬坡
2020-10-09,发电侧储能剧变前夜,发电侧储能剧变前夜
2020-10-09,北向资金全天净流入112.67亿元 比亚迪、隆基股份净买入额居前,北向资金全天净流入112.67亿元 比亚迪、隆基股份净买入额居前
2020-10-09,苹果概念股强势，立讯精密、比亚迪、京东方A、蓝思科技、歌尔股份集体大涨,苹果概念股强势，立讯精密、比亚迪、京东方A、蓝思科技、歌尔股份集体大涨
2020-10-09,【行情】新能源汽车多股大涨，容百科技、德方纳米涨逾10%，宁德时代涨7%，比亚迪等多股涨逾6%,【行情】新能源汽车多股大涨，容百科技、德方纳米涨逾10%，宁德时代涨7%，比亚迪等多股涨逾6%
2020-10-09,苹果板块涨约4.5%，比亚迪涨超7%再创新高,苹果板块涨约4.5%，比亚迪涨超7%再创新高
2020-10-09,电力设备及新能源行业周报：MODEL3进入25万区间 引领新一轮电动化潮流,电力设备及新能源行业周报：MODEL3进入25万区间 引领新一轮电动化潮流
2020-10-09,A股融资融券日报：两融余额减少180.88亿元（9月30日）,A股融资融券日报：两融余额减少180.88亿元（9月30日）
2020-10-09,A股午盘综述：上证指数半日涨1.89%，光伏股批量涨停,A股午盘综述：上证指数半日涨1.89%，光伏股批量涨停
2020-10-09,特斯拉双线布局三元与磷酸铁锂电池齐飞“两条腿”助新能源走得更远,特斯拉双线布局三元与磷酸铁锂电池齐飞“两条腿”助新能源走得更远
2020-10-09,北向资金疯狂扫货：光伏板块掀涨停潮 苹果、特斯拉概念多点开花,北向资金疯狂扫货：光伏板块掀涨停潮 苹果、特斯拉概念多点开花
2020-10-09,外资扫货136亿！4000亿大牛股却崩了,外资扫货136亿！4000亿大牛股却崩了
2020-10-09,【招商汽车|汽车行业周报】国内外电动化政策落地，电动化进程持续加速,【招商汽车|汽车行业周报】国内外电动化政策落地，电动化进程持续加速
2020-10-09,比亚迪半导体能否实现IGBT国产化的梦想,比亚迪半导体能否实现IGBT国产化的梦想
2020-10-09,A股收盘综述：上证指数收涨1.68%，宁德时代、比亚迪、隆基股份等明星股创新高,A股收盘综述：上证指数收涨1.68%，宁德时代、比亚迪、隆基股份等明星股创新高
2020-10-09,开门红！A股进入三季报时间，业绩浪开启,开门红！A股进入三季报时间，业绩浪开启
2020-10-09,北向资金大幅净流入超112亿元，比亚迪获净买入11.22亿元居首,北向资金大幅净流入超112亿元，比亚迪获净买入11.22亿元居首
2020-10-09,天天拍车新能源二手车报告：63%新能源二手车开不满5万公里就被卖掉,天天拍车新能源二手车报告：63%新能源二手车开不满5万公里就被卖掉
2020-10-10,比亚迪9月份销售新能源汽车19881辆 前9个月销量累计为11.0941万辆,比亚迪9月份销售新能源汽车19881辆 前9个月销量累计为11.0941万辆
2020-10-10,特斯拉又降价！换了便宜电池，但为啥A股这个板块大涨？,特斯拉又降价！换了便宜电池，但为啥A股这个板块大涨？
2020-10-10,配置小幅升级 比亚迪F3豪华版售价5.08万元,配置小幅升级 比亚迪F3豪华版售价5.08万元
2020-10-10,比亚迪9月动力电池及储能电池装机量约1.271GWh、同比增长56.17%,比亚迪9月动力电池及储能电池装机量约1.271GWh、同比增长56.17%
2020-10-10,比亚迪9月销量达4.2万辆，新能源板块回暖同比增长45.32%,比亚迪9月销量达4.2万辆，新能源板块回暖同比增长45.32%
2020-10-10,广证恒生-沪深港通月报-港股通流入增加，北上资金进一步流出-20201009,广证恒生-沪深港通月报-港股通流入增加，北上资金进一步流出-20201009
2020-10-10,【华创汽车】充换电基建加速、对公投放落地,【华创汽车】充换电基建加速、对公投放落地
2020-10-10,【华创汽车】比亚迪：汉、新唐DM带动增长，4Q20继续发力,【华创汽车】比亚迪：汉、新唐DM带动增长，4Q20继续发力
2020-10-10,外资流入A股系列16：如何看待五粮液中国中免贵州茅台遭百亿卖出？,外资流入A股系列16：如何看待五粮液中国中免贵州茅台遭百亿卖出？
2020-10-10,比亚迪(01211-HK)：9月新能源汽车销量同比增45.32%,比亚迪(01211-HK)：9月新能源汽车销量同比增45.32%
2020-10-10,一文读懂汉DM解决了插电混动轿车哪些痛点,一文读懂汉DM解决了插电混动轿车哪些痛点
2020-10-10,三季报密集来袭！9股预增超10倍（名单）,三季报密集来袭！9股预增超10倍（名单）
2020-10-10,独角兽宁德时代，重回全球第一！,独角兽宁德时代，重回全球第一！
2020-10-10,A股开门红，北上资金“唱主角”，聪明钱早已暗暗布局,A股开门红，北上资金“唱主角”，聪明钱早已暗暗布局
2020-10-10,北京车展车企“众生相”：加码新能源 推“增值”“降价”策略,北京车展车企“众生相”：加码新能源 推“增值”“降价”策略
2020-10-10,比亚迪1-9月合计销售26.90万辆车，同比下降19.90% 盈利能力下降,比亚迪1-9月合计销售26.90万辆车，同比下降19.90% 盈利能力下降
2020-10-10,任泽平发布新能源车发展报告：百年未有之大变局,任泽平发布新能源车发展报告：百年未有之大变局
2020-10-10,北京购车指标增发推动新一轮价格战，新能源车企角逐中高端市场,北京购车指标增发推动新一轮价格战，新能源车企角逐中高端市场
2020-10-10,比亚迪9月销量4.2万辆 纯电动乘用车同比劲增66%,比亚迪9月销量4.2万辆 纯电动乘用车同比劲增66%
2020-10-10,A股超重磅！国务院放大招，一板块更有超级利好,A股超重磅！国务院放大招，一板块更有超级利好
2020-10-10,国内财经媒体头版2020年10月10日星期六,国内财经媒体头版2020年10月10日星期六
2020-10-10,金秋十月“开门红” 三大股指涨涨涨,金秋十月“开门红” 三大股指涨涨涨
2020-10-11,赵长江：比亚迪旗下汉和唐两款车型生产加速，本月开始旗舰型开始交付大量订单,赵长江：比亚迪旗下汉和唐两款车型生产加速，本月开始旗舰型开始交付大量订单
2020-10-11,比亚迪赵长江：本月汉、唐旗舰型开始交付大量订单,比亚迪赵长江：本月汉、唐旗舰型开始交付大量订单
2020-10-11,中长期规划落地 电动化进程提速 | 新能源汽车行业系列点评七【华西汽车 崔琰团队】,中长期规划落地 电动化进程提速 | 新能源汽车行业系列点评七【华西汽车 崔琰团队】
2020-10-11,受益于铁锂版特斯拉Model 3 石大胜华DMC溶剂量价齐升,受益于铁锂版特斯拉Model 3 石大胜华DMC溶剂量价齐升
2020-10-11,蔚来、理想、小鹏真的做对了吗？,蔚来、理想、小鹏真的做对了吗？
2020-10-11,宁德时代入股芯迈半导体 动力电池之王也要玩跨界？,宁德时代入股芯迈半导体 动力电池之王也要玩跨界？
2020-10-11,新能源汽车产业链系列点评：国常会通过《新能源汽车发展规划》 电动化浪潮加速推进,新能源汽车产业链系列点评：国常会通过《新能源汽车发展规划》 电动化浪潮加速推进
2020-10-11,9分钟充81%电量，可以开电动车出远门了?,9分钟充81%电量，可以开电动车出远门了?
2020-10-12,9分钟充电80%，可以开电动车出远门了?,9分钟充电80%，可以开电动车出远门了?
2020-10-12,"2020年电新行业周报10月第1期：欧洲新能源车销量持续增长，新能源迎来黄金发展期，维持""推荐""评级","2020年电新行业周报10月第1期：欧洲新能源车销量持续增长，新能源迎来黄金发展期，维持""推荐""评级"
2020-10-12,动力电池板块延续强势,动力电池板块延续强势
2020-10-12,2020年汽车行业三季报前瞻：行业全面复苏进行时 超配汽车,2020年汽车行业三季报前瞻：行业全面复苏进行时 超配汽车
2020-10-12,A股收盘综述：上证指数放量涨2.64%，迈瑞医疗、比亚迪、宁德时代创新高,A股收盘综述：上证指数放量涨2.64%，迈瑞医疗、比亚迪、宁德时代创新高
2020-10-12,主题报告：新股发行常态化 资金择优性日益增强,主题报告：新股发行常态化 资金择优性日益增强
2020-10-12,【研报掘金】新能源汽车产业发展规划获批电动化浪潮加速推进 关注好赛道的优质公司,【研报掘金】新能源汽车产业发展规划获批电动化浪潮加速推进 关注好赛道的优质公司
2020-10-12,汽车行业周报：重卡累计销量已超去年 四季度需求预计不减,汽车行业周报：重卡累计销量已超去年 四季度需求预计不减
2020-10-12,汽车行业：《新能源汽车行业发展规划》通过行业电动化进程加速,汽车行业：《新能源汽车行业发展规划》通过行业电动化进程加速
2020-10-12,睿远、景林、大摩等知名海内外机构调研股，获“聪明钱”默契买入，四只股被增仓过亿元,睿远、景林、大摩等知名海内外机构调研股，获“聪明钱”默契买入，四只股被增仓过亿元
2020-10-12,比亚迪：上修业绩预期，预计前三季度业绩同比增长115.97%-128.67%,比亚迪：上修业绩预期，预计前三季度业绩同比增长115.97%-128.67%
2020-10-12,比亚迪业绩预告：上修前三季度净利润至增长115.97%-128.67%,比亚迪业绩预告：上修前三季度净利润至增长115.97%-128.67%
2020-10-12,比亚迪：预计前三季度净利润为34亿-36亿元,比亚迪：预计前三季度净利润为34亿-36亿元
2020-10-12,比亚迪上修前三季度业绩预告 预盈34亿至36亿元,比亚迪上修前三季度业绩预告 预盈34亿至36亿元
2020-10-12,2020年中国智能汽车行业研究报告：造车新势力vs传统汽车厂商，你中意哪一款？,2020年中国智能汽车行业研究报告：造车新势力vs传统汽车厂商，你中意哪一款？
2020-10-12,比亚迪上修前三季业绩 预计增幅超1倍,比亚迪上修前三季业绩 预计增幅超1倍
2020-10-12,A股离全面牛仅差4%！四大预期加持,A股离全面牛仅差4%！四大预期加持
2020-10-12,新能源车板块周报：国常会通过产业规划 9月国内外销量持续大增,新能源车板块周报：国常会通过产业规划 9月国内外销量持续大增
2020-10-12,北向资金连续两日大幅流入，白酒龙头重获外资回流,北向资金连续两日大幅流入，白酒龙头重获外资回流
2020-10-12,牛市又回来了？大盘接连长阳，外资大举涌入A股,牛市又回来了？大盘接连长阳，外资大举涌入A股
2020-10-12,比亚迪(002594)2020年9月销量点评：“汉”爬坡符合预期 电动同比大幅转正,比亚迪(002594)2020年9月销量点评：“汉”爬坡符合预期 电动同比大幅转正
2020-10-12,不输海外 中国品牌最新技术成果盘点,不输海外 中国品牌最新技术成果盘点
2020-10-12,三家造车新势力交付量创新高，新能源汽车四大产业链值得关注,三家造车新势力交付量创新高，新能源汽车四大产业链值得关注
2020-10-12,EV晨报 | 拜腾汽车CEO戴雷已离职；零跑汽车召回150辆S01车型；博世将成立智能驾驶与控制事业部,EV晨报 | 拜腾汽车CEO戴雷已离职；零跑汽车召回150辆S01车型；博世将成立智能驾驶与控制事业部
2020-10-12,最新文章more>>,最新文章more>>
2020-10-12,比亚迪｜9月： “汉”引领复苏 新品周期开启【华西汽车 崔琰团队】,比亚迪｜9月： “汉”引领复苏 新品周期开启【华西汽车 崔琰团队】
2020-10-12,外资助力A股10月开门红，金秋行情开启？,外资助力A股10月开门红，金秋行情开启？
2020-10-12,磷酸铁锂“后发威力”逐渐凸显,磷酸铁锂“后发威力”逐渐凸显
2020-10-12,中金：上调比亚迪H股目标价60%，高端车“汉”持续放量可期,中金：上调比亚迪H股目标价60%，高端车“汉”持续放量可期
2020-10-12,【中原锂电池】锂电池行业月报：销量增速提升，景气向上持续关注,【中原锂电池】锂电池行业月报：销量增速提升，景气向上持续关注
2020-10-12,【太平洋机械】机械行业周报20201011：新能源加速发展，利好光伏及锂电设备,【太平洋机械】机械行业周报20201011：新能源加速发展，利好光伏及锂电设备
2020-10-12,重要信号！比亚迪将加速交付明星车型产业链这一环节也将沾光,重要信号！比亚迪将加速交付明星车型产业链这一环节也将沾光
2020-10-12,比亚迪今年9月动力电池及储能电池装机总量约为1.271GWh,比亚迪今年9月动力电池及储能电池装机总量约为1.271GWh
2020-10-12,特斯拉Model 3已成电动车销冠 比亚迪9月份销售新能源汽车19881辆,特斯拉Model 3已成电动车销冠 比亚迪9月份销售新能源汽车19881辆
2020-10-12,比亚迪(002594)：“汉”引领复苏新品周期开启,比亚迪(002594)：“汉”引领复苏新品周期开启
2020-10-12,比亚迪等44股获北向资金增持额超亿元,比亚迪等44股获北向资金增持额超亿元
2020-10-12,【10.12锂电快讯】国产Model Y将于年底下线明年交付*比亚迪本月汉、唐旗舰型开始交付大量订单,【10.12锂电快讯】国产Model Y将于年底下线明年交付*比亚迪本月汉、唐旗舰型开始交付大量订单
2020-10-12,A股融资融券日报：两融余额增加132.13亿（10月9日）,A股融资融券日报：两融余额增加132.13亿（10月9日）
2020-10-12,中金：重申比亚迪（01211）“跑赢大市”评级 目标价138港元,中金：重申比亚迪（01211）“跑赢大市”评级 目标价138港元
2020-10-13,【华创汽车】比亚迪：3Q20盈利有望超预期，汉唐旗舰表现强劲,【华创汽车】比亚迪：3Q20盈利有望超预期，汉唐旗舰表现强劲
2020-10-13,A股收盘：沪指尾盘翻红 汽车股领涨 中国9月汽车产销创两位数增长,A股收盘：沪指尾盘翻红 汽车股领涨 中国9月汽车产销创两位数增长
2020-10-13,比亚迪上修业绩预期，股价突破130元/股创历史新高,比亚迪上修业绩预期，股价突破130元/股创历史新高
2020-10-13,中汽协：9月我国动力电池装车量6.6GWh，宁德时代排名第一,中汽协：9月我国动力电池装车量6.6GWh，宁德时代排名第一
2020-10-13,新能源汽车产业链行业周报(10月第2周)：《新能源汽车产业发展规划》助力电动车渗透提速,新能源汽车产业链行业周报(10月第2周)：《新能源汽车产业发展规划》助力电动车渗透提速
2020-10-13,芯片巨头大跌18%，牛市旗手熄火，7·1行情还有戏吗,芯片巨头大跌18%，牛市旗手熄火，7·1行情还有戏吗
2020-10-13,瑞信：上调比亚迪(01211)目标价至150元 维持“跑赢大市”评级,瑞信：上调比亚迪(01211)目标价至150元 维持“跑赢大市”评级
2020-10-13,特斯拉上海超级工厂生产效率提高 2020中国新能源汽车市场格局现状,特斯拉上海超级工厂生产效率提高 2020中国新能源汽车市场格局现状
2020-10-13,市场要闻 | 股价年内已涨170%，巴菲特押注的比亚迪缘何涨不停？,市场要闻 | 股价年内已涨170%，巴菲特押注的比亚迪缘何涨不停？
2020-10-13,金融市场流动性与监管动态周报：节后流动性明显改善 资本市场改革持续改进,金融市场流动性与监管动态周报：节后流动性明显改善 资本市场改革持续改进
2020-10-13,A股收盘综述：上证指数缩量微升，美的、顺丰、洋河、长城汽车等明星股创新高,A股收盘综述：上证指数缩量微升，美的、顺丰、洋河、长城汽车等明星股创新高
2020-10-13,上汽全新高端智能汽车品牌“L”浮现，或将成立独立公司,上汽全新高端智能汽车品牌“L”浮现，或将成立独立公司
2020-10-13,3nm/5nm制程狂奔之下再回首28nm方兴未艾,3nm/5nm制程狂奔之下再回首28nm方兴未艾
2020-10-13,板块涨幅近一倍，汽车行业开启了“上升周期”？,板块涨幅近一倍，汽车行业开启了“上升周期”？
2020-10-13,股民狂欢：汽车板块彻底火了 注意四个投资方向,股民狂欢：汽车板块彻底火了 注意四个投资方向
2020-10-13,什么日子？一大波千亿市值大票创新高,什么日子？一大波千亿市值大票创新高
2020-10-13,最新业绩暴增股出炉：11股上修业绩 股价狂欢,最新业绩暴增股出炉：11股上修业绩 股价狂欢
2020-10-13,【超级大单】汽车巨头发完利好，资金就出逃超6亿元,【超级大单】汽车巨头发完利好，资金就出逃超6亿元
2020-10-13,全球独享！iPhone12在这国将标配耳机,全球独享！iPhone12在这国将标配耳机
2020-10-13,苹果HomePod卖不动廉价的HomePodmini来救场,苹果HomePod卖不动廉价的HomePodmini来救场
2020-10-13,除了iPhone12苹果发布会这些智能硬件你也值得种草一波,除了iPhone12苹果发布会这些智能硬件你也值得种草一波
2020-10-13,iPhone12系列电池参数曝光！最强的果然是它,iPhone12系列电池参数曝光！最强的果然是它
2020-10-13,深圳决定表彰40名创新创业人物和先进模范人物,深圳决定表彰40名创新创业人物和先进模范人物
2020-10-13,今日47股大单资金流出超亿元 比亚迪流出居首,今日47股大单资金流出超亿元 比亚迪流出居首
2020-10-13,疫苗设备变成下一个机会，楚天科技强在哪？比亚迪预增，成为新能源汽车热点,疫苗设备变成下一个机会，楚天科技强在哪？比亚迪预增，成为新能源汽车热点
2020-10-13,湘油泵：公司目前有三大类产品可用于新能源汽车,湘油泵：公司目前有三大类产品可用于新能源汽车
2020-10-13,国务院通过新能源汽车产业发展规划 2020新能源汽车行业深度分析及发展前景预测,国务院通过新能源汽车产业发展规划 2020新能源汽车行业深度分析及发展前景预测
2020-10-13,终极前瞻！5G版iPhone12全汇总：这售价感受下,终极前瞻！5G版iPhone12全汇总：这售价感受下
2020-10-13,比亚迪上调前三季度业绩预期 单季净利润或超上半年总额,比亚迪上调前三季度业绩预期 单季净利润或超上半年总额
2020-10-13,汽车行业自主三强竞争白热化：市场份额向头部集中,汽车行业自主三强竞争白热化：市场份额向头部集中
2020-10-13,【中证盘前】国联国金重组终止今日复牌；虎牙斗鱼官宣合并，腾讯将控股；中国中免三季度净利润涨超140%；苹果大涨逾6%,【中证盘前】国联国金重组终止今日复牌；虎牙斗鱼官宣合并，腾讯将控股；中国中免三季度净利润涨超140%；苹果大涨逾6%
2020-10-13,三季报预增116%，年内已涨170%，比亚迪还能再涨吗,三季报预增116%，年内已涨170%，比亚迪还能再涨吗
2020-10-13,北向资金动向盘点：急剧放量，重手加仓金融,北向资金动向盘点：急剧放量，重手加仓金融
2020-10-13,44股获券商买入评级，开山股份目标涨幅达76.98%,44股获券商买入评级，开山股份目标涨幅达76.98%
2020-10-13,买酒卖车！北向资金再度加仓135亿元（附名单）,买酒卖车！北向资金再度加仓135亿元（附名单）
2020-10-13,港股盘前必读：国联、国金终止筹划重大事项，苹果将举行新品发布会,港股盘前必读：国联、国金终止筹划重大事项，苹果将举行新品发布会
2020-10-13,比亚迪上修业绩预告 中信证券：维持“买入”评级,比亚迪上修业绩预告 中信证券：维持“买入”评级
2020-10-13,比亚迪上修业绩增长116%以上 市场火爆这些个股有望再冲高,比亚迪上修业绩增长116%以上 市场火爆这些个股有望再冲高
2020-10-13,A股融资融券日报：两融余额增加168.27亿元（10月12日）,A股融资融券日报：两融余额增加168.27亿元（10月12日）
2020-10-13,德方纳米：磷酸铁锂正极材料“真香”吗？,德方纳米：磷酸铁锂正极材料“真香”吗？
2020-10-13,【安信汽车】比亚迪：现金流亮眼，四季度业绩指引好于预期,【安信汽车】比亚迪：现金流亮眼，四季度业绩指引好于预期
2020-10-13,三季报预增116%，3500亿巨头股价再创新高，年内已涨170%,三季报预增116%，3500亿巨头股价再创新高，年内已涨170%
2020-10-13,比亚迪｜业绩预告点评：业绩预告上调 新能源龙头启航【华西汽车 崔琰团队】,比亚迪｜业绩预告点评：业绩预告上调 新能源龙头启航【华西汽车 崔琰团队】
2020-10-13,操盘必读｜国联国金重组终止今日复牌；中国中免、比亚迪前三季净利大增；美股上涨油价下挫,操盘必读｜国联国金重组终止今日复牌；中国中免、比亚迪前三季净利大增；美股上涨油价下挫
2020-10-13,【10.13锂电快讯】比亚迪单季净利润或超上半年总额*特斯拉将于2021年1月正式进军印度市场,【10.13锂电快讯】比亚迪单季净利润或超上半年总额*特斯拉将于2021年1月正式进军印度市场
2020-10-13,比亚迪上调业绩预期 前三季度利润预计同比增长115.97%-128.67%,比亚迪上调业绩预期 前三季度利润预计同比增长115.97%-128.67%
2020-10-13,吉利汽车讲给科创板的3个新故事,吉利汽车讲给科创板的3个新故事
2020-10-13,9月新能源乘用车批发销量突破12.5万辆，上通五菱、比亚迪、特斯拉位列前三,9月新能源乘用车批发销量突破12.5万辆，上通五菱、比亚迪、特斯拉位列前三
2020-10-13,比亚迪上修前三季度业绩 9月王传福表哥七次减持套现1.6亿 减持股份,比亚迪上修前三季度业绩 9月王传福表哥七次减持套现1.6亿 减持股份
2020-10-13,9月新能源汽车销量排名：上汽通用五菱夺冠 比亚迪力压特斯拉,9月新能源汽车销量排名：上汽通用五菱夺冠 比亚迪力压特斯拉
2020-10-13,新能源汽车销量攀升 比亚迪预计前三季度净利同比增逾115%,新能源汽车销量攀升 比亚迪预计前三季度净利同比增逾115%
2020-10-13,乘联会：9月新能源车市多元化发力，上汽通用五菱、比亚迪特斯拉中国分列新能源三强,乘联会：9月新能源车市多元化发力，上汽通用五菱、比亚迪特斯拉中国分列新能源三强
2020-10-13,乘联会：9月乘用车市场零售达191万辆，同比增7.3%,乘联会：9月乘用车市场零售达191万辆，同比增7.3%
2020-10-13,汽车板块崛起,汽车板块崛起
2020-10-13,比亚迪上修业绩预告 股价再创新高,比亚迪上修业绩预告 股价再创新高
2020-10-13,比亚迪九月销量表现突出 新能源车型呈上升趋势,比亚迪九月销量表现突出 新能源车型呈上升趋势
2020-10-14,翔丰华闹哪出？毛利率走高营收净利润同比跌30% 盈利能力下降,翔丰华闹哪出？毛利率走高营收净利润同比跌30% 盈利能力下降
2020-10-14,比亚迪预计前三季度净利润同比增长115.97%-128.67%,比亚迪预计前三季度净利润同比增长115.97%-128.67%
2020-10-14,9月汽车股众生相：“比亚迪们”狂欢，重卡“失意”，智能化零部件正在风口上,9月汽车股众生相：“比亚迪们”狂欢，重卡“失意”，智能化零部件正在风口上
2020-10-14,沪指跌逾0.5% 北向资金净流出超36亿元,沪指跌逾0.5% 北向资金净流出超36亿元
2020-10-14,大摩：将比亚迪（01211）目标价上调至126港元，予“与大市同步”评级,大摩：将比亚迪（01211）目标价上调至126港元，予“与大市同步”评级
2020-10-14,A股午盘综述：上证指数半日下滑0.54%，苹果、半导体、猪肉板块领跌,A股午盘综述：上证指数半日下滑0.54%，苹果、半导体、猪肉板块领跌
2020-10-14,中金：内地车市需求稳健恢复车股估值仍有提升空间,中金：内地车市需求稳健恢复车股估值仍有提升空间
2020-10-14,大华继显：升比亚迪(1211.HK)目标至180港元 维持买入评级,大华继显：升比亚迪(1211.HK)目标至180港元 维持买入评级
2020-10-14,大摩：大幅上调比亚迪(1211.HK)AH股目标价 公司盈利势头或持续,大摩：大幅上调比亚迪(1211.HK)AH股目标价 公司盈利势头或持续
2020-10-14,沪指午后下行跌逾0.7% 深圳国资改革板块走低,沪指午后下行跌逾0.7% 深圳国资改革板块走低
2020-10-14,A股收盘综述：上证指数下滑0.56%，苹果、半导体板块领跌,A股收盘综述：上证指数下滑0.56%，苹果、半导体板块领跌
2020-10-14,比亚迪：“汉”9月销量大幅增长,比亚迪：“汉”9月销量大幅增长
2020-10-14,东风回归A股获实质性进展；保时捷国产隐现，一汽与奥迪成立纯电动合资公司,东风回归A股获实质性进展；保时捷国产隐现，一汽与奥迪成立纯电动合资公司
2020-10-14,极光：8月智能汽车app用户月活规模达636.49万，同比增长76.6%,极光：8月智能汽车app用户月活规模达636.49万，同比增长76.6%
2020-10-14,市场聚焦：A股喜获政策面和宏观面加持,市场聚焦：A股喜获政策面和宏观面加持
2020-10-14,花旗：维持比亚迪股份(01211)“买入”评级，目标价上调16%至175港元,花旗：维持比亚迪股份(01211)“买入”评级，目标价上调16%至175港元
2020-10-14,【看你超车】A股大涨超200%，开挂的长城汽车还会再涨吗？,【看你超车】A股大涨超200%，开挂的长城汽车还会再涨吗？
2020-10-14,别人闪崩它们没事？19只千亿市值个股节后股价创历史新高 连续下跌,别人闪崩它们没事？19只千亿市值个股节后股价创历史新高 连续下跌
2020-10-14,电气设备行业9月销量点评 新能源汽车向上趋势持续 爆款车型表现亮眼,电气设备行业9月销量点评 新能源汽车向上趋势持续 爆款车型表现亮眼
2020-10-14,车市迎来爆发期？上市车企9月销量普涨，带动汽车板块领涨,车市迎来爆发期？上市车企9月销量普涨，带动汽车板块领涨
2020-10-14,中国车企，能否实现“换道超车”？,中国车企，能否实现“换道超车”？
2020-10-14,9月汽车股众生相：比亚迪们狂欢，智能化零部件正在风口,9月汽车股众生相：比亚迪们狂欢，智能化零部件正在风口
2020-10-14,9月汽车销量点评：销量全面复苏坚定看多汽车,9月汽车销量点评：销量全面复苏坚定看多汽车
2020-10-14,汽车行业10月投资策略：行业“金九”，关注整车边际改善,汽车行业10月投资策略：行业“金九”，关注整车边际改善
2020-10-14,【华创汽车】汽车投资机会到中场了吗？,【华创汽车】汽车投资机会到中场了吗？
2020-10-14,晨会聚焦201014重点关注丽人丽妆、交运行业、纺织服装、证券行业、有色行业、汽车行业,晨会聚焦201014重点关注丽人丽妆、交运行业、纺织服装、证券行业、有色行业、汽车行业
2020-10-14,三季报披露进入高峰期 121股净利增幅超100%,三季报披露进入高峰期 121股净利增幅超100%
2020-10-14,9月新能源汽车产销量增长迅猛 产量同比增长48%,9月新能源汽车产销量增长迅猛 产量同比增长48%
2020-10-14,多行业第三季度延续强势，龙头公司引领业绩增长,多行业第三季度延续强势，龙头公司引领业绩增长
2020-10-14,汽车业景气度持续复苏,汽车业景气度持续复苏
2020-10-14,三连阳 重头戏在后面,三连阳 重头戏在后面
2020-10-14,【SMM金属早餐】金属全线下挫*9月SMM中国基本金属产量数据公布,【SMM金属早餐】金属全线下挫*9月SMM中国基本金属产量数据公布
2020-10-14,股民赚钱太难！高位股闪崩不断 冷门汽车股爆发,股民赚钱太难！高位股闪崩不断 冷门汽车股爆发
2020-10-14,最新业绩暴增股出炉！11股上修业绩,最新业绩暴增股出炉！11股上修业绩
2020-10-14,一大波千亿市值大票创新高，一龙头股3个月翻两倍,一大波千亿市值大票创新高，一龙头股3个月翻两倍
2020-10-14,比亚迪1-9月业绩预告 净利润或达到36亿,比亚迪1-9月业绩预告 净利润或达到36亿
2020-10-14,9月新能源汽车产销量增长迅猛 销量同比增长67.7%,9月新能源汽车产销量增长迅猛 销量同比增长67.7%
2020-10-14,汽车及零部件：金九旺季得以体现车企3季报值得期待,汽车及零部件：金九旺季得以体现车企3季报值得期待
2020-10-14,比亚迪(002594)三季报预告：汉唐开始发力和电子持续向好 业绩超预期,比亚迪(002594)三季报预告：汉唐开始发力和电子持续向好 业绩超预期
2020-10-14,A股融资融券日报：两融余额增加111.94亿元（10月13日）,A股融资融券日报：两融余额增加111.94亿元（10月13日）
2020-10-14,摩根士丹利：因业绩预期上调比亚迪目标价对公司高估值持谨慎态度,摩根士丹利：因业绩预期上调比亚迪目标价对公司高估值持谨慎态度
2020-10-14,【券商聚焦】大幅上调第三季盈利指引 大摩升比亚迪股份目标价68%至126港元,【券商聚焦】大幅上调第三季盈利指引 大摩升比亚迪股份目标价68%至126港元
2020-10-14,大参考：增长翻倍 全球汽车电动化浪潮已开启,大参考：增长翻倍 全球汽车电动化浪潮已开启
2020-10-14,18股获融资净买入额超亿元 比亚迪居首,18股获融资净买入额超亿元 比亚迪居首
2020-10-14,大摩升比亚迪(01211-HK)目标价68%至126港元 维持与大市同步评级,大摩升比亚迪(01211-HK)目标价68%至126港元 维持与大市同步评级
2020-10-14,野村重新给予比亚迪(01211-HK)买入评级目标价166港元,野村重新给予比亚迪(01211-HK)买入评级目标价166港元
2020-10-14,汽车行业点评：9月乘用车批发同比+9% “金九”已至“银十”可期,汽车行业点评：9月乘用车批发同比+9% “金九”已至“银十”可期
2020-10-14,业绩爆发！3500亿巨头又新高，今年已飙涨170%,业绩爆发！3500亿巨头又新高，今年已飙涨170%
2020-10-15,A股收盘综述：上证指数缩量跌0.26%，金龙鱼今日登陆创业板收涨117.9%,A股收盘综述：上证指数缩量跌0.26%，金龙鱼今日登陆创业板收涨117.9%
2020-10-15,刚从4S店保养出来就自燃 比亚迪新能源车起火吓坏车主 安全事故,刚从4S店保养出来就自燃 比亚迪新能源车起火吓坏车主 安全事故
2020-10-15,涨声一片！汽车板块刷新3年纪录，机构聚焦这些股,涨声一片！汽车板块刷新3年纪录，机构聚焦这些股
2020-10-15,新能源车爆发，9月国内车企销量普涨，叠加三季报预增，最强势,新能源车爆发，9月国内车企销量普涨，叠加三季报预增，最强势
2020-10-15,新能源汽车市场复苏迹象明显 头部车企销量增长较快,新能源汽车市场复苏迹象明显 头部车企销量增长较快
2020-10-15,港股汽车板块全线拉升，比亚迪涨4.68%,港股汽车板块全线拉升，比亚迪涨4.68%
2020-10-15,解盘：金融拉指数，半导体、新能源汽车、卫星互联网略涨,解盘：金融拉指数，半导体、新能源汽车、卫星互联网略涨
2020-10-15,A股午盘综述：银行保险煤炭股助力上证指数半日收红，金龙鱼涨67%,A股午盘综述：银行保险煤炭股助力上证指数半日收红，金龙鱼涨67%
2020-10-15,获评“深圳40年40人”王传福：创业重在“创”和“闯”,获评“深圳40年40人”王传福：创业重在“创”和“闯”
2020-10-15,不供货华为台积电今年剩余的5nm产能：被苹果垄断了,不供货华为台积电今年剩余的5nm产能：被苹果垄断了
2020-10-15,40岁！深圳461家上市公司，市值超19万亿,40岁！深圳461家上市公司，市值超19万亿
2020-10-15,汽车行业新能源车销量点评：9月高增长，供给端持续优化撬动需求，维持“推荐”评级,汽车行业新能源车销量点评：9月高增长，供给端持续优化撬动需求，维持“推荐”评级
2020-10-15,比亚迪遭深股通连续3日净卖出合计净卖出7.41亿元,比亚迪遭深股通连续3日净卖出合计净卖出7.41亿元
2020-10-15,特斯拉败给五菱比亚迪，谁是“金九”最大赢家？,特斯拉败给五菱比亚迪，谁是“金九”最大赢家？
2020-10-15,31只股股价创历史新高,31只股股价创历史新高
2020-10-15,新能源汽车新周期来了？利好来袭，多家造车新势力抢滩资本市场,新能源汽车新周期来了？利好来袭，多家造车新势力抢滩资本市场
2020-10-15,千亿市值白马扎堆创新高！基金调仓紧盯三季报,千亿市值白马扎堆创新高！基金调仓紧盯三季报
2020-10-15,比亚迪为什么是新能车ETF的大哥？,比亚迪为什么是新能车ETF的大哥？
2020-10-15,威马汽车百亿融资后接连发生两起自燃 IPO前路几何？ 产品问题,威马汽车百亿融资后接连发生两起自燃 IPO前路几何？ 产品问题
2020-10-15,嘉寓股份：与比亚迪供应链签署了《太阳能组件销售合同》,嘉寓股份：与比亚迪供应链签署了《太阳能组件销售合同》
2020-10-15,嘉寓股份(300117.SZ)：二级子公司与比亚迪供应链签署1.16亿元《太阳能组件销售合同》,嘉寓股份(300117.SZ)：二级子公司与比亚迪供应链签署1.16亿元《太阳能组件销售合同》
2020-10-15,磷酸铁锂正在加速逆袭,磷酸铁锂正在加速逆袭
2020-10-15,新能源汽车产销大涨背后：自主品牌低端产品乘势而上,新能源汽车产销大涨背后：自主品牌低端产品乘势而上
2020-10-15,挤掉特斯拉“封王”，股价飙涨60%，这款神车火了！谁在买？,挤掉特斯拉“封王”，股价飙涨60%，这款神车火了！谁在买？
2020-10-15,富途证券：大涨之后，汽车股还能买吗？,富途证券：大涨之后，汽车股还能买吗？
2020-10-15,基金收评 | A股陷入焦灼，金融股崛起！公募对后市抱有期待,基金收评 | A股陷入焦灼，金融股崛起！公募对后市抱有期待
2020-10-15,招银国际：比亚迪股份予目标价160港元 维持买入评级,招银国际：比亚迪股份予目标价160港元 维持买入评级
2020-10-15,机构扎堆评级的业绩预增股出炉，行业龙头股居多，9股股价回调幅度超10%,机构扎堆评级的业绩预增股出炉，行业龙头股居多，9股股价回调幅度超10%
2020-10-15,快讯：汽车股集体走强 比亚迪涨近5%长城汽车涨近4%,快讯：汽车股集体走强 比亚迪涨近5%长城汽车涨近4%
2020-10-15,新能源车引燃秋天里的一把火 产业链瓶颈待突破,新能源车引燃秋天里的一把火 产业链瓶颈待突破
2020-10-15,千亿市值白马扎堆创新高 三季报业绩成主要看点,千亿市值白马扎堆创新高 三季报业绩成主要看点
2020-10-15,快速加仓汽车银行板块，四季度基金投资路径浮现,快速加仓汽车银行板块，四季度基金投资路径浮现
2020-10-15,千亿市值白马扎堆创新高，三季报业绩成主要看点,千亿市值白马扎堆创新高，三季报业绩成主要看点
2020-10-15,新能源汽车“炸了”：蔚来暴涨23% 开心汽车一夜狂涨267%,新能源汽车“炸了”：蔚来暴涨23% 开心汽车一夜狂涨267%
2020-10-15,注意！四季度部分行业机构持仓明显提升,注意！四季度部分行业机构持仓明显提升
2020-10-15,9月汽车上市公司股价走势分化：“比亚迪们”狂欢，重卡“失意” 智能化零部件站上风口,9月汽车上市公司股价走势分化：“比亚迪们”狂欢，重卡“失意” 智能化零部件站上风口
2020-10-15,外资重仓股显著发力，19家千亿市值股创新高,外资重仓股显著发力，19家千亿市值股创新高
2020-10-15,新能源车彻底“炸了”！蔚来一年升22倍，开心汽车一夜涨267%,新能源车彻底“炸了”！蔚来一年升22倍，开心汽车一夜涨267%
2020-10-15,新能源汽车彻底“炸了”！蔚来暴涨23% 一年飙升22倍 已相当于2个广汽集团！开心汽车一夜狂涨267,新能源汽车彻底“炸了”！蔚来暴涨23% 一年飙升22倍 已相当于2个广汽集团！开心汽车一夜狂涨267
2020-10-15,9月 | 销量全面复苏 坚定看多汽车【华西汽车 崔琰团队】,9月 | 销量全面复苏 坚定看多汽车【华西汽车 崔琰团队】
2020-10-15,9月新能源乘用车产量排行：宏光MINI产量破两万，理想ONE领跑插混市场,9月新能源乘用车产量排行：宏光MINI产量破两万，理想ONE领跑插混市场
2020-10-15,比亚迪前三季度净利润修正为预增115.97%至128.67%,比亚迪前三季度净利润修正为预增115.97%至128.67%
2020-10-15,睿智投资｜比亚迪控股 - A (002594 CH) – 业绩上修，估值仍有上升空间,睿智投资｜比亚迪控股 - A (002594 CH) – 业绩上修，估值仍有上升空间
2020-10-15,科博达(603786)：新产品、新客户、新产能均逐步落地 车灯控制器龙头迎来腾飞,科博达(603786)：新产品、新客户、新产能均逐步落地 车灯控制器龙头迎来腾飞
2020-10-15,A股融资融券日报：两融余额增加78.8亿元（10月14日）,A股融资融券日报：两融余额增加78.8亿元（10月14日）
2020-10-15,摩通升比亚迪(01211-HK)目标价至150港元维持增持,摩通升比亚迪(01211-HK)目标价至150港元维持增持
2020-10-15,汽车股高开高走 比亚迪再创历史新高,汽车股高开高走 比亚迪再创历史新高
2020-10-15,快讯：特斯拉概念股拉升 赣锋锂业涨超8%比亚迪涨近6%,快讯：特斯拉概念股拉升 赣锋锂业涨超8%比亚迪涨近6%
2020-10-15,【行情】新能源汽车板块早盘走强，方正电机、京威股份涨停，川环科技大涨14%，贵州轮胎、江淮汽车、比亚迪等纷纷走高,【行情】新能源汽车板块早盘走强，方正电机、京威股份涨停，川环科技大涨14%，贵州轮胎、江淮汽车、比亚迪等纷纷走高
2020-10-15,【华创汽车】电动车供给端持续优化撬动需求,【华创汽车】电动车供给端持续优化撬动需求
2020-10-15,参加深圳40周年庆祝大会 比亚迪深感责任重大使命光荣,参加深圳40周年庆祝大会 比亚迪深感责任重大使命光荣
2020-10-15,汽车板块表现抢眼,汽车板块表现抢眼
2020-10-15,【异动股】刀片电池板块高开，比亚迪(002594-CN)涨3.14%,【异动股】刀片电池板块高开，比亚迪(002594-CN)涨3.14%
2020-10-15,上证指数高开0.06%、创业板指涨0.11%，比亚迪涨超3%再创新高,上证指数高开0.06%、创业板指涨0.11%，比亚迪涨超3%再创新高
2020-10-15,千亿市值白马扎堆创新高三季报业绩成主要看点,千亿市值白马扎堆创新高三季报业绩成主要看点
2020-10-15,新能源汽车新规划通过后 比亚迪是否被低估？,新能源汽车新规划通过后 比亚迪是否被低估？
2020-10-16,A股收盘综述：上证指数缩量小涨因主力资金杀入银行股，本周累升约2%,A股收盘综述：上证指数缩量小涨因主力资金杀入银行股，本周累升约2%
2020-10-16,iPhone12不配充电头自己掏腰包怎么买才划算,iPhone12不配充电头自己掏腰包怎么买才划算
2020-10-16,全幅相机用非全幅镜头时画质会不会下降？懂了,全幅相机用非全幅镜头时画质会不会下降？懂了
2020-10-16,比亚迪三季报大幅预增背后：真的迎来全面美好时代？,比亚迪三季报大幅预增背后：真的迎来全面美好时代？
2020-10-16,五菱“锤爆”特斯拉，中国的一代“神车”出现了？,五菱“锤爆”特斯拉，中国的一代“神车”出现了？
2020-10-16,给爱车来次安全消毒，比亚迪DiLink3.0“高温消毒杀菌”,给爱车来次安全消毒，比亚迪DiLink3.0“高温消毒杀菌”
2020-10-16,先行者比亚迪：敢闯敢创，成就梦想,先行者比亚迪：敢闯敢创，成就梦想
2020-10-16,三季报修正公司现“两重天”：上修酿牛股，下修藏风险,三季报修正公司现“两重天”：上修酿牛股，下修藏风险
2020-10-16,A股午盘综述：上证指数半日跌0.28%，动力电池、半导体硅片板块领跌,A股午盘综述：上证指数半日跌0.28%，动力电池、半导体硅片板块领跌
2020-10-16,暴涨5倍！这只股 是机会还是天坑？,暴涨5倍！这只股 是机会还是天坑？
2020-10-16,9月乘用车市场零售191万辆 同比去年9月增长7.3%,9月乘用车市场零售191万辆 同比去年9月增长7.3%
2020-10-16,技术提升是站稳新能源汽车市场的底气,技术提升是站稳新能源汽车市场的底气
2020-10-16,汽车板块快速下行,汽车板块快速下行
2020-10-16,科创板：新势力再生资格战,科创板：新势力再生资格战
2020-10-16,星源材质三季度归母净利增长30.73%，营收创单季历史新高,星源材质三季度归母净利增长30.73%，营收创单季历史新高
2020-10-16,嘉寓股份拿到比亚迪大额组件订单,嘉寓股份拿到比亚迪大额组件订单
2020-10-16,A股融资融券日报：两融余额增加30.9亿元（10月15日）,A股融资融券日报：两融余额增加30.9亿元（10月15日）
2020-10-16,9月动力电池市场：装机量同比增长66.1%，LG化学排名下滑至第四,9月动力电池市场：装机量同比增长66.1%，LG化学排名下滑至第四
2020-10-16,中国高端新能源汽车市场震荡 特斯拉新车价格频降,中国高端新能源汽车市场震荡 特斯拉新车价格频降
2020-10-16,目标欧洲 中国品牌电动车出海胜算几何,目标欧洲 中国品牌电动车出海胜算几何
2020-10-16,换电模式将在北京等地试点推广,换电模式将在北京等地试点推广
2020-10-16,10月以来410家公司获机构买入评级,10月以来410家公司获机构买入评级
2020-10-16,动力电池板块跳水，比亚迪、宁德时代均跌超2%,动力电池板块跳水，比亚迪、宁德时代均跌超2%
2020-10-17,【9月乘用车量-库-价深度】批发销量连续5个月正增长，持续复苏,【9月乘用车量-库-价深度】批发销量连续5个月正增长，持续复苏
2020-10-17,我们错过了特斯拉，蔚来，下一个会错过谁？,我们错过了特斯拉，蔚来，下一个会错过谁？
2020-10-17,汽车行业月报：批发销量连续5个月正增长 持续复苏,汽车行业月报：批发销量连续5个月正增长 持续复苏
2020-10-17,威马谋上市，造车新势力角逐下半场,威马谋上市，造车新势力角逐下半场
2020-10-17,数据解放生产力——琰究汽车数据系列（2020年9月）【华西汽车 崔琰团队】,数据解放生产力——琰究汽车数据系列（2020年9月）【华西汽车 崔琰团队】
2020-10-18,比蚂蚁集团还快！创业板注册制首现“深圳速度”,比蚂蚁集团还快！创业板注册制首现“深圳速度”
2020-10-18,「美的 25 届科技月」现场，鸿蒙家电和能控制家电的比亚迪都来了,「美的 25 届科技月」现场，鸿蒙家电和能控制家电的比亚迪都来了
2020-10-18,招商策略：最“难”上涨的行业开始领涨意味着什么,招商策略：最“难”上涨的行业开始领涨意味着什么
2020-10-19,新能源车 周期向上,新能源车 周期向上
2020-10-19,午间公告2020年10月19日星期一,午间公告2020年10月19日星期一
2020-10-19,导航芯片及产品制造商华大北斗完成战略投资融资,导航芯片及产品制造商华大北斗完成战略投资融资
2020-10-19,没买蔚来股票的不要后悔，你至少能睡个好觉,没买蔚来股票的不要后悔，你至少能睡个好觉
2020-10-19,市值龙头十有七家跑赢板块！资金“审美”集中还将持续？,市值龙头十有七家跑赢板块！资金“审美”集中还将持续？
2020-10-19,亚太股份：公司是吉利汽车和比亚迪供应商,亚太股份：公司是吉利汽车和比亚迪供应商
2020-10-19,比亚迪入股华大北斗加码半导体，电动汽车正给国内芯片行业吹来春风？,比亚迪入股华大北斗加码半导体，电动汽车正给国内芯片行业吹来春风？
2020-10-19,午间公告：今天国际与比亚迪签署《采购框架协议》,午间公告：今天国际与比亚迪签署《采购框架协议》
2020-10-19,新能源汽车行业周报：9月新能源汽车销量喜人 增长趋势有望延续,新能源汽车行业周报：9月新能源汽车销量喜人 增长趋势有望延续
2020-10-19,新能源汽车投资机会是否迎来加速阶段？,新能源汽车投资机会是否迎来加速阶段？
2020-10-19,电子行业周观点：5G 消息进入商用关键窗口期 SMIC Q3 业绩超预期,电子行业周观点：5G 消息进入商用关键窗口期 SMIC Q3 业绩超预期
2020-10-19,第三批新能源汽车下乡名单出炉，包括东风等8个企业,第三批新能源汽车下乡名单出炉，包括东风等8个企业
2020-10-19,没有深圳，就不会有比亚迪,没有深圳，就不会有比亚迪
2020-10-19,"特斯拉取消7天无理由退车,降得没信心了?","特斯拉取消7天无理由退车,降得没信心了?"
2020-10-19,比亚迪入股芯片制造商华大北斗，持股比例达6.93%,比亚迪入股芯片制造商华大北斗，持股比例达6.93%
2020-10-19,216亿元！工信部公示新一批新能源汽车补贴清算,216亿元！工信部公示新一批新能源汽车补贴清算
2020-10-19,新能源50强年内平均涨近91% 北上资金持股市值近千亿,新能源50强年内平均涨近91% 北上资金持股市值近千亿
2020-10-19,比亚迪李云飞：新能源车市场将持续增长,比亚迪李云飞：新能源车市场将持续增长
2020-10-19,【电新*曾朵红】9月装机电量点评：装机量同环比大增，铁锂占比提升,【电新*曾朵红】9月装机电量点评：装机量同环比大增，铁锂占比提升
2020-10-19,新能源汽车｜上通五宏光MINI EV热销，供应链明显受益,新能源汽车｜上通五宏光MINI EV热销，供应链明显受益
2020-10-19,细分行业龙头大盘点 13股业绩有望高增长,细分行业龙头大盘点 13股业绩有望高增长
2020-10-19,比亚迪新业务助三季度盈利19亿增15倍 经营持续转好市值年内劲增近2200亿,比亚迪新业务助三季度盈利19亿增15倍 经营持续转好市值年内劲增近2200亿
2020-10-19,A股融资融券日报：两融余额减少33.11亿元（10月16日）,A股融资融券日报：两融余额减少33.11亿元（10月16日）
2020-10-19,特斯拉宣布新政策！车主再也不能“你降价我退车”了,特斯拉宣布新政策！车主再也不能“你降价我退车”了
2020-10-19,中金公司：市场表现良好 汽车行业迈入旺季（附股）,中金公司：市场表现良好 汽车行业迈入旺季（附股）
2020-10-19,总投资100亿！比亚迪湖南宁乡动力电池项目首条生产线投产,总投资100亿！比亚迪湖南宁乡动力电池项目首条生产线投产
2020-10-19,中信证券：上通五宏光MINI EV热销 供应链企业明显受益（附股）,中信证券：上通五宏光MINI EV热销 供应链企业明显受益（附股）
2020-10-20,每周盈利预测报告,每周盈利预测报告
2020-10-20,长安汽车封住涨停，比亚迪冲击涨停,长安汽车封住涨停，比亚迪冲击涨停
2020-10-20,A股收盘综述：创业板综指收升1.91%注册制次新股爆发，创业板成交额再超沪市,A股收盘综述：创业板综指收升1.91%注册制次新股爆发，创业板成交额再超沪市
2020-10-20,收评：创业板指涨1.89% 注册制次新股板块领涨,收评：创业板指涨1.89% 注册制次新股板块领涨
2020-10-20,699亿资金争夺20股：主力资金重点出击13股(名单),699亿资金争夺20股：主力资金重点出击13股(名单)
2020-10-20,双雄争霸新格局SK海力士收购Intel存储背后：行业要变天,双雄争霸新格局SK海力士收购Intel存储背后：行业要变天
2020-10-20,【异动股】新一批新能源汽车下乡汽车股跑出比亚迪大涨8.3%,【异动股】新一批新能源汽车下乡汽车股跑出比亚迪大涨8.3%
2020-10-20,A股低开高收：汽车、白酒板块领涨 长城汽车、比亚迪大涨超9%,A股低开高收：汽车、白酒板块领涨 长城汽车、比亚迪大涨超9%
2020-10-20,主力动向｜48股主力买入超亿元！比亚迪、东方财富、五粮液位居前三！,主力动向｜48股主力买入超亿元！比亚迪、东方财富、五粮液位居前三！
2020-10-20,新能源行业周报：9月新能源销量持续高增长 风电景气度有望再超预期,新能源行业周报：9月新能源销量持续高增长 风电景气度有望再超预期
2020-10-20,25只股股价创历史新高,25只股股价创历史新高
2020-10-20,港股复盘：资金流出,港股复盘：资金流出
2020-10-20,大基金买买买，动力电池第一单花落谁家？,大基金买买买，动力电池第一单花落谁家？
2020-10-20,北向资金连续5日净流出，洋河股份遭净卖出5.36亿元,北向资金连续5日净流出，洋河股份遭净卖出5.36亿元
2020-10-20,港股平淡恒指升27点无碍阿里比亚迪安踏李宁创收市新高,港股平淡恒指升27点无碍阿里比亚迪安踏李宁创收市新高
2020-10-20,上汽集团市值排名一退再退 推高端电车品牌或存无奈,上汽集团市值排名一退再退 推高端电车品牌或存无奈
2020-10-20,数据解盘|今日北向资金合计净流入9.63亿元 汽车板块受到主力资金追捧,数据解盘|今日北向资金合计净流入9.63亿元 汽车板块受到主力资金追捧
2020-10-20,新能源汽车市场预期走强 多家造车新势力受资本追捧,新能源汽车市场预期走强 多家造车新势力受资本追捧
2020-10-20,【主力资金】大跌12%，芯片巨头遭资金砸盘，公司核心技术人员离职 员工变动,【主力资金】大跌12%，芯片巨头遭资金砸盘，公司核心技术人员离职 员工变动
2020-10-20,美股异动 | 爱鸿森(AIHS.US)盘初涨逾6%，与比亚迪股份(01211)子公司签署合作协议,美股异动 | 爱鸿森(AIHS.US)盘初涨逾6%，与比亚迪股份(01211)子公司签署合作协议
2020-10-20,港股全天窄幅震荡：TCL电子、比亚迪大涨约9% 香港研究加强与深圳合作,港股全天窄幅震荡：TCL电子、比亚迪大涨约9% 香港研究加强与深圳合作
2020-10-20,汽车整车板块再度抬升,汽车整车板块再度抬升
2020-10-20,长信科技(300088)：减薄业务需求旺盛,长信科技(300088)：减薄业务需求旺盛
2020-10-20,A股午盘综述：上证指数半日小跌，洋河股份、泸州老窖再创新高,A股午盘综述：上证指数半日小跌，洋河股份、泸州老窖再创新高
2020-10-20,拓普集团(601689)：3季度盈利好于预期 毛利率环比明显改善,拓普集团(601689)：3季度盈利好于预期 毛利率环比明显改善
2020-10-20,上汽暂别整车“市值一哥”宝座传统车企如何“翻身”？,上汽暂别整车“市值一哥”宝座传统车企如何“翻身”？
2020-10-20,上汽暂别整车“市值一哥”宝座 传统车企如何“翻身”？,上汽暂别整车“市值一哥”宝座 传统车企如何“翻身”？
2020-10-20,动力电池纷纷创新,动力电池纷纷创新
2020-10-20,北向资金动向盘点：持续加仓“新能源”，宁德时代成标杆,北向资金动向盘点：持续加仓“新能源”，宁德时代成标杆
2020-10-20,安信证券：国内外政策持续助力，电动车持续向好,安信证券：国内外政策持续助力，电动车持续向好
2020-10-20,跃跃御市: E级、5系焕新再战 自主“黑马”破局而来,跃跃御市: E级、5系焕新再战 自主“黑马”破局而来
2020-10-20,48股获券商买入评级，龙净环保目标涨幅达74.05%,48股获券商买入评级，龙净环保目标涨幅达74.05%
2020-10-20,新能源行业周报：9月新能源汽车产销超预期,新能源行业周报：9月新能源汽车产销超预期
2020-10-20,一则简单公告，透露出“刀片电池”产能在加速扩张,一则简单公告，透露出“刀片电池”产能在加速扩张
2020-10-20,一则简单公告 透露出“刀片电池”产能在加速扩张,一则简单公告 透露出“刀片电池”产能在加速扩张
2020-10-20,新能源汽车点燃碳化硅热潮 国产化预期强烈,新能源汽车点燃碳化硅热潮 国产化预期强烈
2020-10-20,【申港电新|周观点】中欧新能源车市场全面向好,【申港电新|周观点】中欧新能源车市场全面向好
2020-10-20,A股融资融券日报：两融余额增加26.32亿元（10月19日）,A股融资融券日报：两融余额增加26.32亿元（10月19日）
2020-10-20,比亚迪股份短线拉升，涨近6%,比亚迪股份短线拉升，涨近6%
2020-10-20,【行情】比亚迪港股涨幅扩大至5%，第三批新能源汽车下乡名单出炉，比亚迪在列,【行情】比亚迪港股涨幅扩大至5%，第三批新能源汽车下乡名单出炉，比亚迪在列
2020-10-20,沪指跌近0.5%围绕3300点低位震荡 白酒概念股拉升,沪指跌近0.5%围绕3300点低位震荡 白酒概念股拉升
2020-10-20,动力电池板块连续拉升，比亚迪、亿纬锂能涨4%,动力电池板块连续拉升，比亚迪、亿纬锂能涨4%
2020-10-20,"汽车整车：MINIEV动了谁的蛋糕，维持""强大于市""评级","汽车整车：MINIEV动了谁的蛋糕，维持""强大于市""评级"
2020-10-20,10月19日，今天国际的一则简单的合作公告，泄露了比亚迪“刀片电池”新工厂已临近投产。,10月19日，今天国际的一则简单的合作公告，泄露了比亚迪“刀片电池”新工厂已临近投产。
2020-10-20,早评：沪指低开0.17% 量子科技板块回调,早评：沪指低开0.17% 量子科技板块回调
2020-10-20,港股异动 | 比亚迪股份(01211)现涨4% 第三批新能源汽车下乡名单出炉 比亚迪在列,港股异动 | 比亚迪股份(01211)现涨4% 第三批新能源汽车下乡名单出炉 比亚迪在列
2020-10-21,2020年，中国车企是否“研”之有理？,2020年，中国车企是否“研”之有理？
2020-10-21,比亚迪：和日野汽车成立合资公司，开发纯电动商用车及电动车零部件,比亚迪：和日野汽车成立合资公司，开发纯电动商用车及电动车零部件
2020-10-21,比亚迪控股子公司拟与日野自动车株式会社设合资公司,比亚迪控股子公司拟与日野自动车株式会社设合资公司
2020-10-21,比亚迪(01211-HK)比亚迪汽车工业与日野合作开发纯电动商用车及零部件,比亚迪(01211-HK)比亚迪汽车工业与日野合作开发纯电动商用车及零部件
2020-10-21,9月车市持续回暖，新能源销量刷新月度记录,9月车市持续回暖，新能源销量刷新月度记录
2020-10-21,比亚迪(002594.SZ)：拟与日野各出资50%计划于2021年在中国设立合资公司,比亚迪(002594.SZ)：拟与日野各出资50%计划于2021年在中国设立合资公司
2020-10-21,北水回流美团近4亿，此前连续两日抛售，减持比亚迪；南水加仓格力电器 减持股份,北水回流美团近4亿，此前连续两日抛售，减持比亚迪；南水加仓格力电器 减持股份
2020-10-21,开发纯电动商用车 比亚迪牵手日野汽车,开发纯电动商用车 比亚迪牵手日野汽车
2020-10-21,比亚迪与日野自动车株式会社签署合资协议,比亚迪与日野自动车株式会社签署合资协议
2020-10-21,格隆汇港股聚焦(10.21)︱中国联通前三季度净利同比增10.2%；比亚迪拟与日野共同开发纯电动商用车,格隆汇港股聚焦(10.21)︱中国联通前三季度净利同比增10.2%；比亚迪拟与日野共同开发纯电动商用车
2020-10-21,量话车市│五菱登顶 9月新能源销量解析,量话车市│五菱登顶 9月新能源销量解析
2020-10-21,特斯拉“韭菜论”的本质是什么？,特斯拉“韭菜论”的本质是什么？
2020-10-21,[慧眼]国产车领跑中美股市！发改委再提限购松绑中国车市望迎3年上行周期，这些车企将踩油门！,[慧眼]国产车领跑中美股市！发改委再提限购松绑中国车市望迎3年上行周期，这些车企将踩油门！
2020-10-21,比亚迪子公司与日野签订协议 拟设立合资公司开发纯电动商用车,比亚迪子公司与日野签订协议 拟设立合资公司开发纯电动商用车
2020-10-21,出海日报 | 比亚迪与日野合资开发纯电动商用车；Klar完成1500万美元A轮融资,出海日报 | 比亚迪与日野合资开发纯电动商用车；Klar完成1500万美元A轮融资
2020-10-21,特斯拉“降价”这把刀,特斯拉“降价”这把刀
2020-10-21,星期三查餐厅|食堂供餐人数可达近3000人 今天我们去探访了比亚迪的坑梓食堂,星期三查餐厅|食堂供餐人数可达近3000人 今天我们去探访了比亚迪的坑梓食堂
2020-10-21,合力泰：至暗时刻来临？,合力泰：至暗时刻来临？
2020-10-21,比亚迪与日野成立合资公司 2025年前推出纯电车,比亚迪与日野成立合资公司 2025年前推出纯电车
2020-10-21,比亚迪与日野成立合资公司共同开发纯电动商用车,比亚迪与日野成立合资公司共同开发纯电动商用车
2020-10-21,比亚迪联手日野 2025年前推日野品牌纯电商用车,比亚迪联手日野 2025年前推日野品牌纯电商用车
2020-10-21,市场消息：日野汽车与比亚迪将成立商用电动车合资公司,市场消息：日野汽车与比亚迪将成立商用电动车合资公司
2020-10-21,新能源车行情走完了吗？,新能源车行情走完了吗？
2020-10-21,比亚迪与日野成立合资公司 共同开发纯电动商用车,比亚迪与日野成立合资公司 共同开发纯电动商用车
2020-10-21,比亚迪与日野签署协议，合作开发纯电动商用车,比亚迪与日野签署协议，合作开发纯电动商用车
2020-10-21,中信建投高端制造团队最新研究观点,中信建投高端制造团队最新研究观点
2020-10-21,睿财看市场：指数震荡走强，次新股爆发,睿财看市场：指数震荡走强，次新股爆发
2020-10-21,北向资金动向盘点：逢涨减磅“新能源车”,北向资金动向盘点：逢涨减磅“新能源车”
2020-10-21,天风汽车【深度】华懋科技：安全气囊龙头，行业稳中有升,天风汽车【深度】华懋科技：安全气囊龙头，行业稳中有升
2020-10-21,券商晨会观点速递,券商晨会观点速递
2020-10-21,A股融资融券日报：两融余额增加43.8亿元（10月20日）,A股融资融券日报：两融余额增加43.8亿元（10月20日）
2020-10-21,前三季度动力电池装机量TOP 10 企业“解码”,前三季度动力电池装机量TOP 10 企业“解码”
2020-10-21,新能源汽车行业再度迎来强劲政策风口,新能源汽车行业再度迎来强劲政策风口
2020-10-21,17股获融资净买入额超5000万元 比亚迪居首,17股获融资净买入额超5000万元 比亚迪居首
2020-10-21,大和指比亚迪(01211-HK)新能源车销售继续强劲增长升其目标价至150港元,大和指比亚迪(01211-HK)新能源车销售继续强劲增长升其目标价至150港元
2020-10-21,卖车又卖房！北向资金继续出逃，这些股票被减仓最多,卖车又卖房！北向资金继续出逃，这些股票被减仓最多
2020-10-21,电气设备行业周报：月度数据持续向好 关注高景气环节,电气设备行业周报：月度数据持续向好 关注高景气环节
2020-10-21,比亚迪、长城汽车均跌近3%，汽车股纷纷回调,比亚迪、长城汽车均跌近3%，汽车股纷纷回调
2020-10-21,9月新能源乘用车上险量：宏光MINI EV夺冠，比亚迪汉规模上量,9月新能源乘用车上险量：宏光MINI EV夺冠，比亚迪汉规模上量
2020-10-21,苹果板块跌幅扩大至2%，比亚迪、立讯精密、歌尔股份、蓝思科技均下挫逾3%,苹果板块跌幅扩大至2%，比亚迪、立讯精密、歌尔股份、蓝思科技均下挫逾3%
2020-10-21,蔚来计划自研芯片！李斌正积极推动，成立独立团队,蔚来计划自研芯片！李斌正积极推动，成立独立团队
2020-10-21,新能源汽车行业日报：发改委鼓励各地出台老旧汽车置换政策,新能源汽车行业日报：发改委鼓励各地出台老旧汽车置换政策
2020-10-21,比亚迪4000万入股芯片制造商华大北斗 2020半导体集成电路行业深度调研,比亚迪4000万入股芯片制造商华大北斗 2020半导体集成电路行业深度调研
2020-10-21,19家车企负债1.36万亿！上汽占四成，夏利已“负资产” 偿债能力下降,19家车企负债1.36万亿！上汽占四成，夏利已“负资产” 偿债能力下降
2020-10-21,省钱又省心，比亚迪为汉、2021款唐升级充电桩安装服务,省钱又省心，比亚迪为汉、2021款唐升级充电桩安装服务
2020-10-21,加码半导体！比亚迪4000万入股芯片制造商华大北斗持股6.93%,加码半导体！比亚迪4000万入股芯片制造商华大北斗持股6.93%
2020-10-21,【申港电新|周观点】电动车销量超预期 高景气延续2021,【申港电新|周观点】电动车销量超预期 高景气延续2021
2020-10-22,恒生指数午盘收跌0.22%报24699点 中国联通(00762)急挫近一成,恒生指数午盘收跌0.22%报24699点 中国联通(00762)急挫近一成
2020-10-22,磷酸铁锂电池板块涨幅超2%，国轩高科、石大胜华接近涨停,磷酸铁锂电池板块涨幅超2%，国轩高科、石大胜华接近涨停
2020-10-22,动力电池概念午后走强 比亚迪股价再创历史新高,动力电池概念午后走强 比亚迪股价再创历史新高
2020-10-22,【行情】新能源汽车概念午后继续走强，杉杉股份早盘封板，国轩高科、石大胜华大涨逾9%，德方纳米、比亚迪、长城汽车等个股纷纷走强,【行情】新能源汽车概念午后继续走强，杉杉股份早盘封板，国轩高科、石大胜华大涨逾9%，德方纳米、比亚迪、长城汽车等个股纷纷走强
2020-10-22,快讯：新能源汽车概念午后拉升 比亚迪等多股走强,快讯：新能源汽车概念午后拉升 比亚迪等多股走强
2020-10-22,比亚迪新能源销量腰斩：被特斯拉反超 股价何以暴增168%？ 盈利能力下降,比亚迪新能源销量腰斩：被特斯拉反超 股价何以暴增168%？ 盈利能力下降
2020-10-22,A股收盘综述：上证指数录跌0.38%，洋河股份、比亚迪、美的再创新高,A股收盘综述：上证指数录跌0.38%，洋河股份、比亚迪、美的再创新高
2020-10-22,降价的特斯拉和持续冲高的中国品牌,降价的特斯拉和持续冲高的中国品牌
2020-10-22,比亚迪与正泰开启合作 携手谱写新能源篇章,比亚迪与正泰开启合作 携手谱写新能源篇章
2020-10-22,比亚迪与正泰跨界合作 优势互补“玩转”新能源,比亚迪与正泰跨界合作 优势互补“玩转”新能源
2020-10-22,比亚迪：与正泰集团战略合作,比亚迪：与正泰集团战略合作
2020-10-22,比亚迪探底回升A+H股携手再创历史新高,比亚迪探底回升A+H股携手再创历史新高
2020-10-22,我国新能源汽车产业发展成效显著，这些产业链公司值得关注,我国新能源汽车产业发展成效显著，这些产业链公司值得关注
2020-10-22,比亚迪、长城汽车、江淮汽车等快速拉升，汽车板块强力反弹,比亚迪、长城汽车、江淮汽车等快速拉升，汽车板块强力反弹
2020-10-22,【钴锂新能源内部晨会纪要】C端客户消费上涨 原材料市场询单增加,【钴锂新能源内部晨会纪要】C端客户消费上涨 原材料市场询单增加
2020-10-22,首个“芯片大学”正式成立！不招高考生人才大不同,首个“芯片大学”正式成立！不招高考生人才大不同
2020-10-22,资金追捧疫苗瓶龙头 三季报业绩亮眼股价涨停,资金追捧疫苗瓶龙头 三季报业绩亮眼股价涨停
2020-10-22,9月批发销量排行：宏光MINI EV销量过两万，理想ONE领跑新势力,9月批发销量排行：宏光MINI EV销量过两万，理想ONE领跑新势力
2020-10-22,工信部：深入实施发展新能源汽车国家战略,工信部：深入实施发展新能源汽车国家战略
2020-10-22,五菱凭什么“碾压”了特斯拉？,五菱凭什么“碾压”了特斯拉？
2020-10-22,超感座驾--宋PLUS上市即热销！上市首月订单突破万辆,超感座驾--宋PLUS上市即热销！上市首月订单突破万辆
2020-10-22,北向资金动向盘点：净卖70亿，医药占了近三成,北向资金动向盘点：净卖70亿，医药占了近三成
2020-10-22,EV晨报 | 蔚来计划自研芯片；通用汽车发布悍马EV；特斯拉推全自动驾驶测试版,EV晨报 | 蔚来计划自研芯片；通用汽车发布悍马EV；特斯拉推全自动驾驶测试版
2020-10-22,A股融资融券日报：两融余额增加5.83亿元（10月21日）,A股融资融券日报：两融余额增加5.83亿元（10月21日）
2020-10-22,小K播早报！上海：到2025年孵化培育1万家有发展潜力的科技型企业证监会同意蚂蚁科技集团科创板IPO注册,小K播早报！上海：到2025年孵化培育1万家有发展潜力的科技型企业证监会同意蚂蚁科技集团科创板IPO注册
2020-10-22,【汽车】汽车行业月报：9月车市全面回暖，建议积极配置,【汽车】汽车行业月报：9月车市全面回暖，建议积极配置
2020-10-22,西安 一座新能源汽车重镇正加速崛起,西安 一座新能源汽车重镇正加速崛起
2020-10-22,工信部：将优化完善集成电路产业发展环境，加强产业链上下游协同创新,工信部：将优化完善集成电路产业发展环境，加强产业链上下游协同创新
2020-10-22,华为Mate40曝光汇总：影像/外观/快充大革新,华为Mate40曝光汇总：影像/外观/快充大革新
2020-10-22,港股公告精选：阿里巴巴拟认购蚂蚁集团7.3亿股A股,港股公告精选：阿里巴巴拟认购蚂蚁集团7.3亿股A股
2020-10-23,比亚迪(01211-HK)破顶后获利盘涌现挫7.8%,比亚迪(01211-HK)破顶后获利盘涌现挫7.8%
2020-10-23,汽车股大涨站上均线 数字化转型强势支撑传统车企逆势翻盘,汽车股大涨站上均线 数字化转型强势支撑传统车企逆势翻盘
2020-10-23,比亚迪电子：系华为Mate40系列全系产品中框的主力供应商,比亚迪电子：系华为Mate40系列全系产品中框的主力供应商
2020-10-23,跨行业联动狂欢即将上线 双11购格兰仕赢比亚迪秦pro,跨行业联动狂欢即将上线 双11购格兰仕赢比亚迪秦pro
2020-10-23,涨！涨！涨！涨！涨！涨！我国汽车产销连续正增长 “领跑”的是它→,涨！涨！涨！涨！涨！涨！我国汽车产销连续正增长 “领跑”的是它→
2020-10-23,瑞银：五年后中国电动车供应链将出海,瑞银：五年后中国电动车供应链将出海
2020-10-23,段永平：10年不用的闲钱放银行不如买茅台 好公司不要卖,段永平：10年不用的闲钱放银行不如买茅台 好公司不要卖
2020-10-23,铁锂or三元 新能源车再起电池路线之争,铁锂or三元 新能源车再起电池路线之争
2020-10-23,粤开策略深度 | “十四五”政策展望系列报告之二：新能源产业“风光”前瞻,粤开策略深度 | “十四五”政策展望系列报告之二：新能源产业“风光”前瞻
2020-10-23,A股融资融券日报：两融余额增加6.01亿元（10月22日）,A股融资融券日报：两融余额增加6.01亿元（10月22日）
2020-10-23,新能源汽车“快充为王”正提速,新能源汽车“快充为王”正提速
2020-10-23,曾毓群，国产“钢铁侠”,曾毓群，国产“钢铁侠”
2020-10-23,宁德时代的下一个时代,宁德时代的下一个时代
2020-10-23,每日理财观察：新规后1523款理财产品提前终止,每日理财观察：新规后1523款理财产品提前终止
2020-10-23,期待！比亚迪联手日野开发纯电动商用车,期待！比亚迪联手日野开发纯电动商用车
2020-10-23,进新能源汽车赛道，国内IGBT如何打破垄断？,进新能源汽车赛道，国内IGBT如何打破垄断？
2020-10-23,深入布局工业自动化与新能源汽车 蓝海华腾成功逆袭,深入布局工业自动化与新能源汽车 蓝海华腾成功逆袭
2020-10-23,强强联合 中铁电气化局与比亚迪开展全面战略合作,强强联合 中铁电气化局与比亚迪开展全面战略合作
2020-10-24,比亚迪与正泰合作 聚焦储能/半导体领域,比亚迪与正泰合作 聚焦储能/半导体领域
2020-10-24,电气设备行业点评-LG化学20Q3点评：电池收入历史新高 拆分在即公布宏伟蓝图,电气设备行业点评-LG化学20Q3点评：电池收入历史新高 拆分在即公布宏伟蓝图
2020-10-24,Win10 20H2正式发布！多图对比旧版&新功能一览,Win10 20H2正式发布！多图对比旧版&新功能一览
2020-10-24,翔丰华：比亚迪汉销售火爆，对公司带来积极影响,翔丰华：比亚迪汉销售火爆，对公司带来积极影响
2020-10-25,周观点 | 沪外牌车辆管理调整影响几何？【华西汽车 崔琰团队】,周观点 | 沪外牌车辆管理调整影响几何？【华西汽车 崔琰团队】
2020-10-25,90亿美元英特尔把最初的梦想卖给了韩国？,90亿美元英特尔把最初的梦想卖给了韩国？
2020-10-25,手机白色前面板太稀缺了！还得看魅族坚果,手机白色前面板太稀缺了！还得看魅族坚果
2020-10-25,赢合科技(300457)：三季报业绩符合预期 下半年锂电设备主业迎收入和订单双复苏,赢合科技(300457)：三季报业绩符合预期 下半年锂电设备主业迎收入和订单双复苏
2020-10-25,汽车与汽车零部件行业-汽车智能化系列报告之三：FOTA助力汽车不断生长,汽车与汽车零部件行业-汽车智能化系列报告之三：FOTA助力汽车不断生长
2020-10-26,新能源汽车市场复苏迹象明显 迭代拐点已至？,新能源汽车市场复苏迹象明显 迭代拐点已至？
2020-10-26,浙商早知道 | 10月28日,浙商早知道 | 10月28日
2020-10-26,新坐标 | 2020三季报点评：业绩稳健增长 全新成长启航【华西汽车 崔琰团队】,新坐标 | 2020三季报点评：业绩稳健增长 全新成长启航【华西汽车 崔琰团队】
2020-10-26,电力设备新能源周观察：光伏玻璃价格持续上涨 电动车Q4延续高增长,电力设备新能源周观察：光伏玻璃价格持续上涨 电动车Q4延续高增长
2020-10-26,携手并进 共执牛耳！比亚迪与华润开启多领域战略合作,携手并进 共执牛耳！比亚迪与华润开启多领域战略合作
2020-10-26,汽车行业研究：上海‘外牌’限行新规解读：上海强化外牌限行政策 中高端新能源供给进一步受益,汽车行业研究：上海‘外牌’限行新规解读：上海强化外牌限行政策 中高端新能源供给进一步受益
2020-10-26,比亚迪半导体车规级MCU装车量超500万颗,比亚迪半导体车规级MCU装车量超500万颗
2020-10-26,预期差引发白马股闪崩，三季报收官提前防雷,预期差引发白马股闪崩，三季报收官提前防雷
2020-10-26,比亚迪发布国产电脑,比亚迪发布国产电脑
2020-10-26,充电桩投资加速，产业链迎景气周期,充电桩投资加速，产业链迎景气周期
2020-10-26,不对称车门/续航418km 比亚迪秦D1路试谍照曝光,不对称车门/续航418km 比亚迪秦D1路试谍照曝光
2020-10-26,A股收盘综述：上证指数连跌四日，创业板收红因充电桩、光伏、疫苗等题材反弹,A股收盘综述：上证指数连跌四日，创业板收红因充电桩、光伏、疫苗等题材反弹
2020-10-26,新能源汽车行业点评：产销持续提升 产业链迎布局佳期,新能源汽车行业点评：产销持续提升 产业链迎布局佳期
2020-10-26,蓝筹企业评论|厦钨新能IPO:依赖政府补贴，债台高筑，咋做“中国第一”,蓝筹企业评论|厦钨新能IPO:依赖政府补贴，债台高筑，咋做“中国第一”
2020-10-26,比亚迪推出笔记本：CPU、GPU、OS全国产,比亚迪推出笔记本：CPU、GPU、OS全国产
2020-10-26,“特色工艺”集成电路制造市场广阔,“特色工艺”集成电路制造市场广阔
2020-10-26,A股融资融券日报：两融余额减少114.88亿元（10月23日）,A股融资融券日报：两融余额减少114.88亿元（10月23日）
2020-10-26,动力电池板块连续拉升，宁德时代、比亚迪、亿纬锂能均涨3%左右,动力电池板块连续拉升，宁德时代、比亚迪、亿纬锂能均涨3%左右
2020-10-26,挤破头也要进科创板，现在的汽车企业都这么缺钱了吗？,挤破头也要进科创板，现在的汽车企业都这么缺钱了吗？
2020-10-26,【浙商汽车||王敬/刘文婷团队】行业专题报告：销量全面回暖，看多汽车行业,【浙商汽车||王敬/刘文婷团队】行业专题报告：销量全面回暖，看多汽车行业
2020-10-26,汽车行业周报：沪外牌车辆管理调整影响几何？,汽车行业周报：沪外牌车辆管理调整影响几何？
2020-10-26,汽车周报：上海强化外牌限行政策 特斯拉三季报创历史佳绩,汽车周报：上海强化外牌限行政策 特斯拉三季报创历史佳绩
2020-10-26,2020年电新行业周报10月第3期：新能源汽车和光伏景气持续向上 关注四季度投资机会,2020年电新行业周报10月第3期：新能源汽车和光伏景气持续向上 关注四季度投资机会
2020-10-26,A股午盘综述：创业板指、中小板指探底回升半日齐涨，题材股多点开花,A股午盘综述：创业板指、中小板指探底回升半日齐涨，题材股多点开花
2020-10-27,显示器接口作用知多少？5分钟全都懂了,显示器接口作用知多少？5分钟全都懂了
2020-10-27,六棱镜洞察：红筹车企回归A股热潮,六棱镜洞察：红筹车企回归A股热潮
2020-10-27,招商证券：汽车行业的机会在这几个领域,招商证券：汽车行业的机会在这几个领域
2020-10-27,你达标了没？五大城市高端人才平均年薪超20万元,你达标了没？五大城市高端人才平均年薪超20万元
2020-10-27,坚果R2上手：这套系统最懂你,坚果R2上手：这套系统最懂你
2020-10-27,iPhone12全线跌破发行价商家博眼球炒作？终于明白了 连续下跌,iPhone12全线跌破发行价商家博眼球炒作？终于明白了 连续下跌
2020-10-27,应届生年薪35万+倒挂老员工：加油、打工人,应届生年薪35万+倒挂老员工：加油、打工人
2020-10-27,最新文章more>>,最新文章more>>
2020-10-27,iPhone的浓浓塑料情：富士康拼命薅羊毛、库克偷偷找备胎,iPhone的浓浓塑料情：富士康拼命薅羊毛、库克偷偷找备胎
2020-10-27,公牛首发65W快充插线板：2小时搞定华为P3,公牛首发65W快充插线板：2小时搞定华为P3
2020-10-27,明星基金经理最新持股大曝光！,明星基金经理最新持股大曝光！
2020-10-27,AMD砸出史无前例350亿美元：吹响反击Intel的最后号角,AMD砸出史无前例350亿美元：吹响反击Intel的最后号角
2020-10-27,港股异动 | 比亚迪(1211.HK)逆势涨逾4% 上海推出限行新政刺激新能源汽车销量,港股异动 | 比亚迪(1211.HK)逆势涨逾4% 上海推出限行新政刺激新能源汽车销量
2020-10-27,前三季度净利下滑仍明显，国轩高科急等大众救场？ 盈利能力下降,前三季度净利下滑仍明显，国轩高科急等大众救场？ 盈利能力下降
2020-10-27,SAECCE 2020 | 比亚迪廉玉波：比亚迪新能源技术创新实践与探索,SAECCE 2020 | 比亚迪廉玉波：比亚迪新能源技术创新实践与探索
2020-10-27,赢合科技(300457)：收入稳步增长 锂电设备收入恢复可期,赢合科技(300457)：收入稳步增长 锂电设备收入恢复可期
2020-10-27,上市车企薪酬揭秘：超七成车企发工资减少，北汽“高薪低效”,上市车企薪酬揭秘：超七成车企发工资减少，北汽“高薪低效”
2020-10-27,中银证券：乘用车有望迎来持续2-3年的上行周期 建议积极配置乘用车及零部件个股,中银证券：乘用车有望迎来持续2-3年的上行周期 建议积极配置乘用车及零部件个股
2020-10-27,A股午盘综述：上证指数半日下滑0.37%，充电桩、风电、特高压等概念板块领跌,A股午盘综述：上证指数半日下滑0.37%，充电桩、风电、特高压等概念板块领跌
2020-10-27,比亚迪高管透露，明年将推新一代电动汽车平台,比亚迪高管透露，明年将推新一代电动汽车平台
2020-10-27,铁锂or三元？动力电池路线之争硝烟再起,铁锂or三元？动力电池路线之争硝烟再起
2020-10-27,【太平洋机械】赢合科技(300457)公司点评：CATL大单落地，明年增长确定性提升,【太平洋机械】赢合科技(300457)公司点评：CATL大单落地，明年增长确定性提升
2020-10-27,iPhone12这三点还是让我“种了草”：一文看懂,iPhone12这三点还是让我“种了草”：一文看懂
2020-10-27,全球手机网速哪家最快：这个国家夺冠韩国人表示不服,全球手机网速哪家最快：这个国家夺冠韩国人表示不服
2020-10-27,【汽车】汽车行业周报：发改委拟出台汽车消费政策，上海加码外牌限行,【汽车】汽车行业周报：发改委拟出台汽车消费政策，上海加码外牌限行
2020-10-27,A股融资融券日报：两融余额减少19.57亿元（10月26日）,A股融资融券日报：两融余额减少19.57亿元（10月26日）
2020-10-27,A股收盘综述：上证指数缩量收涨0.1%，医药、半导体、锂电池、建材板块复苏,A股收盘综述：上证指数缩量收涨0.1%，医药、半导体、锂电池、建材板块复苏
2020-10-28,33只股股价创历史新高,33只股股价创历史新高
2020-10-28,大反攻！白酒指数再创历史新高，比亚迪AH股双双大涨市值一度超过4000亿元,大反攻！白酒指数再创历史新高，比亚迪AH股双双大涨市值一度超过4000亿元
2020-10-28,这一指数创历史新高，A股又诞生一家4000亿大白马！,这一指数创历史新高，A股又诞生一家4000亿大白马！
2020-10-28,港股收盘：腾讯、阿里巴巴均创历史新高 康希诺生物跌超7%,港股收盘：腾讯、阿里巴巴均创历史新高 康希诺生物跌超7%
2020-10-28,威马汽车再次“爆炸”，造车新势力需要时间还是并购？,威马汽车再次“爆炸”，造车新势力需要时间还是并购？
2020-10-28,新能源汽车产业迎来2.0版本技术路线图 比亚迪市值突破4000亿,新能源汽车产业迎来2.0版本技术路线图 比亚迪市值突破4000亿
2020-10-28,港股震荡整理 阿里腾讯逆市上涨丨港股收市,港股震荡整理 阿里腾讯逆市上涨丨港股收市
2020-10-28,8万股东苦等一年，*ST凯迪股票终止上市！巴菲特神操作，持仓这只股票暴赚18倍 退市,8万股东苦等一年，*ST凯迪股票终止上市！巴菲特神操作，持仓这只股票暴赚18倍 退市
2020-10-28,新能源汽车龙头开启“飙车”模式！比亚迪市值一日猛增300亿,新能源汽车龙头开启“飙车”模式！比亚迪市值一日猛增300亿
2020-10-28,新坐标(603040)：Q3经营恢复至快速增长 盈利能力提升,新坐标(603040)：Q3经营恢复至快速增长 盈利能力提升
2020-10-28,8万股东难眠！苦等一年，深交所刚刚下发退市通知！巴菲特持仓这只股票暴赚18倍,8万股东难眠！苦等一年，深交所刚刚下发退市通知！巴菲特持仓这只股票暴赚18倍
2020-10-28,五菱真的把特斯拉赢了,五菱真的把特斯拉赢了
2020-10-28,再创新高！比亚迪市值突破4000亿元,再创新高！比亚迪市值突破4000亿元
2020-10-28,国创中心原诚寅：核心技术是新能源汽车产业瓶颈突破口,国创中心原诚寅：核心技术是新能源汽车产业瓶颈突破口
2020-10-28,新三板投资圈炸锅，私募大佬葛卫东扫货精选层,新三板投资圈炸锅，私募大佬葛卫东扫货精选层
2020-10-28,基金收评 | 两市探底回升，资金偏爱“喝酒”！反弹来了吗？,基金收评 | 两市探底回升，资金偏爱“喝酒”！反弹来了吗？
2020-10-28,主力资金：中一签赚11万 超13亿资金杀入半导体新秀,主力资金：中一签赚11万 超13亿资金杀入半导体新秀
2020-10-28,刚刚，大反攻！这一指数创历史新高，A股又诞生一家4000亿大白马！,刚刚，大反攻！这一指数创历史新高，A股又诞生一家4000亿大白马！
2020-10-28,3800亿，比亚迪值吗？,3800亿，比亚迪值吗？
2020-10-28,卡门简报 | 威马EX5发生起火爆炸；宁德时代前三季度净利润同比下降3.1%；比亚迪A+H股齐创历史新高,卡门简报 | 威马EX5发生起火爆炸；宁德时代前三季度净利润同比下降3.1%；比亚迪A+H股齐创历史新高
2020-10-28,【浙商汽车||王敬/刘文婷团队】行业点评报告：上海外牌限行趋严，新能源需求激增,【浙商汽车||王敬/刘文婷团队】行业点评报告：上海外牌限行趋严，新能源需求激增
2020-10-28,A股融资融券日报：两融余额增加4.84亿元（10月27日）,A股融资融券日报：两融余额增加4.84亿元（10月27日）
2020-10-28,比亚迪、江铃汽车领涨汽车股，长城汽车、上汽集团等跟涨,比亚迪、江铃汽车领涨汽车股，长城汽车、上汽集团等跟涨
2020-10-28,汽车股持续拉升，江铃汽车涨停,汽车股持续拉升，江铃汽车涨停
2020-10-28,比亚迪涨超5%续创新高，深证成指成功翻红,比亚迪涨超5%续创新高，深证成指成功翻红
2020-10-28,白马闪崩、妖债横行，下阶段资金将如何配置？,白马闪崩、妖债横行，下阶段资金将如何配置？
2020-10-28,动力电池板块涨幅扩大，星源材质涨超10%,动力电池板块涨幅扩大，星源材质涨超10%
2020-10-28,攀钢牵手比亚迪开启合作新篇章,攀钢牵手比亚迪开启合作新篇章
2020-10-28,A股午盘综述：上证指数半日升0.16%，汽车、白酒板块大涨护盘,A股午盘综述：上证指数半日升0.16%，汽车、白酒板块大涨护盘
2020-10-28,比亚迪A股站上150元，创历史新高,比亚迪A股站上150元，创历史新高
2020-10-28,【行情】比亚迪A股股价站上150元，续刷历史新高，总市值超过4000亿元,【行情】比亚迪A股股价站上150元，续刷历史新高，总市值超过4000亿元
2020-10-28,比亚迪正在预研下一代的高性能、高安全纯电平台,比亚迪正在预研下一代的高性能、高安全纯电平台
2020-10-28,【股市异动】比亚迪股价创历史新高 三季度净利润或超上半年总额,【股市异动】比亚迪股价创历史新高 三季度净利润或超上半年总额
2020-10-28,ARCFOX打磨四年终上市 冲入30万区间欲成国家队里的新势力,ARCFOX打磨四年终上市 冲入30万区间欲成国家队里的新势力
2020-10-28,A股收盘综述：上证指数录升0.46%收复五日线未果，创业板、中小板连涨三日,A股收盘综述：上证指数录升0.46%收复五日线未果，创业板、中小板连涨三日
2020-10-28,汽车板块拉升 比亚迪(002594.SZ)涨超5%续创新高,汽车板块拉升 比亚迪(002594.SZ)涨超5%续创新高
2020-10-28,A股震荡收涨：白酒、动力电池板块走高 比亚迪涨超8%创历史新高,A股震荡收涨：白酒、动力电池板块走高 比亚迪涨超8%创历史新高
2020-10-29,100亿美元美国两大半导体巨头再整合,100亿美元美国两大半导体巨头再整合
2020-10-29,苹果、华为国内销量下滑：唯一增长的品牌亮了 盈利能力下降,苹果、华为国内销量下滑：唯一增长的品牌亮了 盈利能力下降
2020-10-29,华强北转型：电子不赚钱、美妆成金矿,华强北转型：电子不赚钱、美妆成金矿
2020-10-29,2000亿买啥股？十大爆款基金经理重仓股大曝光,2000亿买啥股？十大爆款基金经理重仓股大曝光
2020-10-29,亿纬锂能前三季净利跌近两成，费用增长拖累业绩 盈利能力下降,亿纬锂能前三季净利跌近两成，费用增长拖累业绩 盈利能力下降
2020-10-29,深市首家万亿市值公司快来了——道达投资手记,深市首家万亿市值公司快来了——道达投资手记
2020-10-29,深南电路(002916)：受基站客户需求影响 Q3营收增速放缓 盈利能力下降,深南电路(002916)：受基站客户需求影响 Q3营收增速放缓 盈利能力下降
2020-10-29,【招商电子】比亚迪电子(0285.HK)：主业拐点趋势确认，苹果“成品+结构件”打开新空间,【招商电子】比亚迪电子(0285.HK)：主业拐点趋势确认，苹果“成品+结构件”打开新空间
2020-10-29,宁德时代(300750)：大额减值拖累增速 海外放量强化龙头优势,宁德时代(300750)：大额减值拖累增速 海外放量强化龙头优势
2020-10-29,4300亿！比亚迪再创历史新高，巴菲特暴赚近20倍,4300亿！比亚迪再创历史新高，巴菲特暴赚近20倍
2020-10-29,板块前瞻：白马股反弹，汽车股延续强势，明天有哪些风口？,板块前瞻：白马股反弹，汽车股延续强势，明天有哪些风口？
2020-10-29,凶猛！4000亿市值比亚迪冲涨停！一度拿下中小板市值“一哥”，三季报超预期,凶猛！4000亿市值比亚迪冲涨停！一度拿下中小板市值“一哥”，三季报超预期
2020-10-29,牛了！无惧暴跌 这些特征暗示后市方向（附视频）,牛了！无惧暴跌 这些特征暗示后市方向（附视频）
2020-10-29,锂电大事件！下周在深圳开这个会，历届概念股有大异动，“聪明资金”已加仓,锂电大事件！下周在深圳开这个会，历届概念股有大异动，“聪明资金”已加仓
2020-10-29,最赚钱基金经理三季度调仓路线：比亚迪美团金蝶小米受追捧,最赚钱基金经理三季度调仓路线：比亚迪美团金蝶小米受追捧
2020-10-29,主力资金：外资超10亿抢筹“茅五泸” 机构资金却砸盘近6亿,主力资金：外资超10亿抢筹“茅五泸” 机构资金却砸盘近6亿
2020-10-29,比亚迪前三季度净利润34.14亿元，同比大增116.83%,比亚迪前三季度净利润34.14亿元，同比大增116.83%
2020-10-29,比亚迪：前三季度营收1050.23亿元，同比增长11.94%,比亚迪：前三季度营收1050.23亿元，同比增长11.94%
2020-10-29,比亚迪电子(00285)三季报点评：主业拐点趋势确认，苹果“成品+结构件”打开新空间,比亚迪电子(00285)三季报点评：主业拐点趋势确认，苹果“成品+结构件”打开新空间
2020-10-29,格隆汇港股聚焦(10.29)︱中远海能前三季净利升470.39%至33.24亿元；比亚迪第三季度净利大增1362.66%,格隆汇港股聚焦(10.29)︱中远海能前三季净利升470.39%至33.24亿元；比亚迪第三季度净利大增1362.66%
2020-10-29,比亚迪公布三季报 前三季净利增加116.83%,比亚迪公布三季报 前三季净利增加116.83%
2020-10-29,“疯狂”比亚迪：三季度净利暴增1300%，市值破四千亿,“疯狂”比亚迪：三季度净利暴增1300%，市值破四千亿
2020-10-29,比亚迪2020年净利预增超160%,比亚迪2020年净利预增超160%
2020-10-29,比亚迪前三季净利翻番达34.14亿，新能源车触底反弹,比亚迪前三季净利翻番达34.14亿，新能源车触底反弹
2020-10-29,银轮股份(002126)：Q3业绩继续复苏 持续受益于国六升级,银轮股份(002126)：Q3业绩继续复苏 持续受益于国六升级
2020-10-29,比亚迪第三季度净利润同比增长1363%,比亚迪第三季度净利润同比增长1363%
2020-10-29,比亚迪：第三季度净利增1362.66% 第四季度预计汽车行业持续向好,比亚迪：第三季度净利增1362.66% 第四季度预计汽车行业持续向好
2020-10-29,解读比亚迪三季报：净利34.14亿 对外开放持续加速,解读比亚迪三季报：净利34.14亿 对外开放持续加速
2020-10-29,比亚迪：全年净利润预增160%-185%,比亚迪：全年净利润预增160%-185%
2020-10-29,比亚迪：第三季度净利同比增长1362.66%,比亚迪：第三季度净利同比增长1362.66%
2020-10-29,比亚迪：第三季度净利润为17.5亿元同比增长1362.66%,比亚迪：第三季度净利润为17.5亿元同比增长1362.66%
2020-10-29,比亚迪：第三季度净利润17.5亿元，同比增长1362.66%,比亚迪：第三季度净利润17.5亿元，同比增长1362.66%
2020-10-29,比亚迪(002594.SZ)：前三季净利升116.83%至34.14亿元,比亚迪(002594.SZ)：前三季净利升116.83%至34.14亿元
2020-10-29,新能源汽车集体飙涨，广汽集团股价涨停,新能源汽车集体飙涨，广汽集团股价涨停
2020-10-29,EV晨报 | 比亚迪即将推出全新电动车平台：威马召回1282辆电动汽车；零跑发布首款智能驾驶自主芯片凌芯01,EV晨报 | 比亚迪即将推出全新电动车平台：威马召回1282辆电动汽车；零跑发布首款智能驾驶自主芯片凌芯01
2020-10-29,【SMM干货】全年新能源汽车产量预减4.1% 乘用车对铁锂电池需求增加,【SMM干货】全年新能源汽车产量预减4.1% 乘用车对铁锂电池需求增加
2020-10-29,解盘：百亿资金流入，大消费拉升，白酒、疫苗概念领涨,解盘：百亿资金流入，大消费拉升，白酒、疫苗概念领涨
2020-10-29,A股午盘综述：上证指数半日微涨，白酒汽车家电推升大市、绩优明星股批量创新高,A股午盘综述：上证指数半日微涨，白酒汽车家电推升大市、绩优明星股批量创新高
2020-10-29,30公司获得增持评级-更新中,30公司获得增持评级-更新中
2020-10-29,11股受融资客青睐，净买入超亿元,11股受融资客青睐，净买入超亿元
2020-10-29,江铃汽车连续两日涨停提振汽车股，比亚迪续创新高,江铃汽车连续两日涨停提振汽车股，比亚迪续创新高
2020-10-29,宏发股份(600885)：3Q20各项业务向好 中长期继续看好汽车和高压直流继电器高增,宏发股份(600885)：3Q20各项业务向好 中长期继续看好汽车和高压直流继电器高增
2020-10-29,A股走出独立行情！白酒、汽车、家电大爆发！五粮液逼近万亿,A股走出独立行情！白酒、汽车、家电大爆发！五粮液逼近万亿
2020-10-29,中银晨会聚焦,中银晨会聚焦
2020-10-29,A股早报2020年10月29日星期四,A股早报2020年10月29日星期四
2020-10-29,盘前情报丨蚂蚁集团A股今日申购！隔夜欧美股市全线重挫，A股会抖吗？,盘前情报丨蚂蚁集团A股今日申购！隔夜欧美股市全线重挫，A股会抖吗？
2020-10-29,比亚迪(002594)：前瞻、务实 成就能源帝国的第一桶金,比亚迪(002594)：前瞻、务实 成就能源帝国的第一桶金
2020-10-29,杭可科技(688006)：三季度业绩增长 研发投入增加,杭可科技(688006)：三季度业绩增长 研发投入增加
2020-10-29,巴菲特经典战役：重仓比亚迪12年豪赚近20倍 浮盈330亿,巴菲特经典战役：重仓比亚迪12年豪赚近20倍 浮盈330亿
2020-10-29,解码7788份公募基金三季报：“吃药喝酒”仍为主流，明星基金经理持仓分化,解码7788份公募基金三季报：“吃药喝酒”仍为主流，明星基金经理持仓分化
2020-10-29,A股融资融券日报：两融余额增加49.47亿元（10月28日）,A股融资融券日报：两融余额增加49.47亿元（10月28日）
2020-10-29,比亚迪股价突破160元续创新高，汽车板块午后继续扩大升幅,比亚迪股价突破160元续创新高，汽车板块午后继续扩大升幅
2020-10-29,有色金属行业研究周报：电池锂获取路径及未来机会分析,有色金属行业研究周报：电池锂获取路径及未来机会分析
2020-10-29,汽车整车板块午后持续拉升，比亚迪涨超6%,汽车整车板块午后持续拉升，比亚迪涨超6%
2020-10-29,【SMM干货】上半年疫情影响较大 预测全年新能源汽车产量同比减少4.1%,【SMM干货】上半年疫情影响较大 预测全年新能源汽车产量同比减少4.1%
2020-10-29,比亚迪涨超7%再创新高 预计2020年上海新能源车销量同比增加68%,比亚迪涨超7%再创新高 预计2020年上海新能源车销量同比增加68%
2020-10-29,比亚迪尾盘涨停 成为中小板总市值第一,比亚迪尾盘涨停 成为中小板总市值第一
2020-10-29,比亚迪跃居中小板总市值首位，年初至今累计涨幅达245%,比亚迪跃居中小板总市值首位，年初至今累计涨幅达245%
2020-10-29,黄金赛道，“一哥”难当,黄金赛道，“一哥”难当
2020-10-29,比亚迪涨幅收窄至不足6%，成交金额约95亿元,比亚迪涨幅收窄至不足6%，成交金额约95亿元
2020-10-29,多项利好刺激，汽车板块走势活跃，华域汽车广汽集团等涨停,多项利好刺激，汽车板块走势活跃，华域汽车广汽集团等涨停
2020-10-29,A股收盘综述：上证指数录升0.11%连续三日小涨，热门板块尾盘滑落,A股收盘综述：上证指数录升0.11%连续三日小涨，热门板块尾盘滑落
2020-10-29,比亚迪持续走强，A+H股涨幅双双接近10%,比亚迪持续走强，A+H股涨幅双双接近10%
2020-10-29,比亚迪涨停封板 成交额逾80亿,比亚迪涨停封板 成交额逾80亿
2020-10-29,比亚迪尾盘涨停，总市值跃居中小板头名,比亚迪尾盘涨停，总市值跃居中小板头名
2020-10-29,【10.29锂电快讯】比亚迪涨超7%再创新高*威马主动召回近1300辆“问题车” 产品问题,【10.29锂电快讯】比亚迪涨超7%再创新高*威马主动召回近1300辆“问题车” 产品问题
2020-10-29,汽车股集体走强：广汽集团逼近涨停 比亚迪续创新高 盘后即将公布业绩,汽车股集体走强：广汽集团逼近涨停 比亚迪续创新高 盘后即将公布业绩
2020-10-29,汽车板块集体拉升，比亚迪午后持续拉升,汽车板块集体拉升，比亚迪午后持续拉升
2020-10-29,Win10升级烦不胜烦？这可能是最简单的禁升级工具,Win10升级烦不胜烦？这可能是最简单的禁升级工具
2020-10-30,新能源板块回暖 比亚迪业绩炸了 2020年新能源汽车市场投资前景分析,新能源板块回暖 比亚迪业绩炸了 2020年新能源汽车市场投资前景分析
2020-10-30,【招商汽车|公司点评】比亚迪：Q3业绩亮眼，新车型汉放量可期,【招商汽车|公司点评】比亚迪：Q3业绩亮眼，新车型汉放量可期
2020-10-30,华友钴业：此番股价突破不一般，转型成效初显值得密切跟踪,华友钴业：此番股价突破不一般，转型成效初显值得密切跟踪
2020-10-30,年内涨超200%！新能源车巨头强者恒强,年内涨超200%！新能源车巨头强者恒强
2020-10-30,先导智能(300450)：三季度业绩靓丽 行业拐点在即,先导智能(300450)：三季度业绩靓丽 行业拐点在即
2020-10-30,汽车行业：汽车智能化加速推进，新元素驱动行业发展，维持”推荐“评级,汽车行业：汽车智能化加速推进，新元素驱动行业发展，维持”推荐“评级
2020-10-30,瑞信：升比亚迪(1211.HK)目标价至185港元评级“跑赢大市”,瑞信：升比亚迪(1211.HK)目标价至185港元评级“跑赢大市”
2020-10-30,宏发股份(600885)：业绩持续向好 主要领域加速回暖,宏发股份(600885)：业绩持续向好 主要领域加速回暖
2020-10-30,比亚迪股价一年飙涨300%，“股神”巴菲特暴赚20倍！,比亚迪股价一年飙涨300%，“股神”巴菲特暴赚20倍！
2020-10-30,富瑞：给予比亚迪股份目标价211.3港元,富瑞：给予比亚迪股份目标价211.3港元
2020-10-30,比亚迪翻绿，盘中股价一度涨近8%突破170元,比亚迪翻绿，盘中股价一度涨近8%突破170元
2020-10-30,富瑞：上调比亚迪(1211.HK)AH股目标价重申买入评级,富瑞：上调比亚迪(1211.HK)AH股目标价重申买入评级
2020-10-30,深天马A(000050)：疫情影响渐轻 车载全面复苏,深天马A(000050)：疫情影响渐轻 车载全面复苏
2020-10-30,比亚迪、蔚来领涨新能源汽车板块 《新能源汽车产业发展规划》或下周公布,比亚迪、蔚来领涨新能源汽车板块 《新能源汽车产业发展规划》或下周公布
2020-10-30,【安信汽车】比亚迪：10月销量表现优异，符合预期,【安信汽车】比亚迪：10月销量表现优异，符合预期
2020-10-30,A股收盘综述：上证指数下滑1.47%受累券商、苹果等板块调整，10月仍录得小涨,A股收盘综述：上证指数下滑1.47%受累券商、苹果等板块调整，10月仍录得小涨
2020-10-30,比亚迪净利翻番股票暴增1300%！这是巴菲特又一经典投资！,比亚迪净利翻番股票暴增1300%！这是巴菲特又一经典投资！
2020-10-30,让巴菲特大赚330亿，比亚迪暴涨，新能源车迎来了“春天”？,让巴菲特大赚330亿，比亚迪暴涨，新能源车迎来了“春天”？
2020-10-30,比亚迪再创历史新高！年内股价已翻4倍，巴菲特持股12年赚18倍！你跟上了吗？,比亚迪再创历史新高！年内股价已翻4倍，巴菲特持股12年赚18倍！你跟上了吗？
2020-10-30,野村：比亚迪(1211.HK)新能源汽车销量持续向好维持买入评级,野村：比亚迪(1211.HK)新能源汽车销量持续向好维持买入评级
2020-10-30,本文由富途资讯编译自seekingalpha,本文由富途资讯编译自seekingalpha
2020-10-30,比亚迪拥有完整产业链,比亚迪拥有完整产业链
2020-10-30,路线图2.0出台 助推电动化转型 | 新能源汽车行业系列点评八 【华西汽车 崔琰团队】,路线图2.0出台 助推电动化转型 | 新能源汽车行业系列点评八 【华西汽车 崔琰团队】
2020-10-30,比亚迪三季报发布：营收1050.23亿，净利34.14亿,比亚迪三季报发布：营收1050.23亿，净利34.14亿
2020-10-30,新能源汽车产业发展规划发布在即，警惕相关个股“见光死”风险,新能源汽车产业发展规划发布在即，警惕相关个股“见光死”风险
2020-10-30,比亚迪Q3净利增超13倍，主营业务全面强劲推动市值大涨,比亚迪Q3净利增超13倍，主营业务全面强劲推动市值大涨
2020-10-30,辛国斌赴广东、福建调研新能源汽车产业发展情况,辛国斌赴广东、福建调研新能源汽车产业发展情况
2020-10-30,威马多起自燃后，涉事电池厂澄清回应！“磷”、“锂”之争再起，到底谁是电动车答案？,威马多起自燃后，涉事电池厂澄清回应！“磷”、“锂”之争再起，到底谁是电动车答案？
2020-10-30,那时AMD股价跌至2美元以下 那时传闻赛灵思要收购AMD,那时AMD股价跌至2美元以下 那时传闻赛灵思要收购AMD
2020-10-30,RTX3090不够看！AMD公开RX6000系列性能简直完胜,RTX3090不够看！AMD公开RX6000系列性能简直完胜
2020-10-30,广汽，华域，比亚迪……整车都大涨，知名游资全在围猎？,广汽，华域，比亚迪……整车都大涨，知名游资全在围猎？
2020-10-30,12年豪赚330亿！从巴菲特持有比亚迪中寻找下一个“比亚迪”！,12年豪赚330亿！从巴菲特持有比亚迪中寻找下一个“比亚迪”！
2020-10-30,四个月股价暴涨均超过100%，汽车股集体走强背后的甜蜜与惆怅,四个月股价暴涨均超过100%，汽车股集体走强背后的甜蜜与惆怅
2020-10-30,一夜暴涨666亿！比亚迪业绩暴增，蔚来、理想、小鹏却集体先嗨了！新能源汽车开启黄金十年？,一夜暴涨666亿！比亚迪业绩暴增，蔚来、理想、小鹏却集体先嗨了！新能源汽车开启黄金十年？
2020-10-30,北水动向(10.30)|北水净流入59.26亿 连续四日净买入腾讯(00700)约125亿港元,北水动向(10.30)|北水净流入59.26亿 连续四日净买入腾讯(00700)约125亿港元
2020-10-30,板块前瞻：新能源车退坡？风格切换，四季度三类股机会最大,板块前瞻：新能源车退坡？风格切换，四季度三类股机会最大
2020-10-30,比亚迪(002594)动态报告：搭载刀片电池 迎新一轮投放周期,比亚迪(002594)动态报告：搭载刀片电池 迎新一轮投放周期
2020-10-30,深度｜磷酸铁锂：从头越，如铁雄关,深度｜磷酸铁锂：从头越，如铁雄关
2020-10-30,A股午盘综述：上证指数半日微跌0.1%，伊利股份放量跌停,A股午盘综述：上证指数半日微跌0.1%，伊利股份放量跌停
2020-10-30,SAECCE 2020 | 比亚迪周宇奎：新能源汽车产品平台化的EMC设计,SAECCE 2020 | 比亚迪周宇奎：新能源汽车产品平台化的EMC设计
2020-10-30,15股获融资净买入额超亿元 比亚迪居首,15股获融资净买入额超亿元 比亚迪居首
2020-10-30,"Q3净利同比增长1362.66% 比亚迪稳坐中小板市值""一哥""","Q3净利同比增长1362.66% 比亚迪稳坐中小板市值""一哥"""
2020-10-30,A股融资融券日报：两融余额增加46.35亿元（10月29日）,A股融资融券日报：两融余额增加46.35亿元（10月29日）
2020-10-30,比亚迪前三季利润约34.14亿元 增长116.83%,比亚迪前三季利润约34.14亿元 增长116.83%
2020-10-30,港股盘前必读：中金公司将于11月2日在上交所上市共发行4.59亿股,港股盘前必读：中金公司将于11月2日在上交所上市共发行4.59亿股
2020-10-30,汽车零部件板块拾金：聚焦当期业绩表现 关注龙头车企国产化机会,汽车零部件板块拾金：聚焦当期业绩表现 关注龙头车企国产化机会
2020-10-30,比亚迪三季度净利增长13.6倍 四大业务紧密布局,比亚迪三季度净利增长13.6倍 四大业务紧密布局
2020-10-30,开盘：恒指低开0.21% 比亚迪第三季度业绩大增13倍涨2.04%,开盘：恒指低开0.21% 比亚迪第三季度业绩大增13倍涨2.04%
2020-10-30,三季报出炉：比亚迪净利34.14亿，同比增116.83%,三季报出炉：比亚迪净利34.14亿，同比增116.83%
2020-10-30,颜值空间动力都够强 盘点近期上市的自主紧凑SUV,颜值空间动力都够强 盘点近期上市的自主紧凑SUV
2020-10-30,比亚迪：前三季净利34.14亿元同比增长117%,比亚迪：前三季净利34.14亿元同比增长117%
2020-10-30,比亚迪vs蔚来哪只更应买入？,比亚迪vs蔚来哪只更应买入？
2020-10-30,比亚迪股价暴涨超300% 巴菲特经典投资：12年豪赚近20倍浮盈330亿,比亚迪股价暴涨超300% 巴菲特经典投资：12年豪赚近20倍浮盈330亿
2020-10-30,比亚迪彻底火了！巴菲特12年豪赚近20倍,比亚迪彻底火了！巴菲特12年豪赚近20倍
2020-10-30,比亚迪彻底火了！股价暴涨超300% 巴菲特又一经典投资,比亚迪彻底火了！股价暴涨超300% 巴菲特又一经典投资
2020-10-30,【10.30锂电快讯】比亚迪前三季净利翻番达34.14亿*LG化学将决定是否剥离汽车电池业务 资产异常,【10.30锂电快讯】比亚迪前三季净利翻番达34.14亿*LG化学将决定是否剥离汽车电池业务 资产异常
2020-10-30,北向资金动向盘点：追涨杀跌的一天,北向资金动向盘点：追涨杀跌的一天
2020-10-30,1~9月全国新能源车城市销量排行出炉,1~9月全国新能源车城市销量排行出炉
2020-10-30,涨幅堪比特斯拉，比亚迪上演惊天大逆转,涨幅堪比特斯拉，比亚迪上演惊天大逆转
2020-10-30,【华创汽车】比亚迪：Q3业绩强劲，电动车龙头的全面开花,【华创汽车】比亚迪：Q3业绩强劲，电动车龙头的全面开花
2020-10-30,比亚迪大涨7.25%，振幅9.91%,比亚迪大涨7.25%，振幅9.91%
2020-10-30,比亚迪、长城汽车等跳水，汽车板块涨幅迅速收窄,比亚迪、长城汽车等跳水，汽车板块涨幅迅速收窄
2020-10-30,【招商汽车|行业深度】汽车智能化加速推进，新元素驱动行业发展,【招商汽车|行业深度】汽车智能化加速推进，新元素驱动行业发展
2020-10-30,新能源汽车产业规划出台在即！中美上市新能源股不约而“动”,新能源汽车产业规划出台在即！中美上市新能源股不约而“动”
2020-10-30,【行情】新能源汽车产业发展规划出台在即，新能源汽车板块普涨，胜蓝股份、江铃汽车涨停、宁德时代涨超6%、比亚迪涨超5%,【行情】新能源汽车产业发展规划出台在即，新能源汽车板块普涨，胜蓝股份、江铃汽车涨停、宁德时代涨超6%、比亚迪涨超5%
2020-10-30,广州万隆：政策引爆主流机会 午后应对,广州万隆：政策引爆主流机会 午后应对
2020-10-30,野村指比亚迪(01211-HK)季度业绩符预期料第四季业绩继续强劲增长,野村指比亚迪(01211-HK)季度业绩符预期料第四季业绩继续强劲增长
2020-10-30,解盘：交易持续低迷，光刻胶、半导体、高价股、新能源汽车略涨,解盘：交易持续低迷，光刻胶、半导体、高价股、新能源汽车略涨
2020-10-30,“金九”兑现“银十”可期 汽车板块集体飙涨丨牛熊眼,“金九”兑现“银十”可期 汽车板块集体飙涨丨牛熊眼
2020-10-30,比亚迪(002594.SZ)绩后再创历史新高 年内累涨超250%,比亚迪(002594.SZ)绩后再创历史新高 年内累涨超250%
2020-10-30,多元产业助力业绩增长 比亚迪前三季度实现34.14亿净利,多元产业助力业绩增长 比亚迪前三季度实现34.14亿净利
2020-10-30,宁德时代、比亚迪均再创新高，动力电池板块持续拉升,宁德时代、比亚迪均再创新高，动力电池板块持续拉升
2020-10-30,汽车板块涨幅扩大至4%，比亚迪涨近5%,汽车板块涨幅扩大至4%，比亚迪涨近5%
2020-10-30,安信证券：比亚迪现金流亮眼 维持“买入-A”评级,安信证券：比亚迪现金流亮眼 维持“买入-A”评级
2020-10-30,汽车板块快速拉升，江铃汽车连续三日涨停,汽车板块快速拉升，江铃汽车连续三日涨停
2020-10-30,4000亿巨头又创新高:比亚迪今年已涨303% 巴菲特持仓12年暴赚18倍,4000亿巨头又创新高:比亚迪今年已涨303% 巴菲特持仓12年暴赚18倍
2020-10-30,比亚迪前三季净利翻番 机构：明年有望迎来量利齐升,比亚迪前三季净利翻番 机构：明年有望迎来量利齐升
2020-10-30,比亚迪前三季净利翻番 未来新能源汽车市场该如何发展,比亚迪前三季净利翻番 未来新能源汽车市场该如何发展
2020-10-31,大咖论道：多元化动力时代来临，汽车产业当如何转型、创新？,大咖论道：多元化动力时代来临，汽车产业当如何转型、创新？
2020-10-31,蔚来制定“马可波罗计划”加速出海欧洲,蔚来制定“马可波罗计划”加速出海欧洲
2020-10-31,比亚迪第三季度净利暴增四位数 预计全年盈利告别“三连跌”,比亚迪第三季度净利暴增四位数 预计全年盈利告别“三连跌”
2020-10-31,三季度公募调仓加“酒量”，证金汇金青睐医药股,三季度公募调仓加“酒量”，证金汇金青睐医药股
2020-10-31,重磅利好！比亚迪市值突破4000亿，股价暴涨300%后，还能继续翻倍吗,重磅利好！比亚迪市值突破4000亿，股价暴涨300%后，还能继续翻倍吗
2020-10-31,香港恒生指数收涨1.39%，比亚迪涨12.72%,香港恒生指数收涨1.39%，比亚迪涨12.72%
2020-10-31,比亚迪 | 2020三季报点评：业绩向上龙头启航 新品周期势不可挡【华西汽车 崔琰团队】,比亚迪 | 2020三季报点评：业绩向上龙头启航 新品周期势不可挡【华西汽车 崔琰团队】
2020-10-31,三季度公募调仓加“酒量” 证金汇金青睐医药股,三季度公募调仓加“酒量” 证金汇金青睐医药股
2020-10-31,还剩三个月，车企们完成立下的FLAG还有戏吗？,还剩三个月，车企们完成立下的FLAG还有戏吗？
2020-10-31,110余家公司第三季度净赚超10亿元,110余家公司第三季度净赚超10亿元
2020-10-31,新能源汽车产业链三季度业绩换挡提速,新能源汽车产业链三季度业绩换挡提速
2020-10-31,逾百家公司料全年净利翻倍，大消费品业绩弹性释放,逾百家公司料全年净利翻倍，大消费品业绩弹性释放
2020-11-01,1.2万亿的大抱团，基金一半持仓都在这50股！医药“一哥”被踢出前10强，茅台抱团首次破千亿,1.2万亿的大抱团，基金一半持仓都在这50股！医药“一哥”被踢出前10强，茅台抱团首次破千亿
2020-11-01,券商“金股”哪家强？10月兴业证券“金股”组合收益领跑，国联证券垫底！安信证券今年来有九成概率跑赢大盘！,券商“金股”哪家强？10月兴业证券“金股”组合收益领跑，国联证券垫底！安信证券今年来有九成概率跑赢大盘！
2020-11-01,新能源汽车销量上升带来门店扩张的需求,新能源汽车销量上升带来门店扩张的需求
2020-11-01,周观点 | 板块业绩明显好转 电动智能持续推进【华西汽车 崔琰团队】,周观点 | 板块业绩明显好转 电动智能持续推进【华西汽车 崔琰团队】
2020-11-01,比亚迪是如何赚到第一桶金的？,比亚迪是如何赚到第一桶金的？
2020-11-01,“大象”也疯狂！百亿老基金前十月大赚43%,“大象”也疯狂！百亿老基金前十月大赚43%
2020-11-01,比亚迪2个月涨一倍，市场看中了什么？,比亚迪2个月涨一倍，市场看中了什么？
2020-11-01,深度*公司*比亚迪(002594)：Q3业绩高速增长 市场复苏新能源前景看好,深度*公司*比亚迪(002594)：Q3业绩高速增长 市场复苏新能源前景看好
2020-11-02,小米入局，比亚迪退出重要客户名单，奕东电子IPO成长性几何？,小米入局，比亚迪退出重要客户名单，奕东电子IPO成长性几何？
2020-11-02,新时代证券：10月金股盈利7.37% 11月荐股名单出炉,新时代证券：10月金股盈利7.37% 11月荐股名单出炉
2020-11-02,刀片电池的前世今生,刀片电池的前世今生
2020-11-02,新能源汽车行业周报：国产MODEL3出口欧洲 LFP电池有望获得国际关注,新能源汽车行业周报：国产MODEL3出口欧洲 LFP电池有望获得国际关注
2020-11-02,Q3净利暴涨近14倍，比亚迪预计2020全年盈利超42亿元,Q3净利暴涨近14倍，比亚迪预计2020全年盈利超42亿元
2020-11-02,里昂：重申买入比亚迪股份（01211） 目标价上调至190元,里昂：重申买入比亚迪股份（01211） 目标价上调至190元
2020-11-02,比亚迪2020年第三季度净利润同比暴涨近14倍,比亚迪2020年第三季度净利润同比暴涨近14倍
2020-11-02,10月A股牛熊榜：新洁能暴涨超5倍，中信建投市值蒸发467亿 连续下跌,10月A股牛熊榜：新洁能暴涨超5倍，中信建投市值蒸发467亿 连续下跌
2020-11-02,浙商机械 邱世梁||王华君【杭可科技】深度：全球锂电后段设备龙头：拐点显现，进入高增长期,浙商机械 邱世梁||王华君【杭可科技】深度：全球锂电后段设备龙头：拐点显现，进入高增长期
2020-11-02,“股神牛票”又涨嗨了！比亚迪再刷股价新高 更有热门汽车股四天三涨停,“股神牛票”又涨嗨了！比亚迪再刷股价新高 更有热门汽车股四天三涨停
2020-11-02,骗了71万人77个亿“币圈大佬”用传销把韭菜们都忽悠瘸了,骗了71万人77个亿“币圈大佬”用传销把韭菜们都忽悠瘸了
2020-11-02,车市回暖明显，17家车企前三季度实现盈利,车市回暖明显，17家车企前三季度实现盈利
2020-11-02,凯中精密：与比亚迪有着长期合作伙伴关系,凯中精密：与比亚迪有着长期合作伙伴关系
2020-11-02,比亚迪：前三季度医护产品营收超百亿 苹果业务明年增长3-4倍,比亚迪：前三季度医护产品营收超百亿 苹果业务明年增长3-4倍
2020-11-02,重磅文件《新能源汽车产业发展规划》发布 一个新的时代来了,重磅文件《新能源汽车产业发展规划》发布 一个新的时代来了
2020-11-02,刚刚！国务院放大招，股市沸腾：电池巨头市值突破6000亿，比亚迪已超上汽+广汽,刚刚！国务院放大招，股市沸腾：电池巨头市值突破6000亿，比亚迪已超上汽+广汽
2020-11-02,恩捷股份(002812)：业绩符合预期 产能释放未来可期,恩捷股份(002812)：业绩符合预期 产能释放未来可期
2020-11-02,【高管访谈】保力新董事长高保清：7.1亿重整坚瑞沃能 2021年预计实现电芯年产能4亿支,【高管访谈】保力新董事长高保清：7.1亿重整坚瑞沃能 2021年预计实现电芯年产能4亿支
2020-11-02,政策需求双轮驱动：三季度新能源汽车产业链上市公司业绩改善,政策需求双轮驱动：三季度新能源汽车产业链上市公司业绩改善
2020-11-02,11月200只券商金股大梳理，哪类股热度最高,11月200只券商金股大梳理，哪类股热度最高
2020-11-02,新能源汽车发展观察：产销重回“快轨”“头部效应”显现,新能源汽车发展观察：产销重回“快轨”“头部效应”显现
2020-11-02,盛视早参：调整有望结束 反弹或已开启,盛视早参：调整有望结束 反弹或已开启
2020-11-02,三季度业绩进一步回暖：车企集体开启末季冲刺,三季度业绩进一步回暖：车企集体开启末季冲刺
2020-11-02,车市回暖车企股价异动：比亚迪再创新高，背后是暴涨14倍的净利,车市回暖车企股价异动：比亚迪再创新高，背后是暴涨14倍的净利
2020-11-02,产销重回“快轨”“头部效应”显现——新能源汽车发展观察之一,产销重回“快轨”“头部效应”显现——新能源汽车发展观察之一
2020-11-02,国务院出大招！新能源汽车市场沸腾了，机构看好这些投资主线,国务院出大招！新能源汽车市场沸腾了，机构看好这些投资主线
2020-11-02,道达投资手记：局势逐渐明朗 主线已经清晰,道达投资手记：局势逐渐明朗 主线已经清晰
2020-11-02,10月券商“金股”组合好于9月 安信证券跑赢大盘次数最多,10月券商“金股”组合好于9月 安信证券跑赢大盘次数最多
2020-11-02,18TB硬盘评测：CMR加持、速度飙上280MB/s,18TB硬盘评测：CMR加持、速度飙上280MB/s
2020-11-02,汽车行业周报：工信部发布节能与新能源汽车技术路线图2.0,汽车行业周报：工信部发布节能与新能源汽车技术路线图2.0
2020-11-02,A股收盘综述：指数平静下个股大分化，上证指数微红报收、中金公司首日涨31%,A股收盘综述：指数平静下个股大分化，上证指数微红报收、中金公司首日涨31%
2020-11-02,2020年度全球汽车产业峰会暨汽车与环境创新论坛完美落幕,2020年度全球汽车产业峰会暨汽车与环境创新论坛完美落幕
2020-11-02,9月电池厂商表现：宁德时代装车电量份额同比大跌，比亚迪表现亮眼 连续下跌,9月电池厂商表现：宁德时代装车电量份额同比大跌，比亚迪表现亮眼 连续下跌
2020-11-02,比亚迪前三季度净利同比增116.83% 亮丽业绩助推市值超4000亿元,比亚迪前三季度净利同比增116.83% 亮丽业绩助推市值超4000亿元
2020-11-02,多元化业务助力业绩 比亚迪前三季度净利增116.83%,多元化业务助力业绩 比亚迪前三季度净利增116.83%
2020-11-02,新能源汽车行业景气度提升 关注产业链投资机遇,新能源汽车行业景气度提升 关注产业链投资机遇
2020-11-02,新能源汽车产业景气度提升 电动化、智能化成为汽车产业发展方向,新能源汽车产业景气度提升 电动化、智能化成为汽车产业发展方向
2020-11-02,新能源汽车｜景气度盘点：2021-2035年规划印发，强化中长期成长趋势,新能源汽车｜景气度盘点：2021-2035年规划印发，强化中长期成长趋势
2020-11-02,【汽车】三季报出炉，约59%的公司Q3业绩环比增长——新能源汽车行业周报——看好,【汽车】三季报出炉，约59%的公司Q3业绩环比增长——新能源汽车行业周报——看好
2020-11-02,A股融资融券日报：两融余额减少75.14亿元（10月30日）,A股融资融券日报：两融余额减少75.14亿元（10月30日）
2020-11-02,新能源汽车销量重现正增长 上市公司业绩亮眼,新能源汽车销量重现正增长 上市公司业绩亮眼
2020-11-02,汽车股再度走强，江铃汽车四个交易日三个涨停,汽车股再度走强，江铃汽车四个交易日三个涨停
2020-11-02,吉利大涨6.4%比亚迪涨5.9% 黄燕铭此前看好汽车等可选消费,吉利大涨6.4%比亚迪涨5.9% 黄燕铭此前看好汽车等可选消费
2020-11-02,港股异动︱比亚迪股份(01211)涨超6%再破顶 中金指3Q20业绩符预期 上调目标价45%至200港元,港股异动︱比亚迪股份(01211)涨超6%再破顶 中金指3Q20业绩符预期 上调目标价45%至200港元
2020-11-02,【港股通】获中金上调目标价45%至200港元 比亚迪股份涨6%,【港股通】获中金上调目标价45%至200港元 比亚迪股份涨6%
2020-11-02,扶持政策推动销量增长 新能源上市公司业绩亮眼,扶持政策推动销量增长 新能源上市公司业绩亮眼
2020-11-02,北上资金调仓！抢筹回购王，连续八个月加仓3股,北上资金调仓！抢筹回购王，连续八个月加仓3股
2020-11-02,国产新能源汽车出海欧洲，这场征程值得期待,国产新能源汽车出海欧洲，这场征程值得期待
2020-11-02,第11批新能源汽车推荐目录发布 本田CRV PHEV/北京现代名图EV,第11批新能源汽车推荐目录发布 本田CRV PHEV/北京现代名图EV
2020-11-02,"""股神牛票""又涨嗨了！比亚迪再刷股价新高 巴菲特12年豪赚20倍！","""股神牛票""又涨嗨了！比亚迪再刷股价新高 巴菲特12年豪赚20倍！"
2020-11-02,特斯拉新型电池中国供应商崭露头角 2020锂电子电池市场投资前景及供需分析,特斯拉新型电池中国供应商崭露头角 2020锂电子电池市场投资前景及供需分析
2020-11-02,第20批减免车船税目录发布，赛力斯ix3等190款新能源车型在列,第20批减免车船税目录发布，赛力斯ix3等190款新能源车型在列
2020-11-02,比亚迪前三季度净赚34.14亿的原因,比亚迪前三季度净赚34.14亿的原因
2020-11-02,解盘：资金再度流入，光伏、充电桩、白酒、动力电池领涨,解盘：资金再度流入，光伏、充电桩、白酒、动力电池领涨
2020-11-02,千亿券商龙头盘中闪崩，疑似乌龙指？牛市旗手怎么了,千亿券商龙头盘中闪崩，疑似乌龙指？牛市旗手怎么了
2020-11-02,【华创汽车】超预期的汽车板块去往什么方向？,【华创汽车】超预期的汽车板块去往什么方向？
2020-11-02,第36批免购置税目录发布 沃尔沃XC40 P8\极狐ARCFOX αT等191款车型在列,第36批免购置税目录发布 沃尔沃XC40 P8\极狐ARCFOX αT等191款车型在列
2020-11-02,【国泰君安国际点评】比亚迪(01211.HK): 手机业务推动公司三季度盈利增长，料四季度新能源商用车高增长,【国泰君安国际点评】比亚迪(01211.HK): 手机业务推动公司三季度盈利增长，料四季度新能源商用车高增长
2020-11-02,【国泰君安国际】大数据系列｜互联互通·一张图20201030,【国泰君安国际】大数据系列｜互联互通·一张图20201030
2020-11-02,公募投资风向标！抱团50强出炉 电子、医药生物和食品饮料行业股票数量居多,公募投资风向标！抱团50强出炉 电子、医药生物和食品饮料行业股票数量居多
2020-11-02,汇证首予比亚迪(01211-HK)目标价187港元股价现涨5.19%,汇证首予比亚迪(01211-HK)目标价187港元股价现涨5.19%
2020-11-02,上市公司业绩亮眼 新能源汽车产业景气度提升,上市公司业绩亮眼 新能源汽车产业景气度提升
2020-11-03,汽车股走势分化：吉利再涨6% 股神牛股比亚迪跌近4%,汽车股走势分化：吉利再涨6% 股神牛股比亚迪跌近4%
2020-11-03,汽车股午后走弱 福田汽车、比亚迪等跌超4%,汽车股午后走弱 福田汽车、比亚迪等跌超4%
2020-11-03,比亚迪跌近5%，汽车板块跌幅扩大,比亚迪跌近5%，汽车板块跌幅扩大
2020-11-03,家里Wi-Fi老是出问题！终于有新方法能解决了,家里Wi-Fi老是出问题！终于有新方法能解决了
2020-11-03,汽车股集体上涨，车企称新能源汽车发展规划路线明晰化,汽车股集体上涨，车企称新能源汽车发展规划路线明晰化
2020-11-03,谁将成为下一个“蔚来”？,谁将成为下一个“蔚来”？
2020-11-03,德方纳米(300769)：边际改善 渐离行业谷底,德方纳米(300769)：边际改善 渐离行业谷底
2020-11-03,A股午盘综述：上证指数半日升超1%，中金公司涨停,A股午盘综述：上证指数半日升超1%，中金公司涨停
2020-11-03,A股大爆发！中金上市次日封住涨停,A股大爆发！中金上市次日封住涨停
2020-11-03,科达利(002850)：趋势转好 盈利能力回升显着,科达利(002850)：趋势转好 盈利能力回升显着
2020-11-03,最惨下跌近40%！指数没怎么跌，有股民却亏大了,最惨下跌近40%！指数没怎么跌，有股民却亏大了
2020-11-03,汽车股连涨2天吉利再弹6%比亚迪登顶回落,汽车股连涨2天吉利再弹6%比亚迪登顶回落
2020-11-03,箱体震荡分化加剧：161家新高，278家新低,箱体震荡分化加剧：161家新高，278家新低
2020-11-03,进军电动自行车市场 比亚迪也来了,进军电动自行车市场 比亚迪也来了
2020-11-03,大华继显：维持内地电动汽车业“增持”评级首选比亚迪(1211.HK)及敏实(0425.HK),大华继显：维持内地电动汽车业“增持”评级首选比亚迪(1211.HK)及敏实(0425.HK)
2020-11-03,超越沃尔沃、凯迪拉克，C级轿车市场出现搅局者？,超越沃尔沃、凯迪拉克，C级轿车市场出现搅局者？
2020-11-03,有色稀土、半导体爆发！11月还有哪些主线？券商十大金股名单整合,有色稀土、半导体爆发！11月还有哪些主线？券商十大金股名单整合
2020-11-03,超级大单：新能源汽车概念股降温？超20亿资金出逃龙头股,超级大单：新能源汽车概念股降温？超20亿资金出逃龙头股
2020-11-03,整体实力明显提升 关键技术仍存“卡点”——新能源汽车发展观察之二,整体实力明显提升 关键技术仍存“卡点”——新能源汽车发展观察之二
2020-11-03,销量刷新纪录、政策持续加码、巨头加速入局...新能源汽车产业将迎来投资的“黄金元年”？,销量刷新纪录、政策持续加码、巨头加速入局...新能源汽车产业将迎来投资的“黄金元年”？
2020-11-03,汽车板块持续回调，福田汽车、长安汽车、东风汽车均跌超4%,汽车板块持续回调，福田汽车、长安汽车、东风汽车均跌超4%
2020-11-03,A股收盘综述：上证指数缩量录升1.42%，稀土、小金属、半导体产业链领涨,A股收盘综述：上证指数缩量录升1.42%，稀土、小金属、半导体产业链领涨
2020-11-03,双轮驱动：三季度新能源汽车产业链上市公司业绩改善,双轮驱动：三季度新能源汽车产业链上市公司业绩改善
2020-11-03,汽车专题报告：汽车周期向上的力量，全面拥抱整车，维持“增持”评级,汽车专题报告：汽车周期向上的力量，全面拥抱整车，维持“增持”评级
2020-11-03,全球新能源乘用车9月榜单：大众ID.3“空降”欧洲市场跻身TOP3,全球新能源乘用车9月榜单：大众ID.3“空降”欧洲市场跻身TOP3
2020-11-03,20家A股上市车企三季度财报汇总：市场活力恢复 头部企业利润大涨,20家A股上市车企三季度财报汇总：市场活力恢复 头部企业利润大涨
2020-11-03,跟巴菲特学学如何坐“冷板凳”,跟巴菲特学学如何坐“冷板凳”
2020-11-03,三季度业绩进一步回暖车企集体开启末季冲刺,三季度业绩进一步回暖车企集体开启末季冲刺
2020-11-03,车云榜 | 比亚迪汉涨了近4倍，特斯拉竟然猛涨16倍，智能电动终于要爆发了？,车云榜 | 比亚迪汉涨了近4倍，特斯拉竟然猛涨16倍，智能电动终于要爆发了？
2020-11-03,EV晨报 | 新能源汽车产业发展规划发布；蔚来10月交付5055台再创新高；SK在华第二座工厂建成,EV晨报 | 新能源汽车产业发展规划发布；蔚来10月交付5055台再创新高；SK在华第二座工厂建成
2020-11-03,睿财看市场：创业板指涨近2%，白酒与家电股领涨,睿财看市场：创业板指涨近2%，白酒与家电股领涨
2020-11-03,内银股发力 恒指大涨,内银股发力 恒指大涨
2020-11-03,中信证券：新能源汽车产业发展规划印发 推荐具备全球竞争力的供应链优质企业（附股）,中信证券：新能源汽车产业发展规划印发 推荐具备全球竞争力的供应链优质企业（附股）
2020-11-03,港股盘前必读：34只科创板股票有望进入富时罗素相关指数,港股盘前必读：34只科创板股票有望进入富时罗素相关指数
2020-11-03,中信证券：《新能源汽车产业发展规划（2021-2035年）》进一步提升了新能源汽车产业链投资确定性,中信证券：《新能源汽车产业发展规划（2021-2035年）》进一步提升了新能源汽车产业链投资确定性
2020-11-03,重磅文件发布！一个新的时代来了，3万亿市场已沸腾,重磅文件发布！一个新的时代来了，3万亿市场已沸腾
2020-11-03,国务院放大招！蔚来、理想、小鹏全部暴涨！,国务院放大招！蔚来、理想、小鹏全部暴涨！
2020-11-03,三季度业绩进一步回暖 车企集体开启末季冲刺,三季度业绩进一步回暖 车企集体开启末季冲刺
2020-11-03,重磅文件发布！新的时代来了，3万亿市场已沸腾,重磅文件发布！新的时代来了，3万亿市场已沸腾
2020-11-03,比亚迪入局电动自行车 动力电池五巨头全部就位,比亚迪入局电动自行车 动力电池五巨头全部就位
2020-11-03,全球新能源9月榜单：大众ID.3崛起，欧洲市场全面超越中国,全球新能源9月榜单：大众ID.3崛起，欧洲市场全面超越中国
2020-11-03,新能源汽车产业规划出炉，相关产业链开盘大涨,新能源汽车产业规划出炉，相关产业链开盘大涨
2020-11-03,重磅利好发布！巴菲特成最大赢家？12年暴赚20倍,重磅利好发布！巴菲特成最大赢家？12年暴赚20倍
2020-11-03,上调评级至买入策略选股（11月3日）,上调评级至买入策略选股（11月3日）
2020-11-03,【中金汽车】汽车及零部件：棋至中盘，风格是否切换的关键，在于如何理解估值的锚,【中金汽车】汽车及零部件：棋至中盘，风格是否切换的关键，在于如何理解估值的锚
2020-11-03,A股融资融券日报：两融余额增加32.03亿元（11月2日）,A股融资融券日报：两融余额增加32.03亿元（11月2日）
2020-11-03,新能源汽车产业发展规划发布 关注产业链股投资机会,新能源汽车产业发展规划发布 关注产业链股投资机会
2020-11-03,北向资金开始落袋为安？提前涨了1个月，新能源汽车产业规划发布，要不要上车吗？,北向资金开始落袋为安？提前涨了1个月，新能源汽车产业规划发布，要不要上车吗？
2020-11-04,新能源汽车产销重回“快轨” “头部效应”显现,新能源汽车产销重回“快轨” “头部效应”显现
2020-11-04,比亚迪：10月新能源汽车销量23217辆,比亚迪：10月新能源汽车销量23217辆
2020-11-04,比亚迪10月汽车销量4.7732万辆,比亚迪10月汽车销量4.7732万辆
2020-11-04,比亚迪：本年累计汽车销量31.6707万辆,比亚迪：本年累计汽车销量31.6707万辆
2020-11-04,比亚迪：10月新能源汽车销量2.32万辆同比增长85%,比亚迪：10月新能源汽车销量2.32万辆同比增长85%
2020-11-04,晚间重要公告2020年11月4日星期三,晚间重要公告2020年11月4日星期三
2020-11-04,比亚迪10月汽车销量47732辆 去年同期41130辆,比亚迪10月汽车销量47732辆 去年同期41130辆
2020-11-04,降价/补贴 新能源车企如何备战金九银十,降价/补贴 新能源车企如何备战金九银十
2020-11-04,比亚迪王传福携手华为战略合作，推进智能汽车与智能手机进入全新领域！,比亚迪王传福携手华为战略合作，推进智能汽车与智能手机进入全新领域！
2020-11-04,晚间要闻2020年11月4日星期三,晚间要闻2020年11月4日星期三
2020-11-04,连续3日净买入比亚迪获深股通净买入4.36亿元,连续3日净买入比亚迪获深股通净买入4.36亿元
2020-11-04,比亚迪(01211-HK)10月汽车销量按年升逾16%,比亚迪(01211-HK)10月汽车销量按年升逾16%
2020-11-04,比亚迪今年前十个月汽车累计销量31万辆，同比下降16% 盈利能力下降,比亚迪今年前十个月汽车累计销量31万辆，同比下降16% 盈利能力下降
2020-11-04,汽车行业周报：10月第四周批发同比+22% 全面看多,汽车行业周报：10月第四周批发同比+22% 全面看多
2020-11-04,比亚迪(002594)：“汉”为观止 新能源车销量显著回升,比亚迪(002594)：“汉”为观止 新能源车销量显著回升
2020-11-04,[公司]比亚迪10月汽车销量4.77万辆 前10月销量下降16% 盈利能力下降,[公司]比亚迪10月汽车销量4.77万辆 前10月销量下降16% 盈利能力下降
2020-11-04,11月5号操作策略,11月5号操作策略
2020-11-04,格隆汇港股聚焦(11.4)︱正荣地产前10月累计合约销售突破1000亿元；比亚迪10月新能源汽车销量同比增84.75%,格隆汇港股聚焦(11.4)︱正荣地产前10月累计合约销售突破1000亿元；比亚迪10月新能源汽车销量同比增84.75%
2020-11-04,财闻点金：比亚迪新能源车销量大增 行业景气有望再攀新高,财闻点金：比亚迪新能源车销量大增 行业景气有望再攀新高
2020-11-04,新能源汽车：图说新能源汽车,新能源汽车：图说新能源汽车
2020-11-04,比亚迪：10月汽车销量4.77万辆，同比增16%,比亚迪：10月汽车销量4.77万辆，同比增16%
2020-11-04,长城汽车涨超5%再创新高，上汽集团、比亚迪、长安汽车集体上扬,长城汽车涨超5%再创新高，上汽集团、比亚迪、长安汽车集体上扬
2020-11-04,东吴证券：电动车板块整体稳健增长 板块分化明显,东吴证券：电动车板块整体稳健增长 板块分化明显
2020-11-04,突破技术边界，再造经典之作！它用匠心助力绿色物流发展！,突破技术边界，再造经典之作！它用匠心助力绿色物流发展！
2020-11-04,业绩迎拐点 新能源汽车动力足,业绩迎拐点 新能源汽车动力足
2020-11-04,新能源汽车股价暴涨，产业迎来全面爆发？,新能源汽车股价暴涨，产业迎来全面爆发？
2020-11-04,安信证券：新能源汽车景气持续上升 推荐产业链各环节具备全球竞争力的龙头,安信证券：新能源汽车景气持续上升 推荐产业链各环节具备全球竞争力的龙头
2020-11-04,恒指25000点关口得而复失,恒指25000点关口得而复失
2020-11-04,【电新*曾朵红】深度：电动车行业20年三季报总结：Q3需求明显恢复，拐点明确，旺季来临,【电新*曾朵红】深度：电动车行业20年三季报总结：Q3需求明显恢复，拐点明确，旺季来临
2020-11-04,【汽车*黄细里】十五年规划指引电动智能汽车产业发展,【汽车*黄细里】十五年规划指引电动智能汽车产业发展
2020-11-04,【东吴晨报1104】【策略】【行业】汽车、传媒、电新【个股】山煤国际、中青旅,【东吴晨报1104】【策略】【行业】汽车、传媒、电新【个股】山煤国际、中青旅
2020-11-04,【提示】科创板会通股份今日申购，发行价8.29元,【提示】科创板会通股份今日申购，发行价8.29元
2020-11-04,每日理财观察：蚂蚁集团A+H股上市同步暂缓,每日理财观察：蚂蚁集团A+H股上市同步暂缓
2020-11-04,中金 | 高压直流继电器：新能源车赋能的优质赛道,中金 | 高压直流继电器：新能源车赋能的优质赛道
2020-11-04,不对称车门设计 比亚迪D1将于12月中旬上市,不对称车门设计 比亚迪D1将于12月中旬上市
2020-11-04,【中金汽车】图说新能源汽车：三季度卖到了哪儿和需求结构变化,【中金汽车】图说新能源汽车：三季度卖到了哪儿和需求结构变化
2020-11-04,A股融资融券日报：两融余额增加58.37亿元（11月3日）,A股融资融券日报：两融余额增加58.37亿元（11月3日）
2020-11-04,智在必行，预见新境——比亚迪叉车携超强阵容闪耀2020 CeMAT ASIA,智在必行，预见新境——比亚迪叉车携超强阵容闪耀2020 CeMAT ASIA
2020-11-04,快讯：汽车板块早盘拉升 金龙汽车等多股走强,快讯：汽车板块早盘拉升 金龙汽车等多股走强
2020-11-04,『全球CEO峰会』重磅演讲者：比亚迪半导体总经理陈刚谈半导体发展机遇,『全球CEO峰会』重磅演讲者：比亚迪半导体总经理陈刚谈半导体发展机遇
2020-11-04,近期充电桩产业热度较高,近期充电桩产业热度较高
2020-11-04,A股午盘综述：上证指数半日微升，蚂蚁金服指数跌超2%,A股午盘综述：上证指数半日微升，蚂蚁金服指数跌超2%
2020-11-04,汽车股持续爆发，长城汽车创历史新高，三条主线关注相关机会,汽车股持续爆发，长城汽车创历史新高，三条主线关注相关机会
2020-11-04,A股收盘综述：上证指数缩量小涨，中国人寿、君正集团领跌蚂蚁金服概念板块,A股收盘综述：上证指数缩量小涨，中国人寿、君正集团领跌蚂蚁金服概念板块
2020-11-05,恒指收涨3.25%，恒生科技指数大涨5.45%,恒指收涨3.25%，恒生科技指数大涨5.45%
2020-11-05,港股恒生指数收涨逾3% 比亚迪涨超16%,港股恒生指数收涨逾3% 比亚迪涨超16%
2020-11-05,涨停板解密：增长明显，汽车股再掀涨停潮！（11月5日）,涨停板解密：增长明显，汽车股再掀涨停潮！（11月5日）
2020-11-05,比亚迪A股今日涨停再创历史新高 公司总市值突破5000亿元,比亚迪A股今日涨停再创历史新高 公司总市值突破5000亿元
2020-11-05,比亚迪再度涨停创新高，机构出逃游资进驻,比亚迪再度涨停创新高，机构出逃游资进驻
2020-11-05,比亚迪收盘封涨市值突破5000亿元，今年以来股价累涨近300%,比亚迪收盘封涨市值突破5000亿元，今年以来股价累涨近300%
2020-11-05,比亚迪市值突破5000亿：王传福身价950亿元 两大联合创始人双双减持 减持股份,比亚迪市值突破5000亿：王传福身价950亿元 两大联合创始人双双减持 减持股份
2020-11-05,花旗力挺造车新势力 比亚迪市值直逼大众,花旗力挺造车新势力 比亚迪市值直逼大众
2020-11-05,港股收盘：恒生科技指数暴涨5% 腾讯飙升6% 京东大涨超9%,港股收盘：恒生科技指数暴涨5% 腾讯飙升6% 京东大涨超9%
2020-11-05,主力资金联袂加仓，A股放量拉升汽车股猛踩油门,主力资金联袂加仓，A股放量拉升汽车股猛踩油门
2020-11-05,年内大涨288%！ 比亚迪再度涨停创新高 一机构卖出1.06亿元,年内大涨288%！ 比亚迪再度涨停创新高 一机构卖出1.06亿元
2020-11-05,涨停复盘：A股三连阳！特斯拉概念拉动近20股封板还能火多久？,涨停复盘：A股三连阳！特斯拉概念拉动近20股封板还能火多久？
2020-11-05,比亚迪涨幅扩大至9%,比亚迪涨幅扩大至9%
2020-11-05,比亚迪涨停再创新高，市值突破5000亿元，今年以来涨近3倍,比亚迪涨停再创新高，市值突破5000亿元，今年以来涨近3倍
2020-11-05,比亚迪：DM-i平台首款车型亮相，有望改变燃油车竞争格局【安信汽车】,比亚迪：DM-i平台首款车型亮相，有望改变燃油车竞争格局【安信汽车】
2020-11-05,921亿资金争夺20股：主力资金重点出击16股(名单),921亿资金争夺20股：主力资金重点出击16股(名单)
2020-11-05,比亚迪股价再创新高！年内大涨280%，机构密集调研,比亚迪股价再创新高！年内大涨280%，机构密集调研
2020-11-05,汽车产业“点燃”芯片战争 特斯拉、英伟达、比亚迪各自为伍,汽车产业“点燃”芯片战争 特斯拉、英伟达、比亚迪各自为伍
2020-11-05,沪指放量涨1.3%收复3300点，白酒、整车板块大涨，比亚迪成A股首家市值5000亿车企,沪指放量涨1.3%收复3300点，白酒、整车板块大涨，比亚迪成A股首家市值5000亿车企
2020-11-05,瑞信：维持比亚迪(1211.HK)“跑赢大市”评级目标价185港元,瑞信：维持比亚迪(1211.HK)“跑赢大市”评级目标价185港元
2020-11-05,比亚迪尾盘涨停，A股市值突破5000亿元,比亚迪尾盘涨停，A股市值突破5000亿元
2020-11-05,快讯：比亚迪A股尾盘封涨停 成交金额118亿元,快讯：比亚迪A股尾盘封涨停 成交金额118亿元
2020-11-05,A股收盘综述：上证指数连涨四日站上3300，五粮液迈入万亿市值俱乐部,A股收盘综述：上证指数连涨四日站上3300，五粮液迈入万亿市值俱乐部
2020-11-05,比亚迪尾盘涨停 成交额超118亿元,比亚迪尾盘涨停 成交额超118亿元
2020-11-05,比亚迪尾盘集合竞价前涨停，成交额近120亿元,比亚迪尾盘集合竞价前涨停，成交额近120亿元
2020-11-05,比亚迪尾盘触及涨停，主力净流入超10亿元,比亚迪尾盘触及涨停，主力净流入超10亿元
2020-11-05,比亚迪尾盘涨停股价再创新高，成A股首家市值破5000亿车企,比亚迪尾盘涨停股价再创新高，成A股首家市值破5000亿车企
2020-11-05,调研机构如过江之鲫 汽车“周边股”成10月至今最大赢家,调研机构如过江之鲫 汽车“周边股”成10月至今最大赢家
2020-11-05,游资情报 | 啥信号？“方新侠”8.5亿扫货四只股打造龙头神话；溧阳路“孙哥”联手西湖国贸“醉打”酒鬼酒,游资情报 | 啥信号？“方新侠”8.5亿扫货四只股打造龙头神话；溧阳路“孙哥”联手西湖国贸“醉打”酒鬼酒
2020-11-05,市场要闻 | 门店一天卖出30辆，中国新能源汽车市场大爆发，大众进场分羹,市场要闻 | 门店一天卖出30辆，中国新能源汽车市场大爆发，大众进场分羹
2020-11-05,买新能源车的热情有多高？去特斯拉、蔚来、小鹏的门店看看,买新能源车的热情有多高？去特斯拉、蔚来、小鹏的门店看看
2020-11-05,沪指收复3300点：资金面迎多利好，白酒新能源车还能追吗,沪指收复3300点：资金面迎多利好，白酒新能源车还能追吗
2020-11-05,新能车ETF当日大涨5.35%，跨年行情即将开启,新能车ETF当日大涨5.35%，跨年行情即将开启
2020-11-05,【行情】比亚迪ADR涨近11%，今日其A股大涨9%，成为A股首家市值突破5000亿的车企,【行情】比亚迪ADR涨近11%，今日其A股大涨9%，成为A股首家市值突破5000亿的车企
2020-11-05,11家上市车企三季度营收正增长 大部分公司净利有所改善,11家上市车企三季度营收正增长 大部分公司净利有所改善
2020-11-05,【招商汽车】10月销售强劲复苏，建议继续超配汽车行业,【招商汽车】10月销售强劲复苏，建议继续超配汽车行业
2020-11-05,手机混用闪存到底是真是假？教你查手机闪存型号,手机混用闪存到底是真是假？教你查手机闪存型号
2020-11-05,【华创汽车】比亚迪：高端车继续增长守住市场，智能化发展加速,【华创汽车】比亚迪：高端车继续增长守住市场，智能化发展加速
2020-11-05,北向资金净买入超百亿元，连续第4日净买入,北向资金净买入超百亿元，连续第4日净买入
2020-11-05,大白马集体上涨，A股再上3300点！外资罕见加仓110亿！释放什么信号？,大白马集体上涨，A股再上3300点！外资罕见加仓110亿！释放什么信号？
2020-11-05,比亚迪：子公司拟出资1亿美元参与投资基金,比亚迪：子公司拟出资1亿美元参与投资基金
2020-11-05,A股牛市归来？成交大幅放量 千亿巨头纷纷涨停,A股牛市归来？成交大幅放量 千亿巨头纷纷涨停
2020-11-05,北向资金大幅净买入109.97亿元，活跃个股仅两股遭减仓,北向资金大幅净买入109.97亿元，活跃个股仅两股遭减仓
2020-11-05,比亚迪(002594.SZ)：子公司拟1亿美元参投HarmonyFund,比亚迪(002594.SZ)：子公司拟1亿美元参投HarmonyFund
2020-11-05,比亚迪股份(01211)投资者调研纪要：比亚迪·汉累计销售已超万台，“刀片电池”将深化新能源汽车安全标注,比亚迪股份(01211)投资者调研纪要：比亚迪·汉累计销售已超万台，“刀片电池”将深化新能源汽车安全标注
2020-11-05,财华洞察|逆势崛起！探寻新能源车企戴维斯双击背后的故事,财华洞察|逆势崛起！探寻新能源车企戴维斯双击背后的故事
2020-11-05,新能源汽车板块乘风破浪：比亚迪市值冲破5000亿，蔚来超越通用宝马,新能源汽车板块乘风破浪：比亚迪市值冲破5000亿，蔚来超越通用宝马
2020-11-05,沪深市值老大是两瓶酒:五粮液跻身深市首只万亿股 茅台稳居一哥,沪深市值老大是两瓶酒:五粮液跻身深市首只万亿股 茅台稳居一哥
2020-11-05,大爆发！4000亿汽车巨头尾盘涨停，这类股成10月至今最大赢家,大爆发！4000亿汽车巨头尾盘涨停，这类股成10月至今最大赢家
2020-11-05,数据解盘|今日北向资金合计净流入131.72亿元 通讯行业板块遭主力资金抢筹,数据解盘|今日北向资金合计净流入131.72亿元 通讯行业板块遭主力资金抢筹
2020-11-05,比亚迪：2021款唐DM10月销量同比激增84.6%至3721辆,比亚迪：2021款唐DM10月销量同比激增84.6%至3721辆
2020-11-05,比亚迪：2021款唐DM10月销量3721辆 同比增长84.6%,比亚迪：2021款唐DM10月销量3721辆 同比增长84.6%
2020-11-05,涨停复盘 | 板块轮动再迎热炒，两市涨停家数大增,涨停复盘 | 板块轮动再迎热炒，两市涨停家数大增
2020-11-05,“汽车强国”15年蓝图重磅发布行业景气度回升汽车股持续火爆,“汽车强国”15年蓝图重磅发布行业景气度回升汽车股持续火爆
2020-11-05,龙虎榜机构新动向：净买入15股净卖出11股,龙虎榜机构新动向：净买入15股净卖出11股
2020-11-05,股市狂欢，中国资产大涨！全球首富却套现200亿,股市狂欢，中国资产大涨！全球首富却套现200亿
2020-11-05,比亚迪：子公司出资1亿美元参与投资Harmony Fund基金并签署认购协议,比亚迪：子公司出资1亿美元参与投资Harmony Fund基金并签署认购协议
2020-11-05,比亚迪盘中大涨逾9% 股价再创新高市值达5000亿元,比亚迪盘中大涨逾9% 股价再创新高市值达5000亿元
2020-11-05,涨停板复盘：沪指收复3300点关口 5G概念重新启动,涨停板复盘：沪指收复3300点关口 5G概念重新启动
2020-11-05,比亚迪大涨9%，A股市值突破5000亿元,比亚迪大涨9%，A股市值突破5000亿元
2020-11-05,比亚迪：1-10月汽车销量同比降15.98%，其中新能源汽车销量降34.62% 盈利能力下降,比亚迪：1-10月汽车销量同比降15.98%，其中新能源汽车销量降34.62% 盈利能力下降
2020-11-05,比亚迪早盘涨幅超8% 总市值突破5000亿港元,比亚迪早盘涨幅超8% 总市值突破5000亿港元
2020-11-05,比亚迪10月销量达4.8万辆 纯电动乘用车销量同比增96.6%,比亚迪10月销量达4.8万辆 纯电动乘用车销量同比增96.6%
2020-11-05,港股异动 | 比亚迪股份(01211)涨超8%再破顶 比亚迪10月新能源车销量同比增85%,港股异动 | 比亚迪股份(01211)涨超8%再破顶 比亚迪10月新能源车销量同比增85%
2020-11-05,快讯：汽车股暴涨 比亚迪涨超8%市值突破5000亿港元,快讯：汽车股暴涨 比亚迪涨超8%市值突破5000亿港元
2020-11-05,比亚迪(01211-HK)10月汽车销量升16%花旗重申目标价276.1港元,比亚迪(01211-HK)10月汽车销量升16%花旗重申目标价276.1港元
2020-11-05,【行情】汽车整车板块高开，金龙汽车涨停，比亚迪涨4%，宇通客车、长安汽车、小康股份等跟涨,【行情】汽车整车板块高开，金龙汽车涨停，比亚迪涨4%，宇通客车、长安汽车、小康股份等跟涨
2020-11-05,比亚迪高开4%再创新高 新能源车销量大增,比亚迪高开4%再创新高 新能源车销量大增
2020-11-05,开盘：欧美股市暴涨助恒指大幅高开2.47% 比亚迪涨5.41%再创新高,开盘：欧美股市暴涨助恒指大幅高开2.47% 比亚迪涨5.41%再创新高
2020-11-05,瑞信指比亚迪(01211-HK)近两年销售首录双位数增长维持目标价185港元,瑞信指比亚迪(01211-HK)近两年销售首录双位数增长维持目标价185港元
2020-11-05,这些汽车股获机构增持评级 比亚迪位列第二,这些汽车股获机构增持评级 比亚迪位列第二
2020-11-05,上证指数高开0.86%报3305点，创业板指涨1.15%,上证指数高开0.86%报3305点，创业板指涨1.15%
2020-11-05,蔚来市值超宝马 比亚迪直逼大众 A股产业链要嗨？,蔚来市值超宝马 比亚迪直逼大众 A股产业链要嗨？
2020-11-05,上汽集团总市值又被蔚来汽车超越，目前为比亚迪市值的2/3,上汽集团总市值又被蔚来汽车超越，目前为比亚迪市值的2/3
2020-11-05,A股融资融券日报：两融余额增加53.2亿元（11月4日）,A股融资融券日报：两融余额增加53.2亿元（11月4日）
2020-11-05,新能源车板块继续走强 比亚迪A股市值一度突破5000亿元,新能源车板块继续走强 比亚迪A股市值一度突破5000亿元
2020-11-05,港股盘前必读：比亚迪10月份新能源汽车销量2.32万辆同比增长85%,港股盘前必读：比亚迪10月份新能源汽车销量2.32万辆同比增长85%
2020-11-05,中信证券：比亚迪“汉”持续热销景气全面向好,中信证券：比亚迪“汉”持续热销景气全面向好
2020-11-05,无惧外围波动 A股静待靴子落地,无惧外围波动 A股静待靴子落地
2020-11-05,比亚迪（002594/01211.HK）：“汉”持续热销，景气全面向好,比亚迪（002594/01211.HK）：“汉”持续热销，景气全面向好
2020-11-05,“永不起火”的电池来了 电动车更安全,“永不起火”的电池来了 电动车更安全
2020-11-05,汽车板块连日高开高走 比亚迪市值突破5000亿元,汽车板块连日高开高走 比亚迪市值突破5000亿元
2020-11-05,多家车企10月销售增势明显 新能源汽车表现尤为抢眼,多家车企10月销售增势明显 新能源汽车表现尤为抢眼
2020-11-05,比亚迪8月销量达4.8万辆，纯电动乘用车销量同比增96.6%,比亚迪8月销量达4.8万辆，纯电动乘用车销量同比增96.6%
2020-11-05,前有比亚迪后有宏光MINI，张勇如何带哪吒突围？,前有比亚迪后有宏光MINI，张勇如何带哪吒突围？
2020-11-05,各地新一轮汽车促消费活动如火如荼，县乡村下沉市场成“争夺”热点,各地新一轮汽车促消费活动如火如荼，县乡村下沉市场成“争夺”热点
2020-11-05,新能源汽车迈向“自我生长”的新阶段,新能源汽车迈向“自我生长”的新阶段
2020-11-05,比亚迪股份涨超5%，10月新能源销量大增83.1%,比亚迪股份涨超5%，10月新能源销量大增83.1%
2020-11-05,开盘：欧美股市暴涨助恒指大幅高开2.47% 比亚迪涨5.65%再创新高,开盘：欧美股市暴涨助恒指大幅高开2.47% 比亚迪涨5.65%再创新高
2020-11-05,中信证券：比亚迪“汉”持续热销，景气全面向好,中信证券：比亚迪“汉”持续热销，景气全面向好
2020-11-05,汽车行业周报：路线图2.0发布 多路线推进节能减排,汽车行业周报：路线图2.0发布 多路线推进节能减排
2020-11-05,比亚迪：前10个月销售新能源汽车13.4万辆 同比下滑34.62% 盈利能力下降,比亚迪：前10个月销售新能源汽车13.4万辆 同比下滑34.62% 盈利能力下降
2020-11-05,【行情】比亚迪大涨9%，成交额近100亿，成为A股第一家市值突破5000亿的车企,【行情】比亚迪大涨9%，成交额近100亿，成为A股第一家市值突破5000亿的车企
2020-11-05,比亚迪、上汽集团均涨超8%，汽车板块继续扩大升幅,比亚迪、上汽集团均涨超8%，汽车板块继续扩大升幅
2020-11-05,比亚迪汉系列车型上市以来稳步攀升 累计销量18362辆,比亚迪汉系列车型上市以来稳步攀升 累计销量18362辆
2020-11-05,喝喝喝喝喝……上午股市端上一桌酒,喝喝喝喝喝……上午股市端上一桌酒
2020-11-05,巴菲特重仓12年暴赚22倍：比亚迪再创新高 深市首只万亿股也来了,巴菲特重仓12年暴赚22倍：比亚迪再创新高 深市首只万亿股也来了
2020-11-05,央妈放大招！A股又爆发，外资加仓45亿,央妈放大招！A股又爆发，外资加仓45亿
2020-11-05,股价持续新高、机构密集调研，比亚迪回答了这些问题,股价持续新高、机构密集调研，比亚迪回答了这些问题
2020-11-05,巴菲特重仓12年暴赚22倍，比亚迪再创历史新高！深市首只万亿市值股诞生，千亿市值白马扎堆创新高,巴菲特重仓12年暴赚22倍，比亚迪再创历史新高！深市首只万亿市值股诞生，千亿市值白马扎堆创新高
2020-11-05,增自动豪华型 新款比亚迪宋经典版11月9日上市,增自动豪华型 新款比亚迪宋经典版11月9日上市
2020-11-05,央妈放大招！提前剧透“麻辣粉”续做，A股又爆发，外资加仓45亿！比亚迪市值直逼大众，黑天鹅突袭，500亿白马股盘中大跳水！,央妈放大招！提前剧透“麻辣粉”续做，A股又爆发，外资加仓45亿！比亚迪市值直逼大众，黑天鹅突袭，500亿白马股盘中大跳水！
2020-11-05,大白马涨疯了！刚刚，深市首只万亿市值公司诞生！,大白马涨疯了！刚刚，深市首只万亿市值公司诞生！
2020-11-05,比亚迪10月份销售纯电动汽车14919 辆 同比增长96.61%,比亚迪10月份销售纯电动汽车14919 辆 同比增长96.61%
2020-11-05,大白马涨疯了！深市首只万亿市值公司诞生,大白马涨疯了！深市首只万亿市值公司诞生
2020-11-05,瑞信：料比亚迪（01211）销售增长进一步加快 维持“跑赢大市”评级,瑞信：料比亚迪（01211）销售增长进一步加快 维持“跑赢大市”评级
2020-11-05,比亚迪：10月“汉”劲销7545辆再创新高,比亚迪：10月“汉”劲销7545辆再创新高
2020-11-05,香港恒生指数午盘收涨2.72%，比亚迪涨10.18%,香港恒生指数午盘收涨2.72%，比亚迪涨10.18%
2020-11-05,中泰国际：比亚迪10月汽车销量逾4.7万辆 按年增16%,中泰国际：比亚迪10月汽车销量逾4.7万辆 按年增16%
2020-11-05,解盘：沪指站在3300点关口，动力电池、电解液、白酒等领涨,解盘：沪指站在3300点关口，动力电池、电解液、白酒等领涨
2020-11-05,A股午盘综述：上证指数半日涨0.88%，五粮液市值首次突破一万亿,A股午盘综述：上证指数半日涨0.88%，五粮液市值首次突破一万亿
2020-11-05,[公司]金力永磁：客户包括特斯拉、大众和比亚迪等,[公司]金力永磁：客户包括特斯拉、大众和比亚迪等
2020-11-05,比亚迪股份10月营运数据公布，市值5000亿港元不是梦,比亚迪股份10月营运数据公布，市值5000亿港元不是梦
2020-11-05,港A汽车股集体大涨：金龙汽车涨停，比亚迪AH股均续创历史新高,港A汽车股集体大涨：金龙汽车涨停，比亚迪AH股均续创历史新高
2020-11-05,美的、宁德时代、比亚迪、海康威视、长城汽车、海尔、万华化学早盘均创新高,美的、宁德时代、比亚迪、海康威视、长城汽车、海尔、万华化学早盘均创新高
2020-11-05,动力电池板块涨近5%，宁德时代、比亚迪、亿纬锂能、新宙邦全线上扬,动力电池板块涨近5%，宁德时代、比亚迪、亿纬锂能、新宙邦全线上扬
2020-11-05,10月比亚迪共销售汽车47732辆 新能源汽车销量达23217辆,10月比亚迪共销售汽车47732辆 新能源汽车销量达23217辆
2020-11-05,五粮液加入“A股万亿俱乐部” 带动多只白马股创下新高,五粮液加入“A股万亿俱乐部” 带动多只白马股创下新高
2020-11-06,【招商汽车|三季报总结】复苏的拐点，建议超配汽车行业,【招商汽车|三季报总结】复苏的拐点，建议超配汽车行业
2020-11-06,【东吴电新】电动车板块三季报总结：Q3需求明显恢复，拐点明确，旺季来临,【东吴电新】电动车板块三季报总结：Q3需求明显恢复，拐点明确，旺季来临
2020-11-06,全球车企市值再迎巨变：蔚来/长城超通用/福特,全球车企市值再迎巨变：蔚来/长城超通用/福特
2020-11-06,金力永磁：新能源业务客户包括特斯拉、比亚迪、联合汽车电子等,金力永磁：新能源业务客户包括特斯拉、比亚迪、联合汽车电子等
2020-11-06,比亚迪：应用DM4.0技术的车型有望与同级别燃油车达到购置同价水平,比亚迪：应用DM4.0技术的车型有望与同级别燃油车达到购置同价水平
2020-11-06,一图流|比亚迪市值已超过戴姆勒！,一图流|比亚迪市值已超过戴姆勒！
2020-11-06,星展升比亚迪(01211-HK)目标价至192港元维持买入,星展升比亚迪(01211-HK)目标价至192港元维持买入
2020-11-06,4800亿市值白马跳水！8成创业板股下跌，发生了什么,4800亿市值白马跳水！8成创业板股下跌，发生了什么
2020-11-06,长城比亚迪一骑绝尘 三季度车企集体胜利大逃亡,长城比亚迪一骑绝尘 三季度车企集体胜利大逃亡
2020-11-06,112家公司全年业绩预计增超100%，18股有望全年盈利超10亿！机构已抢先“埋伏”这11股（附名单）,112家公司全年业绩预计增超100%，18股有望全年盈利超10亿！机构已抢先“埋伏”这11股（附名单）
2020-11-06,最新文章more>>,最新文章more>>
2020-11-06,杨德龙：年底还有哪些好的投资机会？,杨德龙：年底还有哪些好的投资机会？
2020-11-06,A股风云突变！比亚迪跳水，医疗股杀跌，一板块异军突起,A股风云突变！比亚迪跳水，医疗股杀跌，一板块异军突起
2020-11-06,广州万隆：龙头日内巨震 不改主流本色,广州万隆：龙头日内巨震 不改主流本色
2020-11-06,比亚迪和特斯拉之间还差几个蔚来？,比亚迪和特斯拉之间还差几个蔚来？
2020-11-06,招银国际：升比亚迪(1211.HK)目标价至230港元维持买入评级,招银国际：升比亚迪(1211.HK)目标价至230港元维持买入评级
2020-11-06,固态电池之战：特斯拉vs宁德时代vs比亚迪,固态电池之战：特斯拉vs宁德时代vs比亚迪
2020-11-06,最强风口大分化！5000亿龙头透露重磅信息，却遭资金砸盘20亿，冷门股锐奇股份5天大涨62%,最强风口大分化！5000亿龙头透露重磅信息，却遭资金砸盘20亿，冷门股锐奇股份5天大涨62%
2020-11-06,比亚迪、长城汽车、上汽集团拉升，汽车板块跌幅大幅收窄,比亚迪、长城汽车、上汽集团拉升，汽车板块跌幅大幅收窄
2020-11-06,比亚迪市值突破5000亿大关|盈利宝投顾早报,比亚迪市值突破5000亿大关|盈利宝投顾早报
2020-11-06,陆股通净买入39.81亿元，连续5日净买入,陆股通净买入39.81亿元，连续5日净买入
2020-11-06,碾压宝马、通用、福特！6岁蔚来市值赶超“百年老店”，造车新势力股价飙起来,碾压宝马、通用、福特！6岁蔚来市值赶超“百年老店”，造车新势力股价飙起来
2020-11-06,多家上市车企公布10月产销数据 新能源汽车产业链获看好,多家上市车企公布10月产销数据 新能源汽车产业链获看好
2020-11-06,上汽通用五菱辟谣与比亚迪合作成立新品牌,上汽通用五菱辟谣与比亚迪合作成立新品牌
2020-11-06,35家储能上市公司三季度财报精读！比亚迪再夺榜首！,35家储能上市公司三季度财报精读！比亚迪再夺榜首！
2020-11-06,国际能源网-储能周报，众览储能天下事！【11月2日-11月6日】,国际能源网-储能周报，众览储能天下事！【11月2日-11月6日】
2020-11-06,比亚迪(002594)：新旗舰引领增长,比亚迪(002594)：新旗舰引领增长
2020-11-06,港股复盘：终于回调了,港股复盘：终于回调了
2020-11-06,佩蒂股份：宠物行业前景广阔 国外市场稳步增长看好国内扩张发展,佩蒂股份：宠物行业前景广阔 国外市场稳步增长看好国内扩张发展
2020-11-06,动力电池升温 背靠戴姆勒的孚能科技成长堪忧？,动力电池升温 背靠戴姆勒的孚能科技成长堪忧？
2020-11-06,两大主力调仓换股进行时，四季度重心转向二线蓝筹,两大主力调仓换股进行时，四季度重心转向二线蓝筹
2020-11-06,华龙内参2020年第204期 总第792期《一步之遥》,华龙内参2020年第204期 总第792期《一步之遥》
2020-11-06,A股收盘综述：上证指数本周涨2.7%，长江一级家电制造、汽车行业均劲升超10%,A股收盘综述：上证指数本周涨2.7%，长江一级家电制造、汽车行业均劲升超10%
2020-11-06,李志林丨全球股市力博挑战者赢，A股放量重回多头市场,李志林丨全球股市力博挑战者赢，A股放量重回多头市场
2020-11-06,新能源汽车投资机会是否迎来加速阶段？,新能源汽车投资机会是否迎来加速阶段？
2020-11-06,终于等到！iOS14的新功能：国内用户也能用上了,终于等到！iOS14的新功能：国内用户也能用上了
2020-11-06,解盘：沪指失守3300点，光刻胶、今日头条、黄金珠宝略涨,解盘：沪指失守3300点，光刻胶、今日头条、黄金珠宝略涨
2020-11-06,产业政策落地，造车新势力“三兄弟”四天暴涨三成,产业政策落地，造车新势力“三兄弟”四天暴涨三成
2020-11-06,比亚迪(002594)2020Q3业绩点评：整车、电子业务向好 打开长期增长空间,比亚迪(002594)2020Q3业绩点评：整车、电子业务向好 打开长期增长空间
2020-11-06,市值突破5000亿 宁德时代迎比亚迪全面反超,市值突破5000亿 宁德时代迎比亚迪全面反超
2020-11-06,盘前情报丨广东抛“大手笔”5G规划，快手启动港股IPO，投资机会在这里,盘前情报丨广东抛“大手笔”5G规划，快手启动港股IPO，投资机会在这里
2020-11-06,外资罕见加仓110亿！释放什么信号？,外资罕见加仓110亿！释放什么信号？
2020-11-06,57股获20家以上机构扎堆调研，汇川技术最受关注,57股获20家以上机构扎堆调研，汇川技术最受关注
2020-11-06,每日理财观察：蚂蚁集团今日启动退款程序,每日理财观察：蚂蚁集团今日启动退款程序
2020-11-06,四家公司公告出现重磅利好,四家公司公告出现重磅利好
2020-11-06,特斯拉、宁德时代与比亚迪们的终极战场：固态电池,特斯拉、宁德时代与比亚迪们的终极战场：固态电池
2020-11-06,比亚迪市值突破5000亿大关，汽车“周边股”成大赢家,比亚迪市值突破5000亿大关，汽车“周边股”成大赢家
2020-11-06,11月6日操盘必读：影响股市利好与利空消息,11月6日操盘必读：影响股市利好与利空消息
2020-11-06,睿财看市场：市场连阳上攻但量未明显放大，关注靴子落地后能否形成新趋势,睿财看市场：市场连阳上攻但量未明显放大，关注靴子落地后能否形成新趋势
2020-11-06,一年大涨30倍 疯狂砸下20000亿！天天上演生死时速,一年大涨30倍 疯狂砸下20000亿！天天上演生死时速
2020-11-06,【东吴七点半】市场延续震荡反弹 新能源车加速上攻,【东吴七点半】市场延续震荡反弹 新能源车加速上攻
2020-11-06,陆家嘴财经早餐2020年11月6日星期五,陆家嘴财经早餐2020年11月6日星期五
2020-11-06,“两瓶酒”分坐沪深老大位子,“两瓶酒”分坐沪深老大位子
2020-11-06,深市首只万亿市值股诞生 千亿市值股扎堆创新高,深市首只万亿市值股诞生 千亿市值股扎堆创新高
2020-11-06,A股午盘综述：上证指数跌0.71%再失3300，汽车、白酒股获利盘喷涌而出,A股午盘综述：上证指数跌0.71%再失3300，汽车、白酒股获利盘喷涌而出
2020-11-06,北向资金动向盘点：净买入110亿元，主攻三大行业,北向资金动向盘点：净买入110亿元，主攻三大行业
2020-11-06,15股获融资净买入额超亿元 比亚迪居首,15股获融资净买入额超亿元 比亚迪居首
2020-11-06,【最佳配对】比亚迪秦ProEV该配啥轮胎,【最佳配对】比亚迪秦ProEV该配啥轮胎
2020-11-06,A股早报2020年11月6日星期五,A股早报2020年11月6日星期五
2020-11-06,A股融资融券日报：两融余额增加71.74亿元（11月5日）,A股融资融券日报：两融余额增加71.74亿元（11月5日）
2020-11-06,比亚迪 | 10月：新旗舰引领增长【华西汽车 崔琰团队】,比亚迪 | 10月：新旗舰引领增长【华西汽车 崔琰团队】
2020-11-06,比亚迪港、A股纷纷转跌,比亚迪港、A股纷纷转跌
2020-11-06,北向资金火力全开！芯片、5G、新能源一个都不能少！,北向资金火力全开！芯片、5G、新能源一个都不能少！
2020-11-06,比亚迪跳水转跌，此前一度涨超7%,比亚迪跳水转跌，此前一度涨超7%
2020-11-06,快讯：汽车整车板块持续拉升 比亚迪大涨7%,快讯：汽车整车板块持续拉升 比亚迪大涨7%
2020-11-06,多家车企10月销量增势明显 关注这些细分领域个股,多家车企10月销量增势明显 关注这些细分领域个股
2020-11-06,比亚迪、上汽集团连续拉升，汽车板块扩大升幅,比亚迪、上汽集团连续拉升，汽车板块扩大升幅
2020-11-06,【行情】新能源汽车回落，比亚迪、东风汽车、盛新锂能、中科电气等多股跳水,【行情】新能源汽车回落，比亚迪、东风汽车、盛新锂能、中科电气等多股跳水
2020-11-06,【最佳配对】比亚迪秦Pro该配啥轮胎,【最佳配对】比亚迪秦Pro该配啥轮胎
2020-11-06,犀牛财经早报：快手亏63亿赴港IPO 比亚迪销量下滑16%,犀牛财经早报：快手亏63亿赴港IPO 比亚迪销量下滑16%
2020-11-06,比亚迪涨超4% 股价续创新高,比亚迪涨超4% 股价续创新高
2020-11-06,宁德时代、比亚迪双双再创新高，动力电池板块涨势强劲,宁德时代、比亚迪双双再创新高，动力电池板块涨势强劲
2020-11-06,小鹏汽车三天涨72%！A股也发动白马攻势，一波反弹正在确立,小鹏汽车三天涨72%！A股也发动白马攻势，一波反弹正在确立
2020-11-06,【SMM分析】新能源汽车市场逐步回暖 多家企业业绩表现亮眼,【SMM分析】新能源汽车市场逐步回暖 多家企业业绩表现亮眼
2020-11-06,机会不少，新方向或将启动！,机会不少，新方向或将启动！
2020-11-06,风向研报丨深圳市场创2大纪录；北上资金异动；这个品种重新爆发！,风向研报丨深圳市场创2大纪录；北上资金异动；这个品种重新爆发！
2020-11-07,“造车新势力”理想汽车道歉了，股价重挫！全年业绩预增的A股概念股出炉,“造车新势力”理想汽车道歉了，股价重挫！全年业绩预增的A股概念股出炉
2020-11-07,【安信中小盘】11.09-11.13新股申购一览,【安信中小盘】11.09-11.13新股申购一览
2020-11-07,GitHub被黑！神秘人冒充CEO机密源代码全部泄露 欺诈造假,GitHub被黑！神秘人冒充CEO机密源代码全部泄露 欺诈造假
2020-11-07,股价仅剩2毛8！昔日大妖股黯然退市仍有资金刀口舔血,股价仅剩2毛8！昔日大妖股黯然退市仍有资金刀口舔血
2020-11-07,苹果最强鸡血版A14曝光：这性能默秒全！,苹果最强鸡血版A14曝光：这性能默秒全！
2020-11-07,“汽车强国”蓝图绘就 纯电动汽车将成销售车辆主流,“汽车强国”蓝图绘就 纯电动汽车将成销售车辆主流
2020-11-07,汽车板块三季报业绩综述：行业持续回暖 变革引领市场,汽车板块三季报业绩综述：行业持续回暖 变革引领市场
2020-11-07,10月上市车企产销回暖 新能源汽车呈现高增长,10月上市车企产销回暖 新能源汽车呈现高增长
2020-11-07,百家公司获机构调研：探寻A股四季度投资密码,百家公司获机构调研：探寻A股四季度投资密码
2020-11-07,新能源概念遍地开花 机构无情抛售浪潮信息,新能源概念遍地开花 机构无情抛售浪潮信息
2020-11-07,比亚迪考虑在韩国收购巴士制造厂,比亚迪考虑在韩国收购巴士制造厂
2020-11-07,比亚迪市值突破5000亿元 或仍有上行空间,比亚迪市值突破5000亿元 或仍有上行空间
2020-11-07,10月上市车企产销回暖，新能源汽车呈现高增长,10月上市车企产销回暖，新能源汽车呈现高增长
2020-11-07,北上资金本周抢筹股名单,北上资金本周抢筹股名单
2020-11-07,猝不及防，“造车新势力”道歉了，股价重挫！“新秀”股价一周飙涨近80%,猝不及防，“造车新势力”道歉了，股价重挫！“新秀”股价一周飙涨近80%
2020-11-08,程似骐：新能源车未来5年5倍空间，短期虽贵但长期仍有上升空间不贵？,程似骐：新能源车未来5年5倍空间，短期虽贵但长期仍有上升空间不贵？
2020-11-08,中国汽研与比亚迪签订战略合作协议,中国汽研与比亚迪签订战略合作协议
2020-11-08,够炫、够潮、够红!格兰仕与比亚迪“硬核国货之夜”空降成都,够炫、够潮、够红!格兰仕与比亚迪“硬核国货之夜”空降成都
2020-11-08,【山证汽车】行业周报：10月汽车销量持续同比高增长（20201102-20201108）,【山证汽车】行业周报：10月汽车销量持续同比高增长（20201102-20201108）
2020-11-08,上涨10%领跑A股汽车板块 比亚迪市值5000亿超上汽广汽之和,上涨10%领跑A股汽车板块 比亚迪市值5000亿超上汽广汽之和
2020-11-08,百家公司获机构调研：探寻A股四季度投资密码,百家公司获机构调研：探寻A股四季度投资密码
2020-11-08,特斯拉跨界卖酒，价格堪比茅台，空瓶都被炒到500美元！,特斯拉跨界卖酒，价格堪比茅台，空瓶都被炒到500美元！
2020-11-08,2020年中国锂离子电池行业市场现状及竞争格局分析 宁德时代业务收入遥遥领先发展,2020年中国锂离子电池行业市场现状及竞争格局分析 宁德时代业务收入遥遥领先发展
2020-11-08,新能源板块领涨 沪深A股双双反弹 结构性行情深挖次新绩优股机会,新能源板块领涨 沪深A股双双反弹 结构性行情深挖次新绩优股机会
2020-11-08,特斯拉卖起了酒，而且比茅台还贵！马斯克想干啥？,特斯拉卖起了酒，而且比茅台还贵！马斯克想干啥？
2020-11-08,五粮液、美的、泸州老窖、腾讯、京东、美团屡创新高 主力机构跨年布局剑指核心蓝筹,五粮液、美的、泸州老窖、腾讯、京东、美团屡创新高 主力机构跨年布局剑指核心蓝筹
2020-11-08,奥特佳：公司向比亚迪公司销售汽车空调压缩机,奥特佳：公司向比亚迪公司销售汽车空调压缩机
2020-11-08,一周热点 | 新能源汽车产业发展新15年规划发布；蔚来100kWh电池上市；理想汽车召回部分理想ONE,一周热点 | 新能源汽车产业发展新15年规划发布；蔚来100kWh电池上市；理想汽车召回部分理想ONE
2020-11-09,雷赛智能：与比亚迪已建立多年的友好合作关系,雷赛智能：与比亚迪已建立多年的友好合作关系
2020-11-09,年内大涨近3倍，机构密集调研这只新能源汽车龙头,年内大涨近3倍，机构密集调研这只新能源汽车龙头
2020-11-09,比亚迪获券商维持买入“评级” 这些公司有合作关系,比亚迪获券商维持买入“评级” 这些公司有合作关系
2020-11-09,【国泰君安国际】大数据系列｜互联互通·一张图20201106,【国泰君安国际】大数据系列｜互联互通·一张图20201106
2020-11-09,比亚迪(002594)：Q3业绩强劲 电动车龙头的全面开花,比亚迪(002594)：Q3业绩强劲 电动车龙头的全面开花
2020-11-09,从车用IC角度看产业发展机遇,从车用IC角度看产业发展机遇
2020-11-09,乘联会：10月新能源乘用车市场多元化发力，销量突破万辆的企业有上汽通用五菱29711辆、比亚迪22395辆、上汽乘用车12785辆、特斯拉中国12143辆,乘联会：10月新能源乘用车市场多元化发力，销量突破万辆的企业有上汽通用五菱29711辆、比亚迪22395辆、上汽乘用车12785辆、特斯拉中国12143辆
2020-11-09,摩根大通：将比亚迪H股评级下调至中性，目标价200港元 投资评级恶化,摩根大通：将比亚迪H股评级下调至中性，目标价200港元 投资评级恶化
2020-11-09,"比亚迪现1笔大宗交易 共成交1,066.87万元","比亚迪现1笔大宗交易 共成交1,066.87万元"
2020-11-09,北向资金今日净买入196.99亿元，贵州茅台净买入近13亿元,北向资金今日净买入196.99亿元，贵州茅台净买入近13亿元
2020-11-09,新能源乘用车10月批发量14.4万辆 车企表现分化加剧,新能源乘用车10月批发量14.4万辆 车企表现分化加剧
2020-11-09,新能源汽车产业快速发展 58家受益公司年内被机构重点调研,新能源汽车产业快速发展 58家受益公司年内被机构重点调研
2020-11-09,门店销售与股价沸腾 新能源汽车触底反弹,门店销售与股价沸腾 新能源汽车触底反弹
2020-11-09,乘联会：10月乘用车市场零售达到199.2万辆，同比增长8.0%,乘联会：10月乘用车市场零售达到199.2万辆，同比增长8.0%
2020-11-09,中信证券：比亚迪具备“智能车企”前景，将继续深入价值重估,中信证券：比亚迪具备“智能车企”前景，将继续深入价值重估
2020-11-09,比亚迪拟收购韩国巴士制造商Zyle Daewoo蔚山工厂,比亚迪拟收购韩国巴士制造商Zyle Daewoo蔚山工厂
2020-11-09,朗进科技：为比亚迪云轨车辆配套空调系统订单已完成研发，正按客户计划分批交付,朗进科技：为比亚迪云轨车辆配套空调系统订单已完成研发，正按客户计划分批交付
2020-11-09,中国汽研与比亚迪战略合作 三圣股份完成2.3亿元定向融资,中国汽研与比亚迪战略合作 三圣股份完成2.3亿元定向融资
2020-11-09,超预期！国家公布重要数据，A股正酝酿新牛市,超预期！国家公布重要数据，A股正酝酿新牛市
2020-11-09,汽车行业数据分析：2020年10月比亚迪新能源汽车销量为23217辆,汽车行业数据分析：2020年10月比亚迪新能源汽车销量为23217辆
2020-11-09,巴菲特又一经典之战 我们注定成不了巴菲特,巴菲特又一经典之战 我们注定成不了巴菲特
2020-11-09,年内大涨近3倍 机构密集调研这只新能源汽车龙头,年内大涨近3倍 机构密集调研这只新能源汽车龙头
2020-11-09,【电新*曾朵红】海外动力电池20Q3详细点评：单季度收入历史新高，龙头盈利开始改善,【电新*曾朵红】海外动力电池20Q3详细点评：单季度收入历史新高，龙头盈利开始改善
2020-11-09,苹果11月11日新品发布会，会有哪些额外惊喜？,苹果11月11日新品发布会，会有哪些额外惊喜？
2020-11-09,北上资金重点加仓股名单来了！连续7周加仓7股,北上资金重点加仓股名单来了！连续7周加仓7股
2020-11-09,市场销量持续回暖 新能源汽车股受追捧,市场销量持续回暖 新能源汽车股受追捧
2020-11-09,29股获券商买入评级，蓝光发展目标涨幅达69.82%,29股获券商买入评级，蓝光发展目标涨幅达69.82%
2020-11-09,中信证券：将继续深入比亚迪价值重估，维持“买入”评级，继续重点推荐,中信证券：将继续深入比亚迪价值重估，维持“买入”评级，继续重点推荐
2020-11-09,彭博社：比亚迪考虑在韩国购买公交车制造厂,彭博社：比亚迪考虑在韩国购买公交车制造厂
2020-11-09,中信证券：比亚迪具备“智能车企”前景 将继续深入价值重估,中信证券：比亚迪具备“智能车企”前景 将继续深入价值重估
2020-11-09,朗进科技：为比亚迪云轨车辆配套空调系统订单正按客户计划分批交付,朗进科技：为比亚迪云轨车辆配套空调系统订单正按客户计划分批交付
2020-11-09,A股融资融券日报：两融余额增加2.12亿元（11月6日）,A股融资融券日报：两融余额增加2.12亿元（11月6日）
2020-11-09,比亚迪（002594/01211.HK）：比亚迪“汉”月销量过万意味着什么?,比亚迪（002594/01211.HK）：比亚迪“汉”月销量过万意味着什么?
2020-11-09,565家公司预告全年业绩 144家预增,565家公司预告全年业绩 144家预增
2020-11-10,新能源汽车相关股受追捧 科通芯城车联网带动业务增长,新能源汽车相关股受追捧 科通芯城车联网带动业务增长
2020-11-10,为何说刀片电池背后是一套完美逻辑？,为何说刀片电池背后是一套完美逻辑？
2020-11-10,华为剥离荣耀：交易价格1000亿元，管理层持股并做人员调整,华为剥离荣耀：交易价格1000亿元，管理层持股并做人员调整
2020-11-10,电力电气设备行业-3Q持仓及陆港通分析：资金大幅流入 电池工控受到青睐,电力电气设备行业-3Q持仓及陆港通分析：资金大幅流入 电池工控受到青睐
2020-11-10,明天还有一个重要时间窗口须关注,明天还有一个重要时间窗口须关注
2020-11-10,大白马早盘跳水 免税概念龙头重挫！疫苗新突破 这家A股公司嗨了！两大万亿资金加仓股来了,大白马早盘跳水 免税概念龙头重挫！疫苗新突破 这家A股公司嗨了！两大万亿资金加仓股来了
2020-11-10,34股获两大资金同步加仓,34股获两大资金同步加仓
2020-11-10,收评：创业板指跌1.45%失守2800 汽车、科技股领跌,收评：创业板指跌1.45%失守2800 汽车、科技股领跌
2020-11-10,创业板指午后续下行跌近2% 北向资金净流出超50亿,创业板指午后续下行跌近2% 北向资金净流出超50亿
2020-11-10,北向资金流出41亿：航空股大涨 比亚迪遭17亿资金抛出,北向资金流出41亿：航空股大涨 比亚迪遭17亿资金抛出
2020-11-10,分拆上市规则落地11月记：11家子公司IPO获受理，成大生物有望饮“头啖汤”,分拆上市规则落地11月记：11家子公司IPO获受理，成大生物有望饮“头啖汤”
2020-11-10,玲珑轮胎：公司目前在比亚迪纯电动原配比例已经超过60%,玲珑轮胎：公司目前在比亚迪纯电动原配比例已经超过60%
2020-11-10,新能源汽车行业周报：10月德国电动车续创新高 ID.3欧洲热卖成爆款,新能源汽车行业周报：10月德国电动车续创新高 ID.3欧洲热卖成爆款
2020-11-10,10月新能源销量排名：五菱MINI再度夺冠，比亚迪汉成绩亮眼,10月新能源销量排名：五菱MINI再度夺冠，比亚迪汉成绩亮眼
2020-11-10,怪不得红米超大杯一机难求：三大招成了最热旗舰,怪不得红米超大杯一机难求：三大招成了最热旗舰
2020-11-10,苹果Mac换用ARM跑X86软件真的不会卡吗？,苹果Mac换用ARM跑X86软件真的不会卡吗？
2020-11-10,PS5今日首销！没玩一会儿已变砖：彻底挂了,PS5今日首销！没玩一会儿已变砖：彻底挂了
2020-11-10,分拆上市规则落地11月记：11家子公司IPO获受理 成大生物有望饮“头啖汤”,分拆上市规则落地11月记：11家子公司IPO获受理 成大生物有望饮“头啖汤”
2020-11-10,汽车行业2020年三季报总结及持仓分析：板块业绩提速 仓位回升但仍处低位 维持超配建议,汽车行业2020年三季报总结及持仓分析：板块业绩提速 仓位回升但仍处低位 维持超配建议
2020-11-10,机构又挣大钱了！2家万亿、31家千亿巨头创历史新高,机构又挣大钱了！2家万亿、31家千亿巨头创历史新高
2020-11-10,浙商早知道 | 11月11日,浙商早知道 | 11月11日
2020-11-10,【华创汽车】把握乘用车主线，寻找零部件遗珠,【华创汽车】把握乘用车主线，寻找零部件遗珠
2020-11-10,大和：大升比亚迪股份(01211)目标价66%至250元 维持“买入”评级,大和：大升比亚迪股份(01211)目标价66%至250元 维持“买入”评级
2020-11-10,每日理财观察：国办发文推进对外贸易创新发展,每日理财观察：国办发文推进对外贸易创新发展
2020-11-10,7万级跨界SUV“搅局者”哪吒V，智能安全配置惊人,7万级跨界SUV“搅局者”哪吒V，智能安全配置惊人
2020-11-10,新能源汽车板块退潮信号显现？比亚迪一度跌近7%,新能源汽车板块退潮信号显现？比亚迪一度跌近7%
2020-11-10,金九银十收官 比亚迪10月销售46560辆,金九银十收官 比亚迪10月销售46560辆
2020-11-10,【汽车*黄细里】10月产批继续增长，全面看多,【汽车*黄细里】10月产批继续增长，全面看多
2020-11-10,【电新*曾朵红】动力电池海外专题四之SKI——狂奔的二线海外电池厂，20年元年启动,【电新*曾朵红】动力电池海外专题四之SKI——狂奔的二线海外电池厂，20年元年启动
2020-11-10,【汽车*黄细里】深度：拥抱自主崛起！,【汽车*黄细里】深度：拥抱自主崛起！
2020-11-10,【东吴晨报1110】【行业】汽车、通信、电新【个股】新东方-S,【东吴晨报1110】【行业】汽车、通信、电新【个股】新东方-S
2020-11-10,"【中证盘前】注意！这个转债强赎或致80%损失！万达电影定增引入高毅；晶澳科技回应“实控人被立案调查”；辉瑞疫苗获重大进展
董监高成员异常事件","【中证盘前】注意！这个转债强赎或致80%损失！万达电影定增引入高毅；晶澳科技回应“实控人被立案调查”；辉瑞疫苗获重大进展
董监高成员异常事件"
2020-11-10,输配电气行业：龙头盈利开始改善 海外动力电池单季收入新高,输配电气行业：龙头盈利开始改善 海外动力电池单季收入新高
2020-11-10,机构资金动向复盘：99股主力净流入超亿,机构资金动向复盘：99股主力净流入超亿
2020-11-10,比亚迪“刀片电池”锋芒日盛,比亚迪“刀片电池”锋芒日盛
2020-11-10,北向资金动向盘点：净买近200亿，在三条线上展开,北向资金动向盘点：净买近200亿，在三条线上展开
2020-11-10,被巴菲特看中的比亚迪为何火了？|品质公司,被巴菲特看中的比亚迪为何火了？|品质公司
2020-11-10,新造车十月销量纷纷创新高，市值超过美国三大车企，蔚来们上岸了吗？,新造车十月销量纷纷创新高，市值超过美国三大车企，蔚来们上岸了吗？
2020-11-10,A股融资融券日报：两融余额增加135.55亿元（11月9日）,A股融资融券日报：两融余额增加135.55亿元（11月9日）
2020-11-10,汽车周报：11月强势品牌折扣稳中有减 率先享复苏盛宴,汽车周报：11月强势品牌折扣稳中有减 率先享复苏盛宴
2020-11-10,比亚迪大跌5.21%，成交38.69亿,比亚迪大跌5.21%，成交38.69亿
2020-11-10,【行情】新能源汽车板块下挫，长城汽车、比亚迪、江铃汽车跌超6%，上汽集团、江淮汽车、东风汽车等跌逾5%,【行情】新能源汽车板块下挫，长城汽车、比亚迪、江铃汽车跌超6%，上汽集团、江淮汽车、东风汽车等跌逾5%
2020-11-10,汽车股持续走低，长城汽车、比亚迪跌近7%,汽车股持续走低，长城汽车、比亚迪跌近7%
2020-11-10,新能源汽车销售与股价沸腾 品牌安全质量问题不断 产品问题,新能源汽车销售与股价沸腾 品牌安全质量问题不断 产品问题
2020-11-10,比亚迪拟收购韩国大宇商用车 加速布局海外市场,比亚迪拟收购韩国大宇商用车 加速布局海外市场
2020-11-10,上市前夕连现自燃，威马深陷危机后，王兴预言成真了？,上市前夕连现自燃，威马深陷危机后，王兴预言成真了？
2020-11-10,大和料比亚迪(01211-HK)新能源车销量显著升升其目标价至250港元,大和料比亚迪(01211-HK)新能源车销量显著升升其目标价至250港元
2020-11-10,早评：沪指高开0.41% 机场航运板块走强,早评：沪指高开0.41% 机场航运板块走强
2020-11-11,乘联会：11月第一周乘用车日均零售3.5万辆，同比增长20%,乘联会：11月第一周乘用车日均零售3.5万辆，同比增长20%
2020-11-11,“销售女王”董明珠带不动银隆的货？,“销售女王”董明珠带不动银隆的货？
2020-11-11,机构今日买入这12股，买入比亚迪1.62亿元丨牛熊眼,机构今日买入这12股，买入比亚迪1.62亿元丨牛熊眼
2020-11-11,前十月销量增速大幅跑输同行，比亚迪A股尾盘逼近跌停！ 盈利能力下降,前十月销量增速大幅跑输同行，比亚迪A股尾盘逼近跌停！ 盈利能力下降
2020-11-11,三季度净利润大涨近14倍 5000亿市值的比亚迪还有多大上行空间？丨解财报,三季度净利润大涨近14倍 5000亿市值的比亚迪还有多大上行空间？丨解财报
2020-11-11,[互动]玲珑轮胎：在比亚迪的纯电动原配比例较高,[互动]玲珑轮胎：在比亚迪的纯电动原配比例较高
2020-11-11,比亚迪盘中跌停 中信证券海通证券山顶唱多帮割韭菜？,比亚迪盘中跌停 中信证券海通证券山顶唱多帮割韭菜？
2020-11-11,金融街下午茶2020年11月11日星期三,金融街下午茶2020年11月11日星期三
2020-11-11,比亚迪跌停，全天成交达138亿元，深股通卖出近12亿元丨热公司,比亚迪跌停，全天成交达138亿元，深股通卖出近12亿元丨热公司
2020-11-11,游资情报｜澄清也无用，荣耀传闻收购方仍被游资抢筹；深股通对倒出货新能源龙头，“方新侠”巨资接盘！,游资情报｜澄清也无用，荣耀传闻收购方仍被游资抢筹；深股通对倒出货新能源龙头，“方新侠”巨资接盘！
2020-11-11,北向资金内部分化，跌停的比亚迪遭抛售，原因或是下跌的市场销量 股票卖空,北向资金内部分化，跌停的比亚迪遭抛售，原因或是下跌的市场销量 股票卖空
2020-11-11,22年，回看高交会带你我尝过的“鲜”,22年，回看高交会带你我尝过的“鲜”
2020-11-11,陆股通净卖出9.30亿元（附名单）,陆股通净卖出9.30亿元（附名单）
2020-11-11,比亚迪突发大跌，万亿美团2天跌超19%！招行创历史新高，疫苗消息引巨变，利好股名单来了 连续下跌,比亚迪突发大跌，万亿美团2天跌超19%！招行创历史新高，疫苗消息引巨变，利好股名单来了 连续下跌
2020-11-11,超级大单：3倍牛股尾盘为何大跌？一大隐忧曝光,超级大单：3倍牛股尾盘为何大跌？一大隐忧曝光
2020-11-11,A股风格大切换！顺周期品种逆势走强，北上资金提前部署,A股风格大切换！顺周期品种逆势走强，北上资金提前部署
2020-11-11,小米比亚迪跌幅显著 留意小米购26206、比迪购15397,小米比亚迪跌幅显著 留意小米购26206、比迪购15397
2020-11-11,数据复盘|比亚迪遭主力资金净卖出24亿元 北向资金连续2日净流出,数据复盘|比亚迪遭主力资金净卖出24亿元 北向资金连续2日净流出
2020-11-11,比亚迪遭游资砸盘：蒸发500亿券商仍看好未来成长性 股票卖空,比亚迪遭游资砸盘：蒸发500亿券商仍看好未来成长性 股票卖空
2020-11-11,汽车板块两日蒸发2300亿:龙头比亚迪逼近跌停 汽车股还能上车吗？,汽车板块两日蒸发2300亿:龙头比亚迪逼近跌停 汽车股还能上车吗？
2020-11-11,“咸鱼”也有翻身时：周期股领涨两市，风格转换上演,“咸鱼”也有翻身时：周期股领涨两市，风格转换上演
2020-11-11,大龙头闪崩砸晕A股，但对后市不宜悲观！ 连续下跌,大龙头闪崩砸晕A股，但对后市不宜悲观！ 连续下跌
2020-11-11,11月11日龙虎榜，机构青睐这11股,11月11日龙虎榜，机构青睐这11股
2020-11-11,主题驱动股票池：新能源汽车的下一步——智能网联汽车！(附股),主题驱动股票池：新能源汽车的下一步——智能网联汽车！(附股)
2020-11-11,机构现身21股，净买入比亚迪1.62亿元、净卖出韦尔股份3.68亿元,机构现身21股，净买入比亚迪1.62亿元、净卖出韦尔股份3.68亿元
2020-11-11,比亚迪龙虎榜数据（11月11日）,比亚迪龙虎榜数据（11月11日）
2020-11-11,汽车行业周观点报告：大众ID.4国内首发 10月乘用车销量持续改善,汽车行业周观点报告：大众ID.4国内首发 10月乘用车销量持续改善
2020-11-11,电力设备与新能源行业周观点：新能源汽车规划落地 光伏玻璃产能置换有望放开,电力设备与新能源行业周观点：新能源汽车规划落地 光伏玻璃产能置换有望放开
2020-11-11,设计稿曝光，比亚迪或将推出全新A+级轿车,设计稿曝光，比亚迪或将推出全新A+级轿车
2020-11-11,分拆上市规则落地11月记：11家子公司IPO获受理 成大生物有望饮“头啖汤”,分拆上市规则落地11月记：11家子公司IPO获受理 成大生物有望饮“头啖汤”
2020-11-11,比亚迪触及跌停，深股通卖出近12亿元并买入8.8亿元,比亚迪触及跌停，深股通卖出近12亿元并买入8.8亿元
2020-11-11,新能源二手车比以往值钱了！全年销量迅速爬坡,新能源二手车比以往值钱了！全年销量迅速爬坡
2020-11-11,A股融资融券日报：两融余额增加29.94亿元（11月10日）,A股融资融券日报：两融余额增加29.94亿元（11月10日）
2020-11-11,A股早报2020年11月11日星期三,A股早报2020年11月11日星期三
2020-11-11,五日龙虎榜追踪 机构抢筹这38股,五日龙虎榜追踪 机构抢筹这38股
2020-11-11,二三梯队新势力抢滩资本市场 新能源汽车发展驶入快车道,二三梯队新势力抢滩资本市场 新能源汽车发展驶入快车道
2020-11-11,浮盈近万亿创纪录！北上资金加仓榜解密赚钱秘诀,浮盈近万亿创纪录！北上资金加仓榜解密赚钱秘诀
2020-11-11,昨日强势股集体回落：华虹半导体跌10% 比亚迪跌超7%,昨日强势股集体回落：华虹半导体跌10% 比亚迪跌超7%
2020-11-11,电力设备与新能源行业动态点评：大众ID.4首发预售 产品力强有爆款潜质,电力设备与新能源行业动态点评：大众ID.4首发预售 产品力强有爆款潜质
2020-11-11,"为什么说:巴菲特不减持,比亚迪不会跌?","为什么说:巴菲特不减持,比亚迪不会跌?"
2020-11-11,分拆上市规则落地11月记,分拆上市规则落地11月记
2020-11-11,东吴证券：未来5-10年自主汽车品牌迎历史性崛起大机遇,东吴证券：未来5-10年自主汽车品牌迎历史性崛起大机遇
2020-11-11,新能源汽车行业2021年投资策略：全球景气提升 布局优质供给,新能源汽车行业2021年投资策略：全球景气提升 布局优质供给
2020-11-11,比亚迪失宠？尾盘跌9.9%逼近跌停，单日市值损失超300亿元,比亚迪失宠？尾盘跌9.9%逼近跌停，单日市值损失超300亿元
2020-11-11,比亚迪尾盘放量跌停 今年以来已累计大涨超300%,比亚迪尾盘放量跌停 今年以来已累计大涨超300%
2020-11-11,A股收盘综述：创业板指跌逾3%，创两个月最大跌幅,A股收盘综述：创业板指跌逾3%，创两个月最大跌幅
2020-11-11,快讯：比亚迪A股尾盘逼近跌停 成交额近130亿元,快讯：比亚迪A股尾盘逼近跌停 成交额近130亿元
2020-11-11,北向资金流出近10亿：银行股发力护盘 比亚迪遭23亿资金卖出,北向资金流出近10亿：银行股发力护盘 比亚迪遭23亿资金卖出
2020-11-11,【行情】比亚迪逼近跌停，成交近130亿,【行情】比亚迪逼近跌停，成交近130亿
2020-11-11,【异动股】刀片电池板块下挫，比亚迪(002594-CN)跌8.97%,【异动股】刀片电池板块下挫，比亚迪(002594-CN)跌8.97%
2020-11-11,比亚迪触及跌停，成交额近129亿元,比亚迪触及跌停，成交额近129亿元
2020-11-11,【行情】比亚迪跌幅扩大至8.5%，成交额超116亿,【行情】比亚迪跌幅扩大至8.5%，成交额超116亿
2020-11-11,天猫双11汽车总成交订单数已超过33万台,天猫双11汽车总成交订单数已超过33万台
2020-11-11,比亚迪尾盘逼近跌停 成交近130亿,比亚迪尾盘逼近跌停 成交近130亿
2020-11-12,北向资金今日净卖出5.07亿元，东方财富净卖出3.2亿元居首,北向资金今日净卖出5.07亿元，东方财富净卖出3.2亿元居首
2020-11-12,新能源汽车火爆背后痛点多 车主：解决充电焦虑马上买！,新能源汽车火爆背后痛点多 车主：解决充电焦虑马上买！
2020-11-12,花旗：予比亚迪股份(01211)目标价276.1港元，维持“买入”评级,花旗：予比亚迪股份(01211)目标价276.1港元，维持“买入”评级
2020-11-12,花旗：维持比亚迪买入评级，目标价276.1港元,花旗：维持比亚迪买入评级，目标价276.1港元
2020-11-12,CAIPC2020 | 中汽咨询傅连学：中汽咨询发布2020年中国汽车专利创新指数,CAIPC2020 | 中汽咨询傅连学：中汽咨询发布2020年中国汽车专利创新指数
2020-11-12,国恩股份：先进高分子复合材料主要客户有北汽、比亚迪等,国恩股份：先进高分子复合材料主要客户有北汽、比亚迪等
2020-11-12,10月新能源汽车销量翻倍后，汽车板块怎么走？,10月新能源汽车销量翻倍后，汽车板块怎么走？
2020-11-12,昨天亏的钱涨回来了！比亚迪大涨4.71%，汽车板块是不是又要赶紧“上车”？,昨天亏的钱涨回来了！比亚迪大涨4.71%，汽车板块是不是又要赶紧“上车”？
2020-11-12,极致的性价比？上市即街车，占据半壁江山！受益股（附名单）,极致的性价比？上市即街车，占据半壁江山！受益股（附名单）
2020-11-12,国家队砸钱149亿元国内内存明年拼全球第四,国家队砸钱149亿元国内内存明年拼全球第四
2020-11-12,吕向阳的资本困局：融捷系“失色” 旗下两股业绩不振,吕向阳的资本困局：融捷系“失色” 旗下两股业绩不振
2020-11-12,盛视早参：周期萌动 科技承压,盛视早参：周期萌动 科技承压
2020-11-12,【浙商策略】汽车10月销量如何，结构上有哪些亮点？| 三分钟看中观,【浙商策略】汽车10月销量如何，结构上有哪些亮点？| 三分钟看中观
2020-11-12,起步卑微的JavaScript：是如何成为大热编程语言？,起步卑微的JavaScript：是如何成为大热编程语言？
2020-11-12,Win10鼠标还能这么神奇！良心开源的小工具上手,Win10鼠标还能这么神奇！良心开源的小工具上手
2020-11-12,比亚迪：第20000辆汉EV正式下线,比亚迪：第20000辆汉EV正式下线
2020-11-12,比亚迪汽车：月产能即将破万 汉EV第2万辆新车下线,比亚迪汽车：月产能即将破万 汉EV第2万辆新车下线
2020-11-12,比亚迪汉EV第20000辆新车下线月产能即将破万,比亚迪汉EV第20000辆新车下线月产能即将破万
2020-11-12,欧洲多国10月新能源汽车销量暴涨，特斯拉被大众ID.3抢风头,欧洲多国10月新能源汽车销量暴涨，特斯拉被大众ID.3抢风头
2020-11-12,2129元起不能再香了！AMD锐龙5600X、5800X图赏,2129元起不能再香了！AMD锐龙5600X、5800X图赏
2020-11-12,10月新能源销量：一场属于A00级“小车”的胜利,10月新能源销量：一场属于A00级“小车”的胜利
2020-11-12,双十一，5000亿比亚迪股价“打折”逼近跌停！,双十一，5000亿比亚迪股价“打折”逼近跌停！
2020-11-12,中国“智造”再突破！比亚迪骁云-插混专用1.5L高效发动机即将量产,中国“智造”再突破！比亚迪骁云-插混专用1.5L高效发动机即将量产
2020-11-12,"营造社沙龙37期|新版《新能源汽车产业发展规划》通过春天来了但要防""倒春寒""","营造社沙龙37期|新版《新能源汽车产业发展规划》通过春天来了但要防""倒春寒"""
2020-11-12,港股科网股打85折，A股风格大切换！发生了什么,港股科网股打85折，A股风格大切换！发生了什么
2020-11-12,【山证汽车】新能源汽车产业发展规划政策点评：新能源车销量占20%，重点地区公共领域占80%,【山证汽车】新能源汽车产业发展规划政策点评：新能源车销量占20%，重点地区公共领域占80%
2020-11-12,每日理财观察：《智能网联汽车技术路线图 2.0》发布,每日理财观察：《智能网联汽车技术路线图 2.0》发布
2020-11-12,中信证券：推荐具备全球竞争力的新能源汽车供应链优质企业（附股）,中信证券：推荐具备全球竞争力的新能源汽车供应链优质企业（附股）
2020-11-12,A股融资融券日报：两融余额减少30.05亿元（11月11日）,A股融资融券日报：两融余额减少30.05亿元（11月11日）
2020-11-12,A股早报2020年11月12日星期四,A股早报2020年11月12日星期四
2020-11-12,今日操盘：退市制度改革“箭在弦上”新能源车泡沫破灭？,今日操盘：退市制度改革“箭在弦上”新能源车泡沫破灭？
2020-11-12,英飞凌的国产野望,英飞凌的国产野望
2020-11-12,11日汽车板块全天领跌 机构仍看好汽车板块,11日汽车板块全天领跌 机构仍看好汽车板块
2020-11-12,【异动股】刀片电池板块小幅高开，比亚迪(002594-CN)涨2.22%,【异动股】刀片电池板块小幅高开，比亚迪(002594-CN)涨2.22%
2020-11-12,错过比亚迪、宁德时代，下一个超强风口或在这里！,错过比亚迪、宁德时代，下一个超强风口或在这里！
2020-11-12,汽车与汽车零部件-乘联会10月销量点评：10月销量继续向好 新能源表现亮眼,汽车与汽车零部件-乘联会10月销量点评：10月销量继续向好 新能源表现亮眼
2020-11-12,新能源汽车产业链拉升，华友钴业涨8%,新能源汽车产业链拉升，华友钴业涨8%
2020-11-12,汽车股持续拉升，长城汽车涨超5%,汽车股持续拉升，长城汽车涨超5%
2020-11-12,比亚迪几近跌停！新能源汽车还有机会吗？,比亚迪几近跌停！新能源汽车还有机会吗？
2020-11-12,新能源汽车下乡如火如荼，上市车企四季度营收稳了,新能源汽车下乡如火如荼，上市车企四季度营收稳了
2020-11-12,新能源汽车产业链拉升 比亚迪涨超5%,新能源汽车产业链拉升 比亚迪涨超5%
2020-11-13,新能源汽车行业2020年10月销量点评：10月销量超预期 景气持续向好,新能源汽车行业2020年10月销量点评：10月销量超预期 景气持续向好
2020-11-13,新能源汽车产业跟踪系列：10月电动车车产销超预期 21年行业景气加速向上,新能源汽车产业跟踪系列：10月电动车车产销超预期 21年行业景气加速向上
2020-11-13,锂电池行业月报：销量再创同期新高 长期积极关注,锂电池行业月报：销量再创同期新高 长期积极关注
2020-11-13,盛视早参：债市风云、股市承压,盛视早参：债市风云、股市承压
2020-11-13,吕向阳的资本困局：融捷系旗下两公司业绩不振,吕向阳的资本困局：融捷系旗下两公司业绩不振
2020-11-13,43%！比亚迪发布全球热效率最高量产汽油发动机,43%！比亚迪发布全球热效率最高量产汽油发动机
2020-11-13,北向资金流出43亿：有色股获18亿主力买入 6亿资金加码比亚迪,北向资金流出43亿：有色股获18亿主力买入 6亿资金加码比亚迪
2020-11-13,方正证券：产业复苏叠加产业升级 国内汽车产业迎来机遇,方正证券：产业复苏叠加产业升级 国内汽车产业迎来机遇
2020-11-13,小鹏Q3财报发布，希望与挑战同在,小鹏Q3财报发布，希望与挑战同在
2020-11-13,【研报掘金】新能源车10月销量超预期景气持续向好 关注有全球竞争力的供应链优质企业,【研报掘金】新能源车10月销量超预期景气持续向好 关注有全球竞争力的供应链优质企业
2020-11-13,突发，华为迎重磅利好，4G芯片有着落！白马板块险遭“团灭”，3倍龙头被砸跌停！大资金潜入这些股,突发，华为迎重磅利好，4G芯片有着落！白马板块险遭“团灭”，3倍龙头被砸跌停！大资金潜入这些股
2020-11-13,比亚迪刷新深圳市单一品牌单月历史最高销量纪录,比亚迪刷新深圳市单一品牌单月历史最高销量纪录
2020-11-13,市场要闻 | 蔚来市值超过比亚迪，造车新势力股价为何能“蒙眼狂奔”？,市场要闻 | 蔚来市值超过比亚迪，造车新势力股价为何能“蒙眼狂奔”？
2020-11-13,港股异动丨比亚迪(1211.HK)一度大涨9% 隔夜美股新能源汽车股狂飙,港股异动丨比亚迪(1211.HK)一度大涨9% 隔夜美股新能源汽车股狂飙
2020-11-13,「斜杠车企」比亚迪：我全都要,「斜杠车企」比亚迪：我全都要
2020-11-13,比亚迪再发力PHEV赛道，公布全新骁云1.5L发动机 | 一线车讯,比亚迪再发力PHEV赛道，公布全新骁云1.5L发动机 | 一线车讯
2020-11-13,特斯拉、宁德时代与比亚迪们的未来靠它！,特斯拉、宁德时代与比亚迪们的未来靠它！
2020-11-13,北向资金连续第二周净买入，36股成交活跃,北向资金连续第二周净买入，36股成交活跃
2020-11-13,比亚迪（01211）：发布骁云1.5L插混发动机 瞄准百万级插混市场,比亚迪（01211）：发布骁云1.5L插混发动机 瞄准百万级插混市场
2020-11-13,比亚迪DiLink开放生态引领行业 2020世界智能网联汽车大会上受瞩目,比亚迪DiLink开放生态引领行业 2020世界智能网联汽车大会上受瞩目
2020-11-13,港股收盘(11.13)|恒指收跌0.05% 三季度营收纯利均超预期 腾讯(00700)收涨逾4% 盈利能力下降,港股收盘(11.13)|恒指收跌0.05% 三季度营收纯利均超预期 腾讯(00700)收涨逾4% 盈利能力下降
2020-11-13,[公司]蓝海华腾：与比亚迪已实现长期稳定的原材料供需合作关系,[公司]蓝海华腾：与比亚迪已实现长期稳定的原材料供需合作关系
2020-11-13,自主车企平台竞赛：谁是真王者？,自主车企平台竞赛：谁是真王者？
2020-11-13,募210亿东风集团创注册制多纪录 营收、应收及不良或成回A拦路3虎,募210亿东风集团创注册制多纪录 营收、应收及不良或成回A拦路3虎
2020-11-13,汽车行业周报：销量基数上升 但10月仍有两位数增长,汽车行业周报：销量基数上升 但10月仍有两位数增长
2020-11-13,争论？冲击？新能源产业必懂的三大要点,争论？冲击？新能源产业必懂的三大要点
2020-11-13,股价今年翻四倍，市值超奔驰宝马，比亚迪还有上涨空间么？,股价今年翻四倍，市值超奔驰宝马，比亚迪还有上涨空间么？
2020-11-13,北向资金动向盘点：反手减持金融股,北向资金动向盘点：反手减持金融股
2020-11-13,北向资金连续三日净卖出，买入大消费卖出大金融（附股）,北向资金连续三日净卖出，买入大消费卖出大金融（附股）
2020-11-13,掘金龙虎榜 10股被过亿资金抢筹,掘金龙虎榜 10股被过亿资金抢筹
2020-11-13,港股盘前必读：腾讯控股第三季度净利润385.4亿元同比增89%,港股盘前必读：腾讯控股第三季度净利润385.4亿元同比增89%
2020-11-13,新能源汽车下乡政策为市场带来增量 车企收益良好,新能源汽车下乡政策为市场带来增量 车企收益良好
2020-11-13,每日互动与比亚迪DiLink达成战略合作 携手促进车联网行业创新发展,每日互动与比亚迪DiLink达成战略合作 携手促进车联网行业创新发展
2020-11-13,比亚迪汽车：月产能即将破万 汉EV第2万辆新车下线,比亚迪汽车：月产能即将破万 汉EV第2万辆新车下线
2020-11-13,每日理财观察：债券违约事件频现,每日理财观察：债券违约事件频现
2020-11-13,比亚迪、巨星科技等股近五日获机构净买入,比亚迪、巨星科技等股近五日获机构净买入
2020-11-13,全年业绩高增长股提前看，102股净利润增幅翻倍,全年业绩高增长股提前看，102股净利润增幅翻倍
2020-11-13,港股异动 | 比亚迪股份(01211)高开逾8% 汉EV第2万辆新车下线 月产能即将破万,港股异动 | 比亚迪股份(01211)高开逾8% 汉EV第2万辆新车下线 月产能即将破万
2020-11-13,【行情】汽车板块集体高开，比亚迪涨6%，曙光股份、金龙汽车、北汽蓝谷、江铃汽车等集体高开,【行情】汽车板块集体高开，比亚迪涨6%，曙光股份、金龙汽车、北汽蓝谷、江铃汽车等集体高开
2020-11-13,快讯：汽车整车板块高开 比亚迪开盘涨超6%,快讯：汽车整车板块高开 比亚迪开盘涨超6%
2020-11-13,比亚迪发布DM-i超级混动 发动机热效率高达43%,比亚迪发布DM-i超级混动 发动机热效率高达43%
2020-11-13,港股开盘(11.13)︱恒指跌0.21% 比亚迪股份(01211)早盘高开逾8% 汉系列销量环比增34%,港股开盘(11.13)︱恒指跌0.21% 比亚迪股份(01211)早盘高开逾8% 汉系列销量环比增34%
2020-11-13,【异动股】刀片电池板块高开，比亚迪(002594-CN)涨6.3%,【异动股】刀片电池板块高开，比亚迪(002594-CN)涨6.3%
2020-11-13,蓝海华腾:在原材料的供需方面，公司与比亚迪已经实现长期稳定的合作关系,蓝海华腾:在原材料的供需方面，公司与比亚迪已经实现长期稳定的合作关系
2020-11-13,【11.13锂电快讯】比亚迪汉EV月产将破万*小鹏汽车发布上市后首份财报,【11.13锂电快讯】比亚迪汉EV月产将破万*小鹏汽车发布上市后首份财报
2020-11-13,A股融资融券日报：两融余额增加3.35亿元（11月12日）,A股融资融券日报：两融余额增加3.35亿元（11月12日）
2020-11-14,先导智能(300450)：三季度业绩改善明显 盈利能力有所修复,先导智能(300450)：三季度业绩改善明显 盈利能力有所修复
2020-11-14,比亚迪全新一代唐获颁中国专利奖（外观设计）金奖,比亚迪全新一代唐获颁中国专利奖（外观设计）金奖
2020-11-14,财经连连看丨股市周评：为什么指数盘局难以打破？,财经连连看丨股市周评：为什么指数盘局难以打破？
2020-11-14,散户爆炒比亚迪，机构站宁德时代,散户爆炒比亚迪，机构站宁德时代
2020-11-14,中概新能源汽车股集体“飙车” 蔚来汽车股价今年以来上涨11倍,中概新能源汽车股集体“飙车” 蔚来汽车股价今年以来上涨11倍
2020-11-14,为什么比亚迪疯涨，机构参与度却那么低？,为什么比亚迪疯涨，机构参与度却那么低？
2020-11-14,赢合科技(300457)：持续加大研发投入 新签订单情况良好,赢合科技(300457)：持续加大研发投入 新签订单情况良好
2020-11-14,周期股轮番上涨活力四射 科技股高位遇阻股价承压,周期股轮番上涨活力四射 科技股高位遇阻股价承压
2020-11-14,本周沪深两市热点追踪,本周沪深两市热点追踪
2020-11-14,宁德时代备受夹击，“永不起火”电池质疑不断 安全事故,宁德时代备受夹击，“永不起火”电池质疑不断 安全事故
2020-11-14,汉EV产能破万，何以终端持续热销？,汉EV产能破万，何以终端持续热销？
2020-11-14,电气设备行业周报：业绩向好 重视核心资产布局机会,电气设备行业周报：业绩向好 重视核心资产布局机会
2020-11-15,龙虎榜揭秘：6股获机构及北向资金集体抢筹,龙虎榜揭秘：6股获机构及北向资金集体抢筹
2020-11-15,招商策略：中期A股有望迎来一轮明显的“跨年行情”,招商策略：中期A股有望迎来一轮明显的“跨年行情”
2020-11-15,汽车2021：行业变革 重塑秩序【华西汽车 崔琰团队】,汽车2021：行业变革 重塑秩序【华西汽车 崔琰团队】
2020-11-15,【山证汽车】行业周报：新能源车逐月走强，自主品牌高端车型发力（20201109-20201115）,【山证汽车】行业周报：新能源车逐月走强，自主品牌高端车型发力（20201109-20201115）
2020-11-15,粤开策略：新能源汽车行业加速向上趋势确定,粤开策略：新能源汽车行业加速向上趋势确定
2020-11-15,围堵特斯拉：宝马发起“智能电动化”最强攻势,围堵特斯拉：宝马发起“智能电动化”最强攻势
2020-11-15,北上资金加仓名单来了，聪明资金连续加仓这几只股,北上资金加仓名单来了，聪明资金连续加仓这几只股
2020-11-15,五菱再造神车，2.88万的宏光MINI EV给特斯拉上了一课,五菱再造神车，2.88万的宏光MINI EV给特斯拉上了一课
2020-11-15,哈弗H6继续霸榜 10月SUV车型销量Top 10,哈弗H6继续霸榜 10月SUV车型销量Top 10
2020-11-15,坐稳PC一哥联想：已不再仅仅是PC领跑者,坐稳PC一哥联想：已不再仅仅是PC领跑者
2020-11-16,比亚迪发布插混专用1.5L发动机 DM-i平台开辟新蓝海,比亚迪发布插混专用1.5L发动机 DM-i平台开辟新蓝海
2020-11-16,巴菲特因看中这个新能源企业 12年赚了20倍,巴菲特因看中这个新能源企业 12年赚了20倍
2020-11-16,国家发展改革委就业收入分配和消费司赴广东省调研消费工作,国家发展改革委就业收入分配和消费司赴广东省调研消费工作
2020-11-16,集泰股份：新能源产业链中与比亚迪、欣旺达等公司有合作,集泰股份：新能源产业链中与比亚迪、欣旺达等公司有合作
2020-11-16,少数派投资|新能源汽车：乐观看待，谨慎投资,少数派投资|新能源汽车：乐观看待，谨慎投资
2020-11-16,电力设备与新能源行业研究：光伏玻璃技术路线明确 优质供给加速创造电车需求,电力设备与新能源行业研究：光伏玻璃技术路线明确 优质供给加速创造电车需求
2020-11-16,10月新能源批发销量Top30：整体增幅超100%比亚迪汉EV跻身前五,10月新能源批发销量Top30：整体增幅超100%比亚迪汉EV跻身前五
2020-11-16,招商策略：A股盈利高点将至,招商策略：A股盈利高点将至
2020-11-16,与比亚迪定制网约车 滴滴的共享出行新图谋,与比亚迪定制网约车 滴滴的共享出行新图谋
2020-11-16,滴滴发布定制网约车：与比亚迪合作 花费三年打造,滴滴发布定制网约车：与比亚迪合作 花费三年打造
2020-11-16,滴滴推首款定制网约车D1：与比亚迪合作，12月在长沙上路,滴滴推首款定制网约车D1：与比亚迪合作，12月在长沙上路
2020-11-16,【一语道破】香橼看空蔚来，是诛心还是提醒？,【一语道破】香橼看空蔚来，是诛心还是提醒？
2020-11-16,滴滴联合汽车产业链上下游，发布全球首款定制网约车,滴滴联合汽车产业链上下游，发布全球首款定制网约车
2020-11-16,牵手比亚迪 滴滴发布全球首款定制网约车D1,牵手比亚迪 滴滴发布全球首款定制网约车D1
2020-11-16,滴滴比亚迪推出定制版网约车型D1,滴滴比亚迪推出定制版网约车型D1
2020-11-16,汽车股整体走高，长安汽车、小康股份午后封板,汽车股整体走高，长安汽车、小康股份午后封板
2020-11-16,新能源汽车产业链行业周报(11月第2周)：磷酸铁锂需求旺盛 涨价预期有望持续,新能源汽车产业链行业周报(11月第2周)：磷酸铁锂需求旺盛 涨价预期有望持续
2020-11-16,重磅消息加持！亚太股市集体嗨了，白酒再当A股急先锋！,重磅消息加持！亚太股市集体嗨了，白酒再当A股急先锋！
2020-11-16,A股收盘综述：上证指数涨逾1%止步四连跌，“煤飞色舞”行情上演,A股收盘综述：上证指数涨逾1%止步四连跌，“煤飞色舞”行情上演
2020-11-16,滴滴和比亚迪联名款新车将于今晚首发,滴滴和比亚迪联名款新车将于今晚首发
2020-11-16,10月产量同比增94%新能源车景气度再获验证这一行业也被带动,10月产量同比增94%新能源车景气度再获验证这一行业也被带动
2020-11-16,新能源汽车成最强风口 造车新贵开始向产业纵深发展,新能源汽车成最强风口 造车新贵开始向产业纵深发展
2020-11-16,【华创·周知道】跌宕起伏，A股能挑战新高吗？（20201116）,【华创·周知道】跌宕起伏，A股能挑战新高吗？（20201116）
2020-11-16,【读财报】A股车企三季报：8家净利润同比下滑 长安汽车、比亚迪营收净利双增 盈利能力下降,【读财报】A股车企三季报：8家净利润同比下滑 长安汽车、比亚迪营收净利双增 盈利能力下降
2020-11-16,汽车行业周报：11月第一周零售同比+20% 全面看多,汽车行业周报：11月第一周零售同比+20% 全面看多
2020-11-16,策略周报：疫苗超预期对海外供需缺口产生不确定影响,策略周报：疫苗超预期对海外供需缺口产生不确定影响
2020-11-16,又一家新能源车企破产清算！四年“烧掉”51亿元,又一家新能源车企破产清算！四年“烧掉”51亿元
2020-11-16,中国加入全球最大自贸协定三板块迎绝佳低吸机会,中国加入全球最大自贸协定三板块迎绝佳低吸机会
2020-11-16,E周看点 | 恒大全面启动试生产；大众ID.4车型电机在华投产,E周看点 | 恒大全面启动试生产；大众ID.4车型电机在华投产
2020-11-16,机构五日抢筹15股 主力资金大量流入,机构五日抢筹15股 主力资金大量流入
2020-11-16,新能源汽车成为最强风口,新能源汽车成为最强风口
2020-11-16,"【行情】新能源汽车产业链个股纷纷下挫，新宙邦大跌近8%，比亚迪跌超6%，长城汽车跌逾5%，金龙汽车、翔丰华、江淮汽车等纷纷下挫
连续下跌","【行情】新能源汽车产业链个股纷纷下挫，新宙邦大跌近8%，比亚迪跌超6%，长城汽车跌逾5%，金龙汽车、翔丰华、江淮汽车等纷纷下挫
连续下跌"
2020-11-16,汽车股低迷 比亚迪跌超6%,汽车股低迷 比亚迪跌超6%
2020-11-16,比亚迪DM-i超级混动初亮剑,比亚迪DM-i超级混动初亮剑
2020-11-16,比亚迪：新能源汽车龙头如何演绎王者归来？,比亚迪：新能源汽车龙头如何演绎王者归来？
2020-11-16,【A股午盘综述】上证指数涨近1%，“煤飞色舞”行情上演,【A股午盘综述】上证指数涨近1%，“煤飞色舞”行情上演
2020-11-16,造车新势力长江汽车为何倒下？母公司已自顾不暇,造车新势力长江汽车为何倒下？母公司已自顾不暇
2020-11-16,A股融资融券日报：两融余额减少8.08亿元（11月13日）,A股融资融券日报：两融余额减少8.08亿元（11月13日）
2020-11-17,在网约车里唱卡拉OK……滴滴联手比亚迪发布首款定制网约车,在网约车里唱卡拉OK……滴滴联手比亚迪发布首款定制网约车
2020-11-17,洞察者 | 滴滴“造”车，更多汽车版富士康或将上路？,洞察者 | 滴滴“造”车，更多汽车版富士康或将上路？
2020-11-17,北向资金今日净买入0.53亿元，中国平安再获净买入5.76亿元,北向资金今日净买入0.53亿元，中国平安再获净买入5.76亿元
2020-11-17,车展前瞻｜大众ID.4领衔，比亚迪又出新绝招？,车展前瞻｜大众ID.4领衔，比亚迪又出新绝招？
2020-11-17,滴滴发布首款定制网约车，十年后或将实现完全自动驾驶,滴滴发布首款定制网约车，十年后或将实现完全自动驾驶
2020-11-17,北上资金活跃股名单(11月17日),北上资金活跃股名单(11月17日)
2020-11-17,车市「银十」狂飙，但特斯拉已经不是领跑者,车市「银十」狂飙，但特斯拉已经不是领跑者
2020-11-17,滴滴、比亚迪合推定制网约车 或为自动驾驶阳谋铺路,滴滴、比亚迪合推定制网约车 或为自动驾驶阳谋铺路
2020-11-17,滴滴造车：一个“没人相信”的故事,滴滴造车：一个“没人相信”的故事
2020-11-17,持证“出海”？蔚来电驱动版图扩张,持证“出海”？蔚来电驱动版图扩张
2020-11-17,滴滴“造”车，不为卖车,滴滴“造”车，不为卖车
2020-11-17,滴滴「造车」，意欲何为？,滴滴「造车」，意欲何为？
2020-11-17,中汽咨询发布“2020汽车专利创新指数”,中汽咨询发布“2020汽车专利创新指数”
2020-11-17,福耀玻璃：为小鹏、威马、比亚迪、特斯拉提供汽车玻璃产品,福耀玻璃：为小鹏、威马、比亚迪、特斯拉提供汽车玻璃产品
2020-11-17,汽车周报：新老势力逐鹿智能网联 新架构新车型百花齐放,汽车周报：新老势力逐鹿智能网联 新架构新车型百花齐放
2020-11-17,汽车股全线大涨，中金公司给出更高预期,汽车股全线大涨，中金公司给出更高预期
2020-11-17,滴滴出行携手比亚迪推出网约车D1 配刀片电池续航里程418公里,滴滴出行携手比亚迪推出网约车D1 配刀片电池续航里程418公里
2020-11-17,让子弹再飞一会,让子弹再飞一会
2020-11-17,“大爆炸之前”的宇宙什么样？,“大爆炸之前”的宇宙什么样？
2020-11-17,共享出行迈入新阶段 滴滴联手比亚迪发布首款定制网约车D1,共享出行迈入新阶段 滴滴联手比亚迪发布首款定制网约车D1
2020-11-17,比亚迪、青松股份等股近五日获机构净买入,比亚迪、青松股份等股近五日获机构净买入
2020-11-17,A股融资融券日报：两融余额增加73.19亿元（11月16日）,A股融资融券日报：两融余额增加73.19亿元（11月16日）
2020-11-17,每日理财观察：中国10月宏观经济数据出炉，科创50ETF上市首秀“霸屏”,每日理财观察：中国10月宏观经济数据出炉，科创50ETF上市首秀“霸屏”
2020-11-17,德新交运继续推进收购致宏精密 切入智能制造谋转型,德新交运继续推进收购致宏精密 切入智能制造谋转型
2020-11-17,罗蔚：科技股已逐渐成为股神的业绩主力,罗蔚：科技股已逐渐成为股神的业绩主力
2020-11-17,10月装车量同比倍增，磷酸铁锂电池东山再起,10月装车量同比倍增，磷酸铁锂电池东山再起
2020-11-17,盛视早参：宏观数据向好 市场有望前行,盛视早参：宏观数据向好 市场有望前行
2020-11-17,定制网约车落地 滴滴要的颠覆来了吗？,定制网约车落地 滴滴要的颠覆来了吗？
2020-11-18,滴滴联合比亚迪造车D1：从一个网约车平台向汽车运营商转变,滴滴联合比亚迪造车D1：从一个网约车平台向汽车运营商转变
2020-11-18,智能工业来啦！互联网工业来啦！DMP工博会折射中国制造升级新思路,智能工业来啦！互联网工业来啦！DMP工博会折射中国制造升级新思路
2020-11-18,美国重申mRNA新冠疫苗有效率95%：能预防重症,美国重申mRNA新冠疫苗有效率95%：能预防重症
2020-11-18,市值月盘点丨10月，汽车股真的狂欢了,市值月盘点丨10月，汽车股真的狂欢了
2020-11-18,剑指万亿未来出行市场：“不造车”的滴滴推出首款网约车D1,剑指万亿未来出行市场：“不造车”的滴滴推出首款网约车D1
2020-11-18,吴飞：中小投资者的“鸡蛋”究竟应不应该都放在“一个篮子”？,吴飞：中小投资者的“鸡蛋”究竟应不应该都放在“一个篮子”？
2020-11-18,【SMM分析】10月磷酸铁锂电池装车量同比大增 企业加速布局 市场回春？,【SMM分析】10月磷酸铁锂电池装车量同比大增 企业加速布局 市场回春？
2020-11-18,销量持续增长，汽车股真的狂欢了,销量持续增长，汽车股真的狂欢了
2020-11-18,欧洲新能源汽车销量狂飙，中国全球第一地位将不保？,欧洲新能源汽车销量狂飙，中国全球第一地位将不保？
2020-11-18,凯中精密：公司直接供货比亚迪并有着长期合作,凯中精密：公司直接供货比亚迪并有着长期合作
2020-11-18,首款定制网约车D1问世 滴滴比亚迪联手抢滩共享出行,首款定制网约车D1问世 滴滴比亚迪联手抢滩共享出行
2020-11-18,资本市场助力企业高质量发展 滋养新能源环保产业春色满园,资本市场助力企业高质量发展 滋养新能源环保产业春色满园
2020-11-18,开机先看广告！智能电视这流氓操作被整治：这家厂商败诉 诉讼纠纷,开机先看广告！智能电视这流氓操作被整治：这家厂商败诉 诉讼纠纷
2020-11-18,颠覆者来了！比亚迪DM-i超级混动技术发布 加速传统燃油车替代,颠覆者来了！比亚迪DM-i超级混动技术发布 加速传统燃油车替代
2020-11-18,电力设备与新能源行业月报：中欧新能源汽车销量喜人 官方拟推碳交易新政,电力设备与新能源行业月报：中欧新能源汽车销量喜人 官方拟推碳交易新政
2020-11-18,BoseQC35II游戏耳机开箱：吃鸡绝配、游戏出街两不误,BoseQC35II游戏耳机开箱：吃鸡绝配、游戏出街两不误
2020-11-18,市场分化加剧，汽车股逆势走强,市场分化加剧，汽车股逆势走强
2020-11-18,[互动]常铝股份：为比亚迪供应刀片电池专用壳体 已进入批量供应阶段,[互动]常铝股份：为比亚迪供应刀片电池专用壳体 已进入批量供应阶段
2020-11-18,车企寻钱记：“大象转身”进入深水区 长城、比亚迪等掀发债潮,车企寻钱记：“大象转身”进入深水区 长城、比亚迪等掀发债潮
2020-11-18,浙商早知道 | 11月20日,浙商早知道 | 11月20日
2020-11-18,首度涉足硬件，滴滴新故事不止网约车,首度涉足硬件，滴滴新故事不止网约车
2020-11-18,市场分化加剧 汽车股逆势走强,市场分化加剧 汽车股逆势走强
2020-11-18,2021年汽车行业投资策略：新周期 新秩序 新机会,2021年汽车行业投资策略：新周期 新秩序 新机会
2020-11-18,北向资金动向盘点：买卖平衡不等于没有进攻方向,北向资金动向盘点：买卖平衡不等于没有进攻方向
2020-11-18,【正在直播】直击业绩会丨市值逼近比亚迪 蔚来财报能否撑起628亿美元市值？,【正在直播】直击业绩会丨市值逼近比亚迪 蔚来财报能否撑起628亿美元市值？
2020-11-18,北向资金10亿扫货房地产，11亿甩卖汽车股，全天实际净流入0.53亿（附股）,北向资金10亿扫货房地产，11亿甩卖汽车股，全天实际净流入0.53亿（附股）
2020-11-18,对话比亚迪李云飞：用超级混动杀入传统燃油车红海 以新技术实现降维打击,对话比亚迪李云飞：用超级混动杀入传统燃油车红海 以新技术实现降维打击
2020-11-18,国开证券：关注比亚迪董事发生变更 董监高成员变化,国开证券：关注比亚迪董事发生变更 董监高成员变化
2020-11-18,焦点分析｜滴滴曲线“造车”，它能讲好这个新故事么？,焦点分析｜滴滴曲线“造车”，它能讲好这个新故事么？
2020-11-18,新能源行业里绝对是“全能型选手”比亚迪：造货车也能拿第一,新能源行业里绝对是“全能型选手”比亚迪：造货车也能拿第一
2020-11-18,纯电动乘用车增速突出 汽车产销未来两年或量价齐升,纯电动乘用车增速突出 汽车产销未来两年或量价齐升
2020-11-18,看空蔚来，香橼不讲武德？,看空蔚来，香橼不讲武德？
2020-11-18,新能源汽车：别被暴涨的市值迷了眼,新能源汽车：别被暴涨的市值迷了眼
2020-11-18,A股融资融券日报：两融余额增加26.05亿元（11月17日）,A股融资融券日报：两融余额增加26.05亿元（11月17日）
2020-11-19,贝特瑞（835185）:锂电池负极材料龙头，正极材料成新爆点【精选层企业专题报告（三十）】,贝特瑞（835185）:锂电池负极材料龙头，正极材料成新爆点【精选层企业专题报告（三十）】
2020-11-19,全面自研“不讲武德”苹果启用M1芯片意味着什么,全面自研“不讲武德”苹果启用M1芯片意味着什么
2020-11-19,首款定制网约车D1面世，它能承载滴滴的未来吗？,首款定制网约车D1面世，它能承载滴滴的未来吗？
2020-11-19,北向资金今日净买入4.38亿元，保利地产、贵州茅台净买入逾2亿元,北向资金今日净买入4.38亿元，保利地产、贵州茅台净买入逾2亿元
2020-11-19,比亚迪(002594.SZ)：拟将在比亚迪汽车金融办理存款业务的额度上限由20亿元调增至40亿元,比亚迪(002594.SZ)：拟将在比亚迪汽车金融办理存款业务的额度上限由20亿元调增至40亿元
2020-11-19,平均涨幅达18.26%！比亚迪翻倍领衔顺周期行业，千亿市值龙头成下半年最大赢家,平均涨幅达18.26%！比亚迪翻倍领衔顺周期行业，千亿市值龙头成下半年最大赢家
2020-11-19,比亚迪(002594.SZ)拟上调在比亚迪汽车金融办理存款业务额度上限至40亿元,比亚迪(002594.SZ)拟上调在比亚迪汽车金融办理存款业务额度上限至40亿元
2020-11-19,【车展新观察】技术路线转舵，“混世魔王”降临！,【车展新观察】技术路线转舵，“混世魔王”降临！
2020-11-19,比亚迪杨冬生：明年或将是新能源汽车的真正爆发期,比亚迪杨冬生：明年或将是新能源汽车的真正爆发期
2020-11-19,这些新能源汽车不合格！涉东风、比亚迪等 产品问题,这些新能源汽车不合格！涉东风、比亚迪等 产品问题
2020-11-19,比亚迪：拟上调在比亚迪汽车金融办理存款业务额度上限至40亿元,比亚迪：拟上调在比亚迪汽车金融办理存款业务额度上限至40亿元
2020-11-19,3倍牛股险跌停，顶级游资惨被“收割”， 成交爆天量！高位股集体“刹车”，三大投资主线有望接棒年末行情,3倍牛股险跌停，顶级游资惨被“收割”， 成交爆天量！高位股集体“刹车”，三大投资主线有望接棒年末行情
2020-11-19,年报业绩暴增股名单来了 机构扎堆看好它们（附股）,年报业绩暴增股名单来了 机构扎堆看好它们（附股）
2020-11-19,自主十年：起落之间 | 无畏十年,自主十年：起落之间 | 无畏十年
2020-11-19,晚间重要公告2020年11月19日星期四,晚间重要公告2020年11月19日星期四
2020-11-19,汽车质量权威报告：丰田、特斯拉双双跌落神坛,汽车质量权威报告：丰田、特斯拉双双跌落神坛
2020-11-19,太火了！世界销量一半在中国，全球资产都在押宝新能源车！4000亿蔚来，3万亿特斯拉！全面替代还有多久？,太火了！世界销量一半在中国，全球资产都在押宝新能源车！4000亿蔚来，3万亿特斯拉！全面替代还有多久？
2020-11-19,数据解放生产力——琰究汽车数据系列（2020年10月）【华西汽车 崔琰团队】,数据解放生产力——琰究汽车数据系列（2020年10月）【华西汽车 崔琰团队】
2020-11-19,A股收盘综述：上证指数涨0.47%，创业板指涨近1%,A股收盘综述：上证指数涨0.47%，创业板指涨近1%
2020-11-19,A股早报2020年11月19日星期四,A股早报2020年11月19日星期四
2020-11-19,扩大汽车消费再迎重磅政策，行业景气回升提速 券商看好这些股,扩大汽车消费再迎重磅政策，行业景气回升提速 券商看好这些股
2020-11-19,【安信汽车】2021年补贴政策落地，利好新能源汽车高增长,【安信汽车】2021年补贴政策落地，利好新能源汽车高增长
2020-11-19,【每日金属资讯】常铝股份产品批量用于比亚迪刀片电池；中国对海外投资者推出国际铜期货合约,【每日金属资讯】常铝股份产品批量用于比亚迪刀片电池；中国对海外投资者推出国际铜期货合约
2020-11-19,特斯拉卖龙舌兰酒遭疯抢空酒瓶拍卖出9000多元,特斯拉卖龙舌兰酒遭疯抢空酒瓶拍卖出9000多元
2020-11-19,融资新政后汽车金融首单ABS落地,融资新政后汽车金融首单ABS落地
2020-11-19,“恐高”新能源车估值，机构“抱团”开始松动,“恐高”新能源车估值，机构“抱团”开始松动
2020-11-19,汽车整车行业点评报告：汽车下乡+以旧换新 加码周期向上,汽车整车行业点评报告：汽车下乡+以旧换新 加码周期向上
2020-11-19,"跃跃御市:C级车""转正""在即,比亚迪汉首破""三强""格局","跃跃御市:C级车""转正""在即,比亚迪汉首破""三强""格局"
2020-11-19,A股融资融券日报：两融余额增加19.41亿元（11月18日）,A股融资融券日报：两融余额增加19.41亿元（11月18日）
2020-11-19,A股4个月盘局待解，券商机构称长牛驱动因素仍在,A股4个月盘局待解，券商机构称长牛驱动因素仍在
2020-11-19,国常会放大招：新一轮汽车下乡来了,国常会放大招：新一轮汽车下乡来了
2020-11-19,滴滴露“两手”：一手是移动出行，一手是本地生活服务,滴滴露“两手”：一手是移动出行，一手是本地生活服务
2020-11-19,燃油轿车颠覆者秦PLUS将亮相广州车展,燃油轿车颠覆者秦PLUS将亮相广州车展
2020-11-19,滴滴，为何要联手「造车」,滴滴，为何要联手「造车」
2020-11-19,[路演]朗特智能：与比亚迪的合作包括电源、水泵控制器等,[路演]朗特智能：与比亚迪的合作包括电源、水泵控制器等
2020-11-19,中信证券：汽车行业政策刺激超预期 景气回升再提速（附股）,中信证券：汽车行业政策刺激超预期 景气回升再提速（附股）
2020-11-19,汽车行业重大事项点评：政策刺激超预期 景气回升再提速,汽车行业重大事项点评：政策刺激超预期 景气回升再提速
2020-11-19,汽车行业2021年度投资策略：拥抱汽车黄金时代,汽车行业2021年度投资策略：拥抱汽车黄金时代
2020-11-19,苏州年会|范成飞：希望汉将来成为单挑特斯拉modle3的车型,苏州年会|范成飞：希望汉将来成为单挑特斯拉modle3的车型
2020-11-20,谷歌相册不再免费无限容量！你可知它曾经多强大,谷歌相册不再免费无限容量！你可知它曾经多强大
2020-11-20,中、泰争夺红牛千亿男人的尊严之战打响了,中、泰争夺红牛千亿男人的尊严之战打响了
2020-11-20,iPhone13概念机渲染图曝光：刘海不再惊为天人,iPhone13概念机渲染图曝光：刘海不再惊为天人
2020-11-20,天天拍车新能源二手车流通大数据：新能源二手车model x保值率稳坐第一,天天拍车新能源二手车流通大数据：新能源二手车model x保值率稳坐第一
2020-11-20,比亚迪AH股大涨,比亚迪AH股大涨
2020-11-20,A股收评：沪指收涨0.44%，汽车股全线走强，比亚迪成交超百亿,A股收评：沪指收涨0.44%，汽车股全线走强，比亚迪成交超百亿
2020-11-20,比亚迪杨冬生：明年或将是新能源汽车的真正爆发期,比亚迪杨冬生：明年或将是新能源汽车的真正爆发期
2020-11-20,交通运输部回应顺风车不属于网约车 中国网约车市场发展趋势预测分析,交通运输部回应顺风车不属于网约车 中国网约车市场发展趋势预测分析
2020-11-20,比亚迪DM-i技术的葫芦里装的什么药？,比亚迪DM-i技术的葫芦里装的什么药？
2020-11-20,市值超4000亿的蔚来存在多少泡沫？发展前景到底如何？,市值超4000亿的蔚来存在多少泡沫？发展前景到底如何？
2020-11-20,又要看齐PC索尼PS5将软升级支持全新功能：游戏更流畅,又要看齐PC索尼PS5将软升级支持全新功能：游戏更流畅
2020-11-20,智通港股解盘(11.20) | 结构调整继续汽车板块再度崛起,智通港股解盘(11.20) | 结构调整继续汽车板块再度崛起
2020-11-20,全家被查！一代首富就此落幕：再无“重庆摩帮”,全家被查！一代首富就此落幕：再无“重庆摩帮”
2020-11-20,比亚迪(002594)：DM-I平台首款车型亮相 有望改变燃油车竞争格局,比亚迪(002594)：DM-I平台首款车型亮相 有望改变燃油车竞争格局
2020-11-20,比亚迪强势拉升逼近涨停 成交额超百亿元,比亚迪强势拉升逼近涨停 成交额超百亿元
2020-11-20,数据复盘|比亚迪获主力大幅加仓 机构抢筹16股,数据复盘|比亚迪获主力大幅加仓 机构抢筹16股
2020-11-20,广州车展｜搭载骁云发动机，比亚迪秦PLUS超级混动亮相,广州车展｜搭载骁云发动机，比亚迪秦PLUS超级混动亮相
2020-11-20,陆港通每周复盘 | 南下资金继续吸入腾讯！比亚迪、小米遭抛售,陆港通每周复盘 | 南下资金继续吸入腾讯！比亚迪、小米遭抛售
2020-11-20,比亚迪、老白干酒等股获特大单资金净流入超2亿元,比亚迪、老白干酒等股获特大单资金净流入超2亿元
2020-11-20,龙魂绽放：比亚迪秦PLUS亮相广州车展,龙魂绽放：比亚迪秦PLUS亮相广州车展
2020-11-20,赵长江:比亚迪应对今年的竞争和挑战从四方面抓起,赵长江:比亚迪应对今年的竞争和挑战从四方面抓起
2020-11-20,北上资金本周净买入55.10亿元连续3周净买入,北上资金本周净买入55.10亿元连续3周净买入
2020-11-20,5260万元！腾讯厉害了拿下这个全球经典IP,5260万元！腾讯厉害了拿下这个全球经典IP
2020-11-20,比亚迪涨幅扩大至9%，成交额近109亿元,比亚迪涨幅扩大至9%，成交额近109亿元
2020-11-20,iPhone12屏绿了！那么大屏OLED会不会绿？秒懂,iPhone12屏绿了！那么大屏OLED会不会绿？秒懂
2020-11-20,盛视早参：市场仍是存量博弈,盛视早参：市场仍是存量博弈
2020-11-20,逾500家公司公布年度业绩预告 近四成预喜,逾500家公司公布年度业绩预告 近四成预喜
2020-11-20,新能源车市值突飞猛进 全面替代油车尚需时日,新能源车市值突飞猛进 全面替代油车尚需时日
2020-11-20,机构扎堆看好年报业绩暴增股,机构扎堆看好年报业绩暴增股
2020-11-20,"苹果隐瞒真相曝光！赔付7.4亿，罕见承认iPhone12有缺陷，在华收入暴跌28%，产业链龙头集体大回撤！外资重金杀入这些股
盈利能力下降","苹果隐瞒真相曝光！赔付7.4亿，罕见承认iPhone12有缺陷，在华收入暴跌28%，产业链龙头集体大回撤！外资重金杀入这些股
盈利能力下降"
2020-11-20,北向资金动向盘点：连续增仓“石油石化”,北向资金动向盘点：连续增仓“石油石化”
2020-11-20,注意！北向资金”做差价“行为明显；增持有色金属行业（附股）,注意！北向资金”做差价“行为明显；增持有色金属行业（附股）
2020-11-20,A股融资融券日报：两融余额减少12.22亿元（11月19日）,A股融资融券日报：两融余额减少12.22亿元（11月19日）
2020-11-20,新能源车板块看涨；前夜概念股大涨且合肥发布重大行业利好,新能源车板块看涨；前夜概念股大涨且合肥发布重大行业利好
2020-11-20,苹果隐瞒真相曝光！赔付7.4亿，承认iPhone12有缺陷,苹果隐瞒真相曝光！赔付7.4亿，承认iPhone12有缺陷
2020-11-20,股指期货每日观点（证券）2020/11/20,股指期货每日观点（证券）2020/11/20
2020-11-20,5天暴涨40%的千亿牛股跌停！股民晕倒:高位融资买进 全仓山顶站岗,5天暴涨40%的千亿牛股跌停！股民晕倒:高位融资买进 全仓山顶站岗
2020-11-20,比亚迪汪青峰：20万的车匹配50万级的服务与体验，汉唐才能走得更远,比亚迪汪青峰：20万的车匹配50万级的服务与体验，汉唐才能走得更远
2020-11-20,新能源车市值突飞猛进 电池成本高限制其全面替代油车,新能源车市值突飞猛进 电池成本高限制其全面替代油车
2020-11-20,10月份新能源汽车销量13.4万辆 新能源二手车成交量同比增长超84%,10月份新能源汽车销量13.4万辆 新能源二手车成交量同比增长超84%
2020-11-20,新能源车替代燃油车的潮流真的开始了吗？,新能源车替代燃油车的潮流真的开始了吗？
2020-11-20,A股午盘综述：上证指数涨0.1%，创业板指涨0.57%,A股午盘综述：上证指数涨0.1%，创业板指涨0.57%
2020-11-20,【安信汽车】比亚迪：拟增发H股募集资金，加码研发投入,【安信汽车】比亚迪：拟增发H股募集资金，加码研发投入
2020-11-20,产品和模式双创新，滴滴“造车”前景几何？,产品和模式双创新，滴滴“造车”前景几何？
2020-11-20,汽车行业月报：10月车市持续向好，新能源销量再创新高，给予“强于大市”评级,汽车行业月报：10月车市持续向好，新能源销量再创新高，给予“强于大市”评级
2020-11-20,近四成公司年报预喜，115股有望全年业绩增超100%,近四成公司年报预喜，115股有望全年业绩增超100%
2020-11-20,多地出台汽车消费促进政策，产业链龙头将持续充分受益,多地出台汽车消费促进政策，产业链龙头将持续充分受益
2020-11-20,汽车股延续强势 长城汽车涨逾7%比亚迪涨近6%,汽车股延续强势 长城汽车涨逾7%比亚迪涨近6%
2020-11-20,5天暴涨40%的千亿牛股跌停！级游资也被收割？,5天暴涨40%的千亿牛股跌停！级游资也被收割？
2020-11-20,汽车行业：20年数据点评系列之二十三-乘用车终端持续复苏 国常会释放稳消费预期信号,汽车行业：20年数据点评系列之二十三-乘用车终端持续复苏 国常会释放稳消费预期信号
2020-11-21,比亚迪推出首款超级混动轿车秦PLUS，油耗低至3.8L/百千米,比亚迪推出首款超级混动轿车秦PLUS，油耗低至3.8L/百千米
2020-11-21,广州车展|庄严：聚焦网约车与定制客运瑞风将转型为高价值出行服务商,广州车展|庄严：聚焦网约车与定制客运瑞风将转型为高价值出行服务商
2020-11-21,看完这15款车，你就是广州车展最专业的观众,看完这15款车，你就是广州车展最专业的观众
2020-11-21,比亚迪超级混动技术打响反击战，秦PLUS领衔收复中国轿车失地,比亚迪超级混动技术打响反击战，秦PLUS领衔收复中国轿车失地
2020-11-21,最新文章more>>,最新文章more>>
2020-11-21,创变谈|赵长江:比亚迪换道竞争合资轿车,创变谈|赵长江:比亚迪换道竞争合资轿车
2020-11-21,广州车展新风向：特斯拉进驻豪车馆 跨国车企新能源车参展多,广州车展新风向：特斯拉进驻豪车馆 跨国车企新能源车参展多
2020-11-21,玲珑轮胎的原配有多强？,玲珑轮胎的原配有多强？
2020-11-21,充电桩是“充电装”？阿里、华为入局 充电桩还是门好生意吗？,充电桩是“充电装”？阿里、华为入局 充电桩还是门好生意吗？
2020-11-22,自主车企年末冲刺，能否守住40%市占率红线？,自主车企年末冲刺，能否守住40%市占率红线？
2020-11-22,新能源汽车2021年度策略：产业变迁、大风已至、顺势而为,新能源汽车2021年度策略：产业变迁、大风已至、顺势而为
2020-11-22,汽车整车行业点评：电动智能愈火愈热 自主品牌表现亮眼,汽车整车行业点评：电动智能愈火愈热 自主品牌表现亮眼
2020-11-22,A股百家半导体厂商平均获政府补贴5500万，前10家公司合计获政府补贴37.4亿,A股百家半导体厂商平均获政府补贴5500万，前10家公司合计获政府补贴37.4亿
2020-11-22,这芯片强势涨价！海外晶圆巨头罢工停产了 员工变动,这芯片强势涨价！海外晶圆巨头罢工停产了 员工变动
2020-11-22,海外晶圆巨头罢工停产，这款芯片强势涨价，1600亿市场规模之下，这些概念股将受益（附股） 员工变动,海外晶圆巨头罢工停产，这款芯片强势涨价，1600亿市场规模之下，这些概念股将受益（附股） 员工变动
2020-11-22,滴滴不造车但滴滴革了主机厂的命,滴滴不造车但滴滴革了主机厂的命
2020-11-22,汽车行业三季报总结暨投资策略：全球车市复苏 业绩持续改善,汽车行业三季报总结暨投资策略：全球车市复苏 业绩持续改善
2020-11-23,比亚迪股份午后涨幅扩大至8% 比亚迪：明年是新能源汽车爆发期,比亚迪股份午后涨幅扩大至8% 比亚迪：明年是新能源汽车爆发期
2020-11-23,告别共享成全国最大出租车公司？滴滴首款定制车D1上线引发争议,告别共享成全国最大出租车公司？滴滴首款定制车D1上线引发争议
2020-11-23,万丰奥威：特斯拉、蔚来、小鹏、比亚迪等是公司战略合作伙伴,万丰奥威：特斯拉、蔚来、小鹏、比亚迪等是公司战略合作伙伴
2020-11-23,【异动股】比亚迪料新能源汽车明年现爆发期大涨8.2%超收市历史高位,【异动股】比亚迪料新能源汽车明年现爆发期大涨8.2%超收市历史高位
2020-11-23,【行情】汽车整车板块继续走强，江淮汽车拉升触板，小康股份、北汽蓝谷此前涨停，长安汽车、广汽集团、比亚迪涨逾5%,【行情】汽车整车板块继续走强，江淮汽车拉升触板，小康股份、北汽蓝谷此前涨停，长安汽车、广汽集团、比亚迪涨逾5%
2020-11-23,小鹏汽车如何成为新能源的后起之秀?,小鹏汽车如何成为新能源的后起之秀?
2020-11-23,小米急升比亚迪强势 留意小米购26334、比迪牛55570,小米急升比亚迪强势 留意小米购26334、比迪牛55570
2020-11-23,汽车及零部件行业周报：行业高景气 继续跑赢；广州车展开幕,汽车及零部件行业周报：行业高景气 继续跑赢；广州车展开幕
2020-11-23,午盘解读：两市震荡上行 基本金属概念表现强势,午盘解读：两市震荡上行 基本金属概念表现强势
2020-11-23,“银十”跑出加速度 国内车市驶入旺销季,“银十”跑出加速度 国内车市驶入旺销季
2020-11-23,北向资金今日净买入超100亿元，贵州茅台获净买入超18亿,北向资金今日净买入超100亿元，贵州茅台获净买入超18亿
2020-11-23,北水动向(11.23)|北水净流入52.15亿 内资继续增持新能源车 比亚迪(01211)获逾6亿加仓,北水动向(11.23)|北水净流入52.15亿 内资继续增持新能源车 比亚迪(01211)获逾6亿加仓
2020-11-23,汽车造车新势力Q3季报点评：产销数据亮眼 毛利均转正 聚焦自动驾驶技术,汽车造车新势力Q3季报点评：产销数据亮眼 毛利均转正 聚焦自动驾驶技术
2020-11-23,因产品不符合标准，东风、吉利、比亚迪等25家车企被工信部点名,因产品不符合标准，东风、吉利、比亚迪等25家车企被工信部点名
2020-11-23,晚间要闻2020年11月23日星期一,晚间要闻2020年11月23日星期一
2020-11-23,新一轮“汽车下乡”即将启动 主营汽车革的明新旭腾IPO后能带来多大想象空间？,新一轮“汽车下乡”即将启动 主营汽车革的明新旭腾IPO后能带来多大想象空间？
2020-11-23,2020年度思维财经金桥奖获奖名单揭晓 引领标杆企业长期价值,2020年度思维财经金桥奖获奖名单揭晓 引领标杆企业长期价值
2020-11-23,广州车展|赵长江：掌握新能源核心技术比亚迪让消费者重新认识中国汽车品牌,广州车展|赵长江：掌握新能源核心技术比亚迪让消费者重新认识中国汽车品牌
2020-11-23,【汽车】国常会：鼓励各地增加汽车号牌指标投放——新能源汽车行业周报——看好,【汽车】国常会：鼓励各地增加汽车号牌指标投放——新能源汽车行业周报——看好
2020-11-23,策略点评报告：深主板与中小板拟合并 深所指数有望迎新一轮增长,策略点评报告：深主板与中小板拟合并 深所指数有望迎新一轮增长
2020-11-23,比亚迪秦PLUS超级混动全球首发,比亚迪秦PLUS超级混动全球首发
2020-11-23,造车新势力“三强”业绩改善 杀出新能源汽车红海仍需努力,造车新势力“三强”业绩改善 杀出新能源汽车红海仍需努力
2020-11-23,10家新能源汽车公司发布年报业绩预告，有业绩增长近40倍（名单）,10家新能源汽车公司发布年报业绩预告，有业绩增长近40倍（名单）
2020-11-23,【山证汽车】行业周报：上半月汽车零售持续高增长（20201116-20201122）,【山证汽车】行业周报：上半月汽车零售持续高增长（20201116-20201122）
2020-11-23,7只新能源汽车概念股预计年报净利润翻倍,7只新能源汽车概念股预计年报净利润翻倍
2020-11-23,车企又开撕？造车新势力股价上涨1125.12%，市值挤进全球前六，10家新能源汽车公司发布年报业绩预告，有业绩增长近40倍,车企又开撕？造车新势力股价上涨1125.12%，市值挤进全球前六，10家新能源汽车公司发布年报业绩预告，有业绩增长近40倍
2020-11-23,盘前情报丨北上资金月内逾360亿元布局五行业；盲盒上市来了，这家公司两年净利润暴涨近300倍,盘前情报丨北上资金月内逾360亿元布局五行业；盲盒上市来了，这家公司两年净利润暴涨近300倍
2020-11-23,券商晨会观点速递,券商晨会观点速递
2020-11-23,【东吴晨报1123】【固收】【行业】汽车【个股】天赐材料、哔哩哔哩、亿纬锂能,【东吴晨报1123】【固收】【行业】汽车【个股】天赐材料、哔哩哔哩、亿纬锂能
2020-11-23,动力电池龙头影响行业格局 超薄铜箔向4.5m进发,动力电池龙头影响行业格局 超薄铜箔向4.5m进发
2020-11-23,滴滴困守光明顶,滴滴困守光明顶
2020-11-23,晨会聚焦201123重点关注太阳能、医疗大数据盘点、医药行业,晨会聚焦201123重点关注太阳能、医疗大数据盘点、医药行业
2020-11-23,5股获融资净买入超亿元 比亚迪居首,5股获融资净买入超亿元 比亚迪居首
2020-11-23,生产一致性存在问题，工信部通报点名吉利、比亚迪等车企,生产一致性存在问题，工信部通报点名吉利、比亚迪等车企
2020-11-23,A股早报2020年11月23日星期一,A股早报2020年11月23日星期一
2020-11-23,A股融资融券日报：两融余额减少5.84亿元（11月20日）,A股融资融券日报：两融余额减少5.84亿元（11月20日）
2020-11-23,秦PLUS首发亮相 比亚迪广州车展交满分答卷,秦PLUS首发亮相 比亚迪广州车展交满分答卷
2020-11-24,会通股份：是比亚迪、东风小康等知名车企的供应商,会通股份：是比亚迪、东风小康等知名车企的供应商
2020-11-24,解盘：资金继续流入，锂矿、IGBT、半导体、充电桩领涨,解盘：资金继续流入，锂矿、IGBT、半导体、充电桩领涨
2020-11-24,“金九银十”之后的国内车市 跑出了令人瞩目的加速度,“金九银十”之后的国内车市 跑出了令人瞩目的加速度
2020-11-24,彻底炸了，“三剑客”一夜暴涨1700亿！新能车集体狂飙，比亚迪再破5000亿，这只7天豪夺6涨停！机构高喊：黄金十年来了！,彻底炸了，“三剑客”一夜暴涨1700亿！新能车集体狂飙，比亚迪再破5000亿，这只7天豪夺6涨停！机构高喊：黄金十年来了！
2020-11-24,新能源汽车集体狂飙：比亚迪市值再破5000亿 这只股7天豪夺6涨停,新能源汽车集体狂飙：比亚迪市值再破5000亿 这只股7天豪夺6涨停
2020-11-24,回天新材：已与多家新能源汽车及动力电池厂商深入合作,回天新材：已与多家新能源汽车及动力电池厂商深入合作
2020-11-24,比亚迪DM-i超级混动初亮剑，发动机热效率43%创全球最高,比亚迪DM-i超级混动初亮剑，发动机热效率43%创全球最高
2020-11-24,“中国制造”系列五：策论汽车：需求强复苏 重估进行时,“中国制造”系列五：策论汽车：需求强复苏 重估进行时
2020-11-24,2020年电新行业周报11月第3期：全球新能源汽车销量向上 光伏产业链景气向好,2020年电新行业周报11月第3期：全球新能源汽车销量向上 光伏产业链景气向好
2020-11-24,电气设备行业专题报告：造车新势力三季报总结：销量、业绩均超预期 新势力已成气候,电气设备行业专题报告：造车新势力三季报总结：销量、业绩均超预期 新势力已成气候
2020-11-24,"比亚迪现1笔大宗交易 共成交1,061.01万元","比亚迪现1笔大宗交易 共成交1,061.01万元"
2020-11-24,汽车汽配2021年投资策略：抱创新加速和周期向上,汽车汽配2021年投资策略：抱创新加速和周期向上
2020-11-24,超越奔驰！比亚迪、蔚来跻身全球车企市值榜前五,超越奔驰！比亚迪、蔚来跻身全球车企市值榜前五
2020-11-24,5260万元：腾讯收购乐游拿下知名经典IP《指环王》,5260万元：腾讯收购乐游拿下知名经典IP《指环王》
2020-11-24,一个晚上，马斯克超越比尔·盖茨，成全球第二大富豪！A股跟着狂欢，这只股票7天6次涨停,一个晚上，马斯克超越比尔·盖茨，成全球第二大富豪！A股跟着狂欢，这只股票7天6次涨停
2020-11-24,小米倒跌比亚迪破顶 留意小米购26334、比迪购17043,小米倒跌比亚迪破顶 留意小米购26334、比迪购17043
2020-11-24,华龙内参2020年第216期 总第804期,华龙内参2020年第216期 总第804期
2020-11-24,产品线单薄、动力电池布局拖后腿，长城还有多少短板,产品线单薄、动力电池布局拖后腿，长城还有多少短板
2020-11-24,比亚迪将在陕西西安打造全国最大的新能源汽车制造基地,比亚迪将在陕西西安打造全国最大的新能源汽车制造基地
2020-11-24,陆家嘴财经早餐2020年11月24日星期二,陆家嘴财经早餐2020年11月24日星期二
2020-11-24,"""造车三兄弟""市值一夜暴涨1700亿 潜力股名单出炉","""造车三兄弟""市值一夜暴涨1700亿 潜力股名单出炉"
2020-11-24,彻底炸了，“三兄弟”市值一夜暴涨1700亿，机构高喊行业将迎黄金十年！困境反转+供需复苏+涨价周期，业绩有望好转的产业链公司出炉,彻底炸了，“三兄弟”市值一夜暴涨1700亿，机构高喊行业将迎黄金十年！困境反转+供需复苏+涨价周期，业绩有望好转的产业链公司出炉
2020-11-24,国君汽车 | 自主品牌的新能源车为什么能给估值？,国君汽车 | 自主品牌的新能源车为什么能给估值？
2020-11-24,顺周期板块爆发，北上资金百亿抢筹，后市大概率上涨？,顺周期板块爆发，北上资金百亿抢筹，后市大概率上涨？
2020-11-24,刀片电池续航里程已不输三元，合资车企密集申报新车型,刀片电池续航里程已不输三元，合资车企密集申报新车型
2020-11-24,美股新能源车集体创新高！小鹏市值超越百度,美股新能源车集体创新高！小鹏市值超越百度
2020-11-24,中金科技2021展望：看好国产化、数字化和汽车智能化三大投资主线,中金科技2021展望：看好国产化、数字化和汽车智能化三大投资主线
2020-11-24,A股融资融券日报：两融余额增加103.05亿元（11月23日）,A股融资融券日报：两融余额增加103.05亿元（11月23日）
2020-11-24,常铝股份：为比亚迪供应刀片电池专用壳体,常铝股份：为比亚迪供应刀片电池专用壳体
2020-11-24,恒生科技指数涨1.2%，小米集团续创历史新高,恒生科技指数涨1.2%，小米集团续创历史新高
2020-11-24,汽车行业深度报告：软件定义汽车 全栈自研国产龙头华为,汽车行业深度报告：软件定义汽车 全栈自研国产龙头华为
2020-11-24,天龙股份(603266)：渐入佳境,天龙股份(603266)：渐入佳境
2020-11-24,【行情】能源汽车板块开盘拉升，小康股份、北汽蓝谷先后涨停，江淮汽车涨超6%，比亚迪、亚星客车、长城汽车等纷纷跟涨,【行情】能源汽车板块开盘拉升，小康股份、北汽蓝谷先后涨停，江淮汽车涨超6%，比亚迪、亚星客车、长城汽车等纷纷跟涨
2020-11-24,新能源汽车“三兄弟”市值一夜暴涨1700亿，机构高喊行业将迎黄金十年,新能源汽车“三兄弟”市值一夜暴涨1700亿，机构高喊行业将迎黄金十年
2020-11-24,宁德时代的心头大患：主机厂造电池,宁德时代的心头大患：主机厂造电池
2020-11-25,突遭点名，2000亿新能源车直线跳水，大跌超7%！价格暴降93%，医药器械牛股重挫近13%,突遭点名，2000亿新能源车直线跳水，大跌超7%！价格暴降93%，医药器械牛股重挫近13%
2020-11-25,热效率43%，比亚迪DM-i在百年汽车史上写下了一个数字,热效率43%，比亚迪DM-i在百年汽车史上写下了一个数字
2020-11-25,华为：保留火种豪赌新市场！,华为：保留火种豪赌新市场！
2020-11-25,微软最便宜笔记本！最新款Surface上手,微软最便宜笔记本！最新款Surface上手
2020-11-25,肝帝进行时《赛博朋克2077》打了175小时仍未通关,肝帝进行时《赛博朋克2077》打了175小时仍未通关
2020-11-25,蔚来资本余宁：风口上的新能源天花板在哪？,蔚来资本余宁：风口上的新能源天花板在哪？
2020-11-25,汽车电动化新时代，如何看待新能源汽车,汽车电动化新时代，如何看待新能源汽车
2020-11-25,A股融资融券日报：两融余额增加33.66亿元（11月24日）,A股融资融券日报：两融余额增加33.66亿元（11月24日）
2020-11-25,汽车行业周报：2021年投资策略复苏的起点,汽车行业周报：2021年投资策略复苏的起点
2020-11-25,新能源汽车板块持续走强：小康股份连续6日涨停，蔚来、理想、小鹏市值一夜累计暴涨1700亿元,新能源汽车板块持续走强：小康股份连续6日涨停，蔚来、理想、小鹏市值一夜累计暴涨1700亿元
2020-11-25,王传福：是技术痴，更是梦想家,王传福：是技术痴，更是梦想家
2020-11-25,【东吴晨报1125】【策略】【行业】电新、机械【个股】中控技术,【东吴晨报1125】【策略】【行业】电新、机械【个股】中控技术
2020-11-25,证券时报头版：造车新势力的市值奇迹能延续多久？,证券时报头版：造车新势力的市值奇迹能延续多久？
2020-11-25,“造车新势力”市场表现强势 产业链龙头业绩回暖,“造车新势力”市场表现强势 产业链龙头业绩回暖
2020-11-25,金融市场流动性与监管动态周报：资金面压力缓解 内外资加仓顺周期,金融市场流动性与监管动态周报：资金面压力缓解 内外资加仓顺周期
2020-11-25,《一周金融动态》第41期 总第282期,《一周金融动态》第41期 总第282期
2020-11-25,【券商聚焦】招商证券：新能源汽车将成为明年行业竞争焦点 首推比亚迪股份,【券商聚焦】招商证券：新能源汽车将成为明年行业竞争焦点 首推比亚迪股份
2020-11-25,胡润中国500强民营企业：腾讯阿里美团位列前三,胡润中国500强民营企业：腾讯阿里美团位列前三
2020-11-25,胡润中国500强民营企业发布，腾讯位居榜首,胡润中国500强民营企业发布，腾讯位居榜首
2020-11-25,浮盈超21倍！巴菲特和比亚迪的故事，价值投资你也可以,浮盈超21倍！巴菲特和比亚迪的故事，价值投资你也可以
2020-11-25,大学生硬核改造宿舍：可实现语音开门还有独立App！,大学生硬核改造宿舍：可实现语音开门还有独立App！
2020-11-25,华为P50Pro新画面！强迫症网友表示万万不可,华为P50Pro新画面！强迫症网友表示万万不可
2020-11-25,选iPhone12Pro还是选Max看完再决定买哪个,选iPhone12Pro还是选Max看完再决定买哪个
2020-11-25,京东找到了第二张王牌,京东找到了第二张王牌
2020-11-25,王传福表哥吕向阳又搞新动作了 方向是新能源车“风口”,王传福表哥吕向阳又搞新动作了 方向是新能源车“风口”
2020-11-25,熊了！A股走出独立暴跌行情，沪指跌1.19%收3362 连续下跌,熊了！A股走出独立暴跌行情，沪指跌1.19%收3362 连续下跌
2020-11-25,罕见跳水！39倍大牛股遭遇历史最大跌幅,罕见跳水！39倍大牛股遭遇历史最大跌幅
2020-11-25,谷歌游戏爆发：400多款新游戏进行中,谷歌游戏爆发：400多款新游戏进行中
2020-11-25,超低油耗，比亚迪DM-i新款发动机来袭,超低油耗，比亚迪DM-i新款发动机来袭
2020-11-25,看空蔚来，香橼不讲武德？,看空蔚来，香橼不讲武德？
2020-11-25,大股东身兼比亚迪创始人 融捷10亿缺口为何只募3亿？,大股东身兼比亚迪创始人 融捷10亿缺口为何只募3亿？
2020-11-25,比亚迪现1笔大宗交易 共成交640.87万元,比亚迪现1笔大宗交易 共成交640.87万元
2020-11-25,超高估值的新能源或酿大泡沫,超高估值的新能源或酿大泡沫
2020-11-25,比亚迪今日大宗交易成交3.60万股，成交价178.02元折价3.0%,比亚迪今日大宗交易成交3.60万股，成交价178.02元折价3.0%
2020-11-25,全球车企最新市值排行:特斯拉疯涨突破5200亿美元 比亚迪国内第一,全球车企最新市值排行:特斯拉疯涨突破5200亿美元 比亚迪国内第一
2020-11-25,新能源汽车强势不改 中长期确定性高,新能源汽车强势不改 中长期确定性高
2020-11-25,10月汽车板块排行第一，年末产销有望保持高增长,10月汽车板块排行第一，年末产销有望保持高增长
2020-11-26,汽车行业-国常会再促汽车消费 政策进一步加码,汽车行业-国常会再促汽车消费 政策进一步加码
2020-11-26,热效率43.04%！比亚迪骁云-插混专用1.5L高效发动机获中汽研“能效之星”认证,热效率43.04%！比亚迪骁云-插混专用1.5L高效发动机获中汽研“能效之星”认证
2020-11-26,北向资金今日净买入60.29亿，万华化学、美的、比亚迪获净买入居前,北向资金今日净买入60.29亿，万华化学、美的、比亚迪获净买入居前
2020-11-26,动力电池：江湖再起波澜、寻找制胜关键,动力电池：江湖再起波澜、寻找制胜关键
2020-11-26,IGBT产能持续紧缺两大IDM厂商加入分拆上市热潮,IGBT产能持续紧缺两大IDM厂商加入分拆上市热潮
2020-11-26,对标特斯拉？上汽集团拟斥54亿携手阿里投资“智己汽车”,对标特斯拉？上汽集团拟斥54亿携手阿里投资“智己汽车”
2020-11-26,汽车行业2021年投资策略：群雄逐鹿 拥抱创新与周期 寻找Α,汽车行业2021年投资策略：群雄逐鹿 拥抱创新与周期 寻找Α
2020-11-26,新能源汽车10月销量分析与点评：新能源销量高增长 五菱异军突起,新能源汽车10月销量分析与点评：新能源销量高增长 五菱异军突起
2020-11-26,[路演]中国汽研：公司与比亚迪将围绕电池检测、NVH开发进行全方位合作,[路演]中国汽研：公司与比亚迪将围绕电池检测、NVH开发进行全方位合作
2020-11-26,127家年报业绩预亏，这10只债券兑付需警惕！,127家年报业绩预亏，这10只债券兑付需警惕！
2020-11-26,星源材质：目前公司是比亚迪刀片电池隔膜的独家供应商,星源材质：目前公司是比亚迪刀片电池隔膜的独家供应商
2020-11-26,星源材质称独供比亚迪刀片电池 尾盘震荡反弹6.4%,星源材质称独供比亚迪刀片电池 尾盘震荡反弹6.4%
2020-11-26,60亿北向资金进场：保险股获青睐 比亚迪遭7亿资金卖出,60亿北向资金进场：保险股获青睐 比亚迪遭7亿资金卖出
2020-11-26,包揽*ST融捷3.3亿元定增 吕向阳加码新能源车产业链,包揽*ST融捷3.3亿元定增 吕向阳加码新能源车产业链
2020-11-26,丰田TNGA产品线再扩大 但纯电领域仍是短板,丰田TNGA产品线再扩大 但纯电领域仍是短板
2020-11-26,A股融资融券日报：两融余额减少3.16亿元（11月25日）,A股融资融券日报：两融余额减少3.16亿元（11月25日）
2020-11-26,永兴材料(002756)：不锈钢稳定现金流 锂盐增加业绩,永兴材料(002756)：不锈钢稳定现金流 锂盐增加业绩
2020-11-26,10月新能源乘用车上险量：宏光MINIEV再涨44.1%创新高,10月新能源乘用车上险量：宏光MINIEV再涨44.1%创新高
2020-11-26,【行情】汽车股短线反弹，长城汽车、比亚迪、广汽集团跌幅持续收窄,【行情】汽车股短线反弹，长城汽车、比亚迪、广汽集团跌幅持续收窄
2020-11-26,四个月暴涨610％！“失控”的新能源汽车，泡沫到底有多大？,四个月暴涨610％！“失控”的新能源汽车，泡沫到底有多大？
2020-11-26,环卫系列报告II：新能源环卫车拐点已至 新赛道谁将突围？,环卫系列报告II：新能源环卫车拐点已至 新赛道谁将突围？
2020-11-26,盛视早参：基金净值考核周期将至 防御主导市场,盛视早参：基金净值考核周期将至 防御主导市场
2020-11-27,比亚迪(002594.SZ)：融捷投资减持期即将过半累计减持329万股 减持股份,比亚迪(002594.SZ)：融捷投资减持期即将过半累计减持329万股 减持股份
2020-11-27,汽车行业2021年年度策略报告：坚定拥抱电动化浪潮 掘金细分赛道,汽车行业2021年年度策略报告：坚定拥抱电动化浪潮 掘金细分赛道
2020-11-27,新能源汽车行业日报：商务部 稳定和扩大汽车消费,新能源汽车行业日报：商务部 稳定和扩大汽车消费
2020-11-27,蜂巢能源官宣电池日 要做中国的特斯拉？,蜂巢能源官宣电池日 要做中国的特斯拉？
2020-11-27,造车新势力估值太贵 未来产业格局可能不是最初的企业主导,造车新势力估值太贵 未来产业格局可能不是最初的企业主导
2020-11-27,比亚迪：融捷投资控股减持329万股公司A股股份 减持股份,比亚迪：融捷投资控股减持329万股公司A股股份 减持股份
2020-11-27,比亚迪:股东融捷投资控股累计减持329万股 占公司总股数的0.12% 减持股份,比亚迪:股东融捷投资控股累计减持329万股 占公司总股数的0.12% 减持股份
2020-11-27,晚间重要公告2020年11月27日星期五,晚间重要公告2020年11月27日星期五
2020-11-27,比亚迪电子与比亚迪股份就电池采购协议订立补充协议,比亚迪电子与比亚迪股份就电池采购协议订立补充协议
2020-11-27,比亚迪电子(00285.HK)：向比亚迪提供4亿元委托贷款,比亚迪电子(00285.HK)：向比亚迪提供4亿元委托贷款
2020-11-27,【公告抢先看】晚间重要公告：廖良茂被判无期徒刑 向康尼机电退还19.33亿元、刘桂平辞去建设银行行长等职务,【公告抢先看】晚间重要公告：廖良茂被判无期徒刑 向康尼机电退还19.33亿元、刘桂平辞去建设银行行长等职务
2020-11-27,吕向阳拟参与*ST融捷定增资金来源曝光？已减持比亚迪股份套现4.56亿元 拟减持股份,吕向阳拟参与*ST融捷定增资金来源曝光？已减持比亚迪股份套现4.56亿元 拟减持股份
2020-11-27,北上资金本周净买入168.50亿元连续4周净买入,北上资金本周净买入168.50亿元连续4周净买入
2020-11-27,华为誓言不造车，影响几何！,华为誓言不造车，影响几何！
2020-11-27,比亚迪：融捷投资控股减持公司0.12%股份 减持股份,比亚迪：融捷投资控股减持公司0.12%股份 减持股份
2020-11-27,10月新能源乘用车批发销量排行：宏光MINI环比再涨18%，领先Model 3近两倍,10月新能源乘用车批发销量排行：宏光MINI环比再涨18%，领先Model 3近两倍
2020-11-27,关注汽车整车投资机会｜晨会1127,关注汽车整车投资机会｜晨会1127
2020-11-27,上午盘面透露重要信号：市场风格又变了！,上午盘面透露重要信号：市场风格又变了！
2020-11-27,胡润中国500强民营企业，2家轮胎企业上榜！,胡润中国500强民营企业，2家轮胎企业上榜！
2020-11-27,顺周期熄火“庄”股闪崩，两大主力资金持续加码，市场将迎拐点？,顺周期熄火“庄”股闪崩，两大主力资金持续加码，市场将迎拐点？
2020-11-27,2020胡润中国榜前100强民营企业 9家新能源汽车相关企业上榜,2020胡润中国榜前100强民营企业 9家新能源汽车相关企业上榜
2020-11-27,新能源汽车泡沫谁先破？,新能源汽车泡沫谁先破？
2020-11-27,iPhone12中国配件不足5%国产不应是廉价代名词,iPhone12中国配件不足5%国产不应是廉价代名词
2020-11-27,注意，一线游资交易风格变了！,注意，一线游资交易风格变了！
2020-11-27,北向资金重启“扫货”模式，释放什么信号？,北向资金重启“扫货”模式，释放什么信号？
2020-11-27,新能源车布局掉队？老大哥上汽不服：携手阿里、张江弄出大动作,新能源车布局掉队？老大哥上汽不服：携手阿里、张江弄出大动作
2020-11-27,中信建投：持续看好整车复苏，跨年行情持续,中信建投：持续看好整车复苏，跨年行情持续
2020-11-27,2020胡润中国榜发布！宁德时代位居新能源民营企业第一！,2020胡润中国榜发布！宁德时代位居新能源民营企业第一！
2020-11-27,A股融资融券日报：两融余额减少30.77亿元（11月26日）,A股融资融券日报：两融余额减少30.77亿元（11月26日）
2020-11-27,【SMM分析】2022年铁锂电池需求将超90GWh 但供需失衡价格承压,【SMM分析】2022年铁锂电池需求将超90GWh 但供需失衡价格承压
2020-11-27,两市冲高回落：比亚迪连续遭抛 25亿主力涌入银行股,两市冲高回落：比亚迪连续遭抛 25亿主力涌入银行股
2020-11-27,盛视早参：基金考核时点过后 风格或迎改变,盛视早参：基金考核时点过后 风格或迎改变
2020-11-27,北向资金动向盘点：净买入60亿元，重手加仓化工,北向资金动向盘点：净买入60亿元，重手加仓化工
2020-11-28,2021或是新能源车市爆发期，比亚迪将大幅上调销量目标,2021或是新能源车市爆发期，比亚迪将大幅上调销量目标
2020-11-28,比亚迪布局销售网 广州首家经销商开业,比亚迪布局销售网 广州首家经销商开业
2020-11-28,买房戴头盔能省30万？这个城市“下架”售楼处人脸识别,买房戴头盔能省30万？这个城市“下架”售楼处人脸识别
2020-11-28,EMUI11玄机揭秘！这就是鸿蒙OS的提前预演,EMUI11玄机揭秘！这就是鸿蒙OS的提前预演
2020-11-28,车市正在重新洗牌 给后起者提供了机会,车市正在重新洗牌 给后起者提供了机会
2020-11-28,越大越强CPU咋不做成巴掌大？,越大越强CPU咋不做成巴掌大？
2020-11-28,每日财报|五粮液总经理退休比亚迪股东减持329万股,每日财报|五粮液总经理退休比亚迪股东减持329万股
2020-11-28,上市公司正负面新闻2020年11月28日星期六,上市公司正负面新闻2020年11月28日星期六
2020-11-28,三星打造！全球首款5nmA78旗舰U一文读懂,三星打造！全球首款5nmA78旗舰U一文读懂
2020-11-29,股价飙升|蔚来成全球车企市值第4，国内第1,股价飙升|蔚来成全球车企市值第4，国内第1
2020-11-29,长盈精密：多方巨头入局新能源汽车行业 配套品牌厂商持续获益,长盈精密：多方巨头入局新能源汽车行业 配套品牌厂商持续获益
2020-11-29,蔚来追上比亚迪超越上汽 新能源车的天花板在哪？,蔚来追上比亚迪超越上汽 新能源车的天花板在哪？
2020-11-29,特斯拉市值超伯克希尔哈撒韦，蔚来追上比亚迪超越上汽，新能源汽车天花板在哪？,特斯拉市值超伯克希尔哈撒韦，蔚来追上比亚迪超越上汽，新能源汽车天花板在哪？
2020-11-29,磷酸铁锂“逆袭”,磷酸铁锂“逆袭”
2020-11-30,[公司]比亚迪：“汉”销量逐月增加 目前累积销量已超万台,[公司]比亚迪：“汉”销量逐月增加 目前累积销量已超万台
2020-11-30,智动力(300686)：内生+外延全面开拓消费电子领域,智动力(300686)：内生+外延全面开拓消费电子领域
2020-11-30,第12批新能源车推荐目录发布 Model Y等265款车型在列,第12批新能源车推荐目录发布 Model Y等265款车型在列
2020-11-30,[公司]比亚迪：“秦 PLUS”车型有望成为新能源汽车业务发展新动能,[公司]比亚迪：“秦 PLUS”车型有望成为新能源汽车业务发展新动能
2020-11-30,美的工业互联网2.0发布，新增模具与金融板块 | 钛快讯,美的工业互联网2.0发布，新增模具与金融板块 | 钛快讯
2020-11-30,销售旺季临近叠加政策补贴，汽车股这波涨势会延续到明年吗？丨牛熊眼,销售旺季临近叠加政策补贴，汽车股这波涨势会延续到明年吗？丨牛熊眼
2020-11-30,比亚迪(002594.SZ)：中证监已收到公司提交的H股发行的申请材料,比亚迪(002594.SZ)：中证监已收到公司提交的H股发行的申请材料
2020-11-30,汽车行业第49周周报：商务部提稳定扩大汽车消费 行业景气度持续回升,汽车行业第49周周报：商务部提稳定扩大汽车消费 行业景气度持续回升
2020-11-30,计算机行业周观点：华为智能汽车布局梳理,计算机行业周观点：华为智能汽车布局梳理
2020-11-30,美股盘前：三大期指涨跌互现，中海油跌超12%,美股盘前：三大期指涨跌互现，中海油跌超12%
2020-11-30,回天新材(300041)重大事件快评：建设华中新材料研发中心 长远布局高端领域,回天新材(300041)重大事件快评：建设华中新材料研发中心 长远布局高端领域
2020-11-30,比亚迪市值年内翻倍还能演绎“成长股”的逻辑吗？,比亚迪市值年内翻倍还能演绎“成长股”的逻辑吗？
2020-11-30,美国三大股指开盘涨跌不一，纳指涨0.17%,美国三大股指开盘涨跌不一，纳指涨0.17%
2020-11-30,疫情之下美国人疯狂买买买：创历史新高！,疫情之下美国人疯狂买买买：创历史新高！
2020-11-30,工信部发布《新能源汽车推广应用推荐车型目录》（2020年第12批）企业名单,工信部发布《新能源汽车推广应用推荐车型目录》（2020年第12批）企业名单
2020-11-30,特斯拉Model Y、ARCFOX αS进入新一批新能源汽车推荐车型目录,特斯拉Model Y、ARCFOX αS进入新一批新能源汽车推荐车型目录
2020-11-30,第12批新能源汽车推广车型目录出炉，比亚迪多款车型入围,第12批新能源汽车推广车型目录出炉，比亚迪多款车型入围
2020-11-30,【汽车-袁伟】汽车行业动态分析：财政部提前下达2021年新能源补贴预算，利好新能源汽车产业链,【汽车-袁伟】汽车行业动态分析：财政部提前下达2021年新能源补贴预算，利好新能源汽车产业链
2020-11-30,新能源汽车板块拉升，比亚迪、宁德时代收复失地,新能源汽车板块拉升，比亚迪、宁德时代收复失地
2020-11-30,吉利蔫了 比亚迪火了,吉利蔫了 比亚迪火了
2020-11-30,自主车企扎堆冲击新能源高端市场,自主车企扎堆冲击新能源高端市场
2020-11-30,A股融资融券日报：两融余额减少34.75亿元（11月27日）,A股融资融券日报：两融余额减少34.75亿元（11月27日）
2020-11-30,蔚来超越比亚迪成为中国市值最高车企！全球车企排第4,蔚来超越比亚迪成为中国市值最高车企！全球车企排第4
2020-11-30,新能源汽车处在重要阶段 多种因素驱动名企陆续入局,新能源汽车处在重要阶段 多种因素驱动名企陆续入局
2020-11-30,【国泰君安国际】大数据系列｜互联互通·一张图20201127,【国泰君安国际】大数据系列｜互联互通·一张图20201127
2020-11-30,特斯拉Model Y进入工信部推荐、免税目录，核心竞争力仍是产品力,特斯拉Model Y进入工信部推荐、免税目录，核心竞争力仍是产品力
2020-11-30,新一批批新能源汽车推广应用推荐车型目录发布，特斯拉Model Y在列,新一批批新能源汽车推广应用推荐车型目录发布，特斯拉Model Y在列
2020-11-30,策略丨持续关注周期及金融,策略丨持续关注周期及金融
2020-11-30,A股午盘综述：上证指数半日涨超1%，金融股推升大盘,A股午盘综述：上证指数半日涨超1%，金融股推升大盘
2020-11-30,Square：“美版支付宝”如何颠覆移动支付市场？,Square：“美版支付宝”如何颠覆移动支付市场？
2020-11-30,汽车行业周报：上汽联合阿里冲击高端 发力品牌向上,汽车行业周报：上汽联合阿里冲击高端 发力品牌向上
2020-11-30,福建首富的快意人生：怼王传福，马斯克求他降价，9年狂赚1200亿！,福建首富的快意人生：怼王传福，马斯克求他降价，9年狂赚1200亿！
2020-11-30,财华洞察|传统车企大反攻？上汽X阿里巴巴！智己汽车能否“后发先至”？,财华洞察|传统车企大反攻？上汽X阿里巴巴！智己汽车能否“后发先至”？
2020-12-01,14公司获得增持评级-更新中,14公司获得增持评级-更新中
2020-12-01,600份年报预告抢鲜看：“小牛”才露尖尖角,600份年报预告抢鲜看：“小牛”才露尖尖角
2020-12-01,如何看待当前新能车行业的估值,如何看待当前新能车行业的估值
2020-12-01,机构调研丨90家公司获调研 比亚迪获调研次数居首,机构调研丨90家公司获调研 比亚迪获调研次数居首
2020-12-01,比亚迪发布关于向中国证监会提交新增发行境外上市外资股(H股)申请材料的公告,比亚迪发布关于向中国证监会提交新增发行境外上市外资股(H股)申请材料的公告
2020-12-01,比亚迪：本次H股发行拟发行数量不超过公司2019年度股东大会召开日（即2020年6月23日）已发行H股股份总数的20%，实际发行的H股股份数量由公司与配售代理根据市场情况及公司资金需求而确定,比亚迪：本次H股发行拟发行数量不超过公司2019年度股东大会召开日（即2020年6月23日）已发行H股股份总数的20%，实际发行的H股股份数量由公司与配售代理根据市场情况及公司资金需求而确定
2020-12-01,比亚迪：中国证监会已收到公司提交的H股发行申请材料,比亚迪：中国证监会已收到公司提交的H股发行申请材料
2020-12-01,比亚迪：证监会已收到H股增发申请材料,比亚迪：证监会已收到H股增发申请材料
2020-12-01,晚间重要公告2020年12月1日星期二,晚间重要公告2020年12月1日星期二
2020-12-01,单月破3万！特斯拉都不是对手，“国民神车”销量再创新高，概念股闻风而动,单月破3万！特斯拉都不是对手，“国民神车”销量再创新高，概念股闻风而动
2020-12-01,国内市值最大车企再度易主 比亚迪反超蔚来重登榜首,国内市值最大车企再度易主 比亚迪反超蔚来重登榜首
2020-12-01,销售业绩火爆，新能源汽车中概股普涨，2021年需求有望持续上行,销售业绩火爆，新能源汽车中概股普涨，2021年需求有望持续上行
2020-12-01,飞腾和龙芯CPU单颗出货突破百万！国产CPU到哪一步了,飞腾和龙芯CPU单颗出货突破百万！国产CPU到哪一步了
2020-12-01,比亚迪：本次H股发行拟在获得中国证监会批准后，在获批的额度和有效期内，由公司与配售代理根据市场情况及相关规则进行一次或多次发行,比亚迪：本次H股发行拟在获得中国证监会批准后，在获批的额度和有效期内，由公司与配售代理根据市场情况及相关规则进行一次或多次发行
2020-12-01,汽车市场整体回暖 磷酸铁锂电池反转行情或将持续,汽车市场整体回暖 磷酸铁锂电池反转行情或将持续
2020-12-01,财政部上涨明年新能源汽车补贴预算，利好新能源汽车产业链,财政部上涨明年新能源汽车补贴预算，利好新能源汽车产业链
2020-12-01,11月A股牛熊榜：小康股份股价翻倍，比亚迪融资余额暴增近20亿元,11月A股牛熊榜：小康股份股价翻倍，比亚迪融资余额暴增近20亿元
2020-12-01,汽车及零部件行业-图说车市10月总结：行业复苏趋势明朗 期待传统旺季亮眼表现,汽车及零部件行业-图说车市10月总结：行业复苏趋势明朗 期待传统旺季亮眼表现
2020-12-01,11月美国三大股指集体大涨，道指创1987年以来最大月涨幅,11月美国三大股指集体大涨，道指创1987年以来最大月涨幅
2020-12-01,逾4000家A股上市公司铸就中国经济“压舱石”,逾4000家A股上市公司铸就中国经济“压舱石”
2020-12-01,动力锂电池行业2020年3季报,动力锂电池行业2020年3季报
2020-12-01,A股融资融券日报：两融余额增加44.55亿元（11月30日）,A股融资融券日报：两融余额增加44.55亿元（11月30日）
2020-12-01,一年前在美逼近退市的蔚来汽车，一年后首成中国市值最大车企 风险警示,一年前在美逼近退市的蔚来汽车，一年后首成中国市值最大车企 风险警示
2020-12-01,比亚迪：目前公司“汉”的在手订单充足,比亚迪：目前公司“汉”的在手订单充足
2020-12-01,汽车周报：智己汽车再掀变革 吉利星瑞品牌向上,汽车周报：智己汽车再掀变革 吉利星瑞品牌向上
2020-12-01,比亚迪：10月“汉”销量7545辆,比亚迪：10月“汉”销量7545辆
2020-12-01,一个通俗的小故事告诉你：如何判断一只股票是否值得投资？,一个通俗的小故事告诉你：如何判断一只股票是否值得投资？
2020-12-01,电新行业：年末新能源汽车迎来热销 光伏大尺寸趋势加速,电新行业：年末新能源汽车迎来热销 光伏大尺寸趋势加速
2020-12-01,打造强硬比亚迪质量，树立行业新风范,打造强硬比亚迪质量，树立行业新风范
2020-12-01,特斯拉并非不可战胜,特斯拉并非不可战胜
2020-12-01,比亚迪：目前“汉”在手订单充足 10月销售量再创新高,比亚迪：目前“汉”在手订单充足 10月销售量再创新高
2020-12-01,蔚来汽车市值超奔驰、宝马，新能源汽车概念还能火多久,蔚来汽车市值超奔驰、宝马，新能源汽车概念还能火多久
2020-12-02,比亚迪：今年技术产品等方面均有突破 明年新品牌将发力｜公司问答,比亚迪：今年技术产品等方面均有突破 明年新品牌将发力｜公司问答
2020-12-02,5300亿巨头复牌大跌！北向资金反手砸盘,5300亿巨头复牌大跌！北向资金反手砸盘
2020-12-02,【安信汽车】比亚迪：汉月销破万，新纪录、新起点、新时代,【安信汽车】比亚迪：汉月销破万，新纪录、新起点、新时代
2020-12-02,比亚迪(002594)：拟增发H股募集资金 加码研发投入,比亚迪(002594)：拟增发H股募集资金 加码研发投入
2020-12-02,会通股份：下游需求增长行业蛋糕逾千亿元 坐拥优质客户竞争力凸显,会通股份：下游需求增长行业蛋糕逾千亿元 坐拥优质客户竞争力凸显
2020-12-02,鸿蒙系统来了华为还会怕什么？,鸿蒙系统来了华为还会怕什么？
2020-12-02,亲历市场11月篇|号牌多了　市场火了,亲历市场11月篇|号牌多了　市场火了
2020-12-02,港股收盘：比亚迪、小米、龙湖地产今日集体大跌 都有一个共同的原因 连续下跌,港股收盘：比亚迪、小米、龙湖地产今日集体大跌 都有一个共同的原因 连续下跌
2020-12-02,A股收盘综述：上证指数震荡跌0.07%，盘中触及3465点创近34个月新高,A股收盘综述：上证指数震荡跌0.07%，盘中触及3465点创近34个月新高
2020-12-02,42股今日获机构买入评级7股上涨空间超20%,42股今日获机构买入评级7股上涨空间超20%
2020-12-02,【超级大单】大资金砸盘新能源车龙头，卖出资金超18亿元,【超级大单】大资金砸盘新能源车龙头，卖出资金超18亿元
2020-12-02,北向资金净流出40.25亿元 比亚迪净流出6.62亿元,北向资金净流出40.25亿元 比亚迪净流出6.62亿元
2020-12-02,北向资金丨比亚迪遭净卖出6.62亿元,北向资金丨比亚迪遭净卖出6.62亿元
2020-12-02,中概股新能源车集体回调，借基布局看这里！,中概股新能源车集体回调，借基布局看这里！
2020-12-02,富时中国A50指数新纳入比亚迪等股，删除中国联通等股,富时中国A50指数新纳入比亚迪等股，删除中国联通等股
2020-12-02,富时中国A50指数新纳入比亚迪等3股 12月18日收盘后生效,富时中国A50指数新纳入比亚迪等3股 12月18日收盘后生效
2020-12-02,富时A50指数新纳入比亚迪、泸州老窖、爱尔眼科,富时A50指数新纳入比亚迪、泸州老窖、爱尔眼科
2020-12-02,中消协：汽车4S店零配件、工时费贵到奔驰、奥迪车主也吐槽,中消协：汽车4S店零配件、工时费贵到奔驰、奥迪车主也吐槽
2020-12-02,中概股新能源汽车股盘前跌幅扩大，蔚来汽车跌超11%,中概股新能源汽车股盘前跌幅扩大，蔚来汽车跌超11%
2020-12-02,23家汽车厂商4S店服务满意度测评：东风标致排名垫底,23家汽车厂商4S店服务满意度测评：东风标致排名垫底
2020-12-02,北向资金今日净卖出40.25亿元，比亚迪、格力电器净卖出逾6亿元,北向资金今日净卖出40.25亿元，比亚迪、格力电器净卖出逾6亿元
2020-12-02,突发闪崩！5300亿巨头要融资260亿，刚复牌暴跌10%！沪指创年内新高，外资突然砸盘！120万手封死跌停，大牛股9天腰斩！,突发闪崩！5300亿巨头要融资260亿，刚复牌暴跌10%！沪指创年内新高，外资突然砸盘！120万手封死跌停，大牛股9天腰斩！
2020-12-02,比亚迪今日被北向资金净卖出6.62亿,比亚迪今日被北向资金净卖出6.62亿
2020-12-02,花旗：料比亚迪(1211.HK)增发计划短期拖累股价 维持“买入”评级,花旗：料比亚迪(1211.HK)增发计划短期拖累股价 维持“买入”评级
2020-12-02,汽车股午后跌幅扩大 五菱汽车大跌近14%比亚迪跌近9%,汽车股午后跌幅扩大 五菱汽车大跌近14%比亚迪跌近9%
2020-12-02,被“神话”的特斯拉,被“神话”的特斯拉
2020-12-02,比亚迪（002594/00285.HK）：拟增发H股融资，继续赋能电动战略,比亚迪（002594/00285.HK）：拟增发H股融资，继续赋能电动战略
2020-12-02,中信证券：维持比亚迪买入评级,中信证券：维持比亚迪买入评级
2020-12-02,A股融资融券日报：两融余额增加72.93亿元（12月1日）,A股融资融券日报：两融余额增加72.93亿元（12月1日）
2020-12-02,犀牛财经早报：青年汽车申请重整 光大证券研究所多人离职 减资破产,犀牛财经早报：青年汽车申请重整 光大证券研究所多人离职 减资破产
2020-12-02,花旗：比亚迪增发计划短期料损股价长期有助增强竞争力,花旗：比亚迪增发计划短期料损股价长期有助增强竞争力
2020-12-02,汽车板块走软，比亚迪跌近4%,汽车板块走软，比亚迪跌近4%
2020-12-02,“村通网”真不是胡说竟有40%农村家庭无法上网,“村通网”真不是胡说竟有40%农村家庭无法上网
2020-12-02,比亚迪(01211-HK)向中证监申请增发H股,比亚迪(01211-HK)向中证监申请增发H股
2020-12-02,比亚迪A股跌近5%H股跌超8% 此前向中证监申请增发H股,比亚迪A股跌近5%H股跌超8% 此前向中证监申请增发H股
2020-12-02,中信证券：维持比亚迪（A+H股）“买入”评级继续重点推荐,中信证券：维持比亚迪（A+H股）“买入”评级继续重点推荐
2020-12-02,【异动股】刀片电池板块下挫，比亚迪(002594-CN)跌4.63%,【异动股】刀片电池板块下挫，比亚迪(002594-CN)跌4.63%
2020-12-02,宁德时代全面超越LG化学，重回全球第一！,宁德时代全面超越LG化学，重回全球第一！
2020-12-02,午评：港股恒指跌0.07% 汽车股集体下跌比亚迪跌超8% 连续下跌,午评：港股恒指跌0.07% 汽车股集体下跌比亚迪跌超8% 连续下跌
2020-12-02,指数早盘分化：主力抢筹光学电子 比亚迪遭抛19亿,指数早盘分化：主力抢筹光学电子 比亚迪遭抛19亿
2020-12-02,A股午盘综述：上证指数半日微升，盘中创出2018年2月初以来新高,A股午盘综述：上证指数半日微升，盘中创出2018年2月初以来新高
2020-12-02,比亚迪A股港股双双下跌，此前向中国证监会申请增发H股,比亚迪A股港股双双下跌，此前向中国证监会申请增发H股
2020-12-02,十大趋势看2020动力电池产业“变迁”（上）,十大趋势看2020动力电池产业“变迁”（上）
2020-12-02,拟高位增发港股，受资本追捧的比亚迪也“缺钱”？,拟高位增发港股，受资本追捧的比亚迪也“缺钱”？
2020-12-02,回购13.21亿元股票 上汽集团能否回归“车企市值第一”？,回购13.21亿元股票 上汽集团能否回归“车企市值第一”？
2020-12-02,抓住储能市场！新能源汽车后又一万亿级规模市场正在开启,抓住储能市场！新能源汽车后又一万亿级规模市场正在开启
2020-12-02,汽车板块跌幅有所扩大，长城汽车跌超6%、比亚迪跌超4%,汽车板块跌幅有所扩大，长城汽车跌超6%、比亚迪跌超4%
2020-12-03,数据复盘|85亿主力资金撤离电子行业 北向资金加仓比亚迪、中国平安等股,数据复盘|85亿主力资金撤离电子行业 北向资金加仓比亚迪、中国平安等股
2020-12-03,北向资金净流入35.94亿元 比亚迪净流入8.72亿元,北向资金净流入35.94亿元 比亚迪净流入8.72亿元
2020-12-03,比亚迪：今年迄今累计汽车销量370650辆，同比下降11.37% 盈利能力下降,比亚迪：今年迄今累计汽车销量370650辆，同比下降11.37% 盈利能力下降
2020-12-03,比亚迪：11月新能源汽车销量26690辆，同比增137.9%,比亚迪：11月新能源汽车销量26690辆，同比增137.9%
2020-12-03,【快讯】比亚迪11月汽车销量5.3943万辆,【快讯】比亚迪11月汽车销量5.3943万辆
2020-12-03,北向资金净买入35.94亿元比亚迪获净买入8.72亿元,北向资金净买入35.94亿元比亚迪获净买入8.72亿元
2020-12-03,盛视早参：疫苗量产在即 风险偏好上升,盛视早参：疫苗量产在即 风险偏好上升
2020-12-03,北向资金今日净买入35.94亿元，比亚迪净买入近9亿元,北向资金今日净买入35.94亿元，比亚迪净买入近9亿元
2020-12-03,从A50成分股调整看明年外资入场逻辑,从A50成分股调整看明年外资入场逻辑
2020-12-03,【集资抽水】比亚迪拟增发H股致股价受压 翌日再跌1.39%,【集资抽水】比亚迪拟增发H股致股价受压 翌日再跌1.39%
2020-12-03,【泰有财·研究服务】比亚迪股份（1211 HK）,【泰有财·研究服务】比亚迪股份（1211 HK）
2020-12-03,电气设备新能源汽车：海外红利开启，中国电池全球竞争力评估，维持“买入”评级,电气设备新能源汽车：海外红利开启，中国电池全球竞争力评估，维持“买入”评级
2020-12-03,比亚迪：11月新能源汽车销量26690辆,比亚迪：11月新能源汽车销量26690辆
2020-12-03,比亚迪今日获北向资金净买入8.72亿,比亚迪今日获北向资金净买入8.72亿
2020-12-03,比亚迪：11月汽车销量53943辆新能源汽车销量同比大增137.9%,比亚迪：11月汽车销量53943辆新能源汽车销量同比大增137.9%
2020-12-03,【太平洋机械】机械行业周报20201206：制造业投资向上，叉车保持强劲增长,【太平洋机械】机械行业周报20201206：制造业投资向上，叉车保持强劲增长
2020-12-03,富时A50指数调整，新入选者年内涨幅均超过1倍,富时A50指数调整，新入选者年内涨幅均超过1倍
2020-12-03,比亚迪：11月新能源车销量近2.67万辆 同比增138%,比亚迪：11月新能源车销量近2.67万辆 同比增138%
2020-12-03,中金看高比亚迪至230港元，维持「跑赢大市」评级，瑞银下调其评级至「沽售」。 投资评级恶化,中金看高比亚迪至230港元，维持「跑赢大市」评级，瑞银下调其评级至「沽售」。 投资评级恶化
2020-12-03,比亚迪11月销量约5.39万辆，同比下滑约11.37% 盈利能力下降,比亚迪11月销量约5.39万辆，同比下滑约11.37% 盈利能力下降
2020-12-03,比亚迪汉11月销售超万辆 连续4个月攀升,比亚迪汉11月销售超万辆 连续4个月攀升
2020-12-03,比亚迪汉11月销售超万辆，连续4个月攀升,比亚迪汉11月销售超万辆，连续4个月攀升
2020-12-03,比亚迪11月份新能源汽车销量同比增长138%,比亚迪11月份新能源汽车销量同比增长138%
2020-12-03,比亚迪(01211-HK)11月销量增31%,比亚迪(01211-HK)11月销量增31%
2020-12-03,晚间重要公告2020年12月3日星期四,晚间重要公告2020年12月3日星期四
2020-12-03,4000亿新能源车巨头又火了:11月销量大增140% 股价近3个月暴涨80%,4000亿新能源车巨头又火了:11月销量大增140% 股价近3个月暴涨80%
2020-12-03,市场要闻 | 比亚迪、泸州老窖等新纳入富时中国A50，未来股价怎么走？,市场要闻 | 比亚迪、泸州老窖等新纳入富时中国A50，未来股价怎么走？
2020-12-03,公告精选：尚纬股份终止收购星空野望40.27%股权；比亚迪11月新能源汽车销量增138%,公告精选：尚纬股份终止收购星空野望40.27%股权；比亚迪11月新能源汽车销量增138%
2020-12-03,晚间要闻2020年12月3日星期四,晚间要闻2020年12月3日星期四
2020-12-03,格隆汇港股聚焦(12.3)︱多家房企提前完成全年目标；比亚迪11月新能源汽车销量大增137.88%,格隆汇港股聚焦(12.3)︱多家房企提前完成全年目标；比亚迪11月新能源汽车销量大增137.88%
2020-12-03,涨停复盘 | 大盘犹豫不前，医药板块走高,涨停复盘 | 大盘犹豫不前，医药板块走高
2020-12-03,为何高通发个芯片 手机厂商都会去帮它站台,为何高通发个芯片 手机厂商都会去帮它站台
2020-12-03,中国量子计算机九章问世：比世界第一超算快百万亿倍,中国量子计算机九章问世：比世界第一超算快百万亿倍
2020-12-03,九号上市后首次架构调整：成立四大机器人团队要扳回一局,九号上市后首次架构调整：成立四大机器人团队要扳回一局
2020-12-03,比亚迪股份有限公司 2020年11月销量快报,比亚迪股份有限公司 2020年11月销量快报
2020-12-03,A股头条：富时中国A50指数新纳入比亚迪等3股，过半基金经理看涨12月,A股头条：富时中国A50指数新纳入比亚迪等3股，过半基金经理看涨12月
2020-12-03,时富金融服务(00510-HK)购比亚迪(00510-HK)及小米(01810-HK)股份,时富金融服务(00510-HK)购比亚迪(00510-HK)及小米(01810-HK)股份
2020-12-03,刚刚！富时罗素名单调整，3只A股新入列！外资最近狂买这些股,刚刚！富时罗素名单调整，3只A股新入列！外资最近狂买这些股
2020-12-03,早知道：退市新规即将出炉；富时中国A50指数新纳入比亚迪等3股,早知道：退市新规即将出炉；富时中国A50指数新纳入比亚迪等3股
2020-12-03,外资又一个大消息，看富时中国指数变动全名单！,外资又一个大消息，看富时中国指数变动全名单！
2020-12-03,【民生证券研究院】晨会纪要20201203,【民生证券研究院】晨会纪要20201203
2020-12-03,沪指摸高，北向资金却终结四天净买入！大幅卖出这些个股（名单）,沪指摸高，北向资金却终结四天净买入！大幅卖出这些个股（名单）
2020-12-03,数千亿市值的小米、比亚迪同时大跌 都因一件事？ 连续下跌,数千亿市值的小米、比亚迪同时大跌 都因一件事？ 连续下跌
2020-12-03,北向资金动向盘点：休整，减仓两大方向,北向资金动向盘点：休整，减仓两大方向
2020-12-03,数千亿市值的小米、比亚迪同时大跌，都因一件事？,数千亿市值的小米、比亚迪同时大跌，都因一件事？
2020-12-03,港股抽水潮日吸370亿：小米净筹逾311亿 还有龙湖、比亚迪,港股抽水潮日吸370亿：小米净筹逾311亿 还有龙湖、比亚迪
2020-12-03,逆全球化大浪潮下，为什么中国企业必须坚持打造全球品牌？,逆全球化大浪潮下，为什么中国企业必须坚持打造全球品牌？
2020-12-03,开源晨会1203丨2020年12月资产配置月报；龙头变革推动新能车市场化大周期；美团、创梦天地,开源晨会1203丨2020年12月资产配置月报；龙头变革推动新能车市场化大周期；美团、创梦天地
2020-12-03,港股盘前必读：小米集团拟通过“配股+发债”融资近40亿美元,港股盘前必读：小米集团拟通过“配股+发债”融资近40亿美元
2020-12-03,小米、比亚迪，数千亿市值巨头同时大跌，都与一件事相关？ 连续下跌,小米、比亚迪，数千亿市值巨头同时大跌，都与一件事相关？ 连续下跌
2020-12-03,A股融资融券日报：两融余额增加70.21亿元（12月2日）,A股融资融券日报：两融余额增加70.21亿元（12月2日）
2020-12-03,日本仍未淘汰3.5英寸软盘银行也很苦恼,日本仍未淘汰3.5英寸软盘银行也很苦恼
2020-12-03,25股获券商买入评级 招商蛇口目标涨幅达55.21%,25股获券商买入评级 招商蛇口目标涨幅达55.21%
2020-12-03,小米系公司成立四大机器人团队要扳回一局,小米系公司成立四大机器人团队要扳回一局
2020-12-03,5天市值蒸发2000亿：新势力三剑客拿什么撑起万亿市值神话？,5天市值蒸发2000亿：新势力三剑客拿什么撑起万亿市值神话？
2020-12-03,【行情】汽车板块再度拉升，福田汽车封板，亚星客车、比亚迪、广汽集团小幅跟涨,【行情】汽车板块再度拉升，福田汽车封板，亚星客车、比亚迪、广汽集团小幅跟涨
2020-12-03,中泰国际：比亚迪控股电话会路演纪要,中泰国际：比亚迪控股电话会路演纪要
2020-12-03,2021年安卓旗舰标配！骁龙888与上代骁龙865对比,2021年安卓旗舰标配！骁龙888与上代骁龙865对比
2020-12-03,抢过三元锂电池风头，连续三个月销量翻倍，磷酸铁锂电池掀复兴,抢过三元锂电池风头，连续三个月销量翻倍，磷酸铁锂电池掀复兴
2020-12-03,新能源汽车下乡如何惠及老乡,新能源汽车下乡如何惠及老乡
2020-12-03,瑞银降比亚迪(01211-HK)评级至沽售最新目标价144港元 投资评级恶化,瑞银降比亚迪(01211-HK)评级至沽售最新目标价144港元 投资评级恶化
2020-12-03,比亚迪新纳入富时中国A50指数，中国联通惨遭剔除,比亚迪新纳入富时中国A50指数，中国联通惨遭剔除
2020-12-03,比亚迪股份涨1.45%,比亚迪股份涨1.45%
2020-12-03,中泰国际：比亚迪控股管理层预期第四季度汉有望每月交付1万台以上,中泰国际：比亚迪控股管理层预期第四季度汉有望每月交付1万台以上
2020-12-03,自主品牌开始向中高端MPV市场进发,自主品牌开始向中高端MPV市场进发
2020-12-04,荣耀时刻！比亚迪半导体荣登2020全球独角兽企业500强榜单,荣耀时刻！比亚迪半导体荣登2020全球独角兽企业500强榜单
2020-12-04,国家发改委年底密集调研，透露三大信号,国家发改委年底密集调研，透露三大信号
2020-12-04,A股融资融券日报：两融余额减少10.63亿元（12月3日）,A股融资融券日报：两融余额减少10.63亿元（12月3日）
2020-12-04,公用事业-电力电气设备行业：碳中和 离我们还有多远,公用事业-电力电气设备行业：碳中和 离我们还有多远
2020-12-04,比亚迪11月份销售纯电动汽车18220 辆 同比增长128%,比亚迪11月份销售纯电动汽车18220 辆 同比增长128%
2020-12-04,单月销量破万！汉车型突围中国品牌高端市场,单月销量破万！汉车型突围中国品牌高端市场
2020-12-04,跳出“舒适区”进行新能源汽车改革 长城汽车势在必行,跳出“舒适区”进行新能源汽车改革 长城汽车势在必行
2020-12-04,【金属年会】SMM：需求增加、钴原料供需趋紧支撑2021年锂价上涨,【金属年会】SMM：需求增加、钴原料供需趋紧支撑2021年锂价上涨
2020-12-04,新能源车11月销量亮眼，比亚迪汉月销首度破万,新能源车11月销量亮眼，比亚迪汉月销首度破万
2020-12-04,贝壳投研：特斯拉加速布局，没有了它，新能源电动车将寸步难行！,贝壳投研：特斯拉加速布局，没有了它，新能源电动车将寸步难行！
2020-12-04,别小看AMD：要超苹果成台积电第一大客户,别小看AMD：要超苹果成台积电第一大客户
2020-12-04,数据解盘|今日北向资金合计净流入57.17亿元 券商信托板块主力资金净流出52.41亿元,数据解盘|今日北向资金合计净流入57.17亿元 券商信托板块主力资金净流出52.41亿元
2020-12-04,汉销量首破万，马斯克请当心,汉销量首破万，马斯克请当心
2020-12-04,【今日机构评级汇总】瑞银认可陆金所业绩表现；富瑞看好美团外卖业务复苏,【今日机构评级汇总】瑞银认可陆金所业绩表现；富瑞看好美团外卖业务复苏
2020-12-04,摸底当家车（三）｜日系品牌暗藏“光环” ，新能源车争议中“升温” 网约车司机偏爱什么车？,摸底当家车（三）｜日系品牌暗藏“光环” ，新能源车争议中“升温” 网约车司机偏爱什么车？
2020-12-04,时隔3年：去年还被清理的华为成功上位！,时隔3年：去年还被清理的华为成功上位！
2020-12-04,困扰佳能用户5年的一个老问题终于解决了,困扰佳能用户5年的一个老问题终于解决了
2020-12-04,金融带头冲关 持续还看科技,金融带头冲关 持续还看科技
2020-12-04,融捷健康股东超额减持260.13万 “步子迈大了”容易收监管函 减持股份,融捷健康股东超额减持260.13万 “步子迈大了”容易收监管函 减持股份
2020-12-04,造车新势力估值偏高？比亚迪小鹏遭瑞银下调评级 机构下调估值,造车新势力估值偏高？比亚迪小鹏遭瑞银下调评级 机构下调估值
2020-12-04,【SMM独家】2020年中国新能源市场回顾及2021年行情展望,【SMM独家】2020年中国新能源市场回顾及2021年行情展望
2020-12-04,芯片全线告急！汽车行业遭遇灰犀牛，有车企已停产 经营问题,芯片全线告急！汽车行业遭遇灰犀牛，有车企已停产 经营问题
2020-12-04,“黑马”中航锂电逆袭,“黑马”中航锂电逆袭
2020-12-04,“黑马”中航锂电跻身第一梯队,“黑马”中航锂电跻身第一梯队
2020-12-04,比亚迪AH股齐涨 11月新能源汽车销量大增137.88%至2.67万辆,比亚迪AH股齐涨 11月新能源汽车销量大增137.88%至2.67万辆
2020-12-04,【华创汽车】比亚迪：汉、唐景气延续，基本面陆续开花结果,【华创汽车】比亚迪：汉、唐景气延续，基本面陆续开花结果
2020-12-04,比亚迪“汉”月售过万辆 11月新能源车销量倍增,比亚迪“汉”月售过万辆 11月新能源车销量倍增
2020-12-04,市场赚钱效应扩散，一线游资活跃度提升,市场赚钱效应扩散，一线游资活跃度提升
2020-12-04,上市公司正负面新闻2020年12月4日星期五,上市公司正负面新闻2020年12月4日星期五
2020-12-04,盘前有料丨尚纬股份终止收购星空野望股权，油价二连涨 …重要消息还有这些 并购重组异常,盘前有料丨尚纬股份终止收购星空野望股权，油价二连涨 …重要消息还有这些 并购重组异常
2020-12-04,北向资金回流！比亚迪获增持8.7亿 格力电器被抛售,北向资金回流！比亚迪获增持8.7亿 格力电器被抛售
2020-12-04,智通港股早知道︱(12月4日)蓝月亮(06993)今起招股，关注赣锋锂业(01772)等新能源车上游产业链股价趋势,智通港股早知道︱(12月4日)蓝月亮(06993)今起招股，关注赣锋锂业(01772)等新能源车上游产业链股价趋势
2020-12-04,北向资金动向盘点：重回医药、食品，防守思维东山再起,北向资金动向盘点：重回医药、食品，防守思维东山再起
2020-12-04,【民生证券研究院】晨会纪要20201204,【民生证券研究院】晨会纪要20201204
2020-12-04,【中证盘前】7连板彩虹股份股东拟大额减持；大连圣亚3个跌停后股东拟增持；北向资金狂买比亚迪,【中证盘前】7连板彩虹股份股东拟大额减持；大连圣亚3个跌停后股东拟增持；北向资金狂买比亚迪
2020-12-04,比亚迪（002594/01211.HK）：“汉”月销量破万，高景气持续验证,比亚迪（002594/01211.HK）：“汉”月销量破万，高景气持续验证
2020-12-04,中信证券：比亚迪“汉”月销量破万 高景气持续验证,中信证券：比亚迪“汉”月销量破万 高景气持续验证
2020-12-04,2020年12月指数基金产品精选组合报告：基本面拐点渐显 把握盈利驱动主线,2020年12月指数基金产品精选组合报告：基本面拐点渐显 把握盈利驱动主线
2020-12-04,中信证券：比亚迪“汉”月销量破万，高景气持续验证,中信证券：比亚迪“汉”月销量破万，高景气持续验证
2020-12-04,A股早报2020年12月4日星期五,A股早报2020年12月4日星期五
2020-12-04,比亚迪坚定电动化发展方向，商用车技术为王，树立城配新标杆,比亚迪坚定电动化发展方向，商用车技术为王，树立城配新标杆
2020-12-04,异动直击|比亚迪股份高开%，汉月销售量首次过万,异动直击|比亚迪股份高开%，汉月销售量首次过万
2020-12-04,花旗料比亚迪(01211-HK)明年首季销售提速次季推汉系列SUV,花旗料比亚迪(01211-HK)明年首季销售提速次季推汉系列SUV
2020-12-04,当升科技(300073)：海外放量+产能落地 正极龙头全球竞争力逐步突显,当升科技(300073)：海外放量+产能落地 正极龙头全球竞争力逐步突显
2020-12-04,新能源车销量同比下滑约11.37%！比亚迪11月售出5.39万辆 盈利能力下降,新能源车销量同比下滑约11.37%！比亚迪11月售出5.39万辆 盈利能力下降
2020-12-04,"比亚迪发布11月销量快报 11月汽车销量53,943辆 新能源汽车26,690辆","比亚迪发布11月销量快报 11月汽车销量53,943辆 新能源汽车26,690辆"
2020-12-04,江淮汽车涨超7%，领涨汽车板块,江淮汽车涨超7%，领涨汽车板块
2020-12-04,比亚迪：11月新能源汽车销量同比增约1.4倍至约2.67万辆 ，燃油汽车则同比下滑9.4% 盈利能力下降,比亚迪：11月新能源汽车销量同比增约1.4倍至约2.67万辆 ，燃油汽车则同比下滑9.4% 盈利能力下降
2020-12-05,比亚迪面向深圳地区汉EV车主推出APA自动泊车辅助系统升级服务,比亚迪面向深圳地区汉EV车主推出APA自动泊车辅助系统升级服务
2020-12-05,独立品牌密集发布，传统车企进入“翻牌”时间,独立品牌密集发布，传统车企进入“翻牌”时间
2020-12-05,上市公司2020年业绩抢先看！118家预计净利润翻倍,上市公司2020年业绩抢先看！118家预计净利润翻倍
2020-12-05,实体钥匙“靠边站” 数字车钥匙成标配,实体钥匙“靠边站” 数字车钥匙成标配
2020-12-06,时代投研 | 造车新势力报告：估值泡沫与夹缝生存下，销量定生死,时代投研 | 造车新势力报告：估值泡沫与夹缝生存下，销量定生死
2020-12-06,"连续四个月增长 比亚迪汉11月交付10,105辆","连续四个月增长 比亚迪汉11月交付10,105辆"
2020-12-06,比亚迪：宋家族11月销售24647辆，上市累计销量超82万辆,比亚迪：宋家族11月销售24647辆，上市累计销量超82万辆
2020-12-06,比亚迪：宋家族累计销量突破82万辆,比亚迪：宋家族累计销量突破82万辆
2020-12-06,比亚迪汉EV入驻华为成都旗舰店,比亚迪汉EV入驻华为成都旗舰店
2020-12-06,招商策略：年底值得关注的两大产业趋势变化,招商策略：年底值得关注的两大产业趋势变化
2020-12-06,比亚迪：工信部发布新一批《公告》，多款重磅DMi车型在列【安信汽车】,比亚迪：工信部发布新一批《公告》，多款重磅DMi车型在列【安信汽车】
2020-12-06,融捷健康股东金浩收监管函 超额减持超260万元 问询,融捷健康股东金浩收监管函 超额减持超260万元 问询
2020-12-07,新能源汽车行业周报：11月欧洲电动车销量同比增长218％,新能源汽车行业周报：11月欧洲电动车销量同比增长218％
2020-12-07,新能源汽车行业周报：行业景气度持续提振 锂电材料相继涨价,新能源汽车行业周报：行业景气度持续提振 锂电材料相继涨价
2020-12-07,A股收盘综述：上证指数跌0.81%，沃森生物跌停成交金额近百亿元,A股收盘综述：上证指数跌0.81%，沃森生物跌停成交金额近百亿元
2020-12-07,科达利业绩择时增长,科达利业绩择时增长
2020-12-07,2020年的冬季，作为电动车主的你敢开暖风了吗？,2020年的冬季，作为电动车主的你敢开暖风了吗？
2020-12-07,比亚迪、上汽集团等股今日获机构买入型评级,比亚迪、上汽集团等股今日获机构买入型评级
2020-12-07,动力电池涨价箭在弦上，上游原材料涨价函已经漫天飞,动力电池涨价箭在弦上，上游原材料涨价函已经漫天飞
2020-12-07,38股今日获机构买入评级8股上涨空间超20%,38股今日获机构买入评级8股上涨空间超20%
2020-12-07,北向资金今日净卖出11.6亿元，洋河股份、京东方A净卖出逾4亿元,北向资金今日净卖出11.6亿元，洋河股份、京东方A净卖出逾4亿元
2020-12-07,新能源汽车行业月报：欧洲新能源销量大超预期 锂电材料价格触底反弹,新能源汽车行业月报：欧洲新能源销量大超预期 锂电材料价格触底反弹
2020-12-07,北上资金活跃股名单(12月7日),北上资金活跃股名单(12月7日)
2020-12-07,晚间要闻2020年12月7日星期一,晚间要闻2020年12月7日星期一
2020-12-07,【SMM专题】新能源车企11月销量劲增 预计全年产量可超120万辆同比增5%,【SMM专题】新能源车企11月销量劲增 预计全年产量可超120万辆同比增5%
2020-12-07,比亚迪 | 11月：新旗舰“汉”销量破万 供给创造需求【华西汽车 崔琰团队】,比亚迪 | 11月：新旗舰“汉”销量破万 供给创造需求【华西汽车 崔琰团队】
2020-12-07,智能制造行业双周报：新一轮扩张期已来 锂电设备采购迎来新高潮,智能制造行业双周报：新一轮扩张期已来 锂电设备采购迎来新高潮
2020-12-07,刘强东“复出”！京东下定决心,刘强东“复出”！京东下定决心
2020-12-07,5G本质是速度升级！套餐越来越便宜,5G本质是速度升级！套餐越来越便宜
2020-12-07,销量波动大成长性受关注，造车新势力“三兄弟”盈利能力有待提升,销量波动大成长性受关注，造车新势力“三兄弟”盈利能力有待提升
2020-12-07,机械设备行业：设备升级赋能先进光伏工艺 重视工程机械需求持续性,机械设备行业：设备升级赋能先进光伏工艺 重视工程机械需求持续性
2020-12-07,24股获券商买入评级 宇通客车目标涨幅达58.36%,24股获券商买入评级 宇通客车目标涨幅达58.36%
2020-12-07,比亚迪：芯片短缺在行业确有存在但公司可充分自给,比亚迪：芯片短缺在行业确有存在但公司可充分自给
2020-12-07,A股融资融券日报：两融余额减少13.24亿元（12月4日）,A股融资融券日报：两融余额减少13.24亿元（12月4日）
2020-12-07,中信建投2021年汽车投资策略展望：温和复苏，电动化为基石，智能化为下半场,中信建投2021年汽车投资策略展望：温和复苏，电动化为基石，智能化为下半场
2020-12-07,比亚迪2020年11月动力电池及储能电池装机总量约为1.940GWh,比亚迪2020年11月动力电池及储能电池装机总量约为1.940GWh
2020-12-07,比亚迪：本身具有芯片制造能力 不存在因此导致的停产问题,比亚迪：本身具有芯片制造能力 不存在因此导致的停产问题
2020-12-07,电气设备行业周报：关注景气度往中上游的延伸,电气设备行业周报：关注景气度往中上游的延伸
2020-12-07,汽车行业周报：11月第四周批发同比+4％ 全面看多,汽车行业周报：11月第四周批发同比+4％ 全面看多
2020-12-07,市值月盘点 | 11月汽车股继续拉升：53家车企业绩飘红，市值增加超7645亿元,市值月盘点 | 11月汽车股继续拉升：53家车企业绩飘红，市值增加超7645亿元
2020-12-07,车界首富竟不是造车的？新能源电池市场暗潮汹涌,车界首富竟不是造车的？新能源电池市场暗潮汹涌
2020-12-07,【方正电新丨周观点】全球新能车销量持续强劲， LG化学拆分电池业务,【方正电新丨周观点】全球新能车销量持续强劲， LG化学拆分电池业务
2020-12-08,新能源汽车行业周报：德国11月电动车渗透率突破20%,新能源汽车行业周报：德国11月电动车渗透率突破20%
2020-12-08,2020年中国新能源重卡行业市场现状及竞争格局分析 去年市场销量出现暴涨,2020年中国新能源重卡行业市场现状及竞争格局分析 去年市场销量出现暴涨
2020-12-08,比亚迪王传福专注领域发展，加速产业进步,比亚迪王传福专注领域发展，加速产业进步
2020-12-08,搭1.5L插混系统 比亚迪宋Pro DM申报图,搭1.5L插混系统 比亚迪宋Pro DM申报图
2020-12-08,工信部发布第22批拟享受车船税减免优惠的车型目录 比亚迪秦PLUS等获列入,工信部发布第22批拟享受车船税减免优惠的车型目录 比亚迪秦PLUS等获列入
2020-12-08,工信部发布第22批拟享受车船税减免优惠的车型目录，比亚迪秦PLUS等获列入,工信部发布第22批拟享受车船税减免优惠的车型目录，比亚迪秦PLUS等获列入
2020-12-08,4万亿巨头横空出世 A股概念龙头破百 13股机构看好,4万亿巨头横空出世 A股概念龙头破百 13股机构看好
2020-12-08,【行情】汽车整车板块拉升走强，江淮汽车涨停，长城汽车、福田汽车、比亚迪等跟涨,【行情】汽车整车板块拉升走强，江淮汽车涨停，长城汽车、福田汽车、比亚迪等跟涨
2020-12-08,乘联会：中国11月广义乘用车零售销量同比增加7.8%,乘联会：中国11月广义乘用车零售销量同比增加7.8%
2020-12-08,汽车行业2021年投资策略报告：温和复苏 电动化为基石 智能化为下半场,汽车行业2021年投资策略报告：温和复苏 电动化为基石 智能化为下半场
2020-12-08,乘联会11月份全国乘用车市场分析（全文）,乘联会11月份全国乘用车市场分析（全文）
2020-12-08,新能源汽车概念再迎“东风” 相关产业链从导入期迈入成长期,新能源汽车概念再迎“东风” 相关产业链从导入期迈入成长期
2020-12-08,比亚迪：新增发行H股申请材料获证监会受理,比亚迪：新增发行H股申请材料获证监会受理
2020-12-08,比亚迪(002594.SZ)：H股发行申请获中证监受理,比亚迪(002594.SZ)：H股发行申请获中证监受理
2020-12-08,大写的尴尬！打车叫到特斯拉却不会开门,大写的尴尬！打车叫到特斯拉却不会开门
2020-12-08,新能源汽车步入黄金年代 产业链“新贵”长盈精密或再腾飞,新能源汽车步入黄金年代 产业链“新贵”长盈精密或再腾飞
2020-12-08,晚间重要公告2020年12月8日星期二,晚间重要公告2020年12月8日星期二
2020-12-08,A股又缩量了！汽车板块火了：包揽今日近半涨停股！,A股又缩量了！汽车板块火了：包揽今日近半涨停股！
2020-12-08,A股又缩量了！但这个板块火了：包揽今日近半涨停股！,A股又缩量了！但这个板块火了：包揽今日近半涨停股！
2020-12-08,新能源汽车再迎“东风”，煤炭板块或迎历史性配置机遇丨明日主题前瞻,新能源汽车再迎“东风”，煤炭板块或迎历史性配置机遇丨明日主题前瞻
2020-12-08,4万亿巨头横空出世，分析师：股价将超8倍茅台，市值或碾压微软谷歌！A股概念龙头突破百元，13股机构看好,4万亿巨头横空出世，分析师：股价将超8倍茅台，市值或碾压微软谷歌！A股概念龙头突破百元，13股机构看好
2020-12-08,“新能源车之都”花落谁家（上）,“新能源车之都”花落谁家（上）
2020-12-08,双雄争霸，宁德时代被困于国内市场！宁德时代不“香”了？,双雄争霸，宁德时代被困于国内市场！宁德时代不“香”了？
2020-12-08,2021年新能源汽车补贴最新消息：补贴约375.85亿元,2021年新能源汽车补贴最新消息：补贴约375.85亿元
2020-12-08,汽车行业11月销量点评：需求稳健增长-自主车企总体增长较快,汽车行业11月销量点评：需求稳健增长-自主车企总体增长较快
2020-12-08,汽车芯片短缺！比亚迪等多家车企回应尚未对公司生产造成影响,汽车芯片短缺！比亚迪等多家车企回应尚未对公司生产造成影响
2020-12-08,芯片短缺持续蔓延 或成未来汽车“命门”,芯片短缺持续蔓延 或成未来汽车“命门”
2020-12-08,国际芯片巨头率先大抬价 六大受益股他来了,国际芯片巨头率先大抬价 六大受益股他来了
2020-12-08,2021年股市、经济、全产业投资策略来了！请收藏锦囊（续）,2021年股市、经济、全产业投资策略来了！请收藏锦囊（续）
2020-12-08,“失宠”于特斯拉，宁德时代不“香”了？,“失宠”于特斯拉，宁德时代不“香”了？
2020-12-08,板块轮动加速， 存量博弈持续,板块轮动加速， 存量博弈持续
2020-12-08,增发300亿港元，比亚迪“缺钱”还是另有隐情？,增发300亿港元，比亚迪“缺钱”还是另有隐情？
2020-12-08,汽车消费持续攀升 多家车企11月销售同比大增,汽车消费持续攀升 多家车企11月销售同比大增
2020-12-08,大众等回应停产传闻 芯片或成未来汽车“命门”,大众等回应停产传闻 芯片或成未来汽车“命门”
2020-12-08,A股弱势调整，北向资金转向净流出，10亿主力抢筹这两大板块（附股）,A股弱势调整，北向资金转向净流出，10亿主力抢筹这两大板块（附股）
2020-12-08,芯片短缺？大众、比亚迪回应停产传闻，态度大不相同 经营问题,芯片短缺？大众、比亚迪回应停产传闻，态度大不相同 经营问题
2020-12-08,A股早报2020年12月8日星期二,A股早报2020年12月8日星期二
2020-12-08,北向资金动向盘点：连续三个交易日加仓食、药,北向资金动向盘点：连续三个交易日加仓食、药
2020-12-08,【汽车】汽车行业周报：乘用车及重卡延续增长，大众中国投资完成增资,【汽车】汽车行业周报：乘用车及重卡延续增长，大众中国投资完成增资
2020-12-08,A股融资融券日报：两融余额增加35.7亿元（12月7日）,A股融资融券日报：两融余额增加35.7亿元（12月7日）
2020-12-08,空气净化器将迎来新标准：彻底打击智商税产品,空气净化器将迎来新标准：彻底打击智商税产品
2020-12-08,DDR5内存明年量产国内厂商出手了,DDR5内存明年量产国内厂商出手了
2020-12-08,iPhone12系列屏幕测试：部分App下绿色像素亮度高,iPhone12系列屏幕测试：部分App下绿色像素亮度高
2020-12-08,【12.8锂电快讯】江西加快推进电动汽车充电基础设施建设*吉利汽车环比增约7%,【12.8锂电快讯】江西加快推进电动汽车充电基础设施建设*吉利汽车环比增约7%
2020-12-08,妙啊！小米11保护壳先小米11一步上市了,妙啊！小米11保护壳先小米11一步上市了
2020-12-08,2020年电新行业周报12月第1期：国内优质新能源车热销 欧洲电动化超预期,2020年电新行业周报12月第1期：国内优质新能源车热销 欧洲电动化超预期
2020-12-08,新能源汽车行业周报：芯片短缺影响有限 长期加速自主可控,新能源汽车行业周报：芯片短缺影响有限 长期加速自主可控
2020-12-08,增长30.6% 比亚迪11月份累计销量53943辆,增长30.6% 比亚迪11月份累计销量53943辆
2020-12-08,汽车板块走高，江淮汽车一度涨逾5%,汽车板块走高，江淮汽车一度涨逾5%
2020-12-08,中国新能源汽车电控系统行业深度解析,中国新能源汽车电控系统行业深度解析
2020-12-09,【浙商汽车】行业点评报告：11月销量双位数增长，行业维持高景气,【浙商汽车】行业点评报告：11月销量双位数增长，行业维持高景气
2020-12-09,苹果M1芯片真的那么有破坏力吗？,苹果M1芯片真的那么有破坏力吗？
2020-12-09,【国金电子】行业深度：2021年功率半导体有望迎来景气周期,【国金电子】行业深度：2021年功率半导体有望迎来景气周期
2020-12-09,工信部约谈广汽、比亚迪、吉利、北汽等25家车企,工信部约谈广汽、比亚迪、吉利、北汽等25家车企
2020-12-09,A股收盘综述：上证指数下滑1.12%连跌三日，券商板块领跌,A股收盘综述：上证指数下滑1.12%连跌三日，券商板块领跌
2020-12-09,工信部拟发布新一批车船税减免新能源汽车车型目录 比亚迪、吉利等部分车型上榜,工信部拟发布新一批车船税减免新能源汽车车型目录 比亚迪、吉利等部分车型上榜
2020-12-09,周鸿祎：360安全产品对用户的个人隐私不感兴趣,周鸿祎：360安全产品对用户的个人隐私不感兴趣
2020-12-09,产品不合规！25家新能源车企被责令整改 其他违规处罚,产品不合规！25家新能源车企被责令整改 其他违规处罚
2020-12-09,宁德时代、比亚迪参股，锂电池企业湖南裕能拟冲刺创业板IPO,宁德时代、比亚迪参股，锂电池企业湖南裕能拟冲刺创业板IPO
2020-12-09,25家新能源车企被约谈！最热行业隐藏“缺芯”之痛，估值逼近十年高点，最惨股7天腰斩 其他违规处罚,25家新能源车企被约谈！最热行业隐藏“缺芯”之痛，估值逼近十年高点，最惨股7天腰斩 其他违规处罚
2020-12-09,汽车股大面积调整 比亚迪遭主力资金抛售超7亿元 股票卖空,汽车股大面积调整 比亚迪遭主力资金抛售超7亿元 股票卖空
2020-12-09,突发：25家新能源车企被约谈 最惨汽车股遭遇7个跌停板 其他违规处罚,突发：25家新能源车企被约谈 最惨汽车股遭遇7个跌停板 其他违规处罚
2020-12-09,11月上市车企大盘点：63只汽车股市值约增7645亿元 53家公司业绩飘红,11月上市车企大盘点：63只汽车股市值约增7645亿元 53家公司业绩飘红
2020-12-09,【招商汽车|公司点评】比亚迪：11月销量维持高增长，新车型汉月销突破1万台,【招商汽车|公司点评】比亚迪：11月销量维持高增长，新车型汉月销突破1万台
2020-12-09,特斯拉计划发行50亿美元股票 特斯拉市值超过6000亿美元,特斯拉计划发行50亿美元股票 特斯拉市值超过6000亿美元
2020-12-09,吉利远程FX皮卡正式上市1.8T动力售价仅12.99万元,吉利远程FX皮卡正式上市1.8T动力售价仅12.99万元
2020-12-09,10个月20倍，大行业里的小公司,10个月20倍，大行业里的小公司
2020-12-09,原地裂开！洗衣机突然爆炸只因洗了这种衣物？,原地裂开！洗衣机突然爆炸只因洗了这种衣物？
2020-12-09,汽车-比亚迪‘汉’上的华为HICAR初体验：互为赋能 助力车企智能化升级,汽车-比亚迪‘汉’上的华为HICAR初体验：互为赋能 助力车企智能化升级
2020-12-09,电气设备新能源行业国内电动车销量点评：国内11月销量持续高增长 行业景气度维持高位,电气设备新能源行业国内电动车销量点评：国内11月销量持续高增长 行业景气度维持高位
2020-12-09,特斯拉股价再创新高 相关概念股闻风而涨,特斯拉股价再创新高 相关概念股闻风而涨
2020-12-09,明年车市有望继续回暖，新能源车成“新动能”,明年车市有望继续回暖，新能源车成“新动能”
2020-12-09,比亚迪(01211-HK)新增发行H股申请材料获中证监受理,比亚迪(01211-HK)新增发行H股申请材料获中证监受理
2020-12-09,口嫌体正直，“苹果”们纷纷下场造车,口嫌体正直，“苹果”们纷纷下场造车
2020-12-09,七大车企11月销量双位数增长 三大造车新势力增速超100%,七大车企11月销量双位数增长 三大造车新势力增速超100%
2020-12-09,2020中国车企创新探索最佳实践TOP10,2020中国车企创新探索最佳实践TOP10
2020-12-09,全年业绩高增长股提前看，103股净利润增幅翻倍,全年业绩高增长股提前看，103股净利润增幅翻倍
2020-12-09,明年车市有望继续回暖,明年车市有望继续回暖
2020-12-09,中国汽车行业专题研究：新能源汽车急速狂飙（附下载）,中国汽车行业专题研究：新能源汽车急速狂飙（附下载）
2020-12-09,新能源车产业链股有望续涨，11月销售数据靓丽，同比增长逾倍,新能源车产业链股有望续涨，11月销售数据靓丽，同比增长逾倍
2020-12-09,11月新能源汽车批发销量18万辆 2021年新能源汽车补贴最新消息,11月新能源汽车批发销量18万辆 2021年新能源汽车补贴最新消息
2020-12-09,汽车行业点评报告：11月批发实现双位数增长 行业继续回暖,汽车行业点评报告：11月批发实现双位数增长 行业继续回暖
2020-12-09,花旗料中国12月新能源车销量增长放缓，推荐吉利比亚迪,花旗料中国12月新能源车销量增长放缓，推荐吉利比亚迪
2020-12-09,汽车与汽车零部件-乘联会11月销量点评：行业持续改善 新能源表现亮眼,汽车与汽车零部件-乘联会11月销量点评：行业持续改善 新能源表现亮眼
2020-12-09,【华创汽车】想想如何布局2021年汽车机会,【华创汽车】想想如何布局2021年汽车机会
2020-12-09,A股融资融券日报：两融余额减少2.95亿元（12月8日）,A股融资融券日报：两融余额减少2.95亿元（12月8日）
2020-12-10,英洛华：部分钕铁硼磁性材料产品有供货比亚迪,英洛华：部分钕铁硼磁性材料产品有供货比亚迪
2020-12-10,北向资金今日净买入15.22亿元，贵州茅台连续6日获净买入,北向资金今日净买入15.22亿元，贵州茅台连续6日获净买入
2020-12-10,32股今日获机构买入评级,32股今日获机构买入评级
2020-12-10,北向资金今日净流入15亿元，净卖出五粮液5.78亿元,北向资金今日净流入15亿元，净卖出五粮液5.78亿元
2020-12-10,比亚迪VS特斯拉 这三个实验决定电动车是否自燃,比亚迪VS特斯拉 这三个实验决定电动车是否自燃
2020-12-10,为啥马斯克炸了个飞船之后还乐得像个孩子？,为啥马斯克炸了个飞船之后还乐得像个孩子？
2020-12-10,新一轮汽车下乡或将开展，机构建议关注这些主线（附股）,新一轮汽车下乡或将开展，机构建议关注这些主线（附股）
2020-12-10,新能源车销量爆发式增长，前三甲几乎占据市场半壁江山,新能源车销量爆发式增长，前三甲几乎占据市场半壁江山
2020-12-10,“共享经济”鼻祖上市！入职一年就能北京买房,“共享经济”鼻祖上市！入职一年就能北京买房
2020-12-10,美股全线低开，纳指跌0.8%,美股全线低开，纳指跌0.8%
2020-12-10,年终盘点｜新能源汽车唱响“狂热2020”,年终盘点｜新能源汽车唱响“狂热2020”
2020-12-10,[路演]万顺新材：节能膜产品已经在比亚迪的新能源汽车上使用,[路演]万顺新材：节能膜产品已经在比亚迪的新能源汽车上使用
2020-12-10,数据复盘|比亚迪遭主力资金净卖出10亿元 北向资金连续3日净流入,数据复盘|比亚迪遭主力资金净卖出10亿元 北向资金连续3日净流入
2020-12-10,比亚迪李黔：汽车行业的未来发展是智能化、网联化和共享化,比亚迪李黔：汽车行业的未来发展是智能化、网联化和共享化
2020-12-10,锂矿指数跌逾2%，天齐锂业跌停,锂矿指数跌逾2%，天齐锂业跌停
2020-12-10,汽车缺“芯”大考：除了停产传闻，你还应该知道这些 经营问题,汽车缺“芯”大考：除了停产传闻，你还应该知道这些 经营问题
2020-12-10,比亚迪李黔：新能源汽车市场的爆发才刚刚开始,比亚迪李黔：新能源汽车市场的爆发才刚刚开始
2020-12-10,“芯片紧张”危及生产 整车上市公司尚能投否？,“芯片紧张”危及生产 整车上市公司尚能投否？
2020-12-10,重大突破！固态电池传出大消息，能量密度4倍Model 3,重大突破！固态电池传出大消息，能量密度4倍Model 3
2020-12-10,重磅！新能源汽车动力电池核心股票池,重磅！新能源汽车动力电池核心股票池
2020-12-10,新能源汽车品牌知名度TOP20：6家造车新势力位居前列,新能源汽车品牌知名度TOP20：6家造车新势力位居前列
2020-12-10,A股融资融券日报：两融余额减少60.97亿元（12月9日）,A股融资融券日报：两融余额减少60.97亿元（12月9日）
2020-12-10,湖南新能源配套储能项目核心设备租赁开标，21家企业角逐,湖南新能源配套储能项目核心设备租赁开标，21家企业角逐
2020-12-10,香港恒指开盘跌0.63%，比亚迪跌2.79%,香港恒指开盘跌0.63%，比亚迪跌2.79%
2020-12-10,锂矿指数跌超3%，天齐锂业跌超5%,锂矿指数跌超3%，天齐锂业跌超5%
2020-12-10,新车企市值反超传统车企 新玩法开启新格局,新车企市值反超传统车企 新玩法开启新格局
2020-12-10,11月理想ONE上险数为4676辆,11月理想ONE上险数为4676辆
2020-12-10,汽车缺“芯”待破局：企业需终结“单打独斗”,汽车缺“芯”待破局：企业需终结“单打独斗”
2020-12-10,小鹏汽车以实际行动支持磷酸铁锂电池！,小鹏汽车以实际行动支持磷酸铁锂电池！
2020-12-11,这位“华为天才少年”！竟然要我用“充电宝”打《只狼》,这位“华为天才少年”！竟然要我用“充电宝”打《只狼》
2020-12-11,苹果新款处理器AppleSilicon前瞻：性能更强,苹果新款处理器AppleSilicon前瞻：性能更强
2020-12-11,安卓1亿像素和苹果1200万像素有何不同选哪个好？,安卓1亿像素和苹果1200万像素有何不同选哪个好？
2020-12-11,《赛博朋克2077》惨遭低分轰炸,《赛博朋克2077》惨遭低分轰炸
2020-12-11,ARM版Win10终于能用上x64程序了：微软官方出品,ARM版Win10终于能用上x64程序了：微软官方出品
2020-12-11,不同微单系统对焦有何区别？本文给你答案,不同微单系统对焦有何区别？本文给你答案
2020-12-11,蔚来汽车加入新能源车企融资大潮 新能源汽车市场显露出了全新发展趋势,蔚来汽车加入新能源车企融资大潮 新能源汽车市场显露出了全新发展趋势
2020-12-11,比亚迪(002594.SZ)：员工持股计划存续期即将届满,比亚迪(002594.SZ)：员工持股计划存续期即将届满
2020-12-11,市场回暖，动力电池企业上演技术战,市场回暖，动力电池企业上演技术战
2020-12-11,江淮汽车卖地输血！新势力风起云涌 传统车企为何这么难,江淮汽车卖地输血！新势力风起云涌 传统车企为何这么难
2020-12-11,一图流|比亚迪出圈了！竟搞起“动物项圈”,一图流|比亚迪出圈了！竟搞起“动物项圈”
2020-12-11,五连冠！比亚迪再创深圳市单一品牌单月销量新高,五连冠！比亚迪再创深圳市单一品牌单月销量新高
2020-12-11,印象笔记出了一个智能鼠标堪称“记笔记”神器,印象笔记出了一个智能鼠标堪称“记笔记”神器
2020-12-11,想要什么样的车？王传福：比亚迪未来满足消费者“自定义”！丨最前沿,想要什么样的车？王传福：比亚迪未来满足消费者“自定义”！丨最前沿
2020-12-11,工信部对比亚迪等25家新能源车企亮红灯：限期整改,工信部对比亚迪等25家新能源车企亮红灯：限期整改
2020-12-11,盛视早参：防御可能重于进攻,盛视早参：防御可能重于进攻
2020-12-11,融资客看好10股 买入占成交超三成,融资客看好10股 买入占成交超三成
2020-12-11,"比亚迪:两度穿越寒冬,7年380亿加码技术研发,垂直整合产业链走向单飞","比亚迪:两度穿越寒冬,7年380亿加码技术研发,垂直整合产业链走向单飞"
2020-12-11,163家公司全年业绩预增,163家公司全年业绩预增
2020-12-11,A股融资融券日报：两融余额增加1.54亿元（12月10日）,A股融资融券日报：两融余额增加1.54亿元（12月10日）
2020-12-11,近三日净买入超120亿元 北向资金准备过年？,近三日净买入超120亿元 北向资金准备过年？
2020-12-11,最火的车型都有谁？ 国内新能源车11月销量TOP10,最火的车型都有谁？ 国内新能源车11月销量TOP10
2020-12-11,北向资金动向盘点：再度试水周期类,北向资金动向盘点：再度试水周期类
2020-12-11,【中原锂电池】锂电池行业月报：销量超预期，积极关注板块机会,【中原锂电池】锂电池行业月报：销量超预期，积极关注板块机会
2020-12-11,科达利(002850)首次覆盖报告：锂电池结构件龙头 受益全球电动化进程加速,科达利(002850)首次覆盖报告：锂电池结构件龙头 受益全球电动化进程加速
2020-12-11,电动车融资潮：继理想、小鹏之后，蔚来拟增发6000万股ADS,电动车融资潮：继理想、小鹏之后，蔚来拟增发6000万股ADS
2020-12-11,汽车行业点评报告：11月产销高增 行业景气度持续上行,汽车行业点评报告：11月产销高增 行业景气度持续上行
2020-12-12,吉利、广汽、比亚迪、长城齐发力，自主混动技术的春天要来了？,吉利、广汽、比亚迪、长城齐发力，自主混动技术的春天要来了？
2020-12-12,消息称国内一10亿级晶圆厂停摆：半导体教父曾站台,消息称国内一10亿级晶圆厂停摆：半导体教父曾站台
2020-12-12,平面变压器重大进展：终于平民化,平面变压器重大进展：终于平民化
2020-12-12,行业 | 11月：乘用车持续向上 新能源高速增长【华西汽车 崔琰团队】,行业 | 11月：乘用车持续向上 新能源高速增长【华西汽车 崔琰团队】
2020-12-12,京东7亿美元砸向社区团购：结果遭当头棒喝,京东7亿美元砸向社区团购：结果遭当头棒喝
2020-12-12,超过金龙鱼，创业板史上最大IPO来了！,超过金龙鱼，创业板史上最大IPO来了！
2020-12-12,Win10ARM迎来原生PS！微软玩ARM能赢过苹果吗,Win10ARM迎来原生PS！微软玩ARM能赢过苹果吗
2020-12-12,缺货、涨价、抢货引发停产风波？车规芯片市场到底怎么了！ 经营问题,缺货、涨价、抢货引发停产风波？车规芯片市场到底怎么了！ 经营问题
2020-12-12,调查：新能源车开一年打五折，20万新车开两年折价6万,调查：新能源车开一年打五折，20万新车开两年折价6万
2020-12-12,11月汽车行业销量点评：乘用车持续向上 新能源高速增长,11月汽车行业销量点评：乘用车持续向上 新能源高速增长
2020-12-12,汽车缺“芯”背后：危机真实存在，影响相对有限,汽车缺“芯”背后：危机真实存在，影响相对有限
2020-12-13,比亚迪副总裁廉玉波：突破续航瓶颈，刀片电池或颠覆行业生态,比亚迪副总裁廉玉波：突破续航瓶颈，刀片电池或颠覆行业生态
2020-12-13,全球半导体芯片供应紧张为何蔓延至汽车行业?,全球半导体芯片供应紧张为何蔓延至汽车行业?
2020-12-14,携手并进！华星光电连续数载合作比亚迪叉车,携手并进！华星光电连续数载合作比亚迪叉车
2020-12-14,国产汽车半导体极限突围,国产汽车半导体极限突围
2020-12-14,比亚迪成立弗迪实业有限公司，注册资本5亿元,比亚迪成立弗迪实业有限公司，注册资本5亿元
2020-12-14,凯中精密：公司与比亚迪有着长期合作伙伴关系 配套新能源汽车零组件等产品,凯中精密：公司与比亚迪有着长期合作伙伴关系 配套新能源汽车零组件等产品
2020-12-14,新能源汽车行业有多火？俞敏洪、曹德旺都来买车了,新能源汽车行业有多火？俞敏洪、曹德旺都来买车了
2020-12-14,恒指震荡收跌0.44%，阿里腾讯美团等科技巨头走弱,恒指震荡收跌0.44%，阿里腾讯美团等科技巨头走弱
2020-12-14,赌一个未来 比亚迪5亿元打造弗迪实业,赌一个未来 比亚迪5亿元打造弗迪实业
2020-12-14,【华创汽车】2021年车企的跑马圈地与供应商的飞跃,【华创汽车】2021年车企的跑马圈地与供应商的飞跃
2020-12-14,上探储能勘察设计领域 宁德时代2亿元成永福股份第三大股东,上探储能勘察设计领域 宁德时代2亿元成永福股份第三大股东
2020-12-14,汽车行业：汽车智能化加速推进，新元素驱动行业发展，维持”推荐“评级,汽车行业：汽车智能化加速推进，新元素驱动行业发展，维持”推荐“评级
2020-12-14,比亚迪：公司刀片电池产品已经搭载在“汉EV”车型上,比亚迪：公司刀片电池产品已经搭载在“汉EV”车型上
2020-12-14,比亚迪“汉 EV”已搭载刀片电池 11月销量达到了10105台,比亚迪“汉 EV”已搭载刀片电池 11月销量达到了10105台
2020-12-14,新能源行业点评报告-新能源汽车及锂电系列之一：月度装机增势稳健 磷酸铁锂强势回归,新能源行业点评报告-新能源汽车及锂电系列之一：月度装机增势稳健 磷酸铁锂强势回归
2020-12-14,汽车行业周报：12月第一周零售同比+26% 全面看多,汽车行业周报：12月第一周零售同比+26% 全面看多
2020-12-14,比亚迪“坚硬的泡沫”,比亚迪“坚硬的泡沫”
2020-12-14,"与大众合作仍未落地 国轩高科多个""烫手""问题待解","与大众合作仍未落地 国轩高科多个""烫手""问题待解"
2020-12-14,2万多部iPhone被毁，苹果印度工厂出了大事，国产替代来了？,2万多部iPhone被毁，苹果印度工厂出了大事，国产替代来了？
2020-12-14,【华创·周知道】高端白酒保持稳增，头部品牌表现亮眼（20201214）,【华创·周知道】高端白酒保持稳增，头部品牌表现亮眼（20201214）
2020-12-14,政策持续加码，汽车产业链机会知多少？,政策持续加码，汽车产业链机会知多少？
2020-12-14,小米11真机现身：稳了！,小米11真机现身：稳了！
2020-12-14,NVIDIA杀红了眼！千元级光追显卡真的要来了,NVIDIA杀红了眼！千元级光追显卡真的要来了
2020-12-14,滴滴出行、比亚迪、南网电动携手，启动全球首批车电价值分离+智慧能源示范运营,滴滴出行、比亚迪、南网电动携手，启动全球首批车电价值分离+智慧能源示范运营
2020-12-14,电动汽车安全魔咒待解 “不起火”电池风口来袭,电动汽车安全魔咒待解 “不起火”电池风口来袭
2020-12-14,比亚迪在互动平台表示，公司刀片电池产品已经搭载在“汉EV”车型上,比亚迪在互动平台表示，公司刀片电池产品已经搭载在“汉EV”车型上
2020-12-14,A股融资融券日报：两融余额减少57.04亿元（12月11日）,A股融资融券日报：两融余额减少57.04亿元（12月11日）
2020-12-15,小米要跟比亚迪联合造车？官方回应：但凡说小米要造车的，都是假新闻,小米要跟比亚迪联合造车？官方回应：但凡说小米要造车的，都是假新闻
2020-12-15,汽车动力电池企业纷纷取得突破 助力新能源汽车产业发展,汽车动力电池企业纷纷取得突破 助力新能源汽车产业发展
2020-12-15,比亚迪关联企业成立汽车销售公司,比亚迪关联企业成立汽车销售公司
2020-12-15,比亚迪、小米辟谣双方合作造车 称系虚假消息 欺诈造假,比亚迪、小米辟谣双方合作造车 称系虚假消息 欺诈造假
2020-12-15,【研报掘金】11月汽车销量稳步增长且有望迎2-3年上行周期 建议增配汽车行业,【研报掘金】11月汽车销量稳步增长且有望迎2-3年上行周期 建议增配汽车行业
2020-12-15,小米联合比亚迪造车？辟谣！,小米联合比亚迪造车？辟谣！
2020-12-15,比亚迪(002594.SZ)：“18亚迪G1”将于12月21日付息,比亚迪(002594.SZ)：“18亚迪G1”将于12月21日付息
2020-12-15,汽车行业月报：零售继续双位数增长 豪华车折扣开始下降,汽车行业月报：零售继续双位数增长 豪华车折扣开始下降
2020-12-15,比亚迪：刀片电池后续还会有更多产能布局,比亚迪：刀片电池后续还会有更多产能布局
2020-12-15,崛起的百万“团长”：到底是一份美差还是当炮灰？,崛起的百万“团长”：到底是一份美差还是当炮灰？
2020-12-15,硅芯片逼近物理极限：中美专家找到替代者,硅芯片逼近物理极限：中美专家找到替代者
2020-12-15,微信聊天记录！终于能云端备份了,微信聊天记录！终于能云端备份了
2020-12-15,比亚迪否认联合小米造车 我国新能源汽车占全球4成以上,比亚迪否认联合小米造车 我国新能源汽车占全球4成以上
2020-12-15,【今日机构评级汇总】Northland认为华尔街对AMD业绩预期过高；德银看好小鹏汽车软件优势,【今日机构评级汇总】Northland认为华尔街对AMD业绩预期过高；德银看好小鹏汽车软件优势
2020-12-15,5G手机产业链公司年均涨幅达35% 6股回调幅度超40%,5G手机产业链公司年均涨幅达35% 6股回调幅度超40%
2020-12-15,据一财：比亚迪近日接受调研表示，公司今年在重庆进行刀片电池的生产，后续还会有更多产能布局,据一财：比亚迪近日接受调研表示，公司今年在重庆进行刀片电池的生产，后续还会有更多产能布局
2020-12-15,大和：11月中国电动汽车电池产量增41% 建议买入比亚迪,大和：11月中国电动汽车电池产量增41% 建议买入比亚迪
2020-12-15,大和：料明年中国电动车电池安装增长不变看好比亚迪(1211.HK),大和：料明年中国电动车电池安装增长不变看好比亚迪(1211.HK)
2020-12-15,网传小米将联合比亚迪造车 双方均否认,网传小米将联合比亚迪造车 双方均否认
2020-12-15,A股早报2020年12月15日星期二,A股早报2020年12月15日星期二
2020-12-15,A股融资融券日报：两融余额增加45.9亿元（12月14日）,A股融资融券日报：两融余额增加45.9亿元（12月14日）
2020-12-15,164家公司全年业绩预增,164家公司全年业绩预增
2020-12-15,晶方科技(603005)公司动态点评：TSV细分龙头扩产顺利推进 持续受益晶圆制造转向12英寸,晶方科技(603005)公司动态点评：TSV细分龙头扩产顺利推进 持续受益晶圆制造转向12英寸
2020-12-15,比亚迪成立弗迪实业，未来或将“弗迪系”完全独立,比亚迪成立弗迪实业，未来或将“弗迪系”完全独立
2020-12-15,利好政策延续，汽车产销量连续8月增长，两条主线掘金相关机会丨牛熊眼,利好政策延续，汽车产销量连续8月增长，两条主线掘金相关机会丨牛熊眼
2020-12-15,俞敏洪成为比亚迪汉EV车主 王传福亲自交车,俞敏洪成为比亚迪汉EV车主 王传福亲自交车
2020-12-15,四企携手 全球首批车电价值分离智慧能源运营在深启动,四企携手 全球首批车电价值分离智慧能源运营在深启动
2020-12-15,[公司]比亚迪：将加快推进比亚迪半导体分拆上市工作,[公司]比亚迪：将加快推进比亚迪半导体分拆上市工作
2020-12-15,[公司]比亚迪：后续还会有更多刀片电池产能布局,[公司]比亚迪：后续还会有更多刀片电池产能布局
2020-12-15,[公司]比亚迪：刀片电池产品具有多维度安全性,[公司]比亚迪：刀片电池产品具有多维度安全性
2020-12-15,麦格理：上调比亚迪(1211.HK)目标价至166.9港元评级“中性”,麦格理：上调比亚迪(1211.HK)目标价至166.9港元评级“中性”
2020-12-15,网传联合小米推出“年轻人的第一辆汽车”，比亚迪回应：假消息,网传联合小米推出“年轻人的第一辆汽车”，比亚迪回应：假消息
2020-12-15,比亚迪在荷兰交付246辆电动巴士,比亚迪在荷兰交付246辆电动巴士
2020-12-15,比亚迪耗资5亿成立弗迪实业，弗迪系或将“单飞”,比亚迪耗资5亿成立弗迪实业，弗迪系或将“单飞”
2020-12-15,[公司]比亚迪：刀片电池的发布重新定义新能源汽车安全标准,[公司]比亚迪：刀片电池的发布重新定义新能源汽车安全标准
2020-12-16,上半年下滑幅度最小的大家电！冰箱销量稳住了,上半年下滑幅度最小的大家电！冰箱销量稳住了
2020-12-16,2020中国车市7宗“最”：蔚来市值超越上汽、比亚迪多元化发力,2020中国车市7宗“最”：蔚来市值超越上汽、比亚迪多元化发力
2020-12-16,摒弃安卓！华为迈出了第一步,摒弃安卓！华为迈出了第一步
2020-12-16,不尊重玩家！《赛博朋克2077》亏惨：CDPR名利双输,不尊重玩家！《赛博朋克2077》亏惨：CDPR名利双输
2020-12-16,股价破千元仅次于茅台：不被看好的A股公司又卖疯了,股价破千元仅次于茅台：不被看好的A股公司又卖疯了
2020-12-16,汽车和汽车零部件：乘用车行业景气监测,汽车和汽车零部件：乘用车行业景气监测
2020-12-16,三星如意算盘海外要取代华为：现实压力山大,三星如意算盘海外要取代华为：现实压力山大
2020-12-16,越来越多人开始选择喝这种可乐！网友：没有灵魂,越来越多人开始选择喝这种可乐！网友：没有灵魂
2020-12-16,2021款iPad前瞻：CPU升级价格可能有惊喜,2021款iPad前瞻：CPU升级价格可能有惊喜
2020-12-16,新能源车：爆款放量 11月国内销量高增,新能源车：爆款放量 11月国内销量高增
2020-12-16,2021年新能源车行业策略报告：百舸争流今胜昔 电动未来新起点,2021年新能源车行业策略报告：百舸争流今胜昔 电动未来新起点
2020-12-16,国内汽车年销量或达2500万辆，相关板块有望引来第二波超额收益,国内汽车年销量或达2500万辆，相关板块有望引来第二波超额收益
2020-12-16,股价破千元不被看好的扫地机器人又卖疯了,股价破千元不被看好的扫地机器人又卖疯了
2020-12-16,比亚迪汉汽车冬季续航缩水近一半 磷酸铁锂电池装机量追赶三元锂电池,比亚迪汉汽车冬季续航缩水近一半 磷酸铁锂电池装机量追赶三元锂电池
2020-12-16,新能源车企集体增发股票融资，补充运营及研发费用,新能源车企集体增发股票融资，补充运营及研发费用
2020-12-16,长城汽车发布全球首发“柠檬混动DHT”技术,长城汽车发布全球首发“柠檬混动DHT”技术
2020-12-16,Model 3获车主推荐度第一 超过比亚迪汉、小鹏P7、威马EX5,Model 3获车主推荐度第一 超过比亚迪汉、小鹏P7、威马EX5
2020-12-16,11月5G手机出货逾2000万部 产业链公司市值超2万亿,11月5G手机出货逾2000万部 产业链公司市值超2万亿
2020-12-16,A股公司，逆势绘就经济亮色,A股公司，逆势绘就经济亮色
2020-12-16,港股盘前必读：蚂蚁集团在监管指导下全力做好暂缓上市善后工作,港股盘前必读：蚂蚁集团在监管指导下全力做好暂缓上市善后工作
2020-12-16,磷酸铁锂电池装机量明年将超三元锂电池？,磷酸铁锂电池装机量明年将超三元锂电池？
2020-12-16,A股融资融券日报：两融余额增加16.45亿元（12月15日）,A股融资融券日报：两融余额增加16.45亿元（12月15日）
2020-12-16,滴滴D1为示范 比亚迪进入车电分离领域,滴滴D1为示范 比亚迪进入车电分离领域
2020-12-16,锂电池传出大消息！特斯拉盯上了，需求量升10倍，受益股出炉,锂电池传出大消息！特斯拉盯上了，需求量升10倍，受益股出炉
2020-12-16,14股获融资客逆市净买入超亿元,14股获融资客逆市净买入超亿元
2020-12-16,盛视早参：聚焦价值 核心资产和低估值,盛视早参：聚焦价值 核心资产和低估值
2020-12-16,比亚迪汉EV被曝续航缩水2/3 消息称车主存在原地怠速用电等情况,比亚迪汉EV被曝续航缩水2/3 消息称车主存在原地怠速用电等情况
2020-12-16,【SMM分析】11月新能源乘用车销量分析：11月上险量近18万辆，上海限牌政策影响已显现,【SMM分析】11月新能源乘用车销量分析：11月上险量近18万辆，上海限牌政策影响已显现
2020-12-16,2021年汽车行业投资策略：智能拾级而上 科技赋能自主,2021年汽车行业投资策略：智能拾级而上 科技赋能自主
2020-12-16,汽车行业周报：汽车消费维持较高景气度 新能源乘用车高速增长,汽车行业周报：汽车消费维持较高景气度 新能源乘用车高速增长
2020-12-16,全球掀起电池上游材料“扫货”模式,全球掀起电池上游材料“扫货”模式
2020-12-17,华为“造车”背后的阳谋：拉拢车企合作，目的要打败特斯拉？,华为“造车”背后的阳谋：拉拢车企合作，目的要打败特斯拉？
2020-12-17,“即停即充”！电动汽车也快要无线充电了,“即停即充”！电动汽车也快要无线充电了
2020-12-17,新闻发布会丨璧山：“一轮明月”“满天繁星”,新闻发布会丨璧山：“一轮明月”“满天繁星”
2020-12-17,王传福亲自向郁亮交车引关注：比亚迪和万科早已互加朋友圈,王传福亲自向郁亮交车引关注：比亚迪和万科早已互加朋友圈
2020-12-17,数据解放生产力——琰究汽车数据系列（2020年11月）【华西汽车 崔琰团队】,数据解放生产力——琰究汽车数据系列（2020年11月）【华西汽车 崔琰团队】
2020-12-17,比亚迪再受知名企业家青睐 郁亮成为汉EV车主,比亚迪再受知名企业家青睐 郁亮成为汉EV车主
2020-12-17,比亚迪向万科集团董事会主席郁亮交付汉EV,比亚迪向万科集团董事会主席郁亮交付汉EV
2020-12-17,“保定车神”逆袭往事：30年从零到年收964亿,“保定车神”逆袭往事：30年从零到年收964亿
2020-12-17,2020，多少新能源车企倒在风口中？,2020，多少新能源车企倒在风口中？
2020-12-17,大众“缺芯停产”敲响汽车半导体警钟 “芯片一哥”MCU状况如何？ 经营问题,大众“缺芯停产”敲响汽车半导体警钟 “芯片一哥”MCU状况如何？ 经营问题
2020-12-17,两融余额三连升 杠杆资金大比例加仓10股,两融余额三连升 杠杆资金大比例加仓10股
2020-12-17,汽车行业：20年数据点评系列之二十四-乘用车景气持续回升 格局加速分化,汽车行业：20年数据点评系列之二十四-乘用车景气持续回升 格局加速分化
2020-12-17,投资5亿元 比亚迪成立全资子公司弗迪实业,投资5亿元 比亚迪成立全资子公司弗迪实业
2020-12-17,A股融资融券日报：两融余额增加21.56亿元（12月16日）,A股融资融券日报：两融余额增加21.56亿元（12月16日）
2020-12-17,全年业绩高增长股提前看，103股净利润增幅翻倍,全年业绩高增长股提前看，103股净利润增幅翻倍
2020-12-17,盘前情报丨新冠疫苗大批量生产在即，华为鸿蒙2.0传来重磅消息，这些概念股值得关注,盘前情报丨新冠疫苗大批量生产在即，华为鸿蒙2.0传来重磅消息，这些概念股值得关注
2020-12-17,万科郁亮成为比亚迪汉EV车主 王传福亲自交车,万科郁亮成为比亚迪汉EV车主 王传福亲自交车
2020-12-18,沪指周涨幅1.43%机构称静待年底重磅会议后政策预期明朗|思维市场关注,沪指周涨幅1.43%机构称静待年底重磅会议后政策预期明朗|思维市场关注
2020-12-18,北向资金今日净卖出13.62亿元，逢高减持白酒股,北向资金今日净卖出13.62亿元，逢高减持白酒股
2020-12-18,三花智控：子公司再次成为比亚迪新能源汽车独家供货商,三花智控：子公司再次成为比亚迪新能源汽车独家供货商
2020-12-18,三花智控再成比亚迪新能源车独家供货商，还与这些企业有合作,三花智控再成比亚迪新能源车独家供货商，还与这些企业有合作
2020-12-18,北水动向(12.18)|北水净流出8.56亿 重磅免税政策落地 内资抢筹芯片股,北水动向(12.18)|北水净流出8.56亿 重磅免税政策落地 内资抢筹芯片股
2020-12-18,陆股通净卖出13.62亿元（附名单）,陆股通净卖出13.62亿元（附名单）
2020-12-18,A股市场股票资金供给季度报告：中长期情绪指标筑底回升 2021Q1资金缺口或稳步修复,A股市场股票资金供给季度报告：中长期情绪指标筑底回升 2021Q1资金缺口或稳步修复
2020-12-18,晚间重要公告2020年12月18日星期五,晚间重要公告2020年12月18日星期五
2020-12-18,晚间要闻2020年12月18日星期五,晚间要闻2020年12月18日星期五
2020-12-18,私人消费破冰 新能源车市如何真正崛起,私人消费破冰 新能源车市如何真正崛起
2020-12-18,胜蓝股份(300843)2020年三季报点评：业绩增势向好 新能源汽车连接器打开新增量市场,胜蓝股份(300843)2020年三季报点评：业绩增势向好 新能源汽车连接器打开新增量市场
2020-12-18,新能源汽车11月销量分析与点评：上海地区新能源车销量高增长,新能源汽车11月销量分析与点评：上海地区新能源车销量高增长
2020-12-18,【券商聚焦】兴业证券：11月汽车板块收益率继续跑赢大市 建议重点关注吉利、比亚迪等,【券商聚焦】兴业证券：11月汽车板块收益率继续跑赢大市 建议重点关注吉利、比亚迪等
2020-12-18,比亚迪向哥伦比亚首都交付470台纯电动巴士,比亚迪向哥伦比亚首都交付470台纯电动巴士
2020-12-18,A股融资融券日报：两融余额增加53.73亿元（12月17日）,A股融资融券日报：两融余额增加53.73亿元（12月17日）
2020-12-18,王传福亲手交车 俞敏洪成比亚迪汉EV新车主,王传福亲手交车 俞敏洪成比亚迪汉EV新车主
2020-12-18,比亚迪日本法人BYD Japan公司将推出量产型大型纯电动巴士,比亚迪日本法人BYD Japan公司将推出量产型大型纯电动巴士
2020-12-18,比亚迪将在日本发售大型纯电动巴士,比亚迪将在日本发售大型纯电动巴士
2020-12-18,"605公里续航缩水2/3 比亚迪引发寒冬""里程焦虑""","605公里续航缩水2/3 比亚迪引发寒冬""里程焦虑"""
2020-12-18,电动车主的寒冬噩梦?比亚迪汉被曝冬季续航缩水2/3,电动车主的寒冬噩梦?比亚迪汉被曝冬季续航缩水2/3
2020-12-18,锂矿概念板块走高，永兴材料涨停,锂矿概念板块走高，永兴材料涨停
2020-12-18,华为汽车概念股四小龙集体暴跌，市值蒸发300亿 连续下跌,华为汽车概念股四小龙集体暴跌，市值蒸发300亿 连续下跌
2020-12-18,外资进场节奏加快！还有两小时，富时罗素指数调整即将生效,外资进场节奏加快！还有两小时，富时罗素指数调整即将生效
2020-12-18,电子行业点评报告：加码车规级碳化硅 国产SIC开启新时代,电子行业点评报告：加码车规级碳化硅 国产SIC开启新时代
2020-12-18,两融余额四连升 137.64亿增量杠杆资金进场,两融余额四连升 137.64亿增量杠杆资金进场
2020-12-19,10年期私募冠军韩广斌:核心资产周期永久持续但对消费核心资产会始终保持一定仓位,10年期私募冠军韩广斌:核心资产周期永久持续但对消费核心资产会始终保持一定仓位
2020-12-19,上市公司正负面新闻2020年12月19日星期六,上市公司正负面新闻2020年12月19日星期六
2020-12-19,比亚迪涨逾9%,比亚迪涨逾9%
2020-12-20,2020年A股诞生多少十倍股？个股价格大排名来了,2020年A股诞生多少十倍股？个股价格大排名来了
2020-12-20,招商策略：重心转变，重视科技,招商策略：重心转变，重视科技
2020-12-20,27家券商2021年A股攻略：81.48%看中“消费”主题,27家券商2021年A股攻略：81.48%看中“消费”主题
2020-12-21,新能源车大爆发！宁德时代大涨12%，市值突破7000亿进A股前10,新能源车大爆发！宁德时代大涨12%，市值突破7000亿进A股前10
2020-12-21,比亚迪今日巨量涨停，深股通买入8.69亿元并卖出6.28亿元,比亚迪今日巨量涨停，深股通买入8.69亿元并卖出6.28亿元
2020-12-21,光伏、新能源车带领A股冲高，市场却演绎两个极端,光伏、新能源车带领A股冲高，市场却演绎两个极端
2020-12-21,龙虎榜：比亚迪涨停 一机构席位买入1.65亿元,龙虎榜：比亚迪涨停 一机构席位买入1.65亿元
2020-12-21,涨停板解密：电气设备股利好纷纷遭抢筹！（12月21日）,涨停板解密：电气设备股利好纷纷遭抢筹！（12月21日）
2020-12-21,比亚迪龙虎榜数据（12月21日）,比亚迪龙虎榜数据（12月21日）
2020-12-21,12月21日龙虎榜，机构青睐这13股,12月21日龙虎榜，机构青睐这13股
2020-12-21,比亚迪现1笔大宗交易 共成交200.10万元,比亚迪现1笔大宗交易 共成交200.10万元
2020-12-21,又新高了！比亚迪的顶在哪儿？,又新高了！比亚迪的顶在哪儿？
2020-12-21,数据复盘|比亚迪、京东方A获主力大幅加仓 北向资金净流入78亿元,数据复盘|比亚迪、京东方A获主力大幅加仓 北向资金净流入78亿元
2020-12-21,收盘丨创业板指大涨超3% 新能源板块爆发,收盘丨创业板指大涨超3% 新能源板块爆发
2020-12-21,A股资金面日报：比亚迪、京东方A获主力大幅加仓,A股资金面日报：比亚迪、京东方A获主力大幅加仓
2020-12-21,两市特大单净流入10.95亿元 比亚迪居首,两市特大单净流入10.95亿元 比亚迪居首
2020-12-21,突发利好 刚刚 国新办重磅发布白皮书！7500亿巨头猛涨12% 光伏、新能源车龙头齐涨停 外资入场抢,突发利好 刚刚 国新办重磅发布白皮书！7500亿巨头猛涨12% 光伏、新能源车龙头齐涨停 外资入场抢
2020-12-21,17股获特大单资金净流入超2亿元 比亚迪居首,17股获特大单资金净流入超2亿元 比亚迪居首
2020-12-21,白酒之后，又一个最有持续性的热点,白酒之后，又一个最有持续性的热点
2020-12-21,31个月暴涨12倍！创业板首现市值超七千亿股票,31个月暴涨12倍！创业板首现市值超七千亿股票
2020-12-21,化工、电力电气设备行业：迎接TWH时代的技术、需求机遇,化工、电力电气设备行业：迎接TWH时代的技术、需求机遇
2020-12-21,三花智控业绩增速亮眼 汽零板块成比亚迪独家供货商,三花智控业绩增速亮眼 汽零板块成比亚迪独家供货商
2020-12-21,A股收盘综述：创业板指劲升3.66%，宁德时代涨超12%引领市场,A股收盘综述：创业板指劲升3.66%，宁德时代涨超12%引领市场
2020-12-21,沪指震荡攀升再上3400点 A股有望进入年初躁动行情,沪指震荡攀升再上3400点 A股有望进入年初躁动行情
2020-12-21,沪指震荡攀升再上3400点A股有望进入年初躁动行情,沪指震荡攀升再上3400点A股有望进入年初躁动行情
2020-12-21,市场逻辑分析：强势板块之间的轮动,市场逻辑分析：强势板块之间的轮动
2020-12-21,主题驱动股票池：新能源接棒白酒，成为资金抱团对象！,主题驱动股票池：新能源接棒白酒，成为资金抱团对象！
2020-12-21,【主力资金】尾盘资金追捧5只科技股,【主力资金】尾盘资金追捧5只科技股
2020-12-21,【热股】新能源板块概念股继续走强 比亚迪涨停成交额超110亿,【热股】新能源板块概念股继续走强 比亚迪涨停成交额超110亿
2020-12-21,国新办重磅发布白皮书！7500亿巨头猛涨12%，光伏、新能源车龙头齐涨停，外资入场抢筹,国新办重磅发布白皮书！7500亿巨头猛涨12%，光伏、新能源车龙头齐涨停，外资入场抢筹
2020-12-21,电动运营车市场萎缩 企业探索生存之道,电动运营车市场萎缩 企业探索生存之道
2020-12-21,比亚迪大单封涨停 成交超120亿元,比亚迪大单封涨停 成交超120亿元
2020-12-21,2021年A股掘金去哪儿 众机构普遍看好消费科技复苏三赛道,2021年A股掘金去哪儿 众机构普遍看好消费科技复苏三赛道
2020-12-21,2021年A股掘金去哪儿，众机构普遍看好消费科技复苏三赛道,2021年A股掘金去哪儿，众机构普遍看好消费科技复苏三赛道
2020-12-21,A股早报2020年12月21日星期一,A股早报2020年12月21日星期一
2020-12-21,A股融资融券日报：两融余额增加21.42亿元（12月18日）,A股融资融券日报：两融余额增加21.42亿元（12月18日）
2020-12-21,新能源汽车深度分析：一路上涨的行情，后市是机会还是风险？,新能源汽车深度分析：一路上涨的行情，后市是机会还是风险？
2020-12-21,宁德时代即将奔向新能源汽车产业更广阔的天地,宁德时代即将奔向新能源汽车产业更广阔的天地
2020-12-21,长城汽车A股涨近5%，后复权股价再创新高,长城汽车A股涨近5%，后复权股价再创新高
2020-12-21,【浙商汽车】周观点：政策驱动上海新能源车高增长,【浙商汽车】周观点：政策驱动上海新能源车高增长
2020-12-21,我国动力电池行业现状分析 企业竞争更加激烈,我国动力电池行业现状分析 企业竞争更加激烈
2020-12-21,中航锂电引入多个战略投资者 或为上市铺路,中航锂电引入多个战略投资者 或为上市铺路
2020-12-21,12个案例3大场景演绎新能源汽车商业化破冰：私人消费兴起、商用营运突破,12个案例3大场景演绎新能源汽车商业化破冰：私人消费兴起、商用营运突破
2020-12-21,第一上海升比亚迪(01211-HK)目标价至257港元维持买入,第一上海升比亚迪(01211-HK)目标价至257港元维持买入
2020-12-21,万家精选今年以来收益告负，另一基金经理叶勇或将面临无基可管的尴尬局面,万家精选今年以来收益告负，另一基金经理叶勇或将面临无基可管的尴尬局面
2020-12-21,比亚迪交付哥伦比亚最大纯电动巴士车队,比亚迪交付哥伦比亚最大纯电动巴士车队
2020-12-21,比亚迪A股涨停 成交额超120亿元居两市成交额首位,比亚迪A股涨停 成交额超120亿元居两市成交额首位
2020-12-21,比亚迪触及涨停，成交额超110亿元,比亚迪触及涨停，成交额超110亿元
2020-12-21,市场要闻 | 再成比亚迪新能源车独家供货商，三花智控午后涨停,市场要闻 | 再成比亚迪新能源车独家供货商，三花智控午后涨停
2020-12-21,比亚迪A股冲击涨停，主力净流入超20亿元,比亚迪A股冲击涨停，主力净流入超20亿元
2020-12-21,比亚迪涨逾8%,比亚迪涨逾8%
2020-12-21,比亚迪股份AH股均涨超9%,比亚迪股份AH股均涨超9%
2020-12-21,港股异动 | 比亚迪股份(01211)AH股均涨超8% 加快推进半导体业务拆分上市 刀片电池已实现对外供应,港股异动 | 比亚迪股份(01211)AH股均涨超8% 加快推进半导体业务拆分上市 刀片电池已实现对外供应
2020-12-21,【行情】比亚迪A股午后涨超8%，股价再度突破190元，成交额近90亿元,【行情】比亚迪A股午后涨超8%，股价再度突破190元，成交额近90亿元
2020-12-21,比亚迪(002594.SZ)拉升涨超8%,比亚迪(002594.SZ)拉升涨超8%
2020-12-21,汽车板块午后持续走高，东风汽车涨停,汽车板块午后持续走高，东风汽车涨停
2020-12-21,【行情】比亚迪AH股齐走高，A股涨5.4%，报185.4元,【行情】比亚迪AH股齐走高，A股涨5.4%，报185.4元
2020-12-22,被车企「神化」的模块化平台，真香吗？,被车企「神化」的模块化平台，真香吗？
2020-12-22,机构集中买入锂电股 游资封板比亚迪|龙虎榜,机构集中买入锂电股 游资封板比亚迪|龙虎榜
2020-12-22,比亚迪新能源动力电池生产基地落户蚌埠，总投资60亿元,比亚迪新能源动力电池生产基地落户蚌埠，总投资60亿元
2020-12-22,比亚迪60亿动力电池项目签约安徽蚌埠：一期年产能10GWh,比亚迪60亿动力电池项目签约安徽蚌埠：一期年产能10GWh
2020-12-22,【券商聚焦】招商香港：看好行业变革期创新能力强的车企 首推比亚迪股份,【券商聚焦】招商香港：看好行业变革期创新能力强的车企 首推比亚迪股份
2020-12-22,盛视早参：外围巨震 A股难独善其身,盛视早参：外围巨震 A股难独善其身
2020-12-22,公告精选丨隆基机械成为比亚迪等车企供应商；移远通信被开展337调查,公告精选丨隆基机械成为比亚迪等车企供应商；移远通信被开展337调查
2020-12-22,比亚迪：出资5000万元参与设立股权投资基金,比亚迪：出资5000万元参与设立股权投资基金
2020-12-22,比亚迪：拟5000万元认购基金份额 投资人工智能及大数据相关的软、硬件行业企业,比亚迪：拟5000万元认购基金份额 投资人工智能及大数据相关的软、硬件行业企业
2020-12-22,比亚迪(002594.SZ)参投组建易方畅达基金 投资人工智能及大数据,比亚迪(002594.SZ)参投组建易方畅达基金 投资人工智能及大数据
2020-12-22,隆基机械：公司成为比亚迪汽车和长城汽车高端新能源车型供应商,隆基机械：公司成为比亚迪汽车和长城汽车高端新能源车型供应商
2020-12-22,晚间重要公告2020年12月22日星期二,晚间重要公告2020年12月22日星期二
2020-12-22,A股收盘综述：上证指数“醉酒”下滑1.86%，周期、金融板块午后跳水,A股收盘综述：上证指数“醉酒”下滑1.86%，周期、金融板块午后跳水
2020-12-22,中国新能源车西征：新机会，不代表有新结局,中国新能源车西征：新机会，不代表有新结局
2020-12-22,比亚迪滴滴定制车D1租赁价格公布 汽车租赁行业现状及发展前景分析,比亚迪滴滴定制车D1租赁价格公布 汽车租赁行业现状及发展前景分析
2020-12-22,A股早报2020年12月22日星期二,A股早报2020年12月22日星期二
2020-12-22,宁德时代跌近4%，动力电池板块继续下滑,宁德时代跌近4%，动力电池板块继续下滑
2020-12-22,机构抢筹格林美再战新能源 游资卖多买少顾忌后市,机构抢筹格林美再战新能源 游资卖多买少顾忌后市
2020-12-22,方正证券：汽车半导体研究框架,方正证券：汽车半导体研究框架
2020-12-22,比亚迪获净流入居首 龙虎榜机构抢着“上车”,比亚迪获净流入居首 龙虎榜机构抢着“上车”
2020-12-22,外资疯狂扫货，新能源1天暴涨3000亿！盘后更有重磅利好,外资疯狂扫货，新能源1天暴涨3000亿！盘后更有重磅利好
2020-12-22,美股涨跌不一，欧洲重挫，A股还将继续走强？,美股涨跌不一，欧洲重挫，A股还将继续走强？
2020-12-22,北向资金动向盘点：又一轮加速流入已经开始？,北向资金动向盘点：又一轮加速流入已经开始？
2020-12-22,每日理财观察：LPR连续8个月按兵不动,每日理财观察：LPR连续8个月按兵不动
2020-12-22,外资疯狂扫货 新能源1天暴涨3000亿！盘后更有重磅利好 碳中和接着舞？,外资疯狂扫货 新能源1天暴涨3000亿！盘后更有重磅利好 碳中和接着舞？
2020-12-22,汽车行业第52周周报：12月第2周零售同比+15％ 长城汽车发布“柠檬混动DHT”技术,汽车行业第52周周报：12月第2周零售同比+15％ 长城汽车发布“柠檬混动DHT”技术
2020-12-22,机构五日抢筹18股 主力资金大量流入,机构五日抢筹18股 主力资金大量流入
2020-12-22,602家公司预告全年业绩 170家预增,602家公司预告全年业绩 170家预增
2020-12-22,四大指标评估 比亚迪获企业标准领跑者称号,四大指标评估 比亚迪获企业标准领跑者称号
2020-12-22,宁德时代低开1.54%、比亚迪跌0.32%，锂电池股多数回调,宁德时代低开1.54%、比亚迪跌0.32%，锂电池股多数回调
2020-12-22,A股融资融券日报：两融余额增加74.58亿元（12月21日）,A股融资融券日报：两融余额增加74.58亿元（12月21日）
2020-12-23,比亚迪拟5000万人民币参投人工智能及大数据基金 出资占比15.57%,比亚迪拟5000万人民币参投人工智能及大数据基金 出资占比15.57%
2020-12-23,新造车“大闹天宫”，2020新能源车市九大真相，让数据说话,新造车“大闹天宫”，2020新能源车市九大真相，让数据说话
2020-12-23,涨停复盘 | 怎么的？A股要掀起能源革命？,涨停复盘 | 怎么的？A股要掀起能源革命？
2020-12-23,北向资金今日净买入43.39亿元，光伏股持续受追捧,北向资金今日净买入43.39亿元，光伏股持续受追捧
2020-12-23,错过收购特斯拉，苹果会自己造车吗？,错过收购特斯拉，苹果会自己造车吗？
2020-12-23,【东吴机械陈显帆】周观点：挖掘机有望开门红，新能源景气旺盛利好设备商,【东吴机械陈显帆】周观点：挖掘机有望开门红，新能源景气旺盛利好设备商
2020-12-23,中熔电气创业板IPO过会：华为、比亚迪均为大客户 对赌协议存风险,中熔电气创业板IPO过会：华为、比亚迪均为大客户 对赌协议存风险
2020-12-23,【华创汽车】整车估值体系变了吗？,【华创汽车】整车估值体系变了吗？
2020-12-23,钴锂12月23日监测：工碳大涨1.5%、电碳再涨1%，业界情绪乐观,钴锂12月23日监测：工碳大涨1.5%、电碳再涨1%，业界情绪乐观
2020-12-23,谁引燃了新能源车市？11月销量同比增长超1倍，特斯拉市值一度冲破4万亿元,谁引燃了新能源车市？11月销量同比增长超1倍，特斯拉市值一度冲破4万亿元
2020-12-23,以1%的销量撬动数千亿美元市值，智电化搅动车市资本漩涡,以1%的销量撬动数千亿美元市值，智电化搅动车市资本漩涡
2020-12-23,新坐标(603040)：国内精密冷锻件细分龙头 未来成长可期,新坐标(603040)：国内精密冷锻件细分龙头 未来成长可期
2020-12-23,每日互动与比亚迪DiLink合作 共同促进车联网行业良好发展,每日互动与比亚迪DiLink合作 共同促进车联网行业良好发展
2020-12-23,A股融资融券日报：两融余额增加2.44亿元（12月22日）,A股融资融券日报：两融余额增加2.44亿元（12月22日）
2020-12-23,苹果也要造车了？A股、港股汽车股同步走高丨牛熊眼,苹果也要造车了？A股、港股汽车股同步走高丨牛熊眼
2020-12-23,证券日报头版：战略性新兴产业的火热是投资者对中国经济新增长级投出的信任票,证券日报头版：战略性新兴产业的火热是投资者对中国经济新增长级投出的信任票
2020-12-23,五日龙虎榜追踪 机构抢筹这40股,五日龙虎榜追踪 机构抢筹这40股
2020-12-23,171家公司全年业绩预增,171家公司全年业绩预增
2020-12-23,出租网约车发展受阻 电动汽车私人消费仍是主流,出租网约车发展受阻 电动汽车私人消费仍是主流
2020-12-23,决战锂电新市场 未来谁将成新王？,决战锂电新市场 未来谁将成新王？
2020-12-23,上市公司正负面新闻2020年12月23日星期三,上市公司正负面新闻2020年12月23日星期三
2020-12-23,【12.23锂电快讯】比亚迪电池生产基地落户蚌埠*苹果计划2024年生产乘用车,【12.23锂电快讯】比亚迪电池生产基地落户蚌埠*苹果计划2024年生产乘用车
2020-12-23,比亚迪拟组建基金，投资人工智能及大数据相关企业,比亚迪拟组建基金，投资人工智能及大数据相关企业
2020-12-23,金融市场流动性与监管动态周报：退市新规优化A股生态 内外资持续流入,金融市场流动性与监管动态周报：退市新规优化A股生态 内外资持续流入
2020-12-23,法拉电子(600563)动态研究：新能源汽车快速放量 薄膜电容全球龙头受益显着,法拉电子(600563)动态研究：新能源汽车快速放量 薄膜电容全球龙头受益显着
2020-12-23,每日互动与比亚迪DiLink达成战略合作 创新促进车联网行业发展,每日互动与比亚迪DiLink达成战略合作 创新促进车联网行业发展
2020-12-23,【港股通】比亚迪出资5000万元参投组建易方畅达基金,【港股通】比亚迪出资5000万元参投组建易方畅达基金
2020-12-23,银鞍白马，冰川夜空 金力泰为德龙旗舰X6000提供“战衣铠甲”,银鞍白马，冰川夜空 金力泰为德龙旗舰X6000提供“战衣铠甲”
2020-12-24,同惠电子(833509)精选层首发快评系列(三十五)：深耕电子测量仪器领域多年 高端产品进口替代有望突围,同惠电子(833509)精选层首发快评系列(三十五)：深耕电子测量仪器领域多年 高端产品进口替代有望突围
2020-12-24,吉利新能源到底行不行？,吉利新能源到底行不行？
2020-12-24,【一语道破】苹果也造车！新能源汽车爆发龙头不止宁德时代,【一语道破】苹果也造车！新能源汽车爆发龙头不止宁德时代
2020-12-24,港股收盘：阿里巴巴收跌8% 恒生科技指数重挫3% 恒指连续四周收跌 连续下跌,港股收盘：阿里巴巴收跌8% 恒生科技指数重挫3% 恒指连续四周收跌 连续下跌
2020-12-24,李建：这样建立市值755亿的棉花王国,李建：这样建立市值755亿的棉花王国
2020-12-24,储能细分市场“蛋糕同样”诱人！龙头企业已开始产业链深度布局,储能细分市场“蛋糕同样”诱人！龙头企业已开始产业链深度布局
2020-12-24,政策利好叠加 广东新能源汽车产业恢复增长,政策利好叠加 广东新能源汽车产业恢复增长
2020-12-24,因名字带“隆基”涨停后又主动披露成比亚迪独家供应商，隆基机械再度涨停背后高端制动盘扩建已一再延期投资,因名字带“隆基”涨停后又主动披露成比亚迪独家供应商，隆基机械再度涨停背后高端制动盘扩建已一再延期投资
2020-12-24,比亚迪半导体将自建碳化硅产线,比亚迪半导体将自建碳化硅产线
2020-12-24,洞鉴光伏系列报告之五——储能深度：千亿赛道冉冉升起，中国企业大有可为【安信电新】,洞鉴光伏系列报告之五——储能深度：千亿赛道冉冉升起，中国企业大有可为【安信电新】
2020-12-24,比亚迪计划明年自建SiC产线,比亚迪计划明年自建SiC产线
2020-12-24,A股融资融券日报：两融余额增加60.02亿元（ 12月23日）,A股融资融券日报：两融余额增加60.02亿元（ 12月23日）
2020-12-24,落户安徽蚌埠 比亚迪动力电池再下一城,落户安徽蚌埠 比亚迪动力电池再下一城
2020-12-24,比亚迪：将加快推进比亚迪半导体分拆上市工作,比亚迪：将加快推进比亚迪半导体分拆上市工作
2020-12-24,2020年，造车新势力冰火两重天,2020年，造车新势力冰火两重天
2020-12-24,北向资金动向盘点：重手加仓电力设备及新能源,北向资金动向盘点：重手加仓电力设备及新能源
2020-12-24,大和料比亚迪(01211-HK)将受惠IGBT供应短缺维持目标价250港元,大和料比亚迪(01211-HK)将受惠IGBT供应短缺维持目标价250港元
2020-12-24,龙头对标Model3车型马上发布 上海还在酝酿重磅文件 新能源车还有多项预期,龙头对标Model3车型马上发布 上海还在酝酿重磅文件 新能源车还有多项预期
2020-12-24,北向资金扫货43亿元！除了茅台，还有这些股票被抢购,北向资金扫货43亿元！除了茅台，还有这些股票被抢购
2020-12-24,只有这几家？盘点即将完成年度销量目标的车企,只有这几家？盘点即将完成年度销量目标的车企
2020-12-24,混动技术，汽车变革期的一个完美“鸡肋”？,混动技术，汽车变革期的一个完美“鸡肋”？
2020-12-24,头部电池企业深度布局储能市场 属谁“先知先觉”？,头部电池企业深度布局储能市场 属谁“先知先觉”？
2020-12-25,滴滴全球首款定制网约车D1正式投产 滴滴进军高端网约车服务市场,滴滴全球首款定制网约车D1正式投产 滴滴进军高端网约车服务市场
2020-12-25,比亚迪D1于长沙基地投产，预计年产10万辆 ，月租金最低4299元,比亚迪D1于长沙基地投产，预计年产10万辆 ，月租金最低4299元
2020-12-25,汉系列车型订单突破5万辆 滴滴定制网约车比亚迪D1今日上路,汉系列车型订单突破5万辆 滴滴定制网约车比亚迪D1今日上路
2020-12-25,定制版网约车 首批比亚迪D1在长沙交付,定制版网约车 首批比亚迪D1在长沙交付
2020-12-25,比亚迪半导体或将拆分上市 我国自主汽车芯片规模占比不足10%,比亚迪半导体或将拆分上市 我国自主汽车芯片规模占比不足10%
2020-12-25,湘潭电化(002125.SZ)参股公司湖南裕能完成引入宁德时代、比亚迪等战投增资,湘潭电化(002125.SZ)参股公司湖南裕能完成引入宁德时代、比亚迪等战投增资
2020-12-25,福耀玻璃(600660)：汽车大视界、玻璃新未来,福耀玻璃(600660)：汽车大视界、玻璃新未来
2020-12-25,财华洞察|机构喊出涨4倍，股民集体狂欢，盐湖复牌后怎么走？,财华洞察|机构喊出涨4倍，股民集体狂欢，盐湖复牌后怎么走？
2020-12-25,“转正”“转型”“转强”——透视2020中国经济运行高频词,“转正”“转型”“转强”——透视2020中国经济运行高频词
2020-12-25,汽车行业年度策略：拥抱电动智能化浪潮下的黄金机遇,汽车行业年度策略：拥抱电动智能化浪潮下的黄金机遇
2020-12-25,滴滴定制网约车D1在长沙投产 首批新车交付,滴滴定制网约车D1在长沙投产 首批新车交付
2020-12-25,全年业绩高增长股提前看，108股净利润增幅翻倍,全年业绩高增长股提前看，108股净利润增幅翻倍
2020-12-25,空“芯”的中国汽车业：缺“芯”问题短期内难以解决,空“芯”的中国汽车业：缺“芯”问题短期内难以解决
2020-12-25,2021年新能源汽车板块投资策略：成长、周期和重塑 迎接全球电动汽车大爆发,2021年新能源汽车板块投资策略：成长、周期和重塑 迎接全球电动汽车大爆发
2020-12-25,公司*深度*杭可科技(688006)：全球领先的锂电后段设备商 电动化趋势打开公司成长空间,公司*深度*杭可科技(688006)：全球领先的锂电后段设备商 电动化趋势打开公司成长空间
2020-12-25,A股融资融券日报：两融余额增加15.42亿元（ 12月24日）,A股融资融券日报：两融余额增加15.42亿元（ 12月24日）
2020-12-25,总投资60亿元 比亚迪动力电池工厂落户蚌埠,总投资60亿元 比亚迪动力电池工厂落户蚌埠
2020-12-25,机构调研热情不减，建筑电气等行业关注度高,机构调研热情不减，建筑电气等行业关注度高
2020-12-25,汽车板块拉升，广汽集团、江淮汽车、比亚迪领涨,汽车板块拉升，广汽集团、江淮汽车、比亚迪领涨
2020-12-25,比亚迪入股一股权投资合伙企业 后者注册资本增加970%,比亚迪入股一股权投资合伙企业 后者注册资本增加970%
2020-12-25,新能源汽车产业回暖 车企加大研发投入,新能源汽车产业回暖 车企加大研发投入
2020-12-25,比亚迪半导体分拆上市，估值或达300亿,比亚迪半导体分拆上市，估值或达300亿
2020-12-25,车企入股动力电池企业 合作深化成趋势,车企入股动力电池企业 合作深化成趋势
2020-12-25,资金跑步入场，“融资客”大手笔连续加码这13只个股,资金跑步入场，“融资客”大手笔连续加码这13只个股
2020-12-26,免费且性能极佳的DP接口电视们为何不用？真相了,免费且性能极佳的DP接口电视们为何不用？真相了
2020-12-26,比亚迪发布“比亚迪汽车App”，揭秘打造智能座舱的核心要素,比亚迪发布“比亚迪汽车App”，揭秘打造智能座舱的核心要素
2020-12-26,王传福：电动车百年变革从“春秋时期”开始进入“战国时代”,王传福：电动车百年变革从“春秋时期”开始进入“战国时代”
2020-12-26,A股年报预告抢鲜看:动力电池龙头利润暴涨近4000倍,A股年报预告抢鲜看:动力电池龙头利润暴涨近4000倍
2020-12-26,市值年内增长250%，比亚迪狂飙突进下亦有隐忧,市值年内增长250%，比亚迪狂飙突进下亦有隐忧
2020-12-26,韩国核聚变重大突破：“人造太阳”在1亿度下运行了20秒,韩国核聚变重大突破：“人造太阳”在1亿度下运行了20秒
2020-12-27,中国产电动公交车在哥伦比亚首都投运,中国产电动公交车在哥伦比亚首都投运
2020-12-27,乘胜追击 比亚迪再获406台哥伦比亚电动巴士订单,乘胜追击 比亚迪再获406台哥伦比亚电动巴士订单
2020-12-28,北京摇号新政倒计时：车管所延至20点下班，部分4S店已无车可卖,北京摇号新政倒计时：车管所延至20点下班，部分4S店已无车可卖
2020-12-28,决胜之年要来了：汽车智能化的难点、赛点和转折点,决胜之年要来了：汽车智能化的难点、赛点和转折点
2020-12-28,美股异动 | 优点互动(IDEX.US)盘前涨逾17%，子公司MEG将购买2000辆比亚迪D1,美股异动 | 优点互动(IDEX.US)盘前涨逾17%，子公司MEG将购买2000辆比亚迪D1
2020-12-28,比亚迪发布“超级App”,比亚迪发布“超级App”
2020-12-28,MEG宣布2000台比亚迪定制电动网约车D1的购买协议,MEG宣布2000台比亚迪定制电动网约车D1的购买协议
2020-12-28,电力设备与新能源行业周报：磷酸铁锂供给整合出清 电力设备市场化提升,电力设备与新能源行业周报：磷酸铁锂供给整合出清 电力设备市场化提升
2020-12-28,科达制造(600499)：增资蓝科锂业 推进产能持续释放,科达制造(600499)：增资蓝科锂业 推进产能持续释放
2020-12-28,比亚迪汽车App正式发布,比亚迪汽车App正式发布
2020-12-28,比亚迪超级APP“野蛮进攻”背后：不只造车，要成为智慧终端提供商,比亚迪超级APP“野蛮进攻”背后：不只造车，要成为智慧终端提供商
2020-12-28,日企开发中国电池再利用商机 日媒：或引市场争夺战,日企开发中国电池再利用商机 日媒：或引市场争夺战
2020-12-28,比亚迪滴滴联合打造的定制网约车D1在长沙投产,比亚迪滴滴联合打造的定制网约车D1在长沙投产
2020-12-28,本周观点：与个股集萃,本周观点：与个股集萃
2020-12-28,汽车周报：新老势力争锋智能车时代 吉利星瑞询单量逐周攀升,汽车周报：新老势力争锋智能车时代 吉利星瑞询单量逐周攀升
2020-12-28,A股收盘综述：上证指数震荡录涨0.02%，酿酒股炒作卷土重来,A股收盘综述：上证指数震荡录涨0.02%，酿酒股炒作卷土重来
2020-12-28,北京摇号新政实施倒计时：夫妻间车辆变更抢滩“窗口期”，车管所下班延至晚8点，部分4S店已无新车可卖,北京摇号新政实施倒计时：夫妻间车辆变更抢滩“窗口期”，车管所下班延至晚8点，部分4S店已无新车可卖
2020-12-28,电力设备行业周报：车企与电池企业持续深化合作 明年磷酸铁锂和高镍811份额料将持续提升,电力设备行业周报：车企与电池企业持续深化合作 明年磷酸铁锂和高镍811份额料将持续提升
2020-12-28,A股午盘综述：上证指数涨0.3%，泸州老窖、汾酒、古井贡酒、酒鬼酒均再创新高,A股午盘综述：上证指数涨0.3%，泸州老窖、汾酒、古井贡酒、酒鬼酒均再创新高
2020-12-28,【华创·周知道】如果专项债缺席，一月社融怎么看？（20201228）,【华创·周知道】如果专项债缺席，一月社融怎么看？（20201228）
2020-12-28,盖世周报 | 吉利或成力帆股份实控人；麦格纳将与LG建合资企业,盖世周报 | 吉利或成力帆股份实控人；麦格纳将与LG建合资企业
2020-12-28,磷酸铁锂电池装机量不断上升，重卡、船舶应用加速拓展,磷酸铁锂电池装机量不断上升，重卡、船舶应用加速拓展
2020-12-28,中信证券：磷酸铁锂材料行业景气反转，盈利触底回升,中信证券：磷酸铁锂材料行业景气反转，盈利触底回升
2020-12-28,615家公司预告全年业绩 180家预增,615家公司预告全年业绩 180家预增
2020-12-28,时代点金（1228）：比亚迪的实际价值能否撑得起5000亿市值？,时代点金（1228）：比亚迪的实际价值能否撑得起5000亿市值？
2020-12-28,A股融资融券日报：两融余额增加19.97亿元（ 12月25日）,A股融资融券日报：两融余额增加19.97亿元（ 12月25日）
2020-12-28,新能源汽车｜磷酸铁锂正极复盘与展望：行业景气反转，盈利触底回升,新能源汽车｜磷酸铁锂正极复盘与展望：行业景气反转，盈利触底回升
2020-12-28,回收汽车电池，比亚迪与伊藤忠商事建立新的合作伙伴关系,回收汽车电池，比亚迪与伊藤忠商事建立新的合作伙伴关系
2020-12-28,北京摇号新政实施倒计时：夫妻间车辆变更抢滩3天窗口期，部分4S店已无新车可卖,北京摇号新政实施倒计时：夫妻间车辆变更抢滩3天窗口期，部分4S店已无新车可卖
2020-12-28,港股板块表现分化 延续区间震荡格局,港股板块表现分化 延续区间震荡格局
2020-12-28,湖南裕能完成增资事项 引入宁德时代、比亚迪等战投,湖南裕能完成增资事项 引入宁德时代、比亚迪等战投
2020-12-28,丰田中国2021年还能继续逆市高速增长么？,丰田中国2021年还能继续逆市高速增长么？
2020-12-28,上汽集团涨超7%提振汽车板块，长城汽车、长安汽车、比亚迪等跟涨,上汽集团涨超7%提振汽车板块，长城汽车、长安汽车、比亚迪等跟涨
2020-12-28,机构最近都在买哪些股？,机构最近都在买哪些股？
2020-12-29,1016亿资金争夺20股：主力资金重点出击4股(名单),1016亿资金争夺20股：主力资金重点出击4股(名单)
2020-12-29,28股获北向资金超亿元增持，3股业绩预增,28股获北向资金超亿元增持，3股业绩预增
2020-12-29,“落子”科技创新 璧山城市发展“下大棋”,“落子”科技创新 璧山城市发展“下大棋”
2020-12-29,细数比亚迪2020年主要科技成就，拿奖拿到手软,细数比亚迪2020年主要科技成就，拿奖拿到手软
2020-12-29,A股午盘综述：上证指数跌0.33%，新能源产业链出现踩踏行情,A股午盘综述：上证指数跌0.33%，新能源产业链出现踩踏行情
2020-12-29,“智己汽车”注册成立，核心员工持股平台占比5.1%,“智己汽车”注册成立，核心员工持股平台占比5.1%
2020-12-29,解盘：顺周期全面回调，网络游戏、5G、第三代半导体略涨,解盘：顺周期全面回调，网络游戏、5G、第三代半导体略涨
2020-12-29,A股收盘综述：上证指数下滑0.54%，新能源、周期、汽车板块大幅调整,A股收盘综述：上证指数下滑0.54%，新能源、周期、汽车板块大幅调整
2020-12-29,汽车第53周周报：12月第三周零售同比+33％ 汽车消费信心持续回升,汽车第53周周报：12月第三周零售同比+33％ 汽车消费信心持续回升
2020-12-29,天花乱坠的广告宣传背后净水器却质量问题频出 产品问题,天花乱坠的广告宣传背后净水器却质量问题频出 产品问题
2020-12-29,主力尾盘大幅净流出 比亚迪遭抛售超3亿元 股票卖空,主力尾盘大幅净流出 比亚迪遭抛售超3亿元 股票卖空
2020-12-29,北向资金今日净买入44.71亿元，隆基股份连续20日净买入,北向资金今日净买入44.71亿元，隆基股份连续20日净买入
2020-12-29,数说车市 | 五菱销量超特斯拉，新能源汽车谁比谁激进？,数说车市 | 五菱销量超特斯拉，新能源汽车谁比谁激进？
2020-12-29,40分钟闪崩50%，20倍妖股惊魂一跳！千亿巨头封死跌停，锂电概念大回调！最惨板块突然爆发，主力抢筹龙头20亿 连续下跌,40分钟闪崩50%，20倍妖股惊魂一跳！千亿巨头封死跌停，锂电概念大回调！最惨板块突然爆发，主力抢筹龙头20亿 连续下跌
2020-12-29,荔枝产品全面上线比亚迪汽车DiLink智能网联系统,荔枝产品全面上线比亚迪汽车DiLink智能网联系统
2020-12-29,第一上海丨【行业评论】新能源汽车行业：特斯拉中国建厂带动产业链发展 新势力“重研发”方能构建护城河,第一上海丨【行业评论】新能源汽车行业：特斯拉中国建厂带动产业链发展 新势力“重研发”方能构建护城河
2020-12-29,比亚迪汉EV等电动车主冬季“噩梦”：耗电增加，充电变慢,比亚迪汉EV等电动车主冬季“噩梦”：耗电增加，充电变慢
2020-12-29,那些在2020年暴富的汽车圈大佬,那些在2020年暴富的汽车圈大佬
2020-12-29,新能源行业周报：两大龙头加码布局LFP 11月光伏新增装机继续高增长,新能源行业周报：两大龙头加码布局LFP 11月光伏新增装机继续高增长
2020-12-29,宁德时代、比亚迪均跌超4%，锂电池板块持续下滑,宁德时代、比亚迪均跌超4%，锂电池板块持续下滑
2020-12-29,销售PK首席 | 程似骐：新能源汽车产业链“风口”跑赢 高度关注智能驾驶,销售PK首席 | 程似骐：新能源汽车产业链“风口”跑赢 高度关注智能驾驶
2020-12-29,比亚迪汉EV等电动车主冬季“噩梦”：耗电增加 充电变慢,比亚迪汉EV等电动车主冬季“噩梦”：耗电增加 充电变慢
2020-12-29,2020年新能源车升温产业链受益 宏发股份市占率超20%,2020年新能源车升温产业链受益 宏发股份市占率超20%
2020-12-29,日媒：日本企业开发中国电池再利用商机,日媒：日本企业开发中国电池再利用商机
2020-12-29,电动车主的冬季“噩梦”,电动车主的冬季“噩梦”
2020-12-29,1-11月汽车制造业累计实现利润4781亿元 同比增长7.2%,1-11月汽车制造业累计实现利润4781亿元 同比增长7.2%
2020-12-29,杨冬生：以客户为中心 客户需要什么 就会造什么,杨冬生：以客户为中心 客户需要什么 就会造什么
2020-12-29,2020十大外星发现：外星人向人类打电话美海军解密UFO视频,2020十大外星发现：外星人向人类打电话美海军解密UFO视频
2020-12-29,连续三个月碾压特斯拉！“中国神车”彻底火了,连续三个月碾压特斯拉！“中国神车”彻底火了
2020-12-29,直达火星！核动力火箭真来了,直达火星！核动力火箭真来了
2020-12-29,北向资金动向盘点：盘中流向大逆转，重手加仓两行业,北向资金动向盘点：盘中流向大逆转，重手加仓两行业
2020-12-29,新能源巨头齐放大招！宁德时代再砸290亿扩产能，比亚迪超100亿干这事！,新能源巨头齐放大招！宁德时代再砸290亿扩产能，比亚迪超100亿干这事！
2020-12-29,新能源汽车行业重大事项点评：电池龙头加码铁锂 行业或迎景气反转,新能源汽车行业重大事项点评：电池龙头加码铁锂 行业或迎景气反转
2020-12-29,新能源汽车行业周报：华为高性能车规级激光雷达首发,新能源汽车行业周报：华为高性能车规级激光雷达首发
2020-12-29,古都西安借绿色智能制造 打造现代“汽车新城”,古都西安借绿色智能制造 打造现代“汽车新城”
2020-12-29,上汽、阿里联手，百亿投资能否砸出“中国的特斯拉”,上汽、阿里联手，百亿投资能否砸出“中国的特斯拉”
2020-12-29,A股融资融券日报：两融余额增加39.08亿元（12月28日）,A股融资融券日报：两融余额增加39.08亿元（12月28日）
2020-12-29,人民日报点赞正泰 | 加强光伏合作 推动绿色发展,人民日报点赞正泰 | 加强光伏合作 推动绿色发展
2020-12-29,"上汽集团涨停！联手阿里造车 意在""狙击""特斯拉？","上汽集团涨停！联手阿里造车 意在""狙击""特斯拉？"
2020-12-29,182家公司全年业绩预增,182家公司全年业绩预增
2020-12-29,新能源汽车行业周报：增资并购与需求扩张 LFP站上时代风口,新能源汽车行业周报：增资并购与需求扩张 LFP站上时代风口
2020-12-30,比亚迪：证券事务代表辞任,比亚迪：证券事务代表辞任
2020-12-30,【研报掘金】新能源车产业短期增长确定性被加强 产业链有望迎来量价齐升,【研报掘金】新能源车产业短期增长确定性被加强 产业链有望迎来量价齐升
2020-12-30,北向资金今日净买入64.4亿元，京东方A、比亚迪净买入额创历史次高,北向资金今日净买入64.4亿元，京东方A、比亚迪净买入额创历史次高
2020-12-30,北水涌入中芯超11亿！再买9亿美团；南水增持京东方、比亚迪,北水涌入中芯超11亿！再买9亿美团；南水增持京东方、比亚迪
2020-12-30,北水动向(12.30)|北水净流入58.78亿 中芯国际(00981)午后暴涨 内资加仓逾11亿,北水动向(12.30)|北水净流入58.78亿 中芯国际(00981)午后暴涨 内资加仓逾11亿
2020-12-30,北向资金净流入64.40亿元，京东方Ａ、比亚迪、东方财富、贵州茅台净买入居前,北向资金净流入64.40亿元，京东方Ａ、比亚迪、东方财富、贵州茅台净买入居前
2020-12-30,市值超8000亿！宁德时代投390亿元在福建、四川和江苏三地扩建锂电池项目，中金预测上涨50%,市值超8000亿！宁德时代投390亿元在福建、四川和江苏三地扩建锂电池项目，中金预测上涨50%
2020-12-30,比亚迪：同意控股子公司比亚迪半导体筹划分拆上市,比亚迪：同意控股子公司比亚迪半导体筹划分拆上市
2020-12-30,公告精选丨 比亚迪拟筹划比亚迪半导体分拆上市，福莱特签订超140亿元光伏玻璃大单,公告精选丨 比亚迪拟筹划比亚迪半导体分拆上市，福莱特签订超140亿元光伏玻璃大单
2020-12-30,王海进辞任比亚迪(002594.SZ)证券事务代表,王海进辞任比亚迪(002594.SZ)证券事务代表
2020-12-30,公告精选丨*ST夏利将撤销退市风险警示， 比亚迪半导体拟分拆上市,公告精选丨*ST夏利将撤销退市风险警示， 比亚迪半导体拟分拆上市
2020-12-30,晚间重要公告2020年12月30日星期三,晚间重要公告2020年12月30日星期三
2020-12-30,比亚迪半导体分拆上市获董事会通过： A+轮估值已达102亿 45名股东有望分享造富盛宴,比亚迪半导体分拆上市获董事会通过： A+轮估值已达102亿 45名股东有望分享造富盛宴
2020-12-30,公告精选：比亚迪控股子公司筹划分拆上市；万华化学下调1月份中国地区MDI价格,公告精选：比亚迪控股子公司筹划分拆上市；万华化学下调1月份中国地区MDI价格
2020-12-30,新能源车产业增长确定 锂相关产业链有望迎机遇,新能源车产业增长确定 锂相关产业链有望迎机遇
2020-12-30,电气设备行业-电池科技前瞻系列报告之十五：热力学视角看负极析锂 兼挥别波澜壮阔的2020年,电气设备行业-电池科技前瞻系列报告之十五：热力学视角看负极析锂 兼挥别波澜壮阔的2020年
2020-12-30,比亚迪发布公告：董事会同意公司控股子公司比亚迪半导体股份有限公司筹划分拆上市事项,比亚迪发布公告：董事会同意公司控股子公司比亚迪半导体股份有限公司筹划分拆上市事项
2020-12-30,电子行业研究：2021年功率半导体有望迎来景气周期,电子行业研究：2021年功率半导体有望迎来景气周期
2020-12-30,【行情】苹果概念股午后继续拉升，大族激光、横店东磁封住涨停，比亚迪、京东方A维持超6%升幅,【行情】苹果概念股午后继续拉升，大族激光、横店东磁封住涨停，比亚迪、京东方A维持超6%升幅
2020-12-30,电动汽车冬季悲歌：我不是在充电，就是在充电的路上,电动汽车冬季悲歌：我不是在充电，就是在充电的路上
2020-12-30,A股收盘综述：上证综指涨超1%，创业板指、深证成指收于五年高点,A股收盘综述：上证综指涨超1%，创业板指、深证成指收于五年高点
2020-12-30,为什么是比亚迪？,为什么是比亚迪？
2020-12-30,智通港股早知道︱(12月30日) 清科创业(01945)今日挂牌，持续关注赣锋锂业(01772)股价在2021年体现最乐观预期,智通港股早知道︱(12月30日) 清科创业(01945)今日挂牌，持续关注赣锋锂业(01772)股价在2021年体现最乐观预期
2020-12-30,每日理财观察：国有企业混改基金成立,每日理财观察：国有企业混改基金成立
2020-12-30,A股融资融券日报：两融余额减少62.47亿元（12月29日）,A股融资融券日报：两融余额减少62.47亿元（12月29日）
2020-12-30,荔枝宣布与比亚迪DiLink进行合作，车载音频产品已在比亚迪多款主力车型上线,荔枝宣布与比亚迪DiLink进行合作，车载音频产品已在比亚迪多款主力车型上线
2020-12-30,荔枝宣布与比亚迪DiLink进行合作,荔枝宣布与比亚迪DiLink进行合作
2020-12-30,623家公司预告全年业绩 185家预增,623家公司预告全年业绩 185家预增
2020-12-30,长城汽车、比亚迪均涨超6%，带动汽车板块走强,长城汽车、比亚迪均涨超6%，带动汽车板块走强
2020-12-30,市值超越中石油，但车企为何想要逃离宁德时代？,市值超越中石油，但车企为何想要逃离宁德时代？
2020-12-30,广州万隆：强势修复 节后红包行情或已开启,广州万隆：强势修复 节后红包行情或已开启
2020-12-30,A股午盘综述：创业板指涨2.98%创五年新高，宁德时代、金龙鱼劲升逾9%,A股午盘综述：创业板指涨2.98%创五年新高，宁德时代、金龙鱼劲升逾9%
2020-12-30,5年新高来了，创业板突然暴涨，冠军基金稳了！,5年新高来了，创业板突然暴涨，冠军基金稳了！
2020-12-30,苹果板块午后继续走升，大族激光、横店东磁封住涨停,苹果板块午后继续走升，大族激光、横店东磁封住涨停
2020-12-30,旧动力电池太多不好处理？ 日本人求购,旧动力电池太多不好处理？ 日本人求购
2020-12-30,累计销量突破4万 汉尊享购车权益延长至2021年2月,累计销量突破4万 汉尊享购车权益延长至2021年2月
2020-12-30,继小鹏汽车后，荔枝宣布将车载音频产品接入比亚迪DiLink,继小鹏汽车后，荔枝宣布将车载音频产品接入比亚迪DiLink
2020-12-31,腾龙股份：公司与蔚来、特斯拉等合作关系稳定,腾龙股份：公司与蔚来、特斯拉等合作关系稳定
2020-12-31,A股收盘综述：上证指数2020年累涨近14%，创业板指涨65%,A股收盘综述：上证指数2020年累涨近14%，创业板指涨65%
2020-12-31,比亚迪半导体分拆上市前期筹备工作启动 投后估值超过百亿元,比亚迪半导体分拆上市前期筹备工作启动 投后估值超过百亿元
2020-12-31,瑞信指比亚迪(01211-HK)前四星期销量升31%胜预期主要受新能源车带动,瑞信指比亚迪(01211-HK)前四星期销量升31%胜预期主要受新能源车带动
2020-12-31,IPO快评|身傍宁德、比亚迪、华为、阳光电源等多个大腿的中熔电气,IPO快评|身傍宁德、比亚迪、华为、阳光电源等多个大腿的中熔电气
2020-12-31,杭可科技(688006)点评报告：签国轩高科3.7亿元锂电设备合同 订单拐点渐显,杭可科技(688006)点评报告：签国轩高科3.7亿元锂电设备合同 订单拐点渐显
2020-12-31,比亚迪：子公司比亚迪半导体筹划分拆上市，多家明星基金位列股东名单中,比亚迪：子公司比亚迪半导体筹划分拆上市，多家明星基金位列股东名单中
2020-12-31,【SMM分析】受追捧！企业争相加码新产能 磷酸铁锂价格将飞得更高？,【SMM分析】受追捧！企业争相加码新产能 磷酸铁锂价格将飞得更高？
2020-12-31,比亚迪间接成立蚌埠弗迪电池有限公司，注册资本5000万元,比亚迪间接成立蚌埠弗迪电池有限公司，注册资本5000万元
2020-12-31,第22批免车船税新能源车型目录发布，领克06 PHEV/名爵eMG6等126款车型在列,第22批免车船税新能源车型目录发布，领克06 PHEV/名爵eMG6等126款车型在列
2020-12-31,比亚迪半导体正式筹划分拆上市！估值已超百亿元,比亚迪半导体正式筹划分拆上市！估值已超百亿元
2020-12-31,温故而知新！2021年哪些板块会走牛？,温故而知新！2021年哪些板块会走牛？
2020-12-31,5nm+CUDA数量翻倍！NVIDIA新一代GPU太凶猛,5nm+CUDA数量翻倍！NVIDIA新一代GPU太凶猛
2020-12-31,大摩称英特尔2021年会很艰难，其制造问题仍然是该公司最紧迫的担忧。,大摩称英特尔2021年会很艰难，其制造问题仍然是该公司最紧迫的担忧。
2020-12-31,35股获特大单资金净流入超2亿元 比亚迪居首,35股获特大单资金净流入超2亿元 比亚迪居首
2020-12-31,2020年中国新能源汽车行业白皮书,2020年中国新能源汽车行业白皮书
2020-12-31,半导体行业研究：新能源车快速发展 碳化硅迎来发展良机,半导体行业研究：新能源车快速发展 碳化硅迎来发展良机
2020-12-31,做强车用“中国芯” 比亚迪半导体启动分拆上市筹备工作,做强车用“中国芯” 比亚迪半导体启动分拆上市筹备工作
2020-12-31,港股恒指2020年跌3.31%：药明生物涨超2倍 小米美团等翻倍,港股恒指2020年跌3.31%：药明生物涨超2倍 小米美团等翻倍
2020-12-31,比亚迪分拆半导体业务寻求上市融资，IPO前估值破百亿人民币,比亚迪分拆半导体业务寻求上市融资，IPO前估值破百亿人民币
2020-12-31,新能源汽车高端化渐显 赛道拥挤 谁能执牛耳？,新能源汽车高端化渐显 赛道拥挤 谁能执牛耳？
2020-12-31,斥资5000万元，比亚迪成立蚌埠弗迪电池有限公司,斥资5000万元，比亚迪成立蚌埠弗迪电池有限公司
2020-12-31,官宣！比亚迪半导体将分拆上市,官宣！比亚迪半导体将分拆上市
2020-12-31,年终盘点：2020年的储能往事,年终盘点：2020年的储能往事
2020-12-31,港股异动 | 比亚迪股份(01211)盘中涨超5% 拟筹划控股子公司比亚迪半导体分拆上市,港股异动 | 比亚迪股份(01211)盘中涨超5% 拟筹划控股子公司比亚迪半导体分拆上市
2020-12-31,港股恒指2020年跌3.4%：药明生物涨超2倍 小米美团等翻倍,港股恒指2020年跌3.4%：药明生物涨超2倍 小米美团等翻倍
2020-12-31,湘潭电化：参股公司湖南裕能磷酸铁锂产品目前产销两旺,湘潭电化：参股公司湖南裕能磷酸铁锂产品目前产销两旺
2020-12-31,排队分拆新能源业务 多家公司筹谋“二次上市”,排队分拆新能源业务 多家公司筹谋“二次上市”
2020-12-31,估值已超百亿元 比亚迪半导体正式筹划分拆上市,估值已超百亿元 比亚迪半导体正式筹划分拆上市
2020-12-31,“安全”与续航之争 比亚迪刀片电池并非材料的创新,“安全”与续航之争 比亚迪刀片电池并非材料的创新
2020-12-31,“产品+技术”双核驱动 2020年比亚迪持续领跑新能源车市,“产品+技术”双核驱动 2020年比亚迪持续领跑新能源车市
2020-12-31,这家卖电池的公司市值一天涨700多亿！福建首富身家近2000亿，王兴曾这样评价他,这家卖电池的公司市值一天涨700多亿！福建首富身家近2000亿，王兴曾这样评价他
2020-12-31,全球新能源汽车格局裂变：中欧正在甩开美国,全球新能源汽车格局裂变：中欧正在甩开美国
2020-12-31,乘国产替代东风 IGBT两大核心资产加速上市 最全概念股名单来了,乘国产替代东风 IGBT两大核心资产加速上市 最全概念股名单来了
2020-12-31,“喝酒”不“吃药” 北向资金连续两日扫货逾109亿元,“喝酒”不“吃药” 北向资金连续两日扫货逾109亿元
2020-12-31,A股融资融券日报：两融余额增加73.97亿元（12月30日）,A股融资融券日报：两融余额增加73.97亿元（12月30日）
2020-12-31,A股早报2020年12月31日星期四,A股早报2020年12月31日星期四
2020-12-31,北向资金动向盘点：五个进攻方向，新能源汽车是重点,北向资金动向盘点：五个进攻方向，新能源汽车是重点
2020-12-31,深度*公司*杭可科技(688006)：来自国轩高科的订单落地 进一步奠定业绩增长基础,深度*公司*杭可科技(688006)：来自国轩高科的订单落地 进一步奠定业绩增长基础
2020-12-31,瑞信料比亚迪(01211-HK)本月销售胜预期升目标价至250港元,瑞信料比亚迪(01211-HK)本月销售胜预期升目标价至250港元
2020-12-31,深度*公司*先导智能(300450)：CATL再度扩产 订单前景向好,深度*公司*先导智能(300450)：CATL再度扩产 订单前景向好
2020-12-31,【行情】比亚迪港股开涨2.15%，拟筹划比亚迪半导体分拆上市,【行情】比亚迪港股开涨2.15%，拟筹划比亚迪半导体分拆上市
2020-12-31,开盘：恒指2020年收官战高开0.18% 比亚迪拟分拆子公司上市涨2.15%,开盘：恒指2020年收官战高开0.18% 比亚迪拟分拆子公司上市涨2.15%
2020-12-31,磷酸铁锂集体涨价 头部企业优势明显（附股）,磷酸铁锂集体涨价 头部企业优势明显（附股）
2020-12-31,一份研报引爆牛市？至少25只个股评级被调高，来看名单,一份研报引爆牛市？至少25只个股评级被调高，来看名单
2020-12-31,为什么车企想要逃离宁德时代？,为什么车企想要逃离宁德时代？
2020-12-31,2020年中国新能源客车行业市场现状及竞争格局分析 比亚迪新能源发展势头强劲,2020年中国新能源客车行业市场现状及竞争格局分析 比亚迪新能源发展势头强劲
2020-12-31,港股异动 | 比亚迪股份(1211.HK)涨超5% 拟分拆比亚迪半导体上市,港股异动 | 比亚迪股份(1211.HK)涨超5% 拟分拆比亚迪半导体上市
2020-12-31,比亚迪半导体启动分拆上市，蓝海华腾参股显着受益,比亚迪半导体启动分拆上市，蓝海华腾参股显着受益
2021-01-01,比亚迪1月1日宣布换标 应用于国内乘用车市场,比亚迪1月1日宣布换标 应用于国内乘用车市场
2021-01-01,比亚迪新款宋Pro动力曝光 换1.5L油耗更低-仅0.9升,比亚迪新款宋Pro动力曝光 换1.5L油耗更低-仅0.9升
2021-01-01,特斯拉国产亲民价格打开市场，未来降价可能性小？,特斯拉国产亲民价格打开市场，未来降价可能性小？
2021-01-01,机械行业点评报告：宁德时代投资扩产超预期 看好锂电设备行业需求,机械行业点评报告：宁德时代投资扩产超预期 看好锂电设备行业需求
2021-01-01,中信建投证券2021年度十大预测,中信建投证券2021年度十大预测
2021-01-01,比亚迪(002594)点评报告：比亚迪电子分拆上市 加速市场拓展,比亚迪(002594)点评报告：比亚迪电子分拆上市 加速市场拓展
2021-01-01,金融带头冲关 持续还看科技,金融带头冲关 持续还看科技
2021-01-01,全球20多家巨头规划投资超2000亿元，锂电全产业链备战TWh时代,全球20多家巨头规划投资超2000亿元，锂电全产业链备战TWh时代
2021-01-01,【浙商汽车】周观点：低价的Model Y，崛起的特斯拉,【浙商汽车】周观点：低价的Model Y，崛起的特斯拉
2021-01-01,车圈｜比亚迪发布全新品牌标识 仅适用于乘用车业务,车圈｜比亚迪发布全新品牌标识 仅适用于乘用车业务
2021-01-02,中信建投八大研究团队解读2021年出口产业链机会,中信建投八大研究团队解读2021年出口产业链机会
2021-01-03,比亚迪发布全新车标，预计2021年新能源汽车迎来爆发期,比亚迪发布全新车标，预计2021年新能源汽车迎来爆发期
2021-01-03,汽车行业经销商走访销量拟合：不惧高基数 需求强复苏,汽车行业经销商走访销量拟合：不惧高基数 需求强复苏
2021-01-03,中国新能源车西征，能否拿下“汽车大本营”欧洲？,中国新能源车西征，能否拿下“汽车大本营”欧洲？
2021-01-04,汽车行业事件点评：补贴政策落地 行业逐步向市场驱动过渡,汽车行业事件点评：补贴政策落地 行业逐步向市场驱动过渡
2021-01-04,A股收盘综述：2021年开门红，上证指数重回3500上方、宁德时代涨15%,A股收盘综述：2021年开门红，上证指数重回3500上方、宁德时代涨15%
2021-01-04,百度成立阿波罗智行科技（大连）有限公司,百度成立阿波罗智行科技（大连）有限公司
2021-01-04,瑞信：上调比亚迪目标价至250港元,瑞信：上调比亚迪目标价至250港元
2021-01-04,比亚迪暴涨：A股涨近7%H股涨近9% AH合计总市值超6500亿港元,比亚迪暴涨：A股涨近7%H股涨近9% AH合计总市值超6500亿港元
2021-01-04,比亚迪申请“基于无人机的充电控制方法和装置”专利,比亚迪申请“基于无人机的充电控制方法和装置”专利
2021-01-04,2020汽车公司市值榜：新能源引爆资本市场 超8成上市车企业绩“飘红”,2020汽车公司市值榜：新能源引爆资本市场 超8成上市车企业绩“飘红”
2021-01-04,Adobe强烈建议卸载！教你从Win10彻底删除Flash,Adobe强烈建议卸载！教你从Win10彻底删除Flash
2021-01-04,比亚迪AH股股价均创新高，A股总市值一度超6000亿元,比亚迪AH股股价均创新高，A股总市值一度超6000亿元
2021-01-04,新能源引爆资本市场 超8成上市车企2020年业绩“飘红”,新能源引爆资本市场 超8成上市车企2020年业绩“飘红”
2021-01-04,新年首日A股送红包，创业板指狂飙近4%，1月重点关注这些板块机会丨火线解读,新年首日A股送红包，创业板指狂飙近4%，1月重点关注这些板块机会丨火线解读
2021-01-04,港股收盘：小米集团大涨6%升破35港元 农夫山泉、比亚迪再创新高,港股收盘：小米集团大涨6%升破35港元 农夫山泉、比亚迪再创新高
2021-01-04,智能汽车诸神之战,智能汽车诸神之战
2021-01-04,"比亚迪现1笔大宗交易 共成交1,937.25万元","比亚迪现1笔大宗交易 共成交1,937.25万元"
2021-01-04,北向资金今日净卖出5.42亿元，海康威视遭大幅净卖出近38亿元,北向资金今日净卖出5.42亿元，海康威视遭大幅净卖出近38亿元
2021-01-04,北向资金今日净流出5亿元，净卖出海康威视37.82亿元,北向资金今日净流出5亿元，净卖出海康威视37.82亿元
2021-01-04,智通港股解盘(1.4) | 三大因素带来春季躁动行情,智通港股解盘(1.4) | 三大因素带来春季躁动行情
2021-01-04,2021年港股恒指红盘高开，小米港交所比亚迪齐闯高峰,2021年港股恒指红盘高开，小米港交所比亚迪齐闯高峰
2021-01-04,连续3日净买入比亚迪获深股通净买入14.21亿元,连续3日净买入比亚迪获深股通净买入14.21亿元
2021-01-04,特斯拉的降维打击来了,特斯拉的降维打击来了
2021-01-04,A股头部公司市值格局生变，科技股大踏步跃进,A股头部公司市值格局生变，科技股大踏步跃进
2021-01-04,快讯：汽车板块午后拉升 比亚迪涨8%,快讯：汽车板块午后拉升 比亚迪涨8%
2021-01-04,万万没想到！A股所有卖车的竟不敌一家卖电池的,万万没想到！A股所有卖车的竟不敌一家卖电池的
2021-01-04,【行情】汽车整车板块午后拉升，比亚迪涨8%，长城汽车、亚星客车、中国重汽等跟涨,【行情】汽车整车板块午后拉升，比亚迪涨8%，长城汽车、亚星客车、中国重汽等跟涨
2021-01-04,汽车行业：补贴政策落地 利好新能源汽车高增长,汽车行业：补贴政策落地 利好新能源汽车高增长
2021-01-04,新年首个交易日，A股、港股、汇率，一切都在涨！,新年首个交易日，A股、港股、汇率，一切都在涨！
2021-01-04,分拆上市大幕开启，千亿龙头竞相登台,分拆上市大幕开启，千亿龙头竞相登台
2021-01-04,比亚迪、中国中车都在忙着把这项资产分拆上市！,比亚迪、中国中车都在忙着把这项资产分拆上市！
2021-01-04,中科电气(300035)首次覆盖报告：动力负极高歌猛进 经营业绩加速成长,中科电气(300035)首次覆盖报告：动力负极高歌猛进 经营业绩加速成长
2021-01-04,精测电子：已进入宁德时代、比亚迪和中航锂电等电池厂商的供应链,精测电子：已进入宁德时代、比亚迪和中航锂电等电池厂商的供应链
2021-01-04,每日理财观察：中国新冠病毒疫苗获批上市并为全民免费提供,每日理财观察：中国新冠病毒疫苗获批上市并为全民免费提供
2021-01-04,特斯拉：一惠倾城,特斯拉：一惠倾城
2021-01-04,A股早报2021年1月4日星期一,A股早报2021年1月4日星期一
2021-01-04,1月4日10股盘前利好公告速递,1月4日10股盘前利好公告速递
2021-01-04,A股融资融券日报：两融余额增加25.69亿元（ 1月1日）,A股融资融券日报：两融余额增加25.69亿元（ 1月1日）
2021-01-04,特斯拉Model Y狂降16万官网被挤崩 10小时汽车订单数量飙升逾10万辆,特斯拉Model Y狂降16万官网被挤崩 10小时汽车订单数量飙升逾10万辆
2021-01-04,加速电动化 比亚迪海外交付纯电动客车,加速电动化 比亚迪海外交付纯电动客车
2021-01-04,比亚迪AH股均创历史新高总市值超6000亿港元,比亚迪AH股均创历史新高总市值超6000亿港元
2021-01-04,比亚迪等15股获融资净买入额超亿元,比亚迪等15股获融资净买入额超亿元
2021-01-04,国产电池巨头崛起，中国汽车企业“逆天改命”！,国产电池巨头崛起，中国汽车企业“逆天改命”！
2021-01-04,【行情】比亚迪A、H股均走高,【行情】比亚迪A、H股均走高
2021-01-04,比亚迪低位急拉转涨，股价一度突破200元大关再创新高,比亚迪低位急拉转涨，股价一度突破200元大关再创新高
2021-01-04,比亚迪涨逾3.3% 股价站上200元关口,比亚迪涨逾3.3% 股价站上200元关口
2021-01-04,比亚迪股价创新高 突破200元大关,比亚迪股价创新高 突破200元大关
2021-01-04,1个月涨50%！这只新能源黑马要接棒比亚迪？,1个月涨50%！这只新能源黑马要接棒比亚迪？
2021-01-04,新能源汽车行业点评：产业变迁持续推进 万紫千红春满园,新能源汽车行业点评：产业变迁持续推进 万紫千红春满园
2021-01-04,谁能与“成本杀手”特斯拉一较高下丨推本溯源,谁能与“成本杀手”特斯拉一较高下丨推本溯源
2021-01-04,新年首个交易日，A股、港股、汇率......一切都在涨！茅台站上2000元，比亚迪站上200元,新年首个交易日，A股、港股、汇率......一切都在涨！茅台站上2000元，比亚迪站上200元
2021-01-04,【策略】1月金股组合：中银证券研究部1月金股。,【策略】1月金股组合：中银证券研究部1月金股。
2021-01-05,2021年车市巨变，从特斯拉“跳楼式”降价开始,2021年车市巨变，从特斯拉“跳楼式”降价开始
2021-01-05,比亚迪：2020年全年累计销量为18.97万辆，同比下降17.35% 盈利能力下降,比亚迪：2020年全年累计销量为18.97万辆，同比下降17.35% 盈利能力下降
2021-01-05,比亚迪：12月新能源汽车销量为28841辆,比亚迪：12月新能源汽车销量为28841辆
2021-01-05,11月全球新能源：大众ID.3首现TOP20 宏光MINI已攀升至季军,11月全球新能源：大众ID.3首现TOP20 宏光MINI已攀升至季军
2021-01-05,【机会挖掘】新一轮汽车下乡和以旧换新或提速 产业链公司受关注（附股）,【机会挖掘】新一轮汽车下乡和以旧换新或提速 产业链公司受关注（附股）
2021-01-05,奥普特(688686)：机器视觉全产业链布局 多行业积累助力腾飞,奥普特(688686)：机器视觉全产业链布局 多行业积累助力腾飞
2021-01-05,比亚迪成立电池研究新公司，注册资本1亿元,比亚迪成立电池研究新公司，注册资本1亿元
2021-01-05,茅台站上2000元，巴菲特输给了中国首富！纽交所不摘牌，外交部回应,茅台站上2000元，巴菲特输给了中国首富！纽交所不摘牌，外交部回应
2021-01-05,比亚迪股份：2020年新能源汽车累计销量18.97万辆，同比降17.35% 盈利能力下降,比亚迪股份：2020年新能源汽车累计销量18.97万辆，同比降17.35% 盈利能力下降
2021-01-05,比亚迪(002594.SZ)2020年12月份新能源汽车销量同比增长120.18%,比亚迪(002594.SZ)2020年12月份新能源汽车销量同比增长120.18%
2021-01-05,比亚迪：12月新能源汽车销量为2.88万辆 同比增120%,比亚迪：12月新能源汽车销量为2.88万辆 同比增120%
2021-01-05,金融街下午茶2021年1月5日星期二,金融街下午茶2021年1月5日星期二
2021-01-05,比亚迪现1笔大宗交易 共成交999.36万元,比亚迪现1笔大宗交易 共成交999.36万元
2021-01-05,港股震荡整理 比亚迪再创新高丨港股收市,港股震荡整理 比亚迪再创新高丨港股收市
2021-01-05,比亚迪(01211-HK)12月新能源汽车销量大升120.18%,比亚迪(01211-HK)12月新能源汽车销量大升120.18%
2021-01-05,晚间重要公告2021年1月5日星期二,晚间重要公告2021年1月5日星期二
2021-01-05,新一波促消费政策来袭，有关汽车、家电……蕴藏这些投资机会丨行业风口,新一波促消费政策来袭，有关汽车、家电……蕴藏这些投资机会丨行业风口
2021-01-05,【东吴电新】电动车1月销量点评：1月销量好于预期，爆款车型热度持续,【东吴电新】电动车1月销量点评：1月销量好于预期，爆款车型热度持续
2021-01-05,比亚迪受深股通青睐连续3日净买入,比亚迪受深股通青睐连续3日净买入
2021-01-05,国产之光？蔚来比亚迪长城跻身全球车企市值前十,国产之光？蔚来比亚迪长城跻身全球车企市值前十
2021-01-05,A股收盘综述：上证指数四连阳续创多年新高，五粮液市值跃居A股第四位,A股收盘综述：上证指数四连阳续创多年新高，五粮液市值跃居A股第四位
2021-01-05,比亚迪(002594.SZ)12月新能源销量2.88万辆同比增长120.18%,比亚迪(002594.SZ)12月新能源销量2.88万辆同比增长120.18%
2021-01-05,机械行业周报：特斯拉MODEL Y再度大幅降价 新能源汽车加速渗透,机械行业周报：特斯拉MODEL Y再度大幅降价 新能源汽车加速渗透
2021-01-05,从2009年底看2020年底：没水之后：逆势而上的龙头基因,从2009年底看2020年底：没水之后：逆势而上的龙头基因
2021-01-05,北向资金动向盘点：剔除非正常扰动看方向,北向资金动向盘点：剔除非正常扰动看方向
2021-01-05,2020-2021搜狐汽车年度大选|我们为什么提名这10家“年度风云企业”？,2020-2021搜狐汽车年度大选|我们为什么提名这10家“年度风云企业”？
2021-01-05,50股“开门”成交金额超30亿元,50股“开门”成交金额超30亿元
2021-01-05,2020将过，动力电池行业战事行至中场,2020将过，动力电池行业战事行至中场
2021-01-05,北向资金出逃，一日卖出海康威视39亿元,北向资金出逃，一日卖出海康威视39亿元
2021-01-05,新能源汽车行业：补贴政策稳定产业预期 多元化降本增效,新能源汽车行业：补贴政策稳定产业预期 多元化降本增效
2021-01-05,港股盘前必读：普华永道预测今年香港新股市场集资总额高达4600亿港元,港股盘前必读：普华永道预测今年香港新股市场集资总额高达4600亿港元
2021-01-05,每日理财观察：印花税法草案获通过,每日理财观察：印花税法草案获通过
2021-01-05,1月5日 盘前利好公告速递,1月5日 盘前利好公告速递
2021-01-05,A股融资融券日报：两融余额增加246.38亿元（1月4日）,A股融资融券日报：两融余额增加246.38亿元（1月4日）
2021-01-05,估值已超百亿元，比亚迪半导体加速拆分上市,估值已超百亿元，比亚迪半导体加速拆分上市
2021-01-05,【SMM专题】新能源汽车行业火起来了！动力电池企业积极扩产抢占风口,【SMM专题】新能源汽车行业火起来了！动力电池企业积极扩产抢占风口
2021-01-05,抢占新能源风口！ 2020年龙头企业新扩建动力电池项目及产能一览,抢占新能源风口！ 2020年龙头企业新扩建动力电池项目及产能一览
2021-01-05,福立旺：产品终端应用的新能源汽车品牌包括特斯拉、蔚来、比亚迪,福立旺：产品终端应用的新能源汽车品牌包括特斯拉、蔚来、比亚迪
2021-01-05,比亚迪被授权自动驾驶列车相关专利,比亚迪被授权自动驾驶列车相关专利
2021-01-05,【百县奔小康】兴工强市：宁乡跑出加速度,【百县奔小康】兴工强市：宁乡跑出加速度
2021-01-05,A股午盘综述：上证指数震荡微跌，“茅、五、洋、泸”等大批龙头股续创新高,A股午盘综述：上证指数震荡微跌，“茅、五、洋、泸”等大批龙头股续创新高
2021-01-05,苹果板块午后拉升，长盈精密、蓝思科技均涨超9%,苹果板块午后拉升，长盈精密、蓝思科技均涨超9%
2021-01-05,比亚迪股价午后一度突破220元再创新高，成交金额已超百亿元,比亚迪股价午后一度突破220元再创新高，成交金额已超百亿元
2021-01-05,比亚迪盘中大涨近7%突破220元 再创历史新高,比亚迪盘中大涨近7%突破220元 再创历史新高
2021-01-05,重庆弗迪电池研究院有限公司成立 比亚迪间接控股,重庆弗迪电池研究院有限公司成立 比亚迪间接控股
2021-01-05,比亚迪斥资1亿元成立弗迪研究院，经营范围含电池制造,比亚迪斥资1亿元成立弗迪研究院，经营范围含电池制造
2021-01-05,全年业绩高增长股提前看，118股净利润增幅翻倍,全年业绩高增长股提前看，118股净利润增幅翻倍
2021-01-05,加快提升智能化水平 实现国产新能源汽车“突围”,加快提升智能化水平 实现国产新能源汽车“突围”
2021-01-06,2021新年股市第一天：新能源和民营汽车继续受到资本市场追捧,2021新年股市第一天：新能源和民营汽车继续受到资本市场追捧
2021-01-06,比亚迪 | 12月：销量再创新高 新能源引领增长【华西汽车 崔琰团队】,比亚迪 | 12月：销量再创新高 新能源引领增长【华西汽车 崔琰团队】
2021-01-06,盈峰环境(000967)跟踪报告：电动化＆环卫服务相得益彰 “5115”战略行稳致远,盈峰环境(000967)跟踪报告：电动化＆环卫服务相得益彰 “5115”战略行稳致远
2021-01-06,动力电池指数跌超4%，新宙邦下挫逾11%,动力电池指数跌超4%，新宙邦下挫逾11%
2021-01-06,比亚迪12月销量2.88万辆 中国新能源汽车行业竞争分析,比亚迪12月销量2.88万辆 中国新能源汽车行业竞争分析
2021-01-06,比亚迪：12月销售5.63万辆车，新能源成主角销量同比增长约1.2倍,比亚迪：12月销售5.63万辆车，新能源成主角销量同比增长约1.2倍
2021-01-06,中信证券：继续重点推荐比亚迪，维持“买入”评级,中信证券：继续重点推荐比亚迪，维持“买入”评级
2021-01-06,特斯拉也要自己生产电池，跟比亚迪相比，哪一个更好呢？,特斯拉也要自己生产电池，跟比亚迪相比，哪一个更好呢？
2021-01-06,继续飙车：比亚迪最新销量爆发，电竞大佬19亿入股广汽蔚来,继续飙车：比亚迪最新销量爆发，电竞大佬19亿入股广汽蔚来
2021-01-06,比亚迪1亿元成立重庆弗迪电池研究院,比亚迪1亿元成立重庆弗迪电池研究院
2021-01-06,进入2021，比亚迪以换标示人，向“破局”出发？,进入2021，比亚迪以换标示人，向“破局”出发？
2021-01-06,A股收盘综述：上证指数涨0.63%录得五连阳，贵州茅台股价站上2100,A股收盘综述：上证指数涨0.63%录得五连阳，贵州茅台股价站上2100
2021-01-06,晚间重要公告2021年1月6日星期三,晚间重要公告2021年1月6日星期三
2021-01-06,注册制新股纵览-屹通新材：国内铁基粉体行业领军者之一,注册制新股纵览-屹通新材：国内铁基粉体行业领军者之一
2021-01-06,比亚迪(002594)：销量再创新高 新能源引领增长,比亚迪(002594)：销量再创新高 新能源引领增长
2021-01-06,"比亚迪现1笔大宗交易 共成交2,928.42万元","比亚迪现1笔大宗交易 共成交2,928.42万元"
2021-01-06,54股今日获机构买入评级13股上涨空间超20%,54股今日获机构买入评级13股上涨空间超20%
2021-01-06,比亚迪申请“弗迪”商标，此前成立弗迪实业公司,比亚迪申请“弗迪”商标，此前成立弗迪实业公司
2021-01-06,精测电子：进入宁德时代、比亚迪等电池厂商供应链，批量订单尚在积极争取,精测电子：进入宁德时代、比亚迪等电池厂商供应链，批量订单尚在积极争取
2021-01-06,超72亿资金撤离特斯拉概念 比亚迪净流出居首,超72亿资金撤离特斯拉概念 比亚迪净流出居首
2021-01-06,比亚迪：2020年12月汉销售12089辆 环比增长19.6%,比亚迪：2020年12月汉销售12089辆 环比增长19.6%
2021-01-06,比亚迪汉12月销售12089辆，累计销售40556辆,比亚迪汉12月销售12089辆，累计销售40556辆
2021-01-06,哪款性价比高？30万元左右热门SUV海选,哪款性价比高？30万元左右热门SUV海选
2021-01-06,新能源车型拉动零售销量 多家车企2020年收官销量飘红,新能源车型拉动零售销量 多家车企2020年收官销量飘红
2021-01-06,机构强烈推荐9只个股-更新中,机构强烈推荐9只个股-更新中
2021-01-06,花旗料比亚迪(01211-HK)首季进一步受惠新能源车市占率提升给予买入评级,花旗料比亚迪(01211-HK)首季进一步受惠新能源车市占率提升给予买入评级
2021-01-06,【华创汽车】比亚迪12月销量点评：与全球电动化同步加速,【华创汽车】比亚迪12月销量点评：与全球电动化同步加速
2021-01-06,安信国际晨报：新一年资金追捧中资股,安信国际晨报：新一年资金追捧中资股
2021-01-06,瑞信料比亚迪(01211-HK)销售网络扩张带动新能源车销售趋势持续,瑞信料比亚迪(01211-HK)销售网络扩张带动新能源车销售趋势持续
2021-01-06,2020年新能源车回顾 这几款存在感很强,2020年新能源车回顾 这几款存在感很强
2021-01-06,比亚迪去年12月销售火爆 广汽蔚来迎来投资新势力,比亚迪去年12月销售火爆 广汽蔚来迎来投资新势力
2021-01-06,中证报头版：成交续破万亿，春季行情分化特征凸显,中证报头版：成交续破万亿，春季行情分化特征凸显
2021-01-06,半导体新年涨价潮至：多家上市公司发函提价，产业链连锁反应加剧,半导体新年涨价潮至：多家上市公司发函提价，产业链连锁反应加剧
2021-01-06,EV晨报 | 滴滴计划于2021年赴港IPO；特斯拉与松下签新的电池定价协议；比亚迪12月新能源车销量2.88万辆,EV晨报 | 滴滴计划于2021年赴港IPO；特斯拉与松下签新的电池定价协议；比亚迪12月新能源车销量2.88万辆
2021-01-06,每日理财观察：银保监会4条举措化解村镇银行风险,每日理财观察：银保监会4条举措化解村镇银行风险
2021-01-06,安信证券：电化学储能千亿赛道冉冉升起，中国企业大有可为,安信证券：电化学储能千亿赛道冉冉升起，中国企业大有可为
2021-01-06,12部门五大举措提振消费！四大风口集中爆发？,12部门五大举措提振消费！四大风口集中爆发？
2021-01-06,比亚迪：“汉”面世后销量逐月增加，2020年11月销量破万台,比亚迪：“汉”面世后销量逐月增加，2020年11月销量破万台
2021-01-06,你能否跟上市场变化中的赚钱模式？,你能否跟上市场变化中的赚钱模式？
2021-01-06,【电新*曾朵红】爆款车型加速全球电动化，电动车、光伏和工控龙头全球崛起,【电新*曾朵红】爆款车型加速全球电动化，电动车、光伏和工控龙头全球崛起
2021-01-06,降价疾风劲刮，新能源车市场酝酿变局,降价疾风劲刮，新能源车市场酝酿变局
2021-01-06,比亚迪售车快增有憧憬,比亚迪售车快增有憧憬
2021-01-06,盘前情报丨国际原油期货大幅收涨，商务部等12部门联手释放利好，这些机会值得关注,盘前情报丨国际原油期货大幅收涨，商务部等12部门联手释放利好，这些机会值得关注
2021-01-06,【申港电新|周观点】碳交易机制不断健全利好可再生能源,【申港电新|周观点】碳交易机制不断健全利好可再生能源
2021-01-06,比亚迪新能源汽车12月畅销28841辆，同比增长120%,比亚迪新能源汽车12月畅销28841辆，同比增长120%
2021-01-06,A股三大指数冲高回落均翻绿,A股三大指数冲高回落均翻绿
2021-01-06,特斯拉Model Y 国产：有人吃肉 有人割肉,特斯拉Model Y 国产：有人吃肉 有人割肉
2021-01-06,开盘：恒指低开0.13% 电商股大涨京东高开逾7%,开盘：恒指低开0.13% 电商股大涨京东高开逾7%
2021-01-06,2020年比亚迪新能源汽车销售18.97万辆 动力及储能电池装机总量12.6GWh,2020年比亚迪新能源汽车销售18.97万辆 动力及储能电池装机总量12.6GWh
2021-01-06,比亚迪(01211-HK)12月销量按年升30%瑞信升其目标价至270港元,比亚迪(01211-HK)12月销量按年升30%瑞信升其目标价至270港元
2021-01-06,A股融资融券日报：两融余额增加120.41亿元（1月5日）,A股融资融券日报：两融余额增加120.41亿元（1月5日）
2021-01-06,214家公司全年业绩预增,214家公司全年业绩预增
2021-01-06,2021年电化学储能十大技术新动向,2021年电化学储能十大技术新动向
2021-01-06,反击特斯拉？蔚来包下宁德时代磷酸铁锂电池生产线,反击特斯拉？蔚来包下宁德时代磷酸铁锂电池生产线
2021-01-07,2020年度观察|储能产业的冰与火之歌,2020年度观察|储能产业的冰与火之歌
2021-01-07,A股收盘综述：上证指数涨0.71%录得6连阳，茅台股价攀升至2140元,A股收盘综述：上证指数涨0.71%录得6连阳，茅台股价攀升至2140元
2021-01-07,2020中国汽车上市公司涨幅TOP 10：入围门槛200%，港股表现强于A股！,2020中国汽车上市公司涨幅TOP 10：入围门槛200%，港股表现强于A股！
2021-01-07,比亚迪半导体“大刀阔斧”推进分拆上市,比亚迪半导体“大刀阔斧”推进分拆上市
2021-01-07,比亚迪汉12月销量为12089台，占同月公司新能源汽车销量4成以上,比亚迪汉12月销量为12089台，占同月公司新能源汽车销量4成以上
2021-01-07,2020年12月比亚迪汉热销12089辆，连续2个月销量破万,2020年12月比亚迪汉热销12089辆，连续2个月销量破万
2021-01-07,汽车行业12月销量点评：春节前需求旺盛 主流品牌总体增长较快,汽车行业12月销量点评：春节前需求旺盛 主流品牌总体增长较快
2021-01-07,比亚迪电子(00285)与比亚迪(01211)订立资产采购协议,比亚迪电子(00285)与比亚迪(01211)订立资产采购协议
2021-01-07,【SMM分析】磷酸铁锂电池突入SUV市场 2021年动力需求或超预期,【SMM分析】磷酸铁锂电池突入SUV市场 2021年动力需求或超预期
2021-01-07,比亚迪李云飞：强大中国车 以自信的姿态振兴民族品牌,比亚迪李云飞：强大中国车 以自信的姿态振兴民族品牌
2021-01-07,比亚迪大宗交易成交14.79万股成交额2928.42万元,比亚迪大宗交易成交14.79万股成交额2928.42万元
2021-01-07,比亚迪电子(00285.HK)拟向比亚迪集团购买生产设备,比亚迪电子(00285.HK)拟向比亚迪集团购买生产设备
2021-01-07,比亚迪现1笔大宗交易 共成交998.40万元,比亚迪现1笔大宗交易 共成交998.40万元
2021-01-07,卡门简报｜曹德旺给新能源汽车泼冷水；李斌回应蔚来将推磷酸铁锂车型；地平线完成C2轮4亿美元融资,卡门简报｜曹德旺给新能源汽车泼冷水；李斌回应蔚来将推磷酸铁锂车型；地平线完成C2轮4亿美元融资
2021-01-07,最新文章more>>,最新文章more>>
2021-01-07,比亚迪大涨5.32%，成交额62.7亿元,比亚迪大涨5.32%，成交额62.7亿元
2021-01-07,比亚迪(002594)：12月新能源销量同比增幅翻番强势收官 21年DMI助力更上一层楼,比亚迪(002594)：12月新能源销量同比增幅翻番强势收官 21年DMI助力更上一层楼
2021-01-07,汽车股快速拉升，北汽蓝谷、一汽夏利封涨停,汽车股快速拉升，北汽蓝谷、一汽夏利封涨停
2021-01-07,政策红利不断释放 多家车企2020年收官销量飘红,政策红利不断释放 多家车企2020年收官销量飘红
2021-01-07,内忧外患，营销乏力，比亚迪新能源全年下滑17.35%,内忧外患，营销乏力，比亚迪新能源全年下滑17.35%
2021-01-07,销量纷纷飘红、调高今年目标 车市在这个冬天火了,销量纷纷飘红、调高今年目标 车市在这个冬天火了
2021-01-07,新能源车型拉动销量，多家车企2020年收官销量飘红,新能源车型拉动销量，多家车企2020年收官销量飘红
2021-01-07,上市公司正负面新闻2021年1月7日星期四,上市公司正负面新闻2021年1月7日星期四
2021-01-07,比亚迪：销量再创新高，新年新起点,比亚迪：销量再创新高，新年新起点
2021-01-07,四问新能源车产业：真比传统燃油车环保吗？氢能源动力还有多远？,四问新能源车产业：真比传统燃油车环保吗？氢能源动力还有多远？
2021-01-07,小K播早报！纽交所继续三大运营商摘牌计划 Model Y交付日为今年二季度,小K播早报！纽交所继续三大运营商摘牌计划 Model Y交付日为今年二季度
2021-01-07,41股获券商买入评级 宇通客车目标涨幅达83.13%,41股获券商买入评级 宇通客车目标涨幅达83.13%
2021-01-07,A股融资融券日报：两融余额增加74.06亿元（1月6日）,A股融资融券日报：两融余额增加74.06亿元（1月6日）
2021-01-07,2020年国内汽车总销量预计同比下滑2% 盈利能力下降,2020年国内汽车总销量预计同比下滑2% 盈利能力下降
2021-01-07,比亚迪赵长江：汉产能不足，下单后需等8周交付,比亚迪赵长江：汉产能不足，下单后需等8周交付
2021-01-07,时富金融(00510-HK)投资比亚迪(01211-HK)及中移动(00941-HK),时富金融(00510-HK)投资比亚迪(01211-HK)及中移动(00941-HK)
2021-01-07,增长30.44% 比亚迪2020年12月销量56322辆,增长30.44% 比亚迪2020年12月销量56322辆
2021-01-07,中国品牌2020销量出炉 比亚迪近42万辆,中国品牌2020销量出炉 比亚迪近42万辆
2021-01-07,2020年比亚迪新能源汽车累计销量18.97万辆,2020年比亚迪新能源汽车累计销量18.97万辆
2021-01-07,比亚迪：汉的12月销量为12089台,比亚迪：汉的12月销量为12089台
2021-01-07,A股午盘综述：上证指数涨0.37%，万华化学、海康威视等明星股批量创新高,A股午盘综述：上证指数涨0.37%，万华化学、海康威视等明星股批量创新高
2021-01-07,注资一个亿！比亚迪成立电池研究新公司,注资一个亿！比亚迪成立电池研究新公司
2021-01-07,668家公司预告全年业绩 219家预增,668家公司预告全年业绩 219家预增
2021-01-08,注册制新股纵览：三友联众：国内专业的继电器产品生产制造商,注册制新股纵览：三友联众：国内专业的继电器产品生产制造商
2021-01-08,2020年车企销量一览：上汽连续15年保持国内第一 长安自主板块表现抢眼,2020年车企销量一览：上汽连续15年保持国内第一 长安自主板块表现抢眼
2021-01-08,A股收盘综述：创业板新年首周涨超6%，金龙鱼升逾33%,A股收盘综述：创业板新年首周涨超6%，金龙鱼升逾33%
2021-01-08,三安光电(600703)：新能源汽车推动碳化硅黄金十年,三安光电(600703)：新能源汽车推动碳化硅黄金十年
2021-01-08,比亚迪今日大宗交易成交7.89万股，成交价202.6元折价10.95%,比亚迪今日大宗交易成交7.89万股，成交价202.6元折价10.95%
2021-01-08,2021开门红！比亚迪再获哥伦比亚596台纯电动巴士订单,2021开门红！比亚迪再获哥伦比亚596台纯电动巴士订单
2021-01-08,还有人生第一只10倍大牛股诞生,还有人生第一只10倍大牛股诞生
2021-01-08,比亚迪2020年销量下滑7.46% 汉EV月销过万高端突围初见效,比亚迪2020年销量下滑7.46% 汉EV月销过万高端突围初见效
2021-01-08,花旗：重申比亚迪股份(01211)“买入”评级 目标价上调22.8%至339港元,花旗：重申比亚迪股份(01211)“买入”评级 目标价上调22.8%至339港元
2021-01-08,金融街下午茶2021年1月8日星期五,金融街下午茶2021年1月8日星期五
2021-01-08,续航达1050km 比亚迪唐DM-i预售在即,续航达1050km 比亚迪唐DM-i预售在即
2021-01-08,紫辉创投郑刚：国内新造车“量产”首富马斯克,紫辉创投郑刚：国内新造车“量产”首富马斯克
2021-01-08,比亚迪(002594.SZ)：融捷投资控股解除质押1393万股,比亚迪(002594.SZ)：融捷投资控股解除质押1393万股
2021-01-08,【行情】蔚来汽车涨超6%，总市值突破900亿美元，仅次于比亚迪位居中国车企市值第二,【行情】蔚来汽车涨超6%，总市值突破900亿美元，仅次于比亚迪位居中国车企市值第二
2021-01-08,最新文章more>>,最新文章more>>
2021-01-08,年报业绩大概率亏损+债券即将到期，这10家上市公司需警惕！,年报业绩大概率亏损+债券即将到期，这10家上市公司需警惕！
2021-01-08,蔚来也要推磷酸铁锂电池车？ 知情人士：仅为战略储备，暂无量产计划,蔚来也要推磷酸铁锂电池车？ 知情人士：仅为战略储备，暂无量产计划
2021-01-08,中国汽车市场已经连续三年陷入负增长,中国汽车市场已经连续三年陷入负增长
2021-01-08,2021年1月指数基金产品精选组合报告：经济复苏延续 关注春季躁动行情,2021年1月指数基金产品精选组合报告：经济复苏延续 关注春季躁动行情
2021-01-08,A股午盘综述：上证指数跌0.62%，酿酒、军工、光伏、锂电池等热门板块降温,A股午盘综述：上证指数跌0.62%，酿酒、军工、光伏、锂电池等热门板块降温
2021-01-08,743家公司预披露，A股2020年业绩“画像”渐显眉目,743家公司预披露，A股2020年业绩“画像”渐显眉目
2021-01-08,多家车企2020年12月销量报喜,多家车企2020年12月销量报喜
2021-01-08,去年盈利最多暴增45倍，年报预告季中有哪些牛股？,去年盈利最多暴增45倍，年报预告季中有哪些牛股？
2021-01-08,燃料电池风起2021：一个超越锂电的新能源“高维战场”,燃料电池风起2021：一个超越锂电的新能源“高维战场”
2021-01-08,每日理财观察：万亿境外资金涌入资本市场,每日理财观察：万亿境外资金涌入资本市场
2021-01-08,电气设备和新能源＆汽车：国产MODEL Y重磅推出 供应链显着受益,电气设备和新能源＆汽车：国产MODEL Y重磅推出 供应链显着受益
2021-01-08,A股融资融券日报：两融余额增加99.38亿元（1月7日）,A股融资融券日报：两融余额增加99.38亿元（1月7日）
2021-01-08,多家车企2020年12月销量报喜，2021年1月有望延续同比增长态势,多家车企2020年12月销量报喜，2021年1月有望延续同比增长态势
2021-01-08,【1.8锂电快讯】刀片电池紧急扩产*挪威成首个纯电车销量超内燃机车国家,【1.8锂电快讯】刀片电池紧急扩产*挪威成首个纯电车销量超内燃机车国家
2021-01-08,有钱一起赚！锂电上游企业市值飙升的背后,有钱一起赚！锂电上游企业市值飙升的背后
2021-01-08,2020-2021搜狐汽车年度大选|谁是大家最认可的“年度技术突破”？,2020-2021搜狐汽车年度大选|谁是大家最认可的“年度技术突破”？
2021-01-08,2020炒股竟然炒了个寂寞，快来看看你全年投资收益能排第几？,2020炒股竟然炒了个寂寞，快来看看你全年投资收益能排第几？
2021-01-08,中伟股份(300919)：客户结构优质 正极前驱体龙头迎高增长期,中伟股份(300919)：客户结构优质 正极前驱体龙头迎高增长期
2021-01-08,上汽集团涨超8%提振汽车板块，比亚迪、长城汽车跟涨,上汽集团涨超8%提振汽车板块，比亚迪、长城汽车跟涨
2021-01-08,星源材质(300568)：受益于行业快速发展 盈利能力有望加速回升,星源材质(300568)：受益于行业快速发展 盈利能力有望加速回升
2021-01-08,比亚迪、长城汽车市值均刷新历史新高，比亚迪高开3.5%,比亚迪、长城汽车市值均刷新历史新高，比亚迪高开3.5%
2021-01-09,比亚迪获海外最大纯电动巴士订单,比亚迪获海外最大纯电动巴士订单
2021-01-09,【行业观察】科技巨头会不会掀起第二轮新造车浪潮？,【行业观察】科技巨头会不会掀起第二轮新造车浪潮？
2021-01-09,力压柴油和天然气巴士技术成功中标1002台！比亚迪斩获海外最大纯电动巴士订单,力压柴油和天然气巴士技术成功中标1002台！比亚迪斩获海外最大纯电动巴士订单
2021-01-09,未来已至 “蔚来”开启 | 新能源汽车行业系列点评十 【华西汽车 崔琰团队】,未来已至 “蔚来”开启 | 新能源汽车行业系列点评十 【华西汽车 崔琰团队】
2021-01-09,纯电动车的悲哀,纯电动车的悲哀
2021-01-09,疑似宋PLUS DM版本 曝比亚迪全新SUV无伪谍照,疑似宋PLUS DM版本 曝比亚迪全新SUV无伪谍照
2021-01-09,新能源汽车今年还火多久？全网第一龙头透露这些财富密码！,新能源汽车今年还火多久？全网第一龙头透露这些财富密码！
2021-01-10,汽车芯片断供危机波及全球，寒潮助攻下关注服装龙头丨明日主题前瞻,汽车芯片断供危机波及全球，寒潮助攻下关注服装龙头丨明日主题前瞻
2021-01-10,【浙商汽车】周观点：行业复苏持续，布局电动智能化,【浙商汽车】周观点：行业复苏持续，布局电动智能化
2021-01-10,周观点 | 蔚来发布ET7 电动智能变革加速【华西汽车 崔琰团队】,周观点 | 蔚来发布ET7 电动智能变革加速【华西汽车 崔琰团队】
2021-01-10,搜狗王小川等8人成为“汉EV”车主 汉车型销量持续新高,搜狗王小川等8人成为“汉EV”车主 汉车型销量持续新高
2021-01-10,资本市场助力企业高质量发展 滋养新能源环保产业春色满园,资本市场助力企业高质量发展 滋养新能源环保产业春色满园
2021-01-10,“分拆上市”陡然升温！多个A股巨头表明意向 概念股一网打尽（名单）,“分拆上市”陡然升温！多个A股巨头表明意向 概念股一网打尽（名单）
2021-01-10,拿下海外最大纯电动巴士订单：比亚迪出击特斯拉短板？,拿下海外最大纯电动巴士订单：比亚迪出击特斯拉短板？
2021-01-10,A股开门红背后现极致行情，百亿级私募“吵翻了天”,A股开门红背后现极致行情，百亿级私募“吵翻了天”
2021-01-10,陆家嘴财经早餐2021年1月10日星期日,陆家嘴财经早餐2021年1月10日星期日
2021-01-10,新能源车“混战”来临，汽车行业2021年格局将巨变？,新能源车“混战”来临，汽车行业2021年格局将巨变？
2021-01-11,王传福：相信2021年将成为我国电动车快速发展的元年,王传福：相信2021年将成为我国电动车快速发展的元年
2021-01-11,比亚迪董事长王传福：相信2021年将成为中国电动车快速发展的元年,比亚迪董事长王传福：相信2021年将成为中国电动车快速发展的元年
2021-01-11,百度宣布造车苹果也重磅出击：新能源汽车股还能投吗？撤退or进攻,百度宣布造车苹果也重磅出击：新能源汽车股还能投吗？撤退or进攻
2021-01-11,北向资金今日净买入8.94亿元，招商银行净买入居首,北向资金今日净买入8.94亿元，招商银行净买入居首
2021-01-11,新能源汽车行业系列点评十：未来已至 “蔚来”开启,新能源汽车行业系列点评十：未来已至 “蔚来”开启
2021-01-11,港股收盘(1.11)|恒指收涨0.11% 比亚迪股份(01211)收涨逾6% AH股齐创新高,港股收盘(1.11)|恒指收涨0.11% 比亚迪股份(01211)收涨逾6% AH股齐创新高
2021-01-11,造型犀利 比亚迪宋PLUS DM-i申报图曝光,造型犀利 比亚迪宋PLUS DM-i申报图曝光
2021-01-11,春季躁动！154家公司业绩翻番，年报行情成重头戏,春季躁动！154家公司业绩翻番，年报行情成重头戏
2021-01-11,机械行业：锂电检测成新增长点 机器视觉振翅高飞-奥普特、矩子科技、天准科技、赛腾股份,机械行业：锂电检测成新增长点 机器视觉振翅高飞-奥普特、矩子科技、天准科技、赛腾股份
2021-01-11,A股收盘：比亚迪、招行再创历史新高 分析师料沪深300今年再涨13%,A股收盘：比亚迪、招行再创历史新高 分析师料沪深300今年再涨13%
2021-01-11,明泰铝业：2020净利预增15%至20% 汽车铝材已进入蔚来、比亚迪等车企采购体系,明泰铝业：2020净利预增15%至20% 汽车铝材已进入蔚来、比亚迪等车企采购体系
2021-01-11,上汽集团2020年净利200亿，低于机构一致预期,上汽集团2020年净利200亿，低于机构一致预期
2021-01-11,北向资金合计净流入8.94亿元，招商银行、比亚迪、东方财富净买入居前,北向资金合计净流入8.94亿元，招商银行、比亚迪、东方财富净买入居前
2021-01-11,关于核准比亚迪股份有限公司发行境外上市外资股的批复,关于核准比亚迪股份有限公司发行境外上市外资股的批复
2021-01-11,靠电动巴士出击特斯拉短板 比亚迪要扳回一局？,靠电动巴士出击特斯拉短板 比亚迪要扳回一局？
2021-01-11,王传福：比亚迪口罩日产量最高达1亿只,王传福：比亚迪口罩日产量最高达1亿只
2021-01-11,华为汽车专题报告：华为如何改变电动汽车产业格局,华为汽车专题报告：华为如何改变电动汽车产业格局
2021-01-11,财经观察|抓住下一个茅台前，先锁定赛道,财经观察|抓住下一个茅台前，先锁定赛道
2021-01-11,比亚迪开发功率型刀片电池,比亚迪开发功率型刀片电池
2021-01-11,比亚迪三款新车正式开启预售，价格10.78万元起,比亚迪三款新车正式开启预售，价格10.78万元起
2021-01-11,比亚迪发布超级混动平台，汽车综合续航里程突破1200公里,比亚迪发布超级混动平台，汽车综合续航里程突破1200公里
2021-01-11,比亚迪DM-i超级混动技术正式发布，旗下三款车型同步启动预售,比亚迪DM-i超级混动技术正式发布，旗下三款车型同步启动预售
2021-01-11,比亚迪DM-i超级混动发布：可油可电综合续航1200公里,比亚迪DM-i超级混动发布：可油可电综合续航1200公里
2021-01-11,超低油耗 以电为主：DM-i超级混动全球首发,超低油耗 以电为主：DM-i超级混动全球首发
2021-01-11,王传福：DM-i超级混动将加速推进新能源汽车对传统燃油车的替代,王传福：DM-i超级混动将加速推进新能源汽车对传统燃油车的替代
2021-01-11,比亚迪发布DM-i超级混动平台，秦宋唐“三剑齐发” | 一线车讯,比亚迪发布DM-i超级混动平台，秦宋唐“三剑齐发” | 一线车讯
2021-01-11,主力、大户、散户齐出逃 机构逆市买入比亚迪40亿元,主力、大户、散户齐出逃 机构逆市买入比亚迪40亿元
2021-01-11,ET7“迟到”，新电池包明年推出，蔚来为什么慢了？,ET7“迟到”，新电池包明年推出，蔚来为什么慢了？
2021-01-11,A股收盘综述：上证指数跌1.08%，新能源、白酒、资源板块集体回调,A股收盘综述：上证指数跌1.08%，新能源、白酒、资源板块集体回调
2021-01-11,基础材料、工业行业：蔚来半固态电池发布 更应当关注高镍正极与硅碳负极技术趋势,基础材料、工业行业：蔚来半固态电池发布 更应当关注高镍正极与硅碳负极技术趋势
2021-01-11,汽车行业跟踪报告：中国电动智能车 与时间赛跑,汽车行业跟踪报告：中国电动智能车 与时间赛跑
2021-01-11,【券商聚焦】招银国际：料今年新能源车销量大涨 升比亚迪股份目标价至300港元,【券商聚焦】招银国际：料今年新能源车销量大涨 升比亚迪股份目标价至300港元
2021-01-11,固态电池大事件，续航超1000公里！蔚来重磅发布150度电池包,固态电池大事件，续航超1000公里！蔚来重磅发布150度电池包
2021-01-11,【汽车】商务部：增加号牌指标投放，开展新一轮汽车下乡——新能源汽车行业周报——看好,【汽车】商务部：增加号牌指标投放，开展新一轮汽车下乡——新能源汽车行业周报——看好
2021-01-11,中信证券：蔚来ET7发布，电动、智能持续升级 相关投资机会明确性高,中信证券：蔚来ET7发布，电动、智能持续升级 相关投资机会明确性高
2021-01-11,蔚来1000公里新车发布，两家公司股价再创新高,蔚来1000公里新车发布，两家公司股价再创新高
2021-01-11,每日理财观察：易纲最新定调2021年货币政策,每日理财观察：易纲最新定调2021年货币政策
2021-01-11,A股融资融券日报：两融余额减少4.31亿元（1月8日）,A股融资融券日报：两融余额减少4.31亿元（1月8日）
2021-01-11,蔚来1000公里新车发布，Model S不是对手，两家公司再创历史新高,蔚来1000公里新车发布，Model S不是对手，两家公司再创历史新高
2021-01-11,最大续航1050km 比亚迪唐DM-i将于1月上旬预售,最大续航1050km 比亚迪唐DM-i将于1月上旬预售
2021-01-11,汽车股走势分化，比亚迪涨近5%再创新高,汽车股走势分化，比亚迪涨近5%再创新高
2021-01-11,2021年这些中国电动车有望进军欧美市场,2021年这些中国电动车有望进军欧美市场
2021-01-11,突破85万 比亚迪宋2020全年销量超20万,突破85万 比亚迪宋2020全年销量超20万
2021-01-11,比亚迪获海外1000台电动巴士订单 比亚迪12月新能源汽车销量为2.88万辆,比亚迪获海外1000台电动巴士订单 比亚迪12月新能源汽车销量为2.88万辆
2021-01-11,汇证升比亚迪(01211-HK)目标价至254港元股价现涨6.16%,汇证升比亚迪(01211-HK)目标价至254港元股价现涨6.16%
2021-01-11,财信证券新能源汽车行业2021年1月月度报告：新能源车续航步入1000公里时代,财信证券新能源汽车行业2021年1月月度报告：新能源车续航步入1000公里时代
2021-01-11,特斯拉概念股集体走高福耀玻璃、比亚迪AH股均创历史新高,特斯拉概念股集体走高福耀玻璃、比亚迪AH股均创历史新高
2021-01-11,【新能源金属|第2周周报】锂钴镍全线上涨，蔚来发布固态电池强化预锂化和高镍化趋势,【新能源金属|第2周周报】锂钴镍全线上涨，蔚来发布固态电池强化预锂化和高镍化趋势
2021-01-11,百度也要造车了！与吉利合作的七大细节曝光……,百度也要造车了！与吉利合作的七大细节曝光……
2021-01-11,重磅突发！百度宣布重大决定，龙头股秒板，超5万手大单封死涨停,重磅突发！百度宣布重大决定，龙头股秒板，超5万手大单封死涨停
2021-01-11,机构半日净流入近67亿元 大举买入比亚迪32亿元,机构半日净流入近67亿元 大举买入比亚迪32亿元
2021-01-11,汽车板块走强 比亚迪涨超4%,汽车板块走强 比亚迪涨超4%
2021-01-11,比亚迪港股股价创出历史新高 今晚将发布超级混动DM-i平台,比亚迪港股股价创出历史新高 今晚将发布超级混动DM-i平台
2021-01-11,汽车厂商押注SiC,汽车厂商押注SiC
2021-01-11,A股午盘综述：上证指数跌0.23%，半导体、汽车、石化板块走强,A股午盘综述：上证指数跌0.23%，半导体、汽车、石化板块走强
2021-01-11,港股比亚迪股份开盘后持续拉升 盘中一度涨超10％ 股价刷新历史新高,港股比亚迪股份开盘后持续拉升 盘中一度涨超10％ 股价刷新历史新高
2021-01-11,港股比亚迪股份涨幅扩大至10%,港股比亚迪股份涨幅扩大至10%
2021-01-11,比亚迪、海康、三一、长城、药明康德、万华化学等明星股市值均刷新历史新高,比亚迪、海康、三一、长城、药明康德、万华化学等明星股市值均刷新历史新高
2021-01-11,或在2021年港股上市，滴滴估值将超600亿美元,或在2021年港股上市，滴滴估值将超600亿美元
2021-01-11,上汽转型的七年之痒，传统汽车的向死而生,上汽转型的七年之痒，传统汽车的向死而生
2021-01-11,主力资金丨半日流入比亚迪逾8亿元 半导体板块获买入,主力资金丨半日流入比亚迪逾8亿元 半导体板块获买入
2021-01-12,2020胡润世界500强榜单发布：苹果、微软、亚马逊位列前三,2020胡润世界500强榜单发布：苹果、微软、亚马逊位列前三
2021-01-12,汽车行业点评报告：12月产批超预期增长,汽车行业点评报告：12月产批超预期增长
2021-01-12,汽车行业周观点报告：蔚来ET7发布 建议关注自动驾驶产业链,汽车行业周观点报告：蔚来ET7发布 建议关注自动驾驶产业链
2021-01-12,腾龙股份(603158)：汽车热管理管路龙头 深度布局燃料电池,腾龙股份(603158)：汽车热管理管路龙头 深度布局燃料电池
2021-01-12,第23批减免车船税新能源车拟发布目录：比亚迪唐、宋PLUS等入选,第23批减免车船税新能源车拟发布目录：比亚迪唐、宋PLUS等入选
2021-01-12,中国汽研(601965)：利润略超预期 电动智能打开新增量空间,中国汽研(601965)：利润略超预期 电动智能打开新增量空间
2021-01-12,【1.12锂电快讯】比亚迪发布超级混动平台*理想ONE成2020年新能源SUV销冠,【1.12锂电快讯】比亚迪发布超级混动平台*理想ONE成2020年新能源SUV销冠
2021-01-12,开放生态，链接创新 | “比亚迪开发者创新大赛”重磅启动,开放生态，链接创新 | “比亚迪开发者创新大赛”重磅启动
2021-01-12,比亚迪 | 超级混动首发 王朝家族亮剑【华西汽车 崔琰团队】,比亚迪 | 超级混动首发 王朝家族亮剑【华西汽车 崔琰团队】
2021-01-12,机械设备行业周报：挖机月度数据亮眼 重视光伏、锂电、检测等投资方向,机械设备行业周报：挖机月度数据亮眼 重视光伏、锂电、检测等投资方向
2021-01-12,智慧网联时代，比亚迪想和万千开发者一起定义智慧汽车的未来,智慧网联时代，比亚迪想和万千开发者一起定义智慧汽车的未来
2021-01-12,《消费者报道》2020十大汽车维权事件：日系车质量问题频发，特斯拉屡上黑榜 产品问题,《消费者报道》2020十大汽车维权事件：日系车质量问题频发，特斯拉屡上黑榜 产品问题
2021-01-12,新能源车板块周报：欧洲新能车12月渗透率20% 锂电池产业链高景气不变,新能源车板块周报：欧洲新能车12月渗透率20% 锂电池产业链高景气不变
2021-01-12,北向资金今日净买入85.42亿元，三一重工净买入额创历史新高,北向资金今日净买入85.42亿元，三一重工净买入额创历史新高
2021-01-12,比亚迪DM-i超级混动发布，具备快、省、静、顺、绿等多重优势,比亚迪DM-i超级混动发布，具备快、省、静、顺、绿等多重优势
2021-01-12,2020年新能源车企销量一览：造车新势力表现亮眼 特斯拉销量同比暴增,2020年新能源车企销量一览：造车新势力表现亮眼 特斯拉销量同比暴增
2021-01-12,智能汽车的高端盛宴,智能汽车的高端盛宴
2021-01-12,建银大升比亚迪目标价至309.2港元，维持优于大市评级,建银大升比亚迪目标价至309.2港元，维持优于大市评级
2021-01-12,燃油汽车颠覆者，比亚迪DM-i超级混动正式发布,燃油汽车颠覆者，比亚迪DM-i超级混动正式发布
2021-01-12,2020年12月乘用车销量点评：12月乘用车回升持续全年数据符合预期,2020年12月乘用车销量点评：12月乘用车回升持续全年数据符合预期
2021-01-12,【今日机构评级汇总】麦格理预测四季度阿里营收走软；花旗认为蔚来ET7难抗衡特斯拉Model S,【今日机构评级汇总】麦格理预测四季度阿里营收走软；花旗认为蔚来ET7难抗衡特斯拉Model S
2021-01-12,比亚迪发布DM-i超级混动，欲对燃油车实施“降维打击”,比亚迪发布DM-i超级混动，欲对燃油车实施“降维打击”
2021-01-12,从蔚来（NIO.US）底牌，窥探新能源车行业的“两条战线”,从蔚来（NIO.US）底牌，窥探新能源车行业的“两条战线”
2021-01-12,晚间要闻2021年1月12日星期二,晚间要闻2021年1月12日星期二
2021-01-12,抱团行情来势凶猛！牛市旗手又回来了，三大因素助力A股大涨,抱团行情来势凶猛！牛市旗手又回来了，三大因素助力A股大涨
2021-01-12,比亚迪发布DM-i超级混动平台 三款新车启动预售,比亚迪发布DM-i超级混动平台 三款新车启动预售
2021-01-12,比亚迪(002594)：发布DM-I平台暨新车型事件点评报告：DM-I经济节能 实现燃油车平价替代,比亚迪(002594)：发布DM-I平台暨新车型事件点评报告：DM-I经济节能 实现燃油车平价替代
2021-01-12,10万元级混动入局燃油车市 比亚迪DM-i混动三箭齐发,10万元级混动入局燃油车市 比亚迪DM-i混动三箭齐发
2021-01-12,比亚迪发布三款DM-i超级混动车型 补贴后预售价格为10.78-22.48万元,比亚迪发布三款DM-i超级混动车型 补贴后预售价格为10.78-22.48万元
2021-01-12,【行情】汽车板块走弱，长安汽车、长城汽车、广汽集团均跌超4%，比亚迪跌超3%,【行情】汽车板块走弱，长安汽车、长城汽车、广汽集团均跌超4%，比亚迪跌超3%
2021-01-12,2020年迎来“储能电源侧新元年”,2020年迎来“储能电源侧新元年”
2021-01-12,比亚迪(01211-HK)发布新插电式混合动力平台电动巴士获千辆海外订单,比亚迪(01211-HK)发布新插电式混合动力平台电动巴士获千辆海外订单
2021-01-12,【新能源汽车投资日报】锂电技术变革引发巨震 陷阱还是黄金坑？,【新能源汽车投资日报】锂电技术变革引发巨震 陷阱还是黄金坑？
2021-01-12,综合续航里程超1200公里！比亚迪祭出“大杀器”,综合续航里程超1200公里！比亚迪祭出“大杀器”
2021-01-12,什么信号？A股创开年最大跌幅，抱团更向龙头集中,什么信号？A股创开年最大跌幅，抱团更向龙头集中
2021-01-12,赢合科技(300457)：优质锂电设备供应商 大客户占比提升,赢合科技(300457)：优质锂电设备供应商 大客户占比提升
2021-01-12,新能源车“家族”分道扬镳！分化严重，私募精选策略来了,新能源车“家族”分道扬镳！分化严重，私募精选策略来了
2021-01-12,北向资金连续4日净买入A股，增持银行股，出逃白酒股（名单）,北向资金连续4日净买入A股，增持银行股，出逃白酒股（名单）
2021-01-12,比亚迪：公司应用DM-i超级混动技术的车型有望与同级别燃油车达到购置同价的水平,比亚迪：公司应用DM-i超级混动技术的车型有望与同级别燃油车达到购置同价的水平
2021-01-12,新能源汽车产业最新动态：不止电动汽车，还有电动商用船,新能源汽车产业最新动态：不止电动汽车，还有电动商用船
2021-01-12,明泰铝业(601677)：Q4维持高增长 转型效果显着,明泰铝业(601677)：Q4维持高增长 转型效果显着
2021-01-12,北向资金动向盘点：玄机藏在招商银行与五粮液之间,北向资金动向盘点：玄机藏在招商银行与五粮液之间
2021-01-12,中信证券：维持比亚迪（A+H股）“买入”评级，继续重点推荐,中信证券：维持比亚迪（A+H股）“买入”评级，继续重点推荐
2021-01-12,每日理财观察：2020年全年CPI上涨2.5%,每日理财观察：2020年全年CPI上涨2.5%
2021-01-12,一图看懂比亚迪DM-i超级混动 三款重磅车型开启预售,一图看懂比亚迪DM-i超级混动 三款重磅车型开启预售
2021-01-12,中信证券：比亚迪DM-i车型爆款可期 维持买入评级,中信证券：比亚迪DM-i车型爆款可期 维持买入评级
2021-01-12,【趣点】特斯拉降价！蔚来出新，比亚迪出彩！,【趣点】特斯拉降价！蔚来出新，比亚迪出彩！
2021-01-12,每周研报精粹,每周研报精粹
2021-01-12,深度*行业*电力设备与新能源行业1月第2周周报：蔚来发布新车型ET7 碳排放交易管理办法出台,深度*行业*电力设备与新能源行业1月第2周周报：蔚来发布新车型ET7 碳排放交易管理办法出台
2021-01-12,汽车股低开低走，长安汽车、小康股份跌逾6%,汽车股低开低走，长安汽车、小康股份跌逾6%
2021-01-12,开盘：恒指低开0.05% 京东宣布成立科技子集团港股京东集团低开0.9%,开盘：恒指低开0.05% 京东宣布成立科技子集团港股京东集团低开0.9%
2021-01-12,比亚迪刀片电池产能将达75GWh,比亚迪刀片电池产能将达75GWh
2021-01-12,创业板指跌幅扩大至1%，汽车、有色板块领跌,创业板指跌幅扩大至1%，汽车、有色板块领跌
2021-01-12,混动市场将迎鏖战：比亚迪DM-i超级混动发布即量产，三款车型开启预售,混动市场将迎鏖战：比亚迪DM-i超级混动发布即量产，三款车型开启预售
2021-01-12,全年业绩高增长股提前看，148股净利润增幅翻倍,全年业绩高增长股提前看，148股净利润增幅翻倍
2021-01-12,比亚迪发布三款搭载DM-i超级混动技术新车 起售价10.78万元,比亚迪发布三款搭载DM-i超级混动技术新车 起售价10.78万元
2021-01-12,A股融资融券日报：两融余额增加10.43亿元（1月11日）,A股融资融券日报：两融余额增加10.43亿元（1月11日）
2021-01-12,A股早报2021年1月12日星期二,A股早报2021年1月12日星期二
2021-01-12,传统车企转战C端市场 高端智能汽车成新焦点,传统车企转战C端市场 高端智能汽车成新焦点
2021-01-13,胡润世界五百强公布榜单 中国电动汽车企业涨幅最大,胡润世界五百强公布榜单 中国电动汽车企业涨幅最大
2021-01-13,睿智投资｜比亚迪控股 - A (002594 CH) – 受益于磷酸铁锂表现出色,睿智投资｜比亚迪控股 - A (002594 CH) – 受益于磷酸铁锂表现出色
2021-01-13,比亚迪(002594)：发布超级混动DM-I 2021年销量有望迎高增长,比亚迪(002594)：发布超级混动DM-I 2021年销量有望迎高增长
2021-01-13,预售10.78万起、续航超一千公里，比亚迪推DM-i插电混动系列新车,预售10.78万起、续航超一千公里，比亚迪推DM-i插电混动系列新车
2021-01-13,科技巨头接踵入场，百年汽车业正迎最大变量,科技巨头接踵入场，百年汽车业正迎最大变量
2021-01-13,比亚迪“混”得更好，蔚来“固”本求远,比亚迪“混”得更好，蔚来“固”本求远
2021-01-13,比亚迪祭出新“杀器” 发布DM-i超级混动技术,比亚迪祭出新“杀器” 发布DM-i超级混动技术
2021-01-13,比亚迪获更多电动客车订单,比亚迪获更多电动客车订单
2021-01-13,逼近万亿市值背后，宁德时代的“豪赌”与挑战,逼近万亿市值背后，宁德时代的“豪赌”与挑战
2021-01-13,3000多个股下跌，抱团龙头欺人太甚？茅台创新高,3000多个股下跌，抱团龙头欺人太甚？茅台创新高
2021-01-13,比亚迪、长城汽车、三一重工、云南白药午后回落集体转跌，早盘均冲高大涨,比亚迪、长城汽车、三一重工、云南白药午后回落集体转跌，早盘均冲高大涨
2021-01-13,【热股】新能源车板块长期高速增长趋势不变 锂电池板块股价走强,【热股】新能源车板块长期高速增长趋势不变 锂电池板块股价走强
2021-01-13,汽车行业：12月乘用车回升持续，全年数据符合预期，维持“推荐”评级,汽车行业：12月乘用车回升持续，全年数据符合预期，维持“推荐”评级
2021-01-13,盛视早参：金融搭台 龙头唱戏,盛视早参：金融搭台 龙头唱戏
2021-01-13,瑞银料中国今年乘用车市场或有双位数增幅,瑞银料中国今年乘用车市场或有双位数增幅
2021-01-13,德方纳米(300769)：铁锂再登堂 龙头话成长,德方纳米(300769)：铁锂再登堂 龙头话成长
2021-01-13,比亚迪DM－i超级混动震撼发布 向燃油车市场重磅出击！,比亚迪DM－i超级混动震撼发布 向燃油车市场重磅出击！
2021-01-13,3000多只个股下跌 抱团龙头欺人太甚？ 茅台比亚迪再创新高,3000多只个股下跌 抱团龙头欺人太甚？ 茅台比亚迪再创新高
2021-01-13,新能源汽车龙头走强，比亚迪涨逾5%再创新高,新能源汽车龙头走强，比亚迪涨逾5%再创新高
2021-01-13,去年新能源汽车销量增长10.9%，两条主线布局相关投资机会丨牛熊眼,去年新能源汽车销量增长10.9%，两条主线布局相关投资机会丨牛熊眼
2021-01-13,苹果概念股整体活跃，蓝思科技、歌尔股份、京东方A、立讯精密走强,苹果概念股整体活跃，蓝思科技、歌尔股份、京东方A、立讯精密走强
2021-01-13,2020年光伏组件行业研究报告,2020年光伏组件行业研究报告
2021-01-13,比亚迪(002594)：全新插混系统发布 行业领导者再出发,比亚迪(002594)：全新插混系统发布 行业领导者再出发
2021-01-13,中泰证券：汽车行业面临着百年变局 重点配置具备全球竞争力的核心资产,中泰证券：汽车行业面临着百年变局 重点配置具备全球竞争力的核心资产
2021-01-13,独家揭秘！富士康与拜腾股东们的博弈,独家揭秘！富士康与拜腾股东们的博弈
2021-01-13,北向资金扫货84亿元，最受青睐行业与个股曝光！,北向资金扫货84亿元，最受青睐行业与个股曝光！
2021-01-13,【民生证券研究院】晨会纪要20210113,【民生证券研究院】晨会纪要20210113
2021-01-13,深度*公司*比亚迪(002594)：DMI性能突出售价亲民 有望加速替代燃油车,深度*公司*比亚迪(002594)：DMI性能突出售价亲民 有望加速替代燃油车
2021-01-13,环卫装备月度跟踪(12月)：新能源新起点 环卫装备龙头性价比凸显,环卫装备月度跟踪(12月)：新能源新起点 环卫装备龙头性价比凸显
2021-01-13,万丰奥威：公司镁瑞丁大型薄壁镁合金件等部件设计端与蔚来、小鹏合作,万丰奥威：公司镁瑞丁大型薄壁镁合金件等部件设计端与蔚来、小鹏合作
2021-01-13,车轮上的2020：汽车成为中国经济复苏的关键支撑,车轮上的2020：汽车成为中国经济复苏的关键支撑
2021-01-13,【银河晨报】1.19丨经济仍然是出口带动，内需指标表现偏弱,【银河晨报】1.19丨经济仍然是出口带动，内需指标表现偏弱
2021-01-13,【银河电新周然/赵腾辉】行业点评丨磷酸铁锂表现亮眼，龙头扩产抢占市场,【银河电新周然/赵腾辉】行业点评丨磷酸铁锂表现亮眼，龙头扩产抢占市场
2021-01-13,“刀片电池”产能紧张或到2021Q2缓解,“刀片电池”产能紧张或到2021Q2缓解
2021-01-13,上汽集团、比亚迪拉升，提振汽车板块,上汽集团、比亚迪拉升，提振汽车板块
2021-01-13,【行情】汽车整车板块拉升，比亚迪、中国重汽涨逾4%，上汽集团、长城汽车、东风汽车等跟涨,【行情】汽车整车板块拉升，比亚迪、中国重汽涨逾4%，上汽集团、长城汽车、东风汽车等跟涨
2021-01-13,769家公司预告全年业绩 294家预增,769家公司预告全年业绩 294家预增
2021-01-13,银河证券每日晨报,银河证券每日晨报
2021-01-13,一则招聘广告，意外透露了宁德时代的订单情况,一则招聘广告，意外透露了宁德时代的订单情况
2021-01-13,A股融资融券日报：两融余额增加108.41亿元（1月12日）,A股融资融券日报：两融余额增加108.41亿元（1月12日）
2021-01-14,智己汽车跳伞进入高端智能纯电动市场 能跑进决赛圈吗？,智己汽车跳伞进入高端智能纯电动市场 能跑进决赛圈吗？
2021-01-14,A股抱团股跌倒，2股新力量崛起，蓝筹泡沫来了？,A股抱团股跌倒，2股新力量崛起，蓝筹泡沫来了？
2021-01-14,宁德时代深绑磷酸铁锂,宁德时代深绑磷酸铁锂
2021-01-14,3800亿巨头跌停，汽车股大跌900亿！不抱团了吗？,3800亿巨头跌停，汽车股大跌900亿！不抱团了吗？
2021-01-14,销量向左市值向右，在冰水中沸腾的比亚迪,销量向左市值向右，在冰水中沸腾的比亚迪
2021-01-14,北向资金今日净买入51.07亿元，潍柴动力净买入额创历史新高,北向资金今日净买入51.07亿元，潍柴动力净买入额创历史新高
2021-01-14,【浙商电新】全年装机回归正增，磷酸铁锂王者归来——新能源汽车及锂电系列之二,【浙商电新】全年装机回归正增，磷酸铁锂王者归来——新能源汽车及锂电系列之二
2021-01-14,汽车与零配件行业研究：上汽智己汽车发布高端智能纯电动汽车品牌IM智己 有望冲击高端电动汽车市场,汽车与零配件行业研究：上汽智己汽车发布高端智能纯电动汽车品牌IM智己 有望冲击高端电动汽车市场
2021-01-14,"A股“变脸”！抱团股跌倒，""601军团""强势上攻，蓝筹泡沫来了？后市怎么走？","A股“变脸”！抱团股跌倒，""601军团""强势上攻，蓝筹泡沫来了？后市怎么走？"
2021-01-14,2020年新能源销量：止跌、复苏、向上！,2020年新能源销量：止跌、复苏、向上！
2021-01-14,新能源汽车行业：是颠覆，还是泡沫？,新能源汽车行业：是颠覆，还是泡沫？
2021-01-14,万里扬(002434)2020年业绩预告点评：下游持续放量 业绩符合预期,万里扬(002434)2020年业绩预告点评：下游持续放量 业绩符合预期
2021-01-14,比亚迪叉车不止有电池和技术！,比亚迪叉车不止有电池和技术！
2021-01-14,中信证券：暴涨的新能车 还有多大空间？,中信证券：暴涨的新能车 还有多大空间？
2021-01-14,市值一天蒸发900亿元，A股汽车公司今日股价陡跌 连续下跌,市值一天蒸发900亿元，A股汽车公司今日股价陡跌 连续下跌
2021-01-14,全球缺“芯”：中国汽车能否迎来“芯”机遇？,全球缺“芯”：中国汽车能否迎来“芯”机遇？
2021-01-14,比亚迪获深圳单一车型和年度品牌“双冠王”,比亚迪获深圳单一车型和年度品牌“双冠王”
2021-01-14,IPO在即，比亚迪、吉利、长城汽车三大车企眼中的网上车市(01490),IPO在即，比亚迪、吉利、长城汽车三大车企眼中的网上车市(01490)
2021-01-14,时代看盘：A股行情分化，外资不惧调整大肆扫货，回调就是加仓机会,时代看盘：A股行情分化，外资不惧调整大肆扫货，回调就是加仓机会
2021-01-14,朗特智能：预计2021年乘用车控制器系列需求提升40%以上,朗特智能：预计2021年乘用车控制器系列需求提升40%以上
2021-01-14,3000多只个股回调 茅台比亚迪再创新高|予菲视点,3000多只个股回调 茅台比亚迪再创新高|予菲视点
2021-01-14,中信证券：新能源汽车12月销量再超预期，2021年高景气可期,中信证券：新能源汽车12月销量再超预期，2021年高景气可期
2021-01-14,314家公司全年业绩预增,314家公司全年业绩预增
2021-01-14,A股融资融券日报：两融余额增加15.74亿元（1月13日）,A股融资融券日报：两融余额增加15.74亿元（1月13日）
2021-01-14,年度盘点：2020动力电池10企业扩产投资超1376亿！,年度盘点：2020动力电池10企业扩产投资超1376亿！
2021-01-14,比亚迪申请“铝合金及其制备方法、手机中框和手机”专利,比亚迪申请“铝合金及其制备方法、手机中框和手机”专利
2021-01-14,汽车板块低开 比亚迪跌逾3%,汽车板块低开 比亚迪跌逾3%
2021-01-14,明冠新材：比亚迪是公司太阳能电池背板客户,明冠新材：比亚迪是公司太阳能电池背板客户
2021-01-14,汽车板块调整，比亚迪、长城汽车、长安汽车均跌超3%,汽车板块调整，比亚迪、长城汽车、长安汽车均跌超3%
2021-01-14,深度丨新能源汽车行业价值分析，看这篇就够了,深度丨新能源汽车行业价值分析，看这篇就够了
2021-01-14,汽车整车行业销量数据点评：12月销量符合预期 头部自主高增长,汽车整车行业销量数据点评：12月销量符合预期 头部自主高增长
2021-01-14,比亚迪宋PLUS DM-i申报图曝光 油耗0.9L/100km,比亚迪宋PLUS DM-i申报图曝光 油耗0.9L/100km
2021-01-14,A股午盘综述：上证指数触底反弹跌0.29%，机构抱团股杀跌、中字头股再度走强,A股午盘综述：上证指数触底反弹跌0.29%，机构抱团股杀跌、中字头股再度走强
2021-01-14,2020年我国出口包括口罩在内纺织品1.07万亿元 2021年国内口罩供应情况分析,2020年我国出口包括口罩在内纺织品1.07万亿元 2021年国内口罩供应情况分析
2021-01-14,汽车股加速下跌，江淮汽车跌9%,汽车股加速下跌，江淮汽车跌9%
2021-01-14,助力技术升级和品牌向上——中国汽研指数之夜圆满举行,助力技术升级和品牌向上——中国汽研指数之夜圆满举行
2021-01-14,快讯：汽车股持续走低 长城汽车跌近6%比亚迪跌超3%,快讯：汽车股持续走低 长城汽车跌近6%比亚迪跌超3%
2021-01-14,新能源技术全新物种，比亚迪DM-i超级混动正式发布,新能源技术全新物种，比亚迪DM-i超级混动正式发布
2021-01-14,A股收盘综述：上证指数跌0.91%，长城汽车、酒鬼酒、航发动力等抱团强势股跌停,A股收盘综述：上证指数跌0.91%，长城汽车、酒鬼酒、航发动力等抱团强势股跌停
2021-01-15,比亚迪增发H股申请已获中国证监会核准,比亚迪增发H股申请已获中国证监会核准
2021-01-15,银行股一天涨1800亿，抱团股波动加剧，撤退还是进攻？,银行股一天涨1800亿，抱团股波动加剧，撤退还是进攻？
2021-01-15,北向资金今日净买入8.01亿元，银行股、保险股遭抢筹,北向资金今日净买入8.01亿元，银行股、保险股遭抢筹
2021-01-15,何一鹏：比亚迪将从电芯和电池材料角度实现全生命周期管理,何一鹏：比亚迪将从电芯和电池材料角度实现全生命周期管理
2021-01-15,德赛西威(002920)：受益智能化发展和订单放量 20年业绩超预期,德赛西威(002920)：受益智能化发展和订单放量 20年业绩超预期
2021-01-15,电气设备行业点评：电动车12月销量点评：12月创新高 全年销量再超预期,电气设备行业点评：电动车12月销量点评：12月创新高 全年销量再超预期
2021-01-15,巨丰周报：本周大盘震荡回落 后市把握一类掘金机遇,巨丰周报：本周大盘震荡回落 后市把握一类掘金机遇
2021-01-15,2020年全球动力电池装机量达137GWh，宁德时代独占24.8%,2020年全球动力电池装机量达137GWh，宁德时代独占24.8%
2021-01-15,比亚迪：近期融捷投资控股减持公司456.8万股 减持股份,比亚迪：近期融捷投资控股减持公司456.8万股 减持股份
2021-01-15,比亚迪：持股5%以上股东融捷投资控股累计减持公司0.252%股份 减持股份,比亚迪：持股5%以上股东融捷投资控股累计减持公司0.252%股份 减持股份
2021-01-15,比亚迪：股东融捷投资控股累计减持457万股公司股份 减持股份,比亚迪：股东融捷投资控股累计减持457万股公司股份 减持股份
2021-01-15,比亚迪(002594.SZ)股东融捷投资控股减持456.79万股 减持数量已过半 减持股份,比亚迪(002594.SZ)股东融捷投资控股减持456.79万股 减持数量已过半 减持股份
2021-01-15,比亚迪：新增发行境外上市外资股（H股）申请获得中国证监会核准,比亚迪：新增发行境外上市外资股（H股）申请获得中国证监会核准
2021-01-15,新能源汽车2020：销量逆势大涨超10%，融资破千亿,新能源汽车2020：销量逆势大涨超10%，融资破千亿
2021-01-15,中国证监会核准比亚迪(01211-HK)新增发行H股申请,中国证监会核准比亚迪(01211-HK)新增发行H股申请
2021-01-15,巨丰周报：本周走势先扬后抑或先扬后震荡 把握复苏牛三大核心逻辑,巨丰周报：本周走势先扬后抑或先扬后震荡 把握复苏牛三大核心逻辑
2021-01-15,晚间重要公告2021年1月15日星期五,晚间重要公告2021年1月15日星期五
2021-01-15,最新文章more>>,最新文章more>>
2021-01-15,【1月乘用车量-库-价深度】疫情+芯片影响有限，景气度持续向上,【1月乘用车量-库-价深度】疫情+芯片影响有限，景气度持续向上
2021-01-15,比亚迪(002594.SZ)：融捷投资控股已减持456.7858万股A股 减持股份,比亚迪(002594.SZ)：融捷投资控股已减持456.7858万股A股 减持股份
2021-01-15,为何U盘经久不衰？原因有三条,为何U盘经久不衰？原因有三条
2021-01-15,汽车行业月报：12月产批零超预期增长,汽车行业月报：12月产批零超预期增长
2021-01-15,长这样！马斯克的星际飞船原型迎来大改款：去年曾被压爆,长这样！马斯克的星际飞船原型迎来大改款：去年曾被压爆
2021-01-15,锂电池行业月报：全年销量超预期 短期谨慎关注,锂电池行业月报：全年销量超预期 短期谨慎关注
2021-01-15,什么情况？多指数估值超2015，首席称蓝筹泡沫已至,什么情况？多指数估值超2015，首席称蓝筹泡沫已至
2021-01-15,北向资金动向盘点：逢低增仓能源汽车、军工,北向资金动向盘点：逢低增仓能源汽车、军工
2021-01-15,334家公司全年业绩预增,334家公司全年业绩预增
2021-01-15,抱团股集体重摔，科技要“爷青回”？,抱团股集体重摔，科技要“爷青回”？
2021-01-15,每日理财观察：我国外贸进出口连续7个月实现正增长,每日理财观察：我国外贸进出口连续7个月实现正增长
2021-01-15,内存条标签有玄机！一文了解,内存条标签有玄机！一文了解
2021-01-15,“巴菲特接班人”10亿股买入一大行！银行股春天要来？,“巴菲特接班人”10亿股买入一大行！银行股春天要来？
2021-01-15,机构抱团股砸出“深坑”！未来高增长名单来了,机构抱团股砸出“深坑”！未来高增长名单来了
2021-01-15,科华控股(603161)深度报告：涡轮增压器小行业迎来大发展,科华控股(603161)深度报告：涡轮增压器小行业迎来大发展
2021-01-15,A股融资融券日报：两融余额减少33.94亿元（1月14日）,A股融资融券日报：两融余额减少33.94亿元（1月14日）
2021-01-15,全球汽车产业可谓“冰火两重天”,全球汽车产业可谓“冰火两重天”
2021-01-15,汽车行业智能驾驶：路线、变革、机会,汽车行业智能驾驶：路线、变革、机会
2021-01-15,A股收盘综述：上证指数探底回升涨0.01%，宁德时代等抱团股反弹,A股收盘综述：上证指数探底回升涨0.01%，宁德时代等抱团股反弹
2021-01-15,2021开门红！比亚迪再获哥伦比亚596台纯电动巴士订单,2021开门红！比亚迪再获哥伦比亚596台纯电动巴士订单
2021-01-15,【行情】A股汽车板块拉升，广汽集团触及涨停板，比亚迪、长城汽车等股转涨,【行情】A股汽车板块拉升，广汽集团触及涨停板，比亚迪、长城汽车等股转涨
2021-01-15,前奔驰员工被裁：偷挖掘机闯工厂疯狂破坏现场一片惨烈 员工变动,前奔驰员工被裁：偷挖掘机闯工厂疯狂破坏现场一片惨烈 员工变动
2021-01-15,【SMM分析】2020年新能源汽车销量创新高 带动动力电池装机量同比增加,【SMM分析】2020年新能源汽车销量创新高 带动动力电池装机量同比增加
2021-01-15,脱颖而出，汉EV 12月跃居深圳所有品牌单一车型销量冠军,脱颖而出，汉EV 12月跃居深圳所有品牌单一车型销量冠军
2021-01-15,【SMM分析】2020年新能源汽车销量创新高 动力电池市场迎春天？,【SMM分析】2020年新能源汽车销量创新高 动力电池市场迎春天？
2021-01-15,李录是谁？43亿建仓邮储银行，推荐巴菲特买入比亚迪,李录是谁？43亿建仓邮储银行，推荐巴菲特买入比亚迪
2021-01-16,新能源车市场这么火爆，部委和企业人士怎么表态？,新能源车市场这么火爆，部委和企业人士怎么表态？
2021-01-16,“续航1000km”背后的真真假假，究竟谁才是受益者,“续航1000km”背后的真真假假，究竟谁才是受益者
2021-01-16,王传福：电动车全面替代燃油车时机已成熟,王传福：电动车全面替代燃油车时机已成熟
2021-01-16,比亚迪董事长王传福：电动车全面替代燃油车的时机已成熟,比亚迪董事长王传福：电动车全面替代燃油车的时机已成熟
2021-01-16,全球动力电池2020年总装机量排行出炉中韩霸榜！,全球动力电池2020年总装机量排行出炉中韩霸榜！
2021-01-16,北向资金大幅抢筹A股，连续11周净买入，本周甩卖白酒股，加仓银行股（附名单）,北向资金大幅抢筹A股，连续11周净买入，本周甩卖白酒股，加仓银行股（附名单）
2021-01-16,比亚迪董事长王传福：建议把动力电池针刺试验逐步列入强制性标准,比亚迪董事长王传福：建议把动力电池针刺试验逐步列入强制性标准
2021-01-16,电动汽车陷冬季“里程焦虑” 充电桩矛盾凸显,电动汽车陷冬季“里程焦虑” 充电桩矛盾凸显
2021-01-16,涨跌转瞬间，牛熊无厘头,涨跌转瞬间，牛熊无厘头
2021-01-16,你愿意为购买智能汽车提高预算吗？超3成受访者选了这个答案,你愿意为购买智能汽车提高预算吗？超3成受访者选了这个答案
2021-01-16,全年增速超10%！产业链上下游狂欢,全年增速超10%！产业链上下游狂欢
2021-01-16,全年增速超10%！新能源汽车市场能否延续“火力”？,全年增速超10%！新能源汽车市场能否延续“火力”？
2021-01-16,从2020年报预告看龙头创利表现 这5家公司是“靓仔”,从2020年报预告看龙头创利表现 这5家公司是“靓仔”
2021-01-16,2020动力电池装机量出炉 宁德时代登顶,2020动力电池装机量出炉 宁德时代登顶
2021-01-16,比亚迪董事长王传福：私家车电动化需插电混动和纯电动双管齐下,比亚迪董事长王传福：私家车电动化需插电混动和纯电动双管齐下
2021-01-17,大象走钢丝，“触底”的上汽集团如何反弹？,大象走钢丝，“触底”的上汽集团如何反弹？
2021-01-17,招商策略：美股不总是龙头赢，美债收益率上行需关注,招商策略：美股不总是龙头赢，美债收益率上行需关注
2021-01-17,未来十五年中国新能源车走向何方？,未来十五年中国新能源车走向何方？
2021-01-17,A股新能源巨头刚宣布，董事长操纵市场被公安刑拘 董监高成员异常事件,A股新能源巨头刚宣布，董事长操纵市场被公安刑拘 董监高成员异常事件
2021-01-17,深圳上海彻底火了：市值狂增8万亿！这9大城市，首次突破1万亿,深圳上海彻底火了：市值狂增8万亿！这9大城市，首次突破1万亿
2021-01-17,几分钟充满电，车子能跑1000公里？中科院院士：骗子,几分钟充满电，车子能跑1000公里？中科院院士：骗子
2021-01-17,39岁亚马逊员工宣布退休：一单赚了1200万美元，懒得为贝佐斯打工了！,39岁亚马逊员工宣布退休：一单赚了1200万美元，懒得为贝佐斯打工了！
2021-01-17,百人会中英电动汽车创新论坛揭幕 两国在新能源汽车领域合作潜力巨大,百人会中英电动汽车创新论坛揭幕 两国在新能源汽车领域合作潜力巨大
2021-01-17,【方正电新丨周观点】全国动力电池20年装机64GWh，光伏组件集采开标价格缓降,【方正电新丨周观点】全国动力电池20年装机64GWh，光伏组件集采开标价格缓降
2021-01-17,比亚迪发布DM-i超级混动 欲与同级别燃油车竞争,比亚迪发布DM-i超级混动 欲与同级别燃油车竞争
2021-01-17,深耕英国 比亚迪披露欧洲市场更多计划,深耕英国 比亚迪披露欧洲市场更多计划
2021-01-17,比亚迪董事长王传福：新能源汽车行业迎来高光时刻,比亚迪董事长王传福：新能源汽车行业迎来高光时刻
2021-01-17,比亚迪将在欧洲推行“全交通行业方案”,比亚迪将在欧洲推行“全交通行业方案”
2021-01-17,一周热点 | 2020年我国新能源汽车产销创新高；LG新能源将启动上市程序；宁德时代装机量蝉联冠军,一周热点 | 2020年我国新能源汽车产销创新高；LG新能源将启动上市程序；宁德时代装机量蝉联冠军
2021-01-17,陆家嘴财经早餐2021年1月17日星期日,陆家嘴财经早餐2021年1月17日星期日
2021-01-17,下周操盘攻略：年报披露工作将拉开序幕，解禁市值升至2400亿元,下周操盘攻略：年报披露工作将拉开序幕，解禁市值升至2400亿元
2021-01-17,北向资金大幅抢筹A股 连续11周净买入 本周大笔买入“面板双雄”（附股）,北向资金大幅抢筹A股 连续11周净买入 本周大笔买入“面板双雄”（附股）
2021-01-18,拓普集团(601689)：四季度利润高增长 业绩进入兑现期,拓普集团(601689)：四季度利润高增长 业绩进入兑现期
2021-01-18,汽车行业周报：12月零售创新高 持续看好新能源,汽车行业周报：12月零售创新高 持续看好新能源
2021-01-18,含比亚迪电池工厂等 安徽开工249个项目,含比亚迪电池工厂等 安徽开工249个项目
2021-01-18,中石化开卖螺狮粉网友评论绝了,中石化开卖螺狮粉网友评论绝了
2021-01-18,小米新技术搞定真·全面屏前置后置一次解决,小米新技术搞定真·全面屏前置后置一次解决
2021-01-18,首席观点：2020年新能源汽车市场“翘尾”收官,首席观点：2020年新能源汽车市场“翘尾”收官
2021-01-18,苹果最新TWS真无线耳机曝光：199美元的青春版,苹果最新TWS真无线耳机曝光：199美元的青春版
2021-01-18,电气设备及新能源行业周报：电动车销量超预期 高景气延续至2021,电气设备及新能源行业周报：电动车销量超预期 高景气延续至2021
2021-01-18,减排KPI和管理层薪资挂钩，车企电气化动真格了？,减排KPI和管理层薪资挂钩，车企电气化动真格了？
2021-01-18,广汽集团A股、H股冰火两重天，近期的汽车股大有看头,广汽集团A股、H股冰火两重天，近期的汽车股大有看头
2021-01-18,汽车行业周报：12月乘用车高景气 比亚迪DM-I与长城摩卡双双发布,汽车行业周报：12月乘用车高景气 比亚迪DM-I与长城摩卡双双发布
2021-01-18,OLED还未普及MicroLED热度走高谁会是大势所趋？,OLED还未普及MicroLED热度走高谁会是大势所趋？
2021-01-18,广汽又发声，石墨烯集体爆发！分析师：更多是炒作噱头,广汽又发声，石墨烯集体爆发！分析师：更多是炒作噱头
2021-01-18,王传福：电动车百年变革从“春秋时期”开始进入“战国时代”,王传福：电动车百年变革从“春秋时期”开始进入“战国时代”
2021-01-18,比亚迪：持股5%以上股东融捷投资控股减持数过半，合计达到456.79万股 减持股份,比亚迪：持股5%以上股东融捷投资控股减持数过半，合计达到456.79万股 减持股份
2021-01-18,芯片股大爆发！千亿资金狂买这类股，新抱团来了？,芯片股大爆发！千亿资金狂买这类股，新抱团来了？
2021-01-18,磷酸铁锂电池迎来发展“第二春”,磷酸铁锂电池迎来发展“第二春”
2021-01-18,全球芯片告急 深圳“芯”事如何,全球芯片告急 深圳“芯”事如何
2021-01-18,周末影响一周市场的10大消息(新股+点评),周末影响一周市场的10大消息(新股+点评)
2021-01-18,年报披露本周拉开序幕 龙头公司盈利能力强大,年报披露本周拉开序幕 龙头公司盈利能力强大
2021-01-18,比亚迪董事长王传福：电动车产业加速迈入新发展阶段,比亚迪董事长王传福：电动车产业加速迈入新发展阶段
2021-01-18,新能源汽车： 乘风破浪，群雄逐鹿,新能源汽车： 乘风破浪，群雄逐鹿
2021-01-18,全年业绩高增长股提前看，198股净利润增幅翻倍,全年业绩高增长股提前看，198股净利润增幅翻倍
2021-01-18,A股融资融券日报：两融余额减少24.91亿元（1月15日）,A股融资融券日报：两融余额减少24.91亿元（1月15日）
2021-01-18,比亚迪(01211-HK)获批增发外资股开市初段仍3连跌再挫3.1% 连续下跌,比亚迪(01211-HK)获批增发外资股开市初段仍3连跌再挫3.1% 连续下跌
2021-01-18,2020年12月TOP30轿车销量投诉量排名公布！,2020年12月TOP30轿车销量投诉量排名公布！
2021-01-18,拆分上市，比亚迪半导体求变,拆分上市，比亚迪半导体求变
2021-01-18,北向资金一周动向盘点：低估值、高成长两条主线,北向资金一周动向盘点：低估值、高成长两条主线
2021-01-19,智慧网联时代，比亚迪想和万千开发者一起定义智慧汽车的未来,智慧网联时代，比亚迪想和万千开发者一起定义智慧汽车的未来
2021-01-19,[路演]星源材质：公司是比亚迪刀片电池隔膜的主要供应商,[路演]星源材质：公司是比亚迪刀片电池隔膜的主要供应商
2021-01-19,比亚迪王传福：电动车渗透率提升 接下来5年年增长复合达37%以上,比亚迪王传福：电动车渗透率提升 接下来5年年增长复合达37%以上
2021-01-19,中庚丘栋荣最新重仓股曝光 陈光明的睿远基金开年至今调研8家公司,中庚丘栋荣最新重仓股曝光 陈光明的睿远基金开年至今调研8家公司
2021-01-19,传统车企频频“联姻”科技巨头，智能驾驶产业链机遇凸显丨牛熊眼,传统车企频频“联姻”科技巨头，智能驾驶产业链机遇凸显丨牛熊眼
2021-01-19,电子烟龙头申请赴美上市 AH概念股集体炸了！比亚迪也要布局,电子烟龙头申请赴美上市 AH概念股集体炸了！比亚迪也要布局
2021-01-19,2021，造车大战元年,2021，造车大战元年
2021-01-19,【浙商汽车】周观点：MEB低价来袭，供给持续改善,【浙商汽车】周观点：MEB低价来袭，供给持续改善
2021-01-19,比亚迪：“刀片电池”出货量逐月提升,比亚迪：“刀片电池”出货量逐月提升
2021-01-19,中国锂电池产业全球竞争力评估报告,中国锂电池产业全球竞争力评估报告
2021-01-19,12月上险量排行：Model 3年度上险量破13万，理想ONE持续领跑新势力,12月上险量排行：Model 3年度上险量破13万，理想ONE持续领跑新势力
2021-01-19,比亚迪公开“一种电子烟”相关专利,比亚迪公开“一种电子烟”相关专利
2021-01-19,芯片龙头业绩股价同步创新高 超95%机构抱团股业绩预增,芯片龙头业绩股价同步创新高 超95%机构抱团股业绩预增
2021-01-19,什么情况？科技巨头涨停，4大千亿白马股却集体崩了,什么情况？科技巨头涨停，4大千亿白马股却集体崩了
2021-01-19,马斯克的电动车抢先 王传福、李书福们正在破局,马斯克的电动车抢先 王传福、李书福们正在破局
2021-01-19,【银河晨报】1.19丨经济仍然是出口带动，内需指标表现偏弱,【银河晨报】1.19丨经济仍然是出口带动，内需指标表现偏弱
2021-01-19,新能源汽车专利20强 蔚来系新势力第一,新能源汽车专利20强 蔚来系新势力第一
2021-01-19,A股融资融券日报：两融余额增加91.11亿元（1月18日）,A股融资融券日报：两融余额增加91.11亿元（1月18日）
2021-01-19,电力设备行业：全年137万辆 产品驱动下的持续景气,电力设备行业：全年137万辆 产品驱动下的持续景气
2021-01-19,新能源汽车专利20强榜单出炉 比亚迪居首,新能源汽车专利20强榜单出炉 比亚迪居首
2021-01-19,【汽车】汽车行业周报：12月销量稳步增长，比亚迪上汽发布混动技术。,【汽车】汽车行业周报：12月销量稳步增长，比亚迪上汽发布混动技术。
2021-01-19,新能源车进欧洲 合资股比变数多,新能源车进欧洲 合资股比变数多
2021-01-19,汽车芯片，今年不平静,汽车芯片，今年不平静
2021-01-19,“特斯拉们”估值疯涨的逻辑,“特斯拉们”估值疯涨的逻辑
2021-01-19,402家公司全年业绩预增,402家公司全年业绩预增
2021-01-20,传比亚迪拟最高折让9.02%配股筹资36亿美元,传比亚迪拟最高折让9.02%配股筹资36亿美元
2021-01-20,星源转2投资价值分析：湿法产能快速扩张的隔膜领军企业,星源转2投资价值分析：湿法产能快速扩张的隔膜领军企业
2021-01-20,大众杀至20万元内！首款MEB纯电SUV上市，要追击特斯拉？,大众杀至20万元内！首款MEB纯电SUV上市，要追击特斯拉？
2021-01-20,数说丨2020年MPV市场份额不断下滑 “深耕”或成破局关键 经营问题,数说丨2020年MPV市场份额不断下滑 “深耕”或成破局关键 经营问题
2021-01-20,比亚迪半导体公司接受中金公司辅导 分拆上市仅差临门一脚,比亚迪半导体公司接受中金公司辅导 分拆上市仅差临门一脚
2021-01-20,数说 | 自主品牌2020年市占率下滑0.9% 前三强格局未变,数说 | 自主品牌2020年市占率下滑0.9% 前三强格局未变
2021-01-20,比亚迪以每股222-228港元配售股票 寻求通过配股筹资至多36亿美元,比亚迪以每股222-228港元配售股票 寻求通过配股筹资至多36亿美元
2021-01-20,比亚迪(1211.HK)拟配股筹资至多36亿美元,比亚迪(1211.HK)拟配股筹资至多36亿美元
2021-01-20,春节返乡核酸检测成“刚需” 风电光伏新增装机规模超预期丨明日主题前瞻,春节返乡核酸检测成“刚需” 风电光伏新增装机规模超预期丨明日主题前瞻
2021-01-20,已完成IPO辅导备案 比亚迪半导体距离上市再进一步,已完成IPO辅导备案 比亚迪半导体距离上市再进一步
2021-01-20,千亿市值白马股重回升势！5张图看清其内部分化,千亿市值白马股重回升势！5张图看清其内部分化
2021-01-20,传百度拟春节后在港提交上市申请比亚迪以每股222-228港元的价格配售股票|晚报,传百度拟春节后在港提交上市申请比亚迪以每股222-228港元的价格配售股票|晚报
2021-01-20,中伟股份动作频频，持续加码前驱体开发及电池材料利用,中伟股份动作频频，持续加码前驱体开发及电池材料利用
2021-01-20,最强测速工具上手体验！中国特供无广告,最强测速工具上手体验！中国特供无广告
2021-01-20,去年市占率下滑0.9% 自主品牌前三强格局未变,去年市占率下滑0.9% 自主品牌前三强格局未变
2021-01-20,新能源车交亮眼答卷 去年销量增速超10% 产业链上下集体“狂欢”，今年能否继续狂飙突进？,新能源车交亮眼答卷 去年销量增速超10% 产业链上下集体“狂欢”，今年能否继续狂飙突进？
2021-01-20,有行业消息称，比亚迪和华为已经开始合作开发麒麟芯片，很快就会有新的突破,有行业消息称，比亚迪和华为已经开始合作开发麒麟芯片，很快就会有新的突破
2021-01-20,深度*行业*汽车行业月报：12月汽车销量平稳增长 新能源销量再创新高,深度*行业*汽车行业月报：12月汽车销量平稳增长 新能源销量再创新高
2021-01-20,超九成机构抱团股业绩预增市场表现强势4股热,超九成机构抱团股业绩预增市场表现强势4股热
2021-01-20,蔚来急于拿出PPT固态电池，或因对手压力,蔚来急于拿出PPT固态电池，或因对手压力
2021-01-20,上市公司掀“A拆A”小高潮，生物医药等新兴行业公司成“高发地”,上市公司掀“A拆A”小高潮，生物医药等新兴行业公司成“高发地”
2021-01-20,超九成机构抱团股业绩预增，1月以来市场表现强势,超九成机构抱团股业绩预增，1月以来市场表现强势
2021-01-20,汽车电子行业系列报告之功率篇：成长行业“优质赛道” 国内龙头旭日东升,汽车电子行业系列报告之功率篇：成长行业“优质赛道” 国内龙头旭日东升
2021-01-20,【银河电新周然/赵腾辉】行业点评丨磷酸铁锂表现亮眼，龙头扩产抢占市场,【银河电新周然/赵腾辉】行业点评丨磷酸铁锂表现亮眼，龙头扩产抢占市场
2021-01-20,超九成机构抱团股业绩预增 1月以来市场表现强势,超九成机构抱团股业绩预增 1月以来市场表现强势
2021-01-20,谁掀开了电动车的遮羞布,谁掀开了电动车的遮羞布
2021-01-20,A股融资融券日报：两融余额增加19.96亿元（1月19日）,A股融资融券日报：两融余额增加19.96亿元（1月19日）
2021-01-20,A股早报2021年1月20日星期三,A股早报2021年1月20日星期三
2021-01-20,全年业绩高增长股提前看，229股净利润增幅翻倍,全年业绩高增长股提前看，229股净利润增幅翻倍
2021-01-20,德赛西威(002920)2020年业绩预告点评：20年业绩预增71.15％-77.99％ 智能网联龙头发展向好,德赛西威(002920)2020年业绩预告点评：20年业绩预增71.15％-77.99％ 智能网联龙头发展向好
2021-01-20,比亚迪：股价起飞的若干标志性事件,比亚迪：股价起飞的若干标志性事件
2021-01-20,新宙邦(300037)2020年业绩快报点评：业绩符合预期 业务持续布局,新宙邦(300037)2020年业绩快报点评：业绩符合预期 业务持续布局
2021-01-20,机械设备行业：看好产业升级长期逻辑 审慎观测边际变量,机械设备行业：看好产业升级长期逻辑 审慎观测边际变量
2021-01-20,德方纳米(300769)：携手宁德时代新建产能 股权激励绑定员工利益,德方纳米(300769)：携手宁德时代新建产能 股权激励绑定员工利益
2021-01-20,电气设备行业：国内新能源车完美收官 全年销量同比增长10%,电气设备行业：国内新能源车完美收官 全年销量同比增长10%
2021-01-20,固态电池，陡然生变,固态电池，陡然生变
2021-01-20,私募悄然调仓，这些板块成新掘金方向,私募悄然调仓，这些板块成新掘金方向
2021-01-20,【机构评论】2021年新能源汽车产业链投资策略：溢出与涌现,【机构评论】2021年新能源汽车产业链投资策略：溢出与涌现
2021-01-20,品牌、技术、产品焕新 比亚迪“向新而行”,品牌、技术、产品焕新 比亚迪“向新而行”
2021-01-21,汽车行业：21年数据点评系列之一 12月乘用车终端销量同环比表现均亮眼,汽车行业：21年数据点评系列之一 12月乘用车终端销量同环比表现均亮眼
2021-01-21,比亚迪AH股齐拉升拟进行香港史上最大的非金融企业新股配售,比亚迪AH股齐拉升拟进行香港史上最大的非金融企业新股配售
2021-01-21,比亚迪：配售1.33亿股新H股，筹资299.25亿港元,比亚迪：配售1.33亿股新H股，筹资299.25亿港元
2021-01-21,央妈又放大招！A股冲上3600，港股冲击3万点,央妈又放大招！A股冲上3600，港股冲击3万点
2021-01-21,比亚迪涨3%报251.8港元 完成超299亿港元定增,比亚迪涨3%报251.8港元 完成超299亿港元定增
2021-01-21,这家IGBT半导体公司拟上市，已接受IPO辅导,这家IGBT半导体公司拟上市，已接受IPO辅导
2021-01-21,【行情】汽车板块午后持续拉升，曙光股份涨停，比亚迪大涨7%，长城汽车、小康股份、广汽集团跟涨,【行情】汽车板块午后持续拉升，曙光股份涨停，比亚迪大涨7%，长城汽车、小康股份、广汽集团跟涨
2021-01-21,一位比亚迪电动车主自述：续航惊心动魄、轮胎险致命,一位比亚迪电动车主自述：续航惊心动魄、轮胎险致命
2021-01-21,北向资金今日净买入56.78亿元 抢筹中国平安、抛售比亚迪,北向资金今日净买入56.78亿元 抢筹中国平安、抛售比亚迪
2021-01-21,比亚迪拟配售1.33亿股H股股份，融资300亿港元！,比亚迪拟配售1.33亿股H股股份，融资300亿港元！
2021-01-21,比亚迪拟配股融资近300亿港元 蚌埠20Gwh刀片电池项目已开工,比亚迪拟配股融资近300亿港元 蚌埠20Gwh刀片电池项目已开工
2021-01-21,北向资金今日净买入56.78亿元，中国平安、通威股份、TCL科技净买入额位列前三,北向资金今日净买入56.78亿元，中国平安、通威股份、TCL科技净买入额位列前三
2021-01-21,比亚迪公开多条口罩相关专利,比亚迪公开多条口罩相关专利
2021-01-21,比亚迪完成299亿港元定增，此前曾获三星电子等投资,比亚迪完成299亿港元定增，此前曾获三星电子等投资
2021-01-21,10年亚洲汽车行业最大型融资比亚迪(01211-HK)获200机构客撑场,10年亚洲汽车行业最大型融资比亚迪(01211-HK)获200机构客撑场
2021-01-21,逾10家千亿市值公司试水 “A拆A”或影响企业股权和产业布局规划,逾10家千亿市值公司试水 “A拆A”或影响企业股权和产业布局规划
2021-01-21,比亚迪：增发H股股份，有望释放电池板块估值,比亚迪：增发H股股份，有望释放电池板块估值
2021-01-21,一位比亚迪电动车主自述：零下19度，为了不趴窝空调也得关掉,一位比亚迪电动车主自述：零下19度，为了不趴窝空调也得关掉
2021-01-21,MPV市场消费升级促格局生变 小众市场破局在于深耕,MPV市场消费升级促格局生变 小众市场破局在于深耕
2021-01-21,【1.21锂电快讯】比亚迪300亿港元配售*印度正寻求让特斯拉在当地建厂,【1.21锂电快讯】比亚迪300亿港元配售*印度正寻求让特斯拉在当地建厂
2021-01-21,一文读懂波澜壮阔的汽车芯片产业,一文读懂波澜壮阔的汽车芯片产业
2021-01-21,汽车芯片“卡脖子” MCU成香饽饽,汽车芯片“卡脖子” MCU成香饽饽
2021-01-21,比亚迪半导体上市再获进展，估值已超100亿，红杉、小米都是股东,比亚迪半导体上市再获进展，估值已超100亿，红杉、小米都是股东
2021-01-21,比亚迪半导体传已接受中金IPO辅导,比亚迪半导体传已接受中金IPO辅导
2021-01-21,低价入局电动车市场，一汽-大众“掐架”新势力车企,低价入局电动车市场，一汽-大众“掐架”新势力车企
2021-01-21,比亚迪拟配股融资299亿港元,比亚迪拟配股融资299亿港元
2021-01-21,动力电池产业链全线“爆单”，原材料价格疯涨,动力电池产业链全线“爆单”，原材料价格疯涨
2021-01-21,买爆核心资产！南水抱团这些个股,买爆核心资产！南水抱团这些个股
2021-01-21,刘格菘、萧楠、刘彦春等投资大佬最新持仓曝光,刘格菘、萧楠、刘彦春等投资大佬最新持仓曝光
2021-01-21,南下|华创港股研究合辑,南下|华创港股研究合辑
2021-01-21,比亚迪配股融资299亿港元，配售1.33亿股H股股份每股225港元,比亚迪配股融资299亿港元，配售1.33亿股H股股份每股225港元
2021-01-21,比亚迪拟配售1.33亿股H股股份，融资299亿港元,比亚迪拟配售1.33亿股H股股份，融资299亿港元
2021-01-21,比亚迪(002594.SZ)拟折让7.8%配售1.33亿股H股净筹298.01亿港元,比亚迪(002594.SZ)拟折让7.8%配售1.33亿股H股净筹298.01亿港元
2021-01-21,全年业绩高增长股提前看，243股净利润增幅翻倍,全年业绩高增长股提前看，243股净利润增幅翻倍
2021-01-21,A股融资融券日报：两融余额增加72.63亿元（1月20日）,A股融资融券日报：两融余额增加72.63亿元（1月20日）
2021-01-21,李黔：比亚迪完成闪电配售 巩固行业领导地位,李黔：比亚迪完成闪电配售 巩固行业领导地位
2021-01-21,比亚迪半导体上市加速 恰逢全球汽车芯片短缺大爆发,比亚迪半导体上市加速 恰逢全球汽车芯片短缺大爆发
2021-01-21,6000亿龙头大动作！比亚迪半导体上市再获进展,6000亿龙头大动作！比亚迪半导体上市再获进展
2021-01-21,汽车与零配件行业：2021年CES展电动智能化持续升温,汽车与零配件行业：2021年CES展电动智能化持续升温
2021-01-21,汽车行业2020年12月&全年汽车销量总结：乘用车持续复苏 重卡持续超预期,汽车行业2020年12月&全年汽车销量总结：乘用车持续复苏 重卡持续超预期
2021-01-22,每日大行评级 | 花旗看好比亚迪再涨40%！德银建议买入小鹏,每日大行评级 | 花旗看好比亚迪再涨40%！德银建议买入小鹏
2021-01-22,“IGBT”半导体成比亚迪王牌 公司回应：已运用在各产品线未来将外供丨公司问答,“IGBT”半导体成比亚迪王牌 公司回应：已运用在各产品线未来将外供丨公司问答
2021-01-22,荣耀独立后“首秀”宣布：几乎所有供应链全部恢复！脱离华为，如何再“荣耀”？,荣耀独立后“首秀”宣布：几乎所有供应链全部恢复！脱离华为，如何再“荣耀”？
2021-01-22,汽车行业月度报告：新能源车续航步入1000公里时代，维持“领先大市”评级,汽车行业月度报告：新能源车续航步入1000公里时代，维持“领先大市”评级
2021-01-22,汽车行业深度报告：混动赛道宽且长、自主龙头蓄势待发,汽车行业深度报告：混动赛道宽且长、自主龙头蓄势待发
2021-01-22,精测电子(300567)：从面板到半导体 开启新一轮五年成长,精测电子(300567)：从面板到半导体 开启新一轮五年成长
2021-01-22,花旗：维持比亚迪股份(01211)“买入”评级 目标价上调2.9%至349港元,花旗：维持比亚迪股份(01211)“买入”评级 目标价上调2.9%至349港元
2021-01-22,【浙商汽车】专题报告：供给改善，坚定看好新能源,【浙商汽车】专题报告：供给改善，坚定看好新能源
2021-01-22,就华为与比亚迪合作开发麒麟芯片一事，有比亚迪相关人士回应称，“该消息不属实”,就华为与比亚迪合作开发麒麟芯片一事，有比亚迪相关人士回应称，“该消息不属实”
2021-01-22,比亚迪：计划于2月25日提前赎回2亿元“16比亚迪MTN001”,比亚迪：计划于2月25日提前赎回2亿元“16比亚迪MTN001”
2021-01-22,针对比亚迪与华为车载芯片合作的消息，海思公关负责人回应称，不太清楚,针对比亚迪与华为车载芯片合作的消息，海思公关负责人回应称，不太清楚
2021-01-22,比亚迪半导体上市：比亚迪账面浮盈超70亿 红杉、中金成赢家,比亚迪半导体上市：比亚迪账面浮盈超70亿 红杉、中金成赢家
2021-01-22,汽车产业趋势报告之“硬件角度”：汽车半导体产值空间剧增,汽车产业趋势报告之“硬件角度”：汽车半导体产值空间剧增
2021-01-22,【SMM分析】2020Q4乘用车装机量分析：12月铁锂电池装机量占比达3成 头部电池企业增加铁锂需求,【SMM分析】2020Q4乘用车装机量分析：12月铁锂电池装机量占比达3成 头部电池企业增加铁锂需求
2021-01-22,锂供不应求？野村：最近最少有5％的上调空间,锂供不应求？野村：最近最少有5％的上调空间
2021-01-22,北水动向(1.22)|北水净流入93.67亿 终结连续14个交易日净流入超百亿纪录,北水动向(1.22)|北水净流入93.67亿 终结连续14个交易日净流入超百亿纪录
2021-01-22,比亚迪相关人士：华为与比亚迪合作开发麒麟芯片“不属实”,比亚迪相关人士：华为与比亚迪合作开发麒麟芯片“不属实”
2021-01-22,爱鸿森(AIHS.US)宣布再订购500辆比亚迪电动汽车，股价盘前跌超5%,爱鸿森(AIHS.US)宣布再订购500辆比亚迪电动汽车，股价盘前跌超5%
2021-01-22,动力电池，激战将至,动力电池，激战将至
2021-01-22,有色金属行业新锂程系列报告1：磷酸铁锂需求强劲 碳酸锂价格将保持强势,有色金属行业新锂程系列报告1：磷酸铁锂需求强劲 碳酸锂价格将保持强势
2021-01-22,比亚迪(002594.SZ)：持股5%以上的吕向阳解押900万股,比亚迪(002594.SZ)：持股5%以上的吕向阳解押900万股
2021-01-22,比亚迪(002594)配售H股公告点评：300亿港元融资 新能源车龙头满电前行,比亚迪(002594)配售H股公告点评：300亿港元融资 新能源车龙头满电前行
2021-01-22,比亚迪配售新H股融资近300亿港元；庞大集团提示被终止上市风险 风险警示,比亚迪配售新H股融资近300亿港元；庞大集团提示被终止上市风险 风险警示
2021-01-22,大和：重申比亚迪股份(01211)“买入”评级 目标价上调16%至290港元,大和：重申比亚迪股份(01211)“买入”评级 目标价上调16%至290港元
2021-01-22,比亚迪中标智利电动出租车置换项目,比亚迪中标智利电动出租车置换项目
2021-01-22,大行评级|花旗：上调比亚迪(1211.HK)目标价至349港元评级“买入”,大行评级|花旗：上调比亚迪(1211.HK)目标价至349港元评级“买入”
2021-01-22,超200家机构争抢！比亚迪完成300亿港元闪电配售,超200家机构争抢！比亚迪完成300亿港元闪电配售
2021-01-22,百元股数量创历史新高，67股获北上资金增持,百元股数量创历史新高，67股获北上资金增持
2021-01-22,EV晨报 | 曝起亚将生产苹果汽车；Stellantis集团或牵手富士康；上汽大众ID.4 X开启预售,EV晨报 | 曝起亚将生产苹果汽车；Stellantis集团或牵手富士康；上汽大众ID.4 X开启预售
2021-01-22,送别2020！“拼”字当头盘点 汽车产业社会责任篇,送别2020！“拼”字当头盘点 汽车产业社会责任篇
2021-01-22,陆家嘴财经早餐2021年1月22日星期五,陆家嘴财经早餐2021年1月22日星期五
2021-01-22,这届新能源汽车富豪，一场泡沫？,这届新能源汽车富豪，一场泡沫？
2021-01-22,从“蛰伏”到“惊蛰” 磷酸铁锂加速逆袭,从“蛰伏”到“惊蛰” 磷酸铁锂加速逆袭
2021-01-22,港股盘前必读：比亚迪拟配售1.33亿股H股预计融资300亿港元,港股盘前必读：比亚迪拟配售1.33亿股H股预计融资300亿港元
2021-01-22,汽车整车行业专题报告：新能源销量高增长 看好电动智能化,汽车整车行业专题报告：新能源销量高增长 看好电动智能化
2021-01-22,北向资金连续12日净买额逾500亿 继续加仓银行股,北向资金连续12日净买额逾500亿 继续加仓银行股
2021-01-22,比亚迪股份有限公司关于根据一般授权配售新H股的公告,比亚迪股份有限公司关于根据一般授权配售新H股的公告
2021-01-22,1030家公司预告全年业绩 473家预增,1030家公司预告全年业绩 473家预增
2021-01-22,A股融资融券日报：两融余额增加110.85亿元（1月21日）,A股融资融券日报：两融余额增加110.85亿元（1月21日）
2021-01-22,大和指比亚迪(01211-HK)配股降净融资成本升目标价至290港元,大和指比亚迪(01211-HK)配股降净融资成本升目标价至290港元
2021-01-22,大和料比亚迪(01211-HK)半导体业务成功上市或利好股价目标价升至290港元,大和料比亚迪(01211-HK)半导体业务成功上市或利好股价目标价升至290港元
2021-01-22,比亚迪募资1.33亿加码新能源汽车,比亚迪募资1.33亿加码新能源汽车
2021-01-22,2020储能产业盘点：储能迈入“规模化发展”新阶段,2020储能产业盘点：储能迈入“规模化发展”新阶段
2021-01-22,【方正电新丨公司深度】中科电气：产业链全面布局，客户开拓加速，打造新一线负极公司,【方正电新丨公司深度】中科电气：产业链全面布局，客户开拓加速，打造新一线负极公司
2021-01-22,荣耀CEO赵明表示，荣耀与比亚迪等ODM生产厂商建立了合作关系,荣耀CEO赵明表示，荣耀与比亚迪等ODM生产厂商建立了合作关系
2021-01-22,赵明：比亚迪确为荣耀代工,赵明：比亚迪确为荣耀代工
2021-01-22,造车新势力：一场“势”“利”的冒险,造车新势力：一场“势”“利”的冒险
2021-01-22,大行评级|大和：重申比亚迪(1211.HK)买入评级目标价上调至290港元,大行评级|大和：重申比亚迪(1211.HK)买入评级目标价上调至290港元
2021-01-22,龙头股比亚迪改名比亚帝？董秘回复：将综合考虑,龙头股比亚迪改名比亚帝？董秘回复：将综合考虑
2021-01-22,新能源汽车股拉升，小康股份涨停,新能源汽车股拉升，小康股份涨停
2021-01-23,北向资金最新动向曝光：连续三周甩卖白酒股，加仓金融股（附名单）,北向资金最新动向曝光：连续三周甩卖白酒股，加仓金融股（附名单）
2021-01-23,汽车“财”之道·要闻汇总【1月23日】,汽车“财”之道·要闻汇总【1月23日】
2021-01-23,2021，投资高价值的优质股权,2021，投资高价值的优质股权
2021-01-24,【华创汽车】比亚迪：超级混动问世，销量航母下水,【华创汽车】比亚迪：超级混动问世，销量航母下水
2021-01-24,智能汽车行业深度报告：华为入局智能汽车，产业价值链面临重构,智能汽车行业深度报告：华为入局智能汽车，产业价值链面临重构
2021-01-24,周末要闻2021年1月24日星期日,周末要闻2021年1月24日星期日
2021-01-24,北上资金重点加仓名单出炉！12股新纳入沪深股通标的,北上资金重点加仓名单出炉！12股新纳入沪深股通标的
2021-01-24,超越锂电池的新能源“高维战场”燃料电池风起2021,超越锂电池的新能源“高维战场”燃料电池风起2021
2021-01-24,北向资金新动向曝光：连续三周卖白酒买金融（附表）,北向资金新动向曝光：连续三周卖白酒买金融（附表）
2021-01-24,2020Q4主动型基金重仓持股分析：资金南下 食品饮料和顺周期仓位上升,2020Q4主动型基金重仓持股分析：资金南下 食品饮料和顺周期仓位上升
2021-01-24,英恒科技2天涨75%，是妖股还是牛股？,英恒科技2天涨75%，是妖股还是牛股？
2021-01-25,碳中和红利能否催生新能源汽车产业的“黄金时代”？,碳中和红利能否催生新能源汽车产业的“黄金时代”？
2021-01-25,汽车股继续走强，长城汽车涨逾9%，比亚迪涨逾7%,汽车股继续走强，长城汽车涨逾9%，比亚迪涨逾7%
2021-01-25,恒大汽车涨58%市值飙升1500亿 仅次于比亚迪位列行业第二,恒大汽车涨58%市值飙升1500亿 仅次于比亚迪位列行业第二
2021-01-25,海康威视、迈瑞医疗、顺丰、隆基、药明康德、比亚迪等明星股均创新高,海康威视、迈瑞医疗、顺丰、隆基、药明康德、比亚迪等明星股均创新高
2021-01-25,国内电池级碳酸锂价格持续上涨，相关概念股掀涨停潮,国内电池级碳酸锂价格持续上涨，相关概念股掀涨停潮
2021-01-25,比亚迪：9天预订超特斯拉一年销量，汽车芯片自产并可外销,比亚迪：9天预订超特斯拉一年销量，汽车芯片自产并可外销
2021-01-25,2020年我国动力电池相关企业注册量同比增长66.1% 广东动力电池相关企业最多的省份,2020年我国动力电池相关企业注册量同比增长66.1% 广东动力电池相关企业最多的省份
2021-01-25,恒大汽车获香港富商入股股价涨超60%，总市值超4200亿港元仅次于比亚迪、蔚来,恒大汽车获香港富商入股股价涨超60%，总市值超4200亿港元仅次于比亚迪、蔚来
2021-01-25,TOP30基金经理最新调仓：张坤看上这些股 三一、海康成新进热门股,TOP30基金经理最新调仓：张坤看上这些股 三一、海康成新进热门股
2021-01-25,未来十年内新能源汽车将与燃油车长期并存 “资本热”背后多问题待解,未来十年内新能源汽车将与燃油车长期并存 “资本热”背后多问题待解
2021-01-25,汽车无芯，大面积停产，汽车行业如何应对？,汽车无芯，大面积停产，汽车行业如何应对？
2021-01-25,员工入职仅3天盗窃2.6万机密文件：特斯拉怒告之 其他违规处罚,员工入职仅3天盗窃2.6万机密文件：特斯拉怒告之 其他违规处罚
2021-01-25,2021年电新行业周报1月第4期：光伏、风电装机量超预期 能源革命加速推进,2021年电新行业周报1月第4期：光伏、风电装机量超预期 能源革命加速推进
2021-01-25,21深度｜争议石墨烯,21深度｜争议石墨烯
2021-01-25,比亚迪(002594.SZ)：拟开展的外汇衍生品交易业务额度为40亿美元或其他等值外币,比亚迪(002594.SZ)：拟开展的外汇衍生品交易业务额度为40亿美元或其他等值外币
2021-01-25,新能源车争议石墨烯 是炒作还是未来？,新能源车争议石墨烯 是炒作还是未来？
2021-01-25,A股收盘：贵州茅台、比亚迪创历史新高 中国成为去年全球最大外资流入国,A股收盘：贵州茅台、比亚迪创历史新高 中国成为去年全球最大外资流入国
2021-01-25,科大讯飞：蔚来等新能源汽车厂商均使用了科大讯飞智能语音技,科大讯飞：蔚来等新能源汽车厂商均使用了科大讯飞智能语音技
2021-01-25,汽车行业周报：MEB低价来袭 供给持续改善,汽车行业周报：MEB低价来袭 供给持续改善
2021-01-25,六千亿市值的比亚迪高光时刻或许刚刚开始,六千亿市值的比亚迪高光时刻或许刚刚开始
2021-01-25,锂电池概念走势活跃，英飞特涨逾15%，比亚迪再创新高,锂电池概念走势活跃，英飞特涨逾15%，比亚迪再创新高
2021-01-25,动力电池回收或是一个蓝海市场,动力电池回收或是一个蓝海市场
2021-01-25,动点汽车：恒大换帅并加持股票、索尼电动车、比亚迪纯电动客车,动点汽车：恒大换帅并加持股票、索尼电动车、比亚迪纯电动客车
2021-01-25,中山证券首席经济学家李湛：智能电动汽车有望重构车企盈利模式,中山证券首席经济学家李湛：智能电动汽车有望重构车企盈利模式
2021-01-25,中泰证券：海外电动需求爆发，大中客出口迎来机遇,中泰证券：海外电动需求爆发，大中客出口迎来机遇
2021-01-25,港股盘前必读：符合资格的科创板股票将于2月1日起纳入沪深港通股票范围,港股盘前必读：符合资格的科创板股票将于2月1日起纳入沪深港通股票范围
2021-01-25,安信证券：电新板块欣欣向荣青眼有加龙头,安信证券：电新板块欣欣向荣青眼有加龙头
2021-01-25,四大关键词回首2020智能电动汽车行业发展,四大关键词回首2020智能电动汽车行业发展
2021-01-25,科大讯飞：多家新能源汽车厂商均使用公司智能语音技术,科大讯飞：多家新能源汽车厂商均使用公司智能语音技术
2021-01-25,企业订单火爆价格持续上涨，磷酸铁锂电池成“香饽饽”,企业订单火爆价格持续上涨，磷酸铁锂电池成“香饽饽”
2021-01-25,A股融资融券日报：两融余额减少11.18亿元（1月22日）,A股融资融券日报：两融余额减少11.18亿元（1月22日）
2021-01-25,比亚迪回应芯片危机：不仅够自用还能外供,比亚迪回应芯片危机：不仅够自用还能外供
2021-01-25,王传福的忧虑:比亚迪汽车销量连续两年下滑 与特斯拉竞争处于弱势 盈利能力下降,王传福的忧虑:比亚迪汽车销量连续两年下滑 与特斯拉竞争处于弱势 盈利能力下降
2021-01-25,北向资金一周动向盘点：连续买入金融股,北向资金一周动向盘点：连续买入金融股
2021-01-25,蔚来固态电池迷雾：续航超1000公里，大招还是科幻？,蔚来固态电池迷雾：续航超1000公里，大招还是科幻？
2021-01-25,新能源汽车产业链走强，比亚迪涨逾4%再创新高,新能源汽车产业链走强，比亚迪涨逾4%再创新高
2021-01-25,比亚迪蚌埠新能源动力电池生产基地正式开工,比亚迪蚌埠新能源动力电池生产基地正式开工
2021-01-25,电力设备新能源行业周观察：硅料价格持续上涨 关注大众MEB供应链,电力设备新能源行业周观察：硅料价格持续上涨 关注大众MEB供应链
2021-01-25,汽车行业周报：疫情影响有限 全面看多,汽车行业周报：疫情影响有限 全面看多
2021-01-26,比亚迪：高管李柯拟减持不超100万股A股 拟减持股份,比亚迪：高管李柯拟减持不超100万股A股 拟减持股份
2021-01-26,广和通(300638)：业绩符合预期 看好长期发展,广和通(300638)：业绩符合预期 看好长期发展
2021-01-26,“续航1000km”背后的真真假假，究竟谁才是受益者,“续航1000km”背后的真真假假，究竟谁才是受益者
2021-01-26,融资客平仓预警突然增多？券商这么说,融资客平仓预警突然增多？券商这么说
2021-01-26,一线|预售15天 比亚迪混动车型秦PLUS 预订量或已破万,一线|预售15天 比亚迪混动车型秦PLUS 预订量或已破万
2021-01-26,银行理财还是“保守型投资”？看其如何投资股市,银行理财还是“保守型投资”？看其如何投资股市
2021-01-26,长城汽车2020年营收超千亿，总负债飙升380亿,长城汽车2020年营收超千亿，总负债飙升380亿
2021-01-26,比亚迪高管李柯拟减持0.04%股份 称对公司前景充满信心 拟减持股份,比亚迪高管李柯拟减持0.04%股份 称对公司前景充满信心 拟减持股份
2021-01-26,机构调研丨比亚迪一日之内获机构5次调研，“刀片电池”成重点,机构调研丨比亚迪一日之内获机构5次调研，“刀片电池”成重点
2021-01-26,比亚迪市值攀升近7000亿 公司女高管李柯公告将减持100万股套现约2.5亿 减持股份,比亚迪市值攀升近7000亿 公司女高管李柯公告将减持100万股套现约2.5亿 减持股份
2021-01-26,比亚迪(002594.SZ)：高管李柯拟减持不超100万股A股 拟减持股份,比亚迪(002594.SZ)：高管李柯拟减持不超100万股A股 拟减持股份
2021-01-26,旗舰品质情怀依旧：1999元骁龙870神机动手玩,旗舰品质情怀依旧：1999元骁龙870神机动手玩
2021-01-26,比亚迪：高级管理人员李柯拟减持不超过总股本0.04% 拟减持股份,比亚迪：高级管理人员李柯拟减持不超过总股本0.04% 拟减持股份
2021-01-26,从公募基金的持仓动态来思考我们的投资方向,从公募基金的持仓动态来思考我们的投资方向
2021-01-26,北向资金今日净卖出35.41亿元，白酒股遭大幅抛售,北向资金今日净卖出35.41亿元，白酒股遭大幅抛售
2021-01-26,A股缩量调整，再次失守3600点，市场担心什么？,A股缩量调整，再次失守3600点，市场担心什么？
2021-01-26,深评：风口来了 电池储能市场将超千亿,深评：风口来了 电池储能市场将超千亿
2021-01-26,新能源汽车行业周报：南北大众ID.4均开启预售 MEB产业链将受益,新能源汽车行业周报：南北大众ID.4均开启预售 MEB产业链将受益
2021-01-26,"券商两融平仓预警突然暴增，""牛市""竟催生爆仓风险？","券商两融平仓预警突然暴增，""牛市""竟催生爆仓风险？"
2021-01-26,A股融资融券日报：两融余额增加71.43亿元（1月25日）,A股融资融券日报：两融余额增加71.43亿元（1月25日）
2021-01-26,汽车“财”之道·要闻汇总【1月26日】,汽车“财”之道·要闻汇总【1月26日】
2021-01-26,谁中流砥柱？ 新能源市场价格趋势分析,谁中流砥柱？ 新能源市场价格趋势分析
2021-01-26,比亚迪公告：拟开展不超40亿美元的外汇衍生品交易业务,比亚迪公告：拟开展不超40亿美元的外汇衍生品交易业务
2021-01-26,曝比亚迪将以370亿估值收购阿斯顿·马丁,曝比亚迪将以370亿估值收购阿斯顿·马丁
2021-01-26,比亚迪跌了，上车机会来了？,比亚迪跌了，上车机会来了？
2021-01-26,因「断芯」索赔上亿欧元丨汽车芯片短缺，受影响的不止大众一家 诉讼纠纷,因「断芯」索赔上亿欧元丨汽车芯片短缺，受影响的不止大众一家 诉讼纠纷
2021-01-26,传比亚迪将收购阿斯顿·马丁， 比亚迪：不予置评,传比亚迪将收购阿斯顿·马丁， 比亚迪：不予置评
2021-01-26,汽车周报：春节返乡防控升级 利好出口产业链 优质供给下的新能源预期仍然高景气,汽车周报：春节返乡防控升级 利好出口产业链 优质供给下的新能源预期仍然高景气
2021-01-26,比亚迪关联公司公开“具有寻车功能的穿戴式设备”专利,比亚迪关联公司公开“具有寻车功能的穿戴式设备”专利
2021-01-27,宝马官宣暴降7万“割韭菜”老车主狂喜！特斯拉看完后退群,宝马官宣暴降7万“割韭菜”老车主狂喜！特斯拉看完后退群
2021-01-27,安全配置大增！新五菱宏光MINIEV曝光：续航完美了,安全配置大增！新五菱宏光MINIEV曝光：续航完美了
2021-01-27,比亚迪副总裁将减持套现2.6亿 她曾是王传福妻子？ 减持股份,比亚迪副总裁将减持套现2.6亿 她曾是王传福妻子？ 减持股份
2021-01-27,北向资金 | 合计净流出12.55亿元，隆基股份、五粮液、宁德时代、比亚迪净卖出居前,北向资金 | 合计净流出12.55亿元，隆基股份、五粮液、宁德时代、比亚迪净卖出居前
2021-01-27,北向资金今日净卖出12.55亿元，白酒、新能源汽车、光伏股集体遭抛售,北向资金今日净卖出12.55亿元，白酒、新能源汽车、光伏股集体遭抛售
2021-01-27,收评：港股恒指跌0.32% SASS概念重挫中海油中移动大涨,收评：港股恒指跌0.32% SASS概念重挫中海油中移动大涨
2021-01-27,金融街下午茶2021年1月27日星期三,金融街下午茶2021年1月27日星期三
2021-01-27,真实还原《切尔诺贝利》游戏来了：支持中文、剧情更刺激,真实还原《切尔诺贝利》游戏来了：支持中文、剧情更刺激
2021-01-27,日本那个做飞机杯的Tenga：要发射火箭了,日本那个做飞机杯的Tenga：要发射火箭了
2021-01-27,比亚迪2022年推新能源高端品牌，首款量产车定名“海豚”,比亚迪2022年推新能源高端品牌，首款量产车定名“海豚”
2021-01-27,不用花1088元：Win10仍能免费升级,不用花1088元：Win10仍能免费升级
2021-01-27,【SMM分析】2020年中国动力电池装机数据解析：外资车企继续冲击中国市场，铁锂电池需求量或增长90%,【SMM分析】2020年中国动力电池装机数据解析：外资车企继续冲击中国市场，铁锂电池需求量或增长90%
2021-01-27,2300亿！特斯拉将比亚迪揽入怀中最新回应来了,2300亿！特斯拉将比亚迪揽入怀中最新回应来了
2021-01-27,股价一年暴涨4倍，比亚迪“最牛女打工人”欲套现2.5亿 公司股价过山车背后有哪些问题？ 减持股份,股价一年暴涨4倍，比亚迪“最牛女打工人”欲套现2.5亿 公司股价过山车背后有哪些问题？ 减持股份
2021-01-27,任天堂SuperSwitch首度曝光：首次支持4K输出,任天堂SuperSwitch首度曝光：首次支持4K输出
2021-01-27,小米11Pro配置曝光：主摄变了、回血更给力,小米11Pro配置曝光：主摄变了、回血更给力
2021-01-27,武汉曾有人检测18次均阳性：原来如此！,武汉曾有人检测18次均阳性：原来如此！
2021-01-27,比亚迪将推出新能源高端品牌？知情人士：暂时未对外公布,比亚迪将推出新能源高端品牌？知情人士：暂时未对外公布
2021-01-27,斥资2300亿元！媒体曝特斯拉欲买入比亚迪20%股份,斥资2300亿元！媒体曝特斯拉欲买入比亚迪20%股份
2021-01-27,未来1-2年将推高端品牌“海豚”？ 比亚迪官方回复“不予置评”,未来1-2年将推高端品牌“海豚”？ 比亚迪官方回复“不予置评”
2021-01-27,推出高端品牌“海豚”？比亚迪回复不予置评,推出高端品牌“海豚”？比亚迪回复不予置评
2021-01-27,外媒报道称特斯拉将收购比亚迪20%股份 比亚迪回应：假消息,外媒报道称特斯拉将收购比亚迪20%股份 比亚迪回应：假消息
2021-01-27,第一财经汽车日评【1月27日】,第一财经汽车日评【1月27日】
2021-01-27,抱团分歧加大令白酒股又“洒一地”，热门板块分化或愈演愈烈,抱团分歧加大令白酒股又“洒一地”，热门板块分化或愈演愈烈
2021-01-27,传特斯拉斥资2300亿元收购比亚迪20%股份？最新回应来了,传特斯拉斥资2300亿元收购比亚迪20%股份？最新回应来了
2021-01-27,比亚迪尾盘翻红，早盘一度跌超7%,比亚迪尾盘翻红，早盘一度跌超7%
2021-01-27,发大招比亚迪一次公开283项专利：固态电池瞩目,发大招比亚迪一次公开283项专利：固态电池瞩目
2021-01-27,传比亚迪将于2022年推出独立的新能源高端品牌,传比亚迪将于2022年推出独立的新能源高端品牌
2021-01-27,比亚迪女高管减持套现2.5亿元，今日开盘股价下跌超5% 减持股份,比亚迪女高管减持套现2.5亿元，今日开盘股价下跌超5% 减持股份
2021-01-27,最牛女打工人李柯要减持股份！比亚迪AH股价盘中双双大跳水 减持股份,最牛女打工人李柯要减持股份！比亚迪AH股价盘中双双大跳水 减持股份
2021-01-27,沪指再次失守3600点，市场担心什么？,沪指再次失守3600点，市场担心什么？
2021-01-27,Wind风控日报2021年1月27日星期三,Wind风控日报2021年1月27日星期三
2021-01-27,身价逾30亿元 比亚迪最牛女员工要减持 为什么？ 减持股份,身价逾30亿元 比亚迪最牛女员工要减持 为什么？ 减持股份
2021-01-27,早报：易纲表示不会过早放弃支持政策 券商称两融风险可控,早报：易纲表示不会过早放弃支持政策 券商称两融风险可控
2021-01-27,净买入近70亿后，北向资金开始抛售这只银行股（附名单）,净买入近70亿后，北向资金开始抛售这只银行股（附名单）
2021-01-27,果然“顶流”！张坤、蔡嵩松、董承非等旗下老基金上榜,果然“顶流”！张坤、蔡嵩松、董承非等旗下老基金上榜
2021-01-27,身价逾30亿元！比亚迪最牛女员工要减持，为什么？,身价逾30亿元！比亚迪最牛女员工要减持，为什么？
2021-01-27,A股融资融券日报：两融余额减少91.71亿元（1月26日）,A股融资融券日报：两融余额减少91.71亿元（1月26日）
2021-01-27,广汽放“卫星” | 汽车新纪元,广汽放“卫星” | 汽车新纪元
2021-01-27,快讯：港股恒指高开0.56% 阿里涨超3%腾讯美团走跌,快讯：港股恒指高开0.56% 阿里涨超3%腾讯美团走跌
2021-01-27,多只白马股放量跳水，天齐锂业、比亚迪、英科医疗、五粮液同步下挫,多只白马股放量跳水，天齐锂业、比亚迪、英科医疗、五粮液同步下挫
2021-01-27,最牛女员工要减持 比亚迪(002594.SZ)跳水跌超6% 减持股份,最牛女员工要减持 比亚迪(002594.SZ)跳水跌超6% 减持股份
2021-01-27,比亚迪遭最牛女打工人减持最多100万股 公司H股跌超5% 减持股份,比亚迪遭最牛女打工人减持最多100万股 公司H股跌超5% 减持股份
2021-01-27,比亚迪汽车谋划推出独立高端品牌，计划于2022年发布,比亚迪汽车谋划推出独立高端品牌，计划于2022年发布
2021-01-27,三十年，苹果特斯拉们是如何干掉车钥匙的？,三十年，苹果特斯拉们是如何干掉车钥匙的？
2021-01-27,比亚迪：超过200家机构投资者参与本次港股增发,比亚迪：超过200家机构投资者参与本次港股增发
2021-01-27,刚刚，60只个股涨停！指数下跌，上涨股票反而增多,刚刚，60只个股涨停！指数下跌，上涨股票反而增多
2021-01-27,一辆车还没造出来的车企，为什么股价会这么高？,一辆车还没造出来的车企，为什么股价会这么高？
2021-01-27,港股午评：恒指涨0.21% 科技走势分化B类医药股大跌,港股午评：恒指涨0.21% 科技走势分化B类医药股大跌
2021-01-27,比亚迪早盘跳水7%，最牛女打工人高位套现，什么情况？ 减持股份,比亚迪早盘跳水7%，最牛女打工人高位套现，什么情况？ 减持股份
2021-01-27,"""最牛女打工人""减持！比亚迪一度狂跌500个亿 减持股份","""最牛女打工人""减持！比亚迪一度狂跌500个亿 减持股份"
2021-01-27,市场点睛：行情有些许超速 调整一下又何妨？,市场点睛：行情有些许超速 调整一下又何妨？
2021-01-27,机构早间青睐比亚迪 买入逾26亿元,机构早间青睐比亚迪 买入逾26亿元
2021-01-27,解盘：金融撑指数，网络游戏、网红经济、影视略涨,解盘：金融撑指数，网络游戏、网红经济、影视略涨
2021-01-27,比亚迪高层减持100万股，套现2.5亿元 减持股份,比亚迪高层减持100万股，套现2.5亿元 减持股份
2021-01-27,"比亚迪：高层股东减持1,000,000股，不影响公司经营 减持股份","比亚迪：高层股东减持1,000,000股，不影响公司经营 减持股份"
2021-01-27,发生了什么？港股下跌背后系外资砸盘？四大原因揭秘,发生了什么？港股下跌背后系外资砸盘？四大原因揭秘
2021-01-28,又见30秒“天地板”！个股极端走势频发，怎么办？,又见30秒“天地板”！个股极端走势频发，怎么办？
2021-01-28,国元证券--电新行业新能源车板块周报：龙头公司加速扩产，关注锂电池产业链【行业研究】,国元证券--电新行业新能源车板块周报：龙头公司加速扩产，关注锂电池产业链【行业研究】
2021-01-28,特斯拉要入股比亚迪，比亚迪要收购阿斯顿·马丁？,特斯拉要入股比亚迪，比亚迪要收购阿斯顿·马丁？
2021-01-28,比亚迪2021年新能源销量目标为40万辆,比亚迪2021年新能源销量目标为40万辆
2021-01-28,机构调研丨近期比亚迪等接受调研,机构调研丨近期比亚迪等接受调研
2021-01-28,家庭摄像头有漏洞！央视点名：消费者要注意,家庭摄像头有漏洞！央视点名：消费者要注意
2021-01-28,销量无敌！丰田最保值SUV新款上市：增配不加价,销量无敌！丰田最保值SUV新款上市：增配不加价
2021-01-28,王传福神操作：比亚迪两次融资踩在牛尾上，这一次呢,王传福神操作：比亚迪两次融资踩在牛尾上，这一次呢
2021-01-28,iPhoneSEPlus参数曝光：6.1寸屏搭载FaceID,iPhoneSEPlus参数曝光：6.1寸屏搭载FaceID
2021-01-28,Redmi新款WiFi6路由器首销！259元会赚京豆,Redmi新款WiFi6路由器首销！259元会赚京豆
2021-01-28,大和：比亚迪纯电动车平台成潜在催化剂，续吁买入,大和：比亚迪纯电动车平台成潜在催化剂，续吁买入
2021-01-28,传比亚迪收购英国豪华汽车品牌 回复：并未听说过此事,传比亚迪收购英国豪华汽车品牌 回复：并未听说过此事
2021-01-28,大行评级|大和：维持比亚迪(1211.HK)买入评级目标价290港元,大行评级|大和：维持比亚迪(1211.HK)买入评级目标价290港元
2021-01-28,比亚迪股份：成功向不少于六名的承配人完成配售H股,比亚迪股份：成功向不少于六名的承配人完成配售H股
2021-01-28,动力电池装机量不断攀升 2021动力电池行业竞争及投资风险分析,动力电池装机量不断攀升 2021动力电池行业竞争及投资风险分析
2021-01-28,金融街下午茶2021年1月28日星期四,金融街下午茶2021年1月28日星期四
2021-01-28,北向资金净卖出额创逾3个月新高，贵州茅台连续三日遭抛售,北向资金净卖出额创逾3个月新高，贵州茅台连续三日遭抛售
2021-01-28,北向资金今日净卖出贵州茅台9.73亿、比亚迪4.33亿,北向资金今日净卖出贵州茅台9.73亿、比亚迪4.33亿
2021-01-28,比亚迪：按配售价225.0港元向不少于6名的承配人完成配售H股,比亚迪：按配售价225.0港元向不少于6名的承配人完成配售H股
2021-01-28,比亚迪(002594.SZ)：已按每股225港元配售1.33亿股新H股 净筹298.01亿港元,比亚迪(002594.SZ)：已按每股225港元配售1.33亿股新H股 净筹298.01亿港元
2021-01-28,滴滴入股爱驰汽车0.37%用意何在？投资四家车企只有比亚迪是“真爱”？,滴滴入股爱驰汽车0.37%用意何在？投资四家车企只有比亚迪是“真爱”？
2021-01-28,【今日机构评级汇总】Wedbush看好微软云软件强劲增长势头；美国银行认为游戏驿站难抵消游戏机周期结构性压力,【今日机构评级汇总】Wedbush看好微软云软件强劲增长势头；美国银行认为游戏驿站难抵消游戏机周期结构性压力
2021-01-28,多重因素作用下 储能市场的故事才刚刚开始,多重因素作用下 储能市场的故事才刚刚开始
2021-01-28,A股资金面日报：134亿主力资金撤离电子行业 北向资金连续3日净流出,A股资金面日报：134亿主力资金撤离电子行业 北向资金连续3日净流出
2021-01-28,老年代步车被严打，微型纯电动车还有哪些好选择？,老年代步车被严打，微型纯电动车还有哪些好选择？
2021-01-28,小米首发！联发科神秘新品曝光：主频高达3.2GHz,小米首发！联发科神秘新品曝光：主频高达3.2GHz
2021-01-28,港股收评：恒指大跌2.55%，半导体、新能源、科技股集体下挫 连续下跌,港股收评：恒指大跌2.55%，半导体、新能源、科技股集体下挫 连续下跌
2021-01-28,inNews：欧舒丹美国分公司申请破产 LVMH全球开店超5000家,inNews：欧舒丹美国分公司申请破产 LVMH全球开店超5000家
2021-01-28,马斯克生命中最重要的男人：跳槽了！,马斯克生命中最重要的男人：跳槽了！
2021-01-28,最新文章more>>,最新文章more>>
2021-01-28,外媒：特斯拉欲买入比亚迪20%股份，补强技术？,外媒：特斯拉欲买入比亚迪20%股份，补强技术？
2021-01-28,白酒龙头大跌 机构抱团股如何收场？ 连续下跌,白酒龙头大跌 机构抱团股如何收场？ 连续下跌
2021-01-28,比亚迪欲当混动技术颠覆者,比亚迪欲当混动技术颠覆者
2021-01-28,公募基金1月调仓动向曝光：加配银行、港股 同时建仓谨慎,公募基金1月调仓动向曝光：加配银行、港股 同时建仓谨慎
2021-01-28,指数震荡热点扩散，绩优小市值股又“香”了,指数震荡热点扩散，绩优小市值股又“香”了
2021-01-28,公募1月调仓动向曝光：加配银行和港股，新发基金建仓谨慎,公募1月调仓动向曝光：加配银行和港股，新发基金建仓谨慎
2021-01-28,大众与特斯拉“正面刚”，国轩高科赢了？,大众与特斯拉“正面刚”，国轩高科赢了？
2021-01-28,石墨烯电池遭质疑 谁是电动车未来的心脏,石墨烯电池遭质疑 谁是电动车未来的心脏
2021-01-28,每日理财观察：银保监会部署今年八大重点工作任务,每日理财观察：银保监会部署今年八大重点工作任务
2021-01-28,新能源电池又现上下游强强联手！两家均为四季度基金增仓主力,新能源电池又现上下游强强联手！两家均为四季度基金增仓主力
2021-01-28,EV晨报 | 曝比亚迪今年新能源销量目标为40万辆；零跑科技完成43亿元B轮融资；宝马ix3降价,EV晨报 | 曝比亚迪今年新能源销量目标为40万辆；零跑科技完成43亿元B轮融资；宝马ix3降价
2021-01-28,A股融资融券日报：两融余额减少3.98亿元（1月27日）,A股融资融券日报：两融余额减少3.98亿元（1月27日）
2021-01-28,比亚迪欲推新能源高端品牌 新车或后年上市,比亚迪欲推新能源高端品牌 新车或后年上市
2021-01-28,新能源车股狂欢背后：车企纷纷向上突围 电池技术成竞争关键,新能源车股狂欢背后：车企纷纷向上突围 电池技术成竞争关键
2021-01-28,【异动股】3大汽车股连挫第3天比亚迪(01211-HK)再下滑4.3%,【异动股】3大汽车股连挫第3天比亚迪(01211-HK)再下滑4.3%
2021-01-28,20股获融资净买入超亿元 比亚迪居首,20股获融资净买入超亿元 比亚迪居首
2021-01-28,比亚迪e2.0纯电平台将于上海车展发布首款产品四季度上市,比亚迪e2.0纯电平台将于上海车展发布首款产品四季度上市
2021-01-28,苹果全面抛弃Intel处理器库克：感觉好极了,苹果全面抛弃Intel处理器库克：感觉好极了
2021-01-28,2020“京东最美手机”进驻京东之家这家机场已开放,2020“京东最美手机”进驻京东之家这家机场已开放
2021-01-28,中兴骁龙888旗舰宣布！顶级影像,中兴骁龙888旗舰宣布！顶级影像
2021-01-28,新款Redmi小金刚曝光：120Hz高刷挖孔屏、骁龙750G加持,新款Redmi小金刚曝光：120Hz高刷挖孔屏、骁龙750G加持
2021-01-28,锐龙CPU价格还是低分析师给AMD“指出”一条明路,锐龙CPU价格还是低分析师给AMD“指出”一条明路
2021-01-28,Windows10更新来袭：拯救Intel处理器！,Windows10更新来袭：拯救Intel处理器！
2021-01-28,不用填地址直接叫车！T3出行上线助老模式,不用填地址直接叫车！T3出行上线助老模式
2021-01-28,福特“2021中国·马年”上热搜！官方道出实情果然不出所料,福特“2021中国·马年”上热搜！官方道出实情果然不出所料
2021-01-28,《赛博朋克2077》优化之路依然漫长,《赛博朋克2077》优化之路依然漫长
2021-01-28,比亚迪女高管减持套现2.5亿元 市值一度狂跌500个亿 减持股份,比亚迪女高管减持套现2.5亿元 市值一度狂跌500个亿 减持股份
2021-01-29,比亚迪的业务触角又一次外扩，成立锂电材料公司！,比亚迪的业务触角又一次外扩，成立锂电材料公司！
2021-01-29,产能逐步完善后，比亚迪展开“刀片电池”外交,产能逐步完善后，比亚迪展开“刀片电池”外交
2021-01-29,比亚迪成立锂电材料公司 布局新能源汽车上游产业,比亚迪成立锂电材料公司 布局新能源汽车上游产业
2021-01-29,比亚迪成立锂电材料公司，经营范围含矿产资源开采等,比亚迪成立锂电材料公司，经营范围含矿产资源开采等
2021-01-29,秋田微：触显产品应用于比亚迪新能源汽车,秋田微：触显产品应用于比亚迪新能源汽车
2021-01-29,成立锂电材料公司，比亚迪要去采矿吗？,成立锂电材料公司，比亚迪要去采矿吗？
2021-01-29,锂资源板块重挫，收盘后龙头公司2倍上修业绩预盈,锂资源板块重挫，收盘后龙头公司2倍上修业绩预盈
2021-01-29,"工信部发布""免征车辆购置税的新能源汽车车型目录""：含比亚迪e3等","工信部发布""免征车辆购置税的新能源汽车车型目录""：含比亚迪e3等"
2021-01-29,收购阿斯顿·马丁补「豪华」？比亚迪发力高端新能源车,收购阿斯顿·马丁补「豪华」？比亚迪发力高端新能源车
2021-01-29,每日大行评级丨大摩看好小鹏再涨40%！野村上调比亚迪至300港元,每日大行评级丨大摩看好小鹏再涨40%！野村上调比亚迪至300港元
2021-01-29,工信部发布第《免征车辆购置税的新能源汽车车型目录》（第三十九批），里面包括特斯拉ModelY的车型和比亚迪e3,工信部发布第《免征车辆购置税的新能源汽车车型目录》（第三十九批），里面包括特斯拉ModelY的车型和比亚迪e3
2021-01-29,工信部发布第三十九批免征车辆购置税的新能源汽车车型目录，特斯拉Model Y的车型、比亚迪e3在列,工信部发布第三十九批免征车辆购置税的新能源汽车车型目录，特斯拉Model Y的车型、比亚迪e3在列
2021-01-29,传比亚迪固态电池或搭载于旗下全新高端车型,传比亚迪固态电池或搭载于旗下全新高端车型
2021-01-29,开辟欧洲新版图，比亚迪纯电动大巴首次驶入罗马尼亚,开辟欧洲新版图，比亚迪纯电动大巴首次驶入罗马尼亚
2021-01-29,【1.29锂电快讯】比亚迪将向一汽和红旗供应刀片电池*沃尔沃宣布加速电气化发展,【1.29锂电快讯】比亚迪将向一汽和红旗供应刀片电池*沃尔沃宣布加速电气化发展
2021-01-29,【咖啡日报】FF深度绑定吉利；小鹏召回1.3万辆G3；众泰预亏约60-90亿元 产品问题,【咖啡日报】FF深度绑定吉利；小鹏召回1.3万辆G3；众泰预亏约60-90亿元 产品问题
2021-01-29,最简单粗暴的一招，比亚迪汉就能卖到200万？,最简单粗暴的一招，比亚迪汉就能卖到200万？
2021-01-29,东吴证券--电气设备新能源行业点评：特斯拉，全年销量目标达成，产能建设提速【行业研究】,东吴证券--电气设备新能源行业点评：特斯拉，全年销量目标达成，产能建设提速【行业研究】
2021-01-29,比亚迪称网传高端化方案不实销量下滑能否撑起超六千亿市值? 盈利能力下降,比亚迪称网传高端化方案不实销量下滑能否撑起超六千亿市值? 盈利能力下降
2021-01-29,港股盘前必读：阿里巴巴减持阿里健康总金额约39亿港元,港股盘前必读：阿里巴巴减持阿里健康总金额约39亿港元
2021-01-29,比亚迪：3款DM-i超级混动车型已启动预售,比亚迪：3款DM-i超级混动车型已启动预售
2021-01-29,智通港股早知道︱(1月29日) 市场聚焦快手(01024)估值定位，持续关注比亚迪(01211)等股价上涨趋势,智通港股早知道︱(1月29日) 市场聚焦快手(01024)估值定位，持续关注比亚迪(01211)等股价上涨趋势
2021-01-29,三招透视上市公司的“原力”：资本开支,三招透视上市公司的“原力”：资本开支
2021-01-29,每日理财观察：银行理财净值化转型加速,每日理财观察：银行理财净值化转型加速
2021-01-29,比亚迪将向一汽和红旗供应刀片电池今年下半年装车,比亚迪将向一汽和红旗供应刀片电池今年下半年装车
2021-01-29,野村指比亚迪(01211-HK)分拆半导体业务或令价值进一步提升目标价升至300港元,野村指比亚迪(01211-HK)分拆半导体业务或令价值进一步提升目标价升至300港元
2021-01-29,比亚迪：完成配售1.33亿股新H股 净筹298.01亿港元,比亚迪：完成配售1.33亿股新H股 净筹298.01亿港元
2021-01-29,A股融资融券日报：两融余额减少80.38亿元（1月28日）,A股融资融券日报：两融余额减少80.38亿元（1月28日）
2021-01-29,第一上海投资论坛—特斯拉（TSLA）Q4财报解读,第一上海投资论坛—特斯拉（TSLA）Q4财报解读
2021-01-29,2020年多企业发力“不起火”电池,2020年多企业发力“不起火”电池
2021-01-29,磷酸铁锂停止接单了？,磷酸铁锂停止接单了？
2021-01-29,【一语道破】推特股神开路，特斯拉到底有多大能耐,【一语道破】推特股神开路，特斯拉到底有多大能耐
2021-01-29,大行评级|野村：上调比亚迪(1211.HK)目标价至300港元评级“买入”,大行评级|野村：上调比亚迪(1211.HK)目标价至300港元评级“买入”
2021-01-29,特斯拉入股？ 比亚迪掩面而笑：不予置评,特斯拉入股？ 比亚迪掩面而笑：不予置评
2021-01-29,比亚迪在格尔木成立锂电材料有限公司 经营范围含矿产资源开采,比亚迪在格尔木成立锂电材料有限公司 经营范围含矿产资源开采
2021-01-29,内部会议泄密：比亚迪刀片电池供货红旗/高端品牌2022年发布,内部会议泄密：比亚迪刀片电池供货红旗/高端品牌2022年发布
2021-01-30,1月份周应波加港股，谢治宇卖爱股,1月份周应波加港股，谢治宇卖爱股
2021-01-30,苹果砸5.8个亿“改过自新”：了结韩国反垄断纠纷,苹果砸5.8个亿“改过自新”：了结韩国反垄断纠纷
2021-01-30,拒绝电商加价出售Zen3AMD终于出手了,拒绝电商加价出售Zen3AMD终于出手了
2021-01-30,多地开始调整返乡政策：这下舒服了！,多地开始调整返乡政策：这下舒服了！
2021-01-30,前摄后摄融为一体！OPPO双面棱镜设计图曝光,前摄后摄融为一体！OPPO双面棱镜设计图曝光
2021-01-30,五菱宏光MINIEV登陆欧洲！价格让老外直呼酸爽,五菱宏光MINIEV登陆欧洲！价格让老外直呼酸爽
2021-01-30,滴滴注资爱驰，资本春天已至？,滴滴注资爱驰，资本春天已至？
2021-01-30,搭载于E-QM5 比亚迪向红旗提供刀片电池,搭载于E-QM5 比亚迪向红旗提供刀片电池
2021-01-30,国海证券--比亚迪三季报点评：业绩抢眼，新品周期成长可期【公司研究】,国海证券--比亚迪三季报点评：业绩抢眼，新品周期成长可期【公司研究】
2021-01-30,招银国际--比亚迪：受益于磷酸铁锂表现出色【公司研究】,招银国际--比亚迪：受益于磷酸铁锂表现出色【公司研究】
2021-01-30,里程碑！x86/ARM架构最大对手更强了：进军显卡,里程碑！x86/ARM架构最大对手更强了：进军显卡
2021-01-31,研报，新能源汽车2021投资策略,研报，新能源汽车2021投资策略
2021-01-31,工信部新一批免征车辆购置税车型目录公布，比亚迪、特斯拉部分车型上榜,工信部新一批免征车辆购置税车型目录公布，比亚迪、特斯拉部分车型上榜
2021-01-31,第一财经汽车日评|威马上市倒计时，北京一辆汉EV趴窝,第一财经汽车日评|威马上市倒计时，北京一辆汉EV趴窝
2021-01-31,百亿私募高瓴、淡水泉、高毅等密集调研这些公司,百亿私募高瓴、淡水泉、高毅等密集调研这些公司
2021-01-31,三天调研人员超500人，7000亿电动车巨头火了！原因在这里,三天调研人员超500人，7000亿电动车巨头火了！原因在这里
2021-02-01,康希诺疫苗Ad5-nCoV达到预设的主要安全性及有效性标,康希诺疫苗Ad5-nCoV达到预设的主要安全性及有效性标
2021-02-01,新能源车周报：欧洲发布《2030电池创新路线图》,新能源车周报：欧洲发布《2030电池创新路线图》
2021-02-01,贾跃亭的FF从前浪变成了后浪 解析新能源造车资本局,贾跃亭的FF从前浪变成了后浪 解析新能源造车资本局
2021-02-01,韩企2020年全球电动汽车电池市占率同比翻番,韩企2020年全球电动汽车电池市占率同比翻番
2021-02-01,36氪大公司创新日报0201 | 华为折叠屏新机或将于月底发布，字节跳动推出医学百科平台,36氪大公司创新日报0201 | 华为折叠屏新机或将于月底发布，字节跳动推出医学百科平台
2021-02-01,又双叒叕迎来新主题！比亚迪DiLink春节限定主题正式上线,又双叒叕迎来新主题！比亚迪DiLink春节限定主题正式上线
2021-02-01,港交所文件：摩根大通1月27日将比亚迪港股的多头仓位从6.99%增至7.78%,港交所文件：摩根大通1月27日将比亚迪港股的多头仓位从6.99%增至7.78%
2021-02-01,摩根大通1月27日将比亚迪港股的多头仓位从6.99%增至7.78%,摩根大通1月27日将比亚迪港股的多头仓位从6.99%增至7.78%
2021-02-01,秋田微：公司的触显产品应用在比亚迪元EV360、唐DM等车型,秋田微：公司的触显产品应用在比亚迪元EV360、唐DM等车型
2021-02-01,电力设备行业：特斯拉产能加速扩建 光伏平价时代方兴未艾,电力设备行业：特斯拉产能加速扩建 光伏平价时代方兴未艾
2021-02-01,清仓宁德时代赚近20亿元，长安汽车2020年净利预增2倍,清仓宁德时代赚近20亿元，长安汽车2020年净利预增2倍
2021-02-01,基金换仓：比亚迪被减持，上汽成新宠 减持股份,基金换仓：比亚迪被减持，上汽成新宠 减持股份
2021-02-01,上周，国内新能源汽车市场中有哪些大事件发生？,上周，国内新能源汽车市场中有哪些大事件发生？
2021-02-01,A股融资融券日报：两融余额减少155.52亿元（1月29日）,A股融资融券日报：两融余额减少155.52亿元（1月29日）
2021-02-01,大批新玩家入场！60+储能系统集成商及典型案例一览,大批新玩家入场！60+储能系统集成商及典型案例一览
2021-02-01,比亚迪启动碳中和规划研究,比亚迪启动碳中和规划研究
2021-02-01,我国动力电池相关企业已达1.8万家 去年新注册企业5253家,我国动力电池相关企业已达1.8万家 去年新注册企业5253家
2021-02-01,最高热效率38.08% 比亚迪发动机获能效之星,最高热效率38.08% 比亚迪发动机获能效之星
2021-02-01,工信部：158款新能源车入选免征车辆购置税目录,工信部：158款新能源车入选免征车辆购置税目录
2021-02-01,比亚迪港股完成配售 多家海外机构密集调研,比亚迪港股完成配售 多家海外机构密集调研
2021-02-01,东吴证券--汽车行业周报：1月第三周批发同比+37%，全面看多【行业研究】,东吴证券--汽车行业周报：1月第三周批发同比+37%，全面看多【行业研究】
2021-02-02,今日这些个股异动 主力加仓比亚迪逾14亿元,今日这些个股异动 主力加仓比亚迪逾14亿元
2021-02-02,销量又爆！7000亿扛把子新高，4股涨停，资金回来了？,销量又爆！7000亿扛把子新高，4股涨停，资金回来了？
2021-02-02,19.78万起！比亚迪唐DM-i开启预售：亏电油耗5.3L挂绿牌 能跑1050公里,19.78万起！比亚迪唐DM-i开启预售：亏电油耗5.3L挂绿牌 能跑1050公里
2021-02-02,北水动向(2.2)|北水净流入173.19亿 颗粒硅产能破万吨且附属签70亿长单 保利协鑫(03800)获逾5亿增持,北水动向(2.2)|北水净流入173.19亿 颗粒硅产能破万吨且附属签70亿长单 保利协鑫(03800)获逾5亿增持
2021-02-02,比亚迪拟对三家控股子公司增资,比亚迪拟对三家控股子公司增资
2021-02-02,比亚迪(002594.SZ)大手笔增资三子公司,比亚迪(002594.SZ)大手笔增资三子公司
2021-02-02,市场要闻 | 比亚迪开年大动作：调整组织架构、谋划高端品牌,市场要闻 | 比亚迪开年大动作：调整组织架构、谋划高端品牌
2021-02-02,比亚迪：拟对汽车工业、比亚迪汽车及比亚迪供应链3家子公司增资,比亚迪：拟对汽车工业、比亚迪汽车及比亚迪供应链3家子公司增资
2021-02-02,比亚迪增资三家全资子公司 总金额达68.5亿,比亚迪增资三家全资子公司 总金额达68.5亿
2021-02-02,港股复盘：资金回流抱团,港股复盘：资金回流抱团
2021-02-02,比亚迪：拟对三家子公司进行增资,比亚迪：拟对三家子公司进行增资
2021-02-02,主力动向｜92股主力资金买入超亿元！比亚迪、五粮液、宁德时代、东方财富、泸州老窖位居前五！,主力动向｜92股主力资金买入超亿元！比亚迪、五粮液、宁德时代、东方财富、泸州老窖位居前五！
2021-02-02,2月2日晚间上市公司十大重磅公告,2月2日晚间上市公司十大重磅公告
2021-02-02,比亚迪再创历史新高 增资三子公司强化汽车核心竞争力,比亚迪再创历史新高 增资三子公司强化汽车核心竞争力
2021-02-02,数据复盘｜机构抢筹17股 比亚迪、五粮液获主力大幅加仓,数据复盘｜机构抢筹17股 比亚迪、五粮液获主力大幅加仓
2021-02-02,比亚迪、宁德时代百亿元大动作来了！“聪明资金”今日加仓近5亿,比亚迪、宁德时代百亿元大动作来了！“聪明资金”今日加仓近5亿
2021-02-02,叶叶财经：今天大盘股回暖，是什么原因！明天的焦点又是什么？,叶叶财经：今天大盘股回暖，是什么原因！明天的焦点又是什么？
2021-02-02,最新文章more>>,最新文章more>>
2021-02-02,注意后市白马继续轮动的机会,注意后市白马继续轮动的机会
2021-02-02,晚间重要公告2021年2月2日星期二,晚间重要公告2021年2月2日星期二
2021-02-02,动作太猛了！宁德时代再投290亿巨资扩电池产能！为新能源车拼了，比亚迪也砸了69亿,动作太猛了！宁德时代再投290亿巨资扩电池产能！为新能源车拼了，比亚迪也砸了69亿
2021-02-02,盘后公告集锦|宁德时代拟投资290亿元扩充产能 美的集团拟受让万东医疗29.09%股权,盘后公告集锦|宁德时代拟投资290亿元扩充产能 美的集团拟受让万东医疗29.09%股权
2021-02-02,A股资金面日报：比亚迪、五粮液获主力大幅加仓 机构抢筹17只股,A股资金面日报：比亚迪、五粮液获主力大幅加仓 机构抢筹17只股
2021-02-02,公告精选丨比亚迪拟对其汽车及供应链增资 宁德时代拟投资建设三电池项目,公告精选丨比亚迪拟对其汽车及供应链增资 宁德时代拟投资建设三电池项目
2021-02-02,公告精选丨比亚迪、宁德时代百亿元大动作来了,公告精选丨比亚迪、宁德时代百亿元大动作来了
2021-02-02,比亚迪拟对三家子公司增资上百亿元,比亚迪拟对三家子公司增资上百亿元
2021-02-02,比亚迪：公司董事会同意公司分别以现金出资的方式对全资子公司比亚迪汽车工业有限公司增资8.5亿美元或等值人民币，对控股子公司比亚迪汽车有限公司增资30亿元人民币，对全资子公司深圳市比亚迪供应链管理有限公,比亚迪：公司董事会同意公司分别以现金出资的方式对全资子公司比亚迪汽车工业有限公司增资8.5亿美元或等值人民币，对控股子公司比亚迪汽车有限公司增资30亿元人民币，对全资子公司深圳市比亚迪供应链管理有限公
2021-02-02,新能源车掀涨停潮，部分光伏龙头持续大跌！日化白马突然跌停 连续下跌,新能源车掀涨停潮，部分光伏龙头持续大跌！日化白马突然跌停 连续下跌
2021-02-02,比亚迪：对比亚迪汽车、比亚迪供应链各增资30亿元,比亚迪：对比亚迪汽车、比亚迪供应链各增资30亿元
2021-02-02,比亚迪(002594.SZ)拟向三家子公司增资以拓展其业务,比亚迪(002594.SZ)拟向三家子公司增资以拓展其业务
2021-02-02,汽车及零部件行业图说车市12月总结：2020年平稳收官 新能源市场景气度高,汽车及零部件行业图说车市12月总结：2020年平稳收官 新能源市场景气度高
2021-02-02,机构今日扫入比亚迪超50亿元,机构今日扫入比亚迪超50亿元
2021-02-02,能量密度大增，或2022年装车！比亚迪固态电池专利曝光,能量密度大增，或2022年装车！比亚迪固态电池专利曝光
2021-02-02,网传比亚迪作价370亿元收购阿斯顿·马丁,网传比亚迪作价370亿元收购阿斯顿·马丁
2021-02-02,每日理财观察：白银创近8年新高，芝商所紧急上调保证金,每日理财观察：白银创近8年新高，芝商所紧急上调保证金
2021-02-02,A股融资融券日报：两融余额减少18.24亿元（2月1日）,A股融资融券日报：两融余额减少18.24亿元（2月1日）
2021-02-02,33股获20家以上机构调研 领益智造最受关注,33股获20家以上机构调研 领益智造最受关注
2021-02-02,【异动股】汽车股受捧比亚迪(01211-HK)3连升再涨4.8%,【异动股】汽车股受捧比亚迪(01211-HK)3连升再涨4.8%
2021-02-02,助力智慧港口建设 比亚迪与中科云杉开启战略合作,助力智慧港口建设 比亚迪与中科云杉开启战略合作
2021-02-02,汽车股持续走高，长安汽车、江铃汽车先后封板,汽车股持续走高，长安汽车、江铃汽车先后封板
2021-02-02,获现代定点比亚迪“刀片电池”或明年出口供货,获现代定点比亚迪“刀片电池”或明年出口供货
2021-02-02,磷酸铁锂重新“起飞”带动干法隔膜需求，星源材质或为最大受益者之一,磷酸铁锂重新“起飞”带动干法隔膜需求，星源材质或为最大受益者之一
2021-02-02,新能源产业链午前再度发动攻势，亿纬锂能大涨8%,新能源产业链午前再度发动攻势，亿纬锂能大涨8%
2021-02-02,解盘：大消费活跃，汽车、品牌龙头、疫苗、血液制品领涨,解盘：大消费活跃，汽车、品牌龙头、疫苗、血液制品领涨
2021-02-02,动力总成、新能源“三电”、智能网联核心技术攻坚大步迈进汽车核心技术加速突破,动力总成、新能源“三电”、智能网联核心技术攻坚大步迈进汽车核心技术加速突破
2021-02-02,2021十大FLAG|谁将成为电动车新霸主？,2021十大FLAG|谁将成为电动车新霸主？
2021-02-02,比亚迪明年或将向现代汽车提供刀片电池,比亚迪明年或将向现代汽车提供刀片电池
2021-02-02,千亿白马股再跌停！59只基金集体踩雷，白酒又火了,千亿白马股再跌停！59只基金集体踩雷，白酒又火了
2021-02-02,A股收盘综述：上证指数涨0.81%，创业板指涨超2%,A股收盘综述：上证指数涨0.81%，创业板指涨超2%
2021-02-02,FF、零跑重获资本青睐 新势力二梯队春天来了？,FF、零跑重获资本青睐 新势力二梯队春天来了？
2021-02-02,渤海证券--新能源汽车行业周报：特斯拉2020年盈利7.21亿美元，首次全年盈利(持有)02-02【行业研究】,渤海证券--新能源汽车行业周报：特斯拉2020年盈利7.21亿美元，首次全年盈利(持有)02-02【行业研究】
2021-02-02,两关联公司发生爆炸，宁德时代的资本游戏能玩多久？ 安全事故,两关联公司发生爆炸，宁德时代的资本游戏能玩多久？ 安全事故
2021-02-02,宁德时代动力电池市占率24%位居第一 全球电动汽车电池装机量为142.8吉瓦时,宁德时代动力电池市占率24%位居第一 全球电动汽车电池装机量为142.8吉瓦时
2021-02-02,汽车行业周报：汽车板块持仓20Q4环比提升 特斯拉公布20Q4财报,汽车行业周报：汽车板块持仓20Q4环比提升 特斯拉公布20Q4财报
2021-02-02,机构调研丨比亚迪、大族激光一月内受机构多次调研,机构调研丨比亚迪、大族激光一月内受机构多次调研
2021-02-02,中国新能源公交车出口订单猛增 广东新能源汽车销量全国第一,中国新能源公交车出口订单猛增 广东新能源汽车销量全国第一
2021-02-02,造车新势力1月销售数据火爆，两个维度关注细分机会丨牛熊眼,造车新势力1月销售数据火爆，两个维度关注细分机会丨牛熊眼
2021-02-02,比亚迪午后涨近7%，股价再创历史新高,比亚迪午后涨近7%，股价再创历史新高
2021-02-02,服务便捷出行 比亚迪纯电动公交车批量交付安徽无为,服务便捷出行 比亚迪纯电动公交车批量交付安徽无为
2021-02-02,华金证券--汽车行业第5周周报：特斯拉20Q4高增长，新能源车产业链方兴未艾【行业研究】,华金证券--汽车行业第5周周报：特斯拉20Q4高增长，新能源车产业链方兴未艾【行业研究】
2021-02-03,比亚迪：今年将在长沙 贵阳 蚌埠扩充刀片电池产能丨公司问答,比亚迪：今年将在长沙 贵阳 蚌埠扩充刀片电池产能丨公司问答
2021-02-03,北向资金大幅抛售上海机场，加仓宁德时代、阳光电源,北向资金大幅抛售上海机场，加仓宁德时代、阳光电源
2021-02-03,茅台继续创新高，大市值起舞小市值垫底,茅台继续创新高，大市值起舞小市值垫底
2021-02-03,比亚迪官宣建立高端品牌 赵长江统筹负责将独立运营,比亚迪官宣建立高端品牌 赵长江统筹负责将独立运营
2021-02-03,[互动]和胜股份：与比亚迪合作的刀片电池目前已经进入小批量试样中,[互动]和胜股份：与比亚迪合作的刀片电池目前已经进入小批量试样中
2021-02-03,成立四大业务部?比亚迪：汽车业务确认调整,成立四大业务部?比亚迪：汽车业务确认调整
2021-02-03,扩产能遇瓶颈，大客户“出走”！奕东电子冲刺创业板能否如愿？,扩产能遇瓶颈，大客户“出走”！奕东电子冲刺创业板能否如愿？
2021-02-03,比亚迪将打造高端品牌/成立四大事业部 李云飞：差不多,比亚迪将打造高端品牌/成立四大事业部 李云飞：差不多
2021-02-03,汽车行业经销商走访销量拟合：1月销量延续强劲复苏态势 春节休假缩短有利于购车需求集中释放,汽车行业经销商走访销量拟合：1月销量延续强劲复苏态势 春节休假缩短有利于购车需求集中释放
2021-02-03,调整组织架构、增资子公司：比亚迪意在冲高？,调整组织架构、增资子公司：比亚迪意在冲高？
2021-02-03,比亚迪携手华大智造推出纯电动P2+核酸检测车,比亚迪携手华大智造推出纯电动P2+核酸检测车
2021-02-03,将筹建高端品牌，比亚迪进行大规模人事调整 董监高成员变化,将筹建高端品牌，比亚迪进行大规模人事调整 董监高成员变化
2021-02-03,比亚迪：2021年1月新能源汽车销量20178辆,比亚迪：2021年1月新能源汽车销量20178辆
2021-02-03,十大就地过年省份都有谁？果然它俩最难了,十大就地过年省份都有谁？果然它俩最难了
2021-02-03,【趣点】蔚来和比亚迪掰手腕，国产新能源汽车的大梁谁来挑？,【趣点】蔚来和比亚迪掰手腕，国产新能源汽车的大梁谁来挑？
2021-02-03,比亚迪(002594.SZ)1月新能源车销量20178辆 同比增长182.88%,比亚迪(002594.SZ)1月新能源车销量20178辆 同比增长182.88%
2021-02-03,比亚迪(002594.SZ)：1月新能源汽车销量同比增长182.88%,比亚迪(002594.SZ)：1月新能源汽车销量同比增长182.88%
2021-02-03,比亚迪：1月汽车总销量约10万辆，同比增加82.64%,比亚迪：1月汽车总销量约10万辆，同比增加82.64%
2021-02-03,公告精选：多家公司产品拟中标第四批全国药品集采；比亚迪1月份新能源汽车销量同比增182.88%,公告精选：多家公司产品拟中标第四批全国药品集采；比亚迪1月份新能源汽车销量同比增182.88%
2021-02-03,比亚迪“小号”汉真来了！刀片电池续航直奔600价格降10万,比亚迪“小号”汉真来了！刀片电池续航直奔600价格降10万
2021-02-03,A股资金面日报：104亿主力资金撤离电子行业 北向资金连续4日净流入,A股资金面日报：104亿主力资金撤离电子行业 北向资金连续4日净流入
2021-02-03,宁德时代领衔备战Twh时代 苹果也想分一杯羹？,宁德时代领衔备战Twh时代 苹果也想分一杯羹？
2021-02-03,比亚迪1月汽车销量大涨 汽车板块进行组织架构调整,比亚迪1月汽车销量大涨 汽车板块进行组织架构调整
2021-02-03,再回首，过去坚定重仓中国的高瓴、景林等顶级机构，也纷纷取得了丰厚回报。,再回首，过去坚定重仓中国的高瓴、景林等顶级机构，也纷纷取得了丰厚回报。
2021-02-03,比亚迪调整人事架构涉及多名高管 两年内将推高端品牌？,比亚迪调整人事架构涉及多名高管 两年内将推高端品牌？
2021-02-03,国元证券--新能源车板块周报：比亚迪电池外供，锂电材料大幅预增【行业研究】,国元证券--新能源车板块周报：比亚迪电池外供，锂电材料大幅预增【行业研究】
2021-02-03,比亚迪：1月汽车销量42401辆，同比增长68.44%,比亚迪：1月汽车销量42401辆，同比增长68.44%
2021-02-03,比亚迪计划对旗下比亚迪供应链等若干子公司增资百亿元人民币,比亚迪计划对旗下比亚迪供应链等若干子公司增资百亿元人民币
2021-02-03,ARK每日追踪 | 大笔买入贝壳11.43万股，减持比亚迪 减持股份,ARK每日追踪 | 大笔买入贝壳11.43万股，减持比亚迪 减持股份
2021-02-03,比亚迪官方回应“四大事业部”组织架构调整 赵长江负责高端品牌,比亚迪官方回应“四大事业部”组织架构调整 赵长江负责高端品牌
2021-02-03,新能源巨头齐放大招！宁德时代再砸290亿扩产能，比亚迪超100亿干这事！,新能源巨头齐放大招！宁德时代再砸290亿扩产能，比亚迪超100亿干这事！
2021-02-03,抗跌股呈现三大特征25股获10家以上基金持仓,抗跌股呈现三大特征25股获10家以上基金持仓
2021-02-03,比亚迪ADR涨超7%,比亚迪ADR涨超7%
2021-02-03,宁德时代豪掷290亿扩产能 新能源“军备竞赛”升级,宁德时代豪掷290亿扩产能 新能源“军备竞赛”升级
2021-02-03,比亚迪、宁德时代大手笔投资加码主业,比亚迪、宁德时代大手笔投资加码主业
2021-02-03,传获Tesla入股比亚迪(01211-HK)否认,传获Tesla入股比亚迪(01211-HK)否认
2021-02-03,比亚迪(01211-HK)向三子公司共增资逾百亿人民币,比亚迪(01211-HK)向三子公司共增资逾百亿人民币
2021-02-03,11月电机排行榜：比亚迪创单月电机搭载量新高,11月电机排行榜：比亚迪创单月电机搭载量新高
2021-02-03,睿财看市场：A股三大指数收涨 抱团股重拾升势,睿财看市场：A股三大指数收涨 抱团股重拾升势
2021-02-03,新能源巨头齐放大招！,新能源巨头齐放大招！
2021-02-03,新能源汽车投资日报：磷酸铁锂需求超预期 供应紧张延续至2022年,新能源汽车投资日报：磷酸铁锂需求超预期 供应紧张延续至2022年
2021-02-03,时代点金（0203）：抖音与腾讯互掐，头腾大战正式开打,时代点金（0203）：抖音与腾讯互掐，头腾大战正式开打
2021-02-03,每日理财观察：新一轮移动支付大战升温,每日理财观察：新一轮移动支付大战升温
2021-02-03,比亚迪(01211-HK)不排除未来与现代合作的可能性,比亚迪(01211-HK)不排除未来与现代合作的可能性
2021-02-03,A股早报2021年2月3日星期三,A股早报2021年2月3日星期三
2021-02-03,刀片电池布局85GWh产能，将外供红旗、现代,刀片电池布局85GWh产能，将外供红旗、现代
2021-02-03,电报|比亚迪回应汽车业务组织架构调整：基本属实,电报|比亚迪回应汽车业务组织架构调整：基本属实
2021-02-03,中泰国际：药明康德旗下合全药业收购BMY US生产基地,中泰国际：药明康德旗下合全药业收购BMY US生产基地
2021-02-03,针对比亚迪近日将对汽车业务组织架构调整的传闻，比亚迪相关人士回应称：该消息基本属实,针对比亚迪近日将对汽车业务组织架构调整的传闻，比亚迪相关人士回应称：该消息基本属实
2021-02-03,组CP，头部电池企业都有哪些“好伙伴”？,组CP，头部电池企业都有哪些“好伙伴”？
2021-02-03,比亚迪汽车组织架构调整：成立四大事业部 筹建高端品牌,比亚迪汽车组织架构调整：成立四大事业部 筹建高端品牌
2021-02-03,比亚迪高端品牌浮出水面！组织架构大调整 成立四大事业部,比亚迪高端品牌浮出水面！组织架构大调整 成立四大事业部
2021-02-03,磷酸铁锂升温 日韩巨头卷土重来,磷酸铁锂升温 日韩巨头卷土重来
2021-02-03,比亚迪刀片电池成立现代项目组,比亚迪刀片电池成立现代项目组
2021-02-03,19股获融资净买入超亿元 比亚迪居首,19股获融资净买入超亿元 比亚迪居首
2021-02-03,多款热门车型配套磷酸铁锂电池，磷酸铁锂增幅超两倍,多款热门车型配套磷酸铁锂电池，磷酸铁锂增幅超两倍
2021-02-03,A股融资融券日报：两融余额增加18.01亿元（2月2日）,A股融资融券日报：两融余额增加18.01亿元（2月2日）
2021-02-03,1月汽车公司市值榜| 特斯拉笑傲群雄，比亚迪国内“封王”，宁德时代冲刺万亿市值未果,1月汽车公司市值榜| 特斯拉笑傲群雄，比亚迪国内“封王”，宁德时代冲刺万亿市值未果
2021-02-04,比亚迪：1月汉热销12103辆连续3个月销量破万,比亚迪：1月汉热销12103辆连续3个月销量破万
2021-02-04,比亚迪(002594)：新能源引领增长 纯电插混双驱并进,比亚迪(002594)：新能源引领增长 纯电插混双驱并进
2021-02-04,比亚迪(002594)：1月销量稳健 DM-I、刀片新车型蓄势待发,比亚迪(002594)：1月销量稳健 DM-I、刀片新车型蓄势待发
2021-02-04,中信证券：维持比亚迪(002594.SZ)买入评级 目标价341元 旗舰车销量过万,中信证券：维持比亚迪(002594.SZ)买入评级 目标价341元 旗舰车销量过万
2021-02-04,华西证券--比亚迪:新能源引领增长纯电插混双驱并进【公司研究】,华西证券--比亚迪:新能源引领增长纯电插混双驱并进【公司研究】
2021-02-04,蜂巢能源首批无钴电池6月份量产 2021中国动力电池企业技术发展趋势,蜂巢能源首批无钴电池6月份量产 2021中国动力电池企业技术发展趋势
2021-02-04,比亚迪(002594)2021年1月销量点评：1月销量符合预期 DM-I新车型预售火爆,比亚迪(002594)2021年1月销量点评：1月销量符合预期 DM-I新车型预售火爆
2021-02-04,比亚迪推高端品牌早有筹谋 计划明后年正式推出,比亚迪推高端品牌早有筹谋 计划明后年正式推出
2021-02-04,比亚迪 | 1月：新能源引领增长 纯电插混双驱并进【华西汽车 崔琰团队】,比亚迪 | 1月：新能源引领增长 纯电插混双驱并进【华西汽车 崔琰团队】
2021-02-04,比亚迪(002594)发布1月产销快报事件点评：新能源驱动业务增长 新车型销量可期,比亚迪(002594)发布1月产销快报事件点评：新能源驱动业务增长 新车型销量可期
2021-02-04,彻底卖疯！比亚迪开年销量暴涨近7成 汉连续3月销量破万,彻底卖疯！比亚迪开年销量暴涨近7成 汉连续3月销量破万
2021-02-04,中信里昂：重申比亚迪(1211.HK)买入评级 目标价升至340港元,中信里昂：重申比亚迪(1211.HK)买入评级 目标价升至340港元
2021-02-04,要降到20万以内？小鹏P7磷酸铁锂版现身,要降到20万以内？小鹏P7磷酸铁锂版现身
2021-02-04,【SMM专题】磷酸铁锂成香饽饽？企业争相布局 现货价格暴涨,【SMM专题】磷酸铁锂成香饽饽？企业争相布局 现货价格暴涨
2021-02-04,海南离岛免税成绩单亮眼，数字货币又有新消息丨明日主题前瞻,海南离岛免税成绩单亮眼，数字货币又有新消息丨明日主题前瞻
2021-02-04,商业比亚迪股价的暴涨，可能要告一段落了当董事长夫人开始了减持……李昊原23分钟前 减持股份,商业比亚迪股价的暴涨，可能要告一段落了当董事长夫人开始了减持……李昊原23分钟前 减持股份
2021-02-04,比亚迪：1月迎来开门红，新能源车销量增长182.88%至20178辆,比亚迪：1月迎来开门红，新能源车销量增长182.88%至20178辆
2021-02-04,A股乘用车企六成年报预喜上汽集团以净赚200亿领跑,A股乘用车企六成年报预喜上汽集团以净赚200亿领跑
2021-02-04,【今日机构评级汇总】摩根大通看好谷歌广告业务势头强劲；花旗看好拼多多借多多买菜挖掘增量,【今日机构评级汇总】摩根大通看好谷歌广告业务势头强劲；花旗看好拼多多借多多买菜挖掘增量
2021-02-04,证券公司大幅上调比亚迪目标股价：全球电动车市占率持续增加,证券公司大幅上调比亚迪目标股价：全球电动车市占率持续增加
2021-02-04,“最受关注A股上市公司”评选结果出炉：10家胜出，四大市场“一哥”入选,“最受关注A股上市公司”评选结果出炉：10家胜出，四大市场“一哥”入选
2021-02-04,MSCI推出两项中国科技指数：蔚来、拼多多“挤掉”阿里上位,MSCI推出两项中国科技指数：蔚来、拼多多“挤掉”阿里上位
2021-02-04,比亚迪汉车型1月销量达12103辆,比亚迪汉车型1月销量达12103辆
2021-02-04,比亚迪(002594.SZ)：持股5%以上的吕向阳质押270万股,比亚迪(002594.SZ)：持股5%以上的吕向阳质押270万股
2021-02-04,比亚迪(002594.SZ)股东吕向阳质押270万股,比亚迪(002594.SZ)股东吕向阳质押270万股
2021-02-04,第一财经汽车日评|理想回应断轴事件，1月汽车行业销量预计增三成,第一财经汽车日评|理想回应断轴事件，1月汽车行业销量预计增三成
2021-02-04,车辆限号男子叫拖车把车运回家！结果太意外：“殊途同归”,车辆限号男子叫拖车把车运回家！结果太意外：“殊途同归”
2021-02-04,比亚迪人事大换防，销售重岗承压屡换将,比亚迪人事大换防，销售重岗承压屡换将
2021-02-04,2.9秒破百 比亚迪将打造电动超级轿跑R2,2.9秒破百 比亚迪将打造电动超级轿跑R2
2021-02-04,【SMM专题】车企1月产销数据亮眼 小鹏销量同比暴增470%！,【SMM专题】车企1月产销数据亮眼 小鹏销量同比暴增470%！
2021-02-04,融资客青睐12股，海亮股份买入占比高达55.89%,融资客青睐12股，海亮股份买入占比高达55.89%
2021-02-04,宁德时代(300750)：首次落子华南市场 全面布局TWH时代,宁德时代(300750)：首次落子华南市场 全面布局TWH时代
2021-02-04,【2.4锂电快讯】蜂巢能源无钴正极材料正式批量下线*松下计划今年生产特斯拉4680电芯,【2.4锂电快讯】蜂巢能源无钴正极材料正式批量下线*松下计划今年生产特斯拉4680电芯
2021-02-04,比亚迪1月新能源汽车销量同比增长182.88% 这些上市公司发布利好,比亚迪1月新能源汽车销量同比增长182.88% 这些上市公司发布利好
2021-02-04,宁德时代(300750)：产能再次大规模扩张 动力电池迎接全面电动时代,宁德时代(300750)：产能再次大规模扩张 动力电池迎接全面电动时代
2021-02-04,比亚迪（002594/01211.HK）：1月销量符合预期，DM-i新车型预售火爆,比亚迪（002594/01211.HK）：1月销量符合预期，DM-i新车型预售火爆
2021-02-04,比亚迪(01211-HK)1月汽车产量增87%,比亚迪(01211-HK)1月汽车产量增87%
2021-02-04,中信证券：比亚迪1月销量符合预期DM-i新车型预售火爆,中信证券：比亚迪1月销量符合预期DM-i新车型预售火爆
2021-02-04,中信证券：比亚迪A、H股目标价分别341元/股、411港元/股 维持“买入”评级,中信证券：比亚迪A、H股目标价分别341元/股、411港元/股 维持“买入”评级
2021-02-04,中信证券：比亚迪A、H股目标价分别341元/股、411港元/股,中信证券：比亚迪A、H股目标价分别341元/股、411港元/股
2021-02-04,A股早报2021年2月4日星期四,A股早报2021年2月4日星期四
2021-02-04,海洋动物来袭！传比亚迪海豚7月发布 全新平台打造,海洋动物来袭！传比亚迪海豚7月发布 全新平台打造
2021-02-04,比亚迪汽车业务架构调整：打造高端品牌,比亚迪汽车业务架构调整：打造高端品牌
2021-02-04,【华创汽车】比亚迪1月销量点评：1-2月休整，等待3月起航,【华创汽车】比亚迪1月销量点评：1-2月休整，等待3月起航
2021-02-04,比亚迪2021年1月份销售纯电动汽车14463辆 同比增长181.16%,比亚迪2021年1月份销售纯电动汽车14463辆 同比增长181.16%
2021-02-04,比亚迪汽车的组织架构和人事调整，终于靴子落地！ 董监高成员变化,比亚迪汽车的组织架构和人事调整，终于靴子落地！ 董监高成员变化
2021-02-04,A股融资融券日报：两融余额减少13.1亿元（2月3日）,A股融资融券日报：两融余额减少13.1亿元（2月3日）
2021-02-04,【异动股】刀片电池板块低开，比亚迪(002594-CN)跌2.64%,【异动股】刀片电池板块低开，比亚迪(002594-CN)跌2.64%
2021-02-04,四个事业部+高端品牌，王传福要把比亚迪驶向何方？,四个事业部+高端品牌，王传福要把比亚迪驶向何方？
2021-02-04,比亚迪变革进行时：筹建高端品牌，成立四大事业部,比亚迪变革进行时：筹建高端品牌，成立四大事业部
2021-02-04,2.9s破百！传比亚迪将打造超级轿跑R2,2.9s破百！传比亚迪将打造超级轿跑R2
2021-02-04,ARK 木头姐专访：关于做空、中国造车新势力等,ARK 木头姐专访：关于做空、中国造车新势力等
2021-02-04,大行评级|瑞信：升比亚迪(1211.HK)目标价至310港元评级“跑赢大市”,大行评级|瑞信：升比亚迪(1211.HK)目标价至310港元评级“跑赢大市”
2021-02-04,被称为车圈的“网红”企业，到底有多硬核?｜上汽荣威的2020,被称为车圈的“网红”企业，到底有多硬核?｜上汽荣威的2020
2021-02-04,比亚迪秦PLUS纯电版申报图曝光 最大功率135kW,比亚迪秦PLUS纯电版申报图曝光 最大功率135kW
2021-02-04,比亚迪2021年1月动力电池及储能电池装机约1.754GWh、同比增长379.23%,比亚迪2021年1月动力电池及储能电池装机约1.754GWh、同比增长379.23%
2021-02-04,安信国际晨报：汽车板块整固，持续关注后续机会,安信国际晨报：汽车板块整固，持续关注后续机会
2021-02-04,比亚迪发布2021年1月产销快报，同比增183%,比亚迪发布2021年1月产销快报，同比增183%
2021-02-04,开辟欧洲新版图，比亚迪纯电动大巴首次驶入罗马尼亚,开辟欧洲新版图，比亚迪纯电动大巴首次驶入罗马尼亚
2021-02-04,瑞信上调比亚迪目标价至310港元，维持跑赢大市评级,瑞信上调比亚迪目标价至310港元，维持跑赢大市评级
2021-02-04,中信证券：比亚迪继续重点推荐 维持买入评级,中信证券：比亚迪继续重点推荐 维持买入评级
2021-02-04,比亚迪高管拟减持套现2.5亿元 拟减持股份,比亚迪高管拟减持套现2.5亿元 拟减持股份
2021-02-05,中信特钢(000708)：全年业绩实现逐季递增,中信特钢(000708)：全年业绩实现逐季递增
2021-02-05,比亚迪汉EV推出全自动泊车系统，今日OTA升级开启,比亚迪汉EV推出全自动泊车系统，今日OTA升级开启
2021-02-05,比亚迪尾盘跳水，主力净流出超8亿元,比亚迪尾盘跳水，主力净流出超8亿元
2021-02-05,吉利急需“充电”,吉利急需“充电”
2021-02-05,【预见】威马汽车乘风而来，新能源汽车“五虎”拼杀！,【预见】威马汽车乘风而来，新能源汽车“五虎”拼杀！
2021-02-05,比亚迪年初销量上涨70%，“汉”连续三月销量过万,比亚迪年初销量上涨70%，“汉”连续三月销量过万
2021-02-05,深交所主板中小板合并！涉及23万亿市值，有何影响？,深交所主板中小板合并！涉及23万亿市值，有何影响？
2021-02-05,比亚迪(002594.SZ)：持股5%以上股东吕向阳解除质押704万股,比亚迪(002594.SZ)：持股5%以上股东吕向阳解除质押704万股
2021-02-05,比亚迪(002594.SZ)股东吕向阳解除质押704万股,比亚迪(002594.SZ)股东吕向阳解除质押704万股
2021-02-05,【捷报】华为与比亚迪再次握手，王者强强联合，会擦出怎样的火花？,【捷报】华为与比亚迪再次握手，王者强强联合，会擦出怎样的火花？
2021-02-05,比亚迪注册资本增加4.88%,比亚迪注册资本增加4.88%
2021-02-05,比亚迪“鼻夹和具有其的口罩”专利被授权,比亚迪“鼻夹和具有其的口罩”专利被授权
2021-02-05,十年大浪淘沙未见金，腾势汽车“以价换量” 艰难求生,十年大浪淘沙未见金，腾势汽车“以价换量” 艰难求生
2021-02-05,1月比亚迪全系实现销量42094辆,1月比亚迪全系实现销量42094辆
2021-02-05,A股融资融券日报：两融余额减少103.37亿元（2月4日）,A股融资融券日报：两融余额减少103.37亿元（2月4日）
2021-02-05,多重利好因素叠加 储能市场正处于爆发的前夜,多重利好因素叠加 储能市场正处于爆发的前夜
2021-02-05,比亚迪汉连续3个月销量破万 领跑中国品牌中大型轿车市场,比亚迪汉连续3个月销量破万 领跑中国品牌中大型轿车市场
2021-02-05,风口来了！ 电池储能市场将超千亿,风口来了！ 电池储能市场将超千亿
2021-02-05,增长68% 比亚迪乘用车1月销量达42094辆,增长68% 比亚迪乘用车1月销量达42094辆
2021-02-05,49股获券商买入评级 美格智能目标涨幅达103.77%,49股获券商买入评级 美格智能目标涨幅达103.77%
2021-02-05,每日理财观察：央行开展1000亿元14天期逆回购操作,每日理财观察：央行开展1000亿元14天期逆回购操作
2021-02-05,从试用向大规模应用过渡 千亿储能市场爆发在即,从试用向大规模应用过渡 千亿储能市场爆发在即
2021-02-05,有人跨界布局 有人加码生产 磷酸铁锂产能迎来大扩张,有人跨界布局 有人加码生产 磷酸铁锂产能迎来大扩张
2021-02-05,独占12%！特斯拉Model3仍是全球最畅销电动汽车,独占12%！特斯拉Model3仍是全球最畅销电动汽车
2021-02-05,比亚迪新四大事业部“名花有主” 销售重岗承压屡换将,比亚迪新四大事业部“名花有主” 销售重岗承压屡换将
2021-02-05,比亚迪销售重岗承压屡换将 新四大事业部“名花有主”,比亚迪销售重岗承压屡换将 新四大事业部“名花有主”
2021-02-05,财富证券--汽车行业月度报告：关注六氟磷酸锂的涨价【行业研究】,财富证券--汽车行业月度报告：关注六氟磷酸锂的涨价【行业研究】
2021-02-06,自动驾驶物流车来了！比亚迪联手华为希迪智驾打造智慧物流园行业标杆·中国道路运输网（专业道路运输门户）,自动驾驶物流车来了！比亚迪联手华为希迪智驾打造智慧物流园行业标杆·中国道路运输网（专业道路运输门户）
2021-02-06,超30亿用户凭证遭泄露：快来看看有没有你,超30亿用户凭证遭泄露：快来看看有没有你
2021-02-06,奶茶消费者吐槽纸吸管：像啃卫生纸芯喝着喝着吸管散开了,奶茶消费者吐槽纸吸管：像啃卫生纸芯喝着喝着吸管散开了
2021-02-06,硬科技投向标|中办、国办：推动通信网络基础设施建设宁德时代拟向电池项目投资不超290亿元,硬科技投向标|中办、国办：推动通信网络基础设施建设宁德时代拟向电池项目投资不超290亿元
2021-02-06,中信证券：流动性收紧担忧下市场或延续慢涨,中信证券：流动性收紧担忧下市场或延续慢涨
2021-02-06,动力电池产业开启疯狂扩张，低端产能及尾部企业或被淘汰出局,动力电池产业开启疯狂扩张，低端产能及尾部企业或被淘汰出局
2021-02-06,揭秘本周聪明钱｜白酒股“唯我不败”？闪崩大白马被各路资金重仓抄底！,揭秘本周聪明钱｜白酒股“唯我不败”？闪崩大白马被各路资金重仓抄底！
2021-02-07,易车研究院：2021至2026年微型车或将挑战100万辆,易车研究院：2021至2026年微型车或将挑战100万辆
2021-02-07,【民生研究】周观点汇总：整体披露率小幅上升，净利润增速环比显着改善,【民生研究】周观点汇总：整体披露率小幅上升，净利润增速环比显着改善
2021-02-07,比亚迪大幅增资旗下比亚迪供应链和比亚迪汽车工业,比亚迪大幅增资旗下比亚迪供应链和比亚迪汽车工业
2021-02-07,【SMM分析】中航锂电装机量逆势大涨，战略转型是关键因素,【SMM分析】中航锂电装机量逆势大涨，战略转型是关键因素
2021-02-07,汽车行业周报：1月乘用车零售与19年持平 继续看好汽车科,汽车行业周报：1月乘用车零售与19年持平 继续看好汽车科
2021-02-07,新能源“抱团”略有松动，中外资激辩宁德时代值不值万亿市值,新能源“抱团”略有松动，中外资激辩宁德时代值不值万亿市值
2021-02-07,策略前瞻之一百五十九：A股节前交易趋于平淡 港股配置价值更优,策略前瞻之一百五十九：A股节前交易趋于平淡 港股配置价值更优
2021-02-07,布局半导体，比亚迪半导体有什么野心？,布局半导体，比亚迪半导体有什么野心？
2021-02-07,当升科技(300073)事件点评：战略布局上游资源 正极龙头迎新征程,当升科技(300073)事件点评：战略布局上游资源 正极龙头迎新征程
2021-02-07,比亚迪：DM-i超级混动预计上市时间为2021年3月,比亚迪：DM-i超级混动预计上市时间为2021年3月
2021-02-07,比亚迪：不造芯片的电池厂不是好车企,比亚迪：不造芯片的电池厂不是好车企
2021-02-07,【浙商汽车||王敬】周观点：销量增长32%，行业景气向上,【浙商汽车||王敬】周观点：销量增长32%，行业景气向上
2021-02-07,电池回收百亿规模的蓝海诱惑，让电动汽车做不了“渣男”,电池回收百亿规模的蓝海诱惑，让电动汽车做不了“渣男”
2021-02-07,北向资金一周动向盘点：净买253.3亿，近百亿去了新能源,北向资金一周动向盘点：净买253.3亿，近百亿去了新能源
2021-02-07,比亚迪恩仇录：一位“针刺”客的信条,比亚迪恩仇录：一位“针刺”客的信条
2021-02-07,E周见|苹果起亚合作 比亚迪筹高端品牌,E周见|苹果起亚合作 比亚迪筹高端品牌
2021-02-07,目标零碳 比亚迪启动碳中和规划研究,目标零碳 比亚迪启动碳中和规划研究
2021-02-07,2月5日全国开启 比亚迪汉EV推2款车OTA升级,2月5日全国开启 比亚迪汉EV推2款车OTA升级
2021-02-07,行业龙头，比亚迪荣居“中国价值公司100之新能源汽车本土企业排行榜”首位,行业龙头，比亚迪荣居“中国价值公司100之新能源汽车本土企业排行榜”首位
2021-02-07,比亚迪关联公司注册资本增至约21亿美元增幅约70%,比亚迪关联公司注册资本增至约21亿美元增幅约70%
2021-02-07,比亚迪关联公司注册资本增至约21亿美元，增幅约70%,比亚迪关联公司注册资本增至约21亿美元，增幅约70%
2021-02-07,野生东北虎进村觅食：飞扑咬住护院大狗,野生东北虎进村觅食：飞扑咬住护院大狗
2021-02-07,比亚迪供应链公司注册资本增至35亿人民币，增幅600%,比亚迪供应链公司注册资本增至35亿人民币，增幅600%
2021-02-07,新能源和自动驾驶领域正迎来新的投融资热潮,新能源和自动驾驶领域正迎来新的投融资热潮
2021-02-08,50万辆特斯拉Semi已预定！电动重卡市场电池需求TWh级,50万辆特斯拉Semi已预定！电动重卡市场电池需求TWh级
2021-02-08,曹德旺等获评2020十大经济年度人物，“长期主义者”胜出,曹德旺等获评2020十大经济年度人物，“长期主义者”胜出
2021-02-08,电力设备与新能源行业研究：硅片提价验证行业高景气 氢能下游应用持续开拓,电力设备与新能源行业研究：硅片提价验证行业高景气 氢能下游应用持续开拓
2021-02-08,2021年电新行业周报2月第1期：1月造车新势力销量创新高 硅料、硅片价格上涨,2021年电新行业周报2月第1期：1月造车新势力销量创新高 硅料、硅片价格上涨
2021-02-08,乘联会：中国1月广义乘用车零售销量同比增长25.6%,乘联会：中国1月广义乘用车零售销量同比增长25.6%
2021-02-08,中国车市破与立：谁是2021年最大变量,中国车市破与立：谁是2021年最大变量
2021-02-08,1月新能源乘用车批发销量同比大涨290.6% 五菱、比亚迪、特斯拉前三,1月新能源乘用车批发销量同比大涨290.6% 五菱、比亚迪、特斯拉前三
2021-02-08,奥迪、比亚迪们「卖疯」了，车企可以过个好年了？,奥迪、比亚迪们「卖疯」了，车企可以过个好年了？
2021-02-08,比亚迪公开“交通健身系统”相关专利,比亚迪公开“交通健身系统”相关专利
2021-02-08,客车企业集体转型造卡车，341批纯电动专用车公告风向标,客车企业集体转型造卡车，341批纯电动专用车公告风向标
2021-02-08,福耀玻璃(600660)：创新智造 福耀玻璃引领未来,福耀玻璃(600660)：创新智造 福耀玻璃引领未来
2021-02-08,汽车行业点评：乘用车2021年首月销售恢复到2019同期水平,汽车行业点评：乘用车2021年首月销售恢复到2019同期水平
2021-02-08,新能源汽车行业周报：多家车企1月新能源汽车销量高增 车市继续回暖,新能源汽车行业周报：多家车企1月新能源汽车销量高增 车市继续回暖
2021-02-08,比亚迪新能源销售不佳屡换帅 芯片短缺下分拆半导体 董监高成员变化,比亚迪新能源销售不佳屡换帅 芯片短缺下分拆半导体 董监高成员变化
2021-02-08,首款125W快充旗舰！realmeRace证件照出炉,首款125W快充旗舰！realmeRace证件照出炉
2021-02-08,全球车企十年市值变化榜：特斯拉逆天暴涨 国产车最亮眼,全球车企十年市值变化榜：特斯拉逆天暴涨 国产车最亮眼
2021-02-08,汽车周报：行业维持高景气度 主要车企销量表现良好,汽车周报：行业维持高景气度 主要车企销量表现良好
2021-02-08,汽车行业周报：1月第四周零售同比+168％ 全面看多,汽车行业周报：1月第四周零售同比+168％ 全面看多
2021-02-08,10年了！Intel一大平台宣告彻底失败,10年了！Intel一大平台宣告彻底失败
2021-02-08,太意外，隔夜利率突然暴跌！节前A股还有戏？,太意外，隔夜利率突然暴跌！节前A股还有戏？
2021-02-08,这就是海豚？松散新车下线 比亚迪称并非高端项目,这就是海豚？松散新车下线 比亚迪称并非高端项目
2021-02-08,全球车企10年市值变化：特斯拉市值暴涨 国产车企上榜频率提高,全球车企10年市值变化：特斯拉市值暴涨 国产车企上榜频率提高
2021-02-08,【汽车】多家车企1月新能源汽车销量高增，车市继续回暖——新能源汽车行业周报——看好,【汽车】多家车企1月新能源汽车销量高增，车市继续回暖——新能源汽车行业周报——看好
2021-02-08,疯狂的造车运动：四大门派，一个江湖,疯狂的造车运动：四大门派，一个江湖
2021-02-08,汽车行业2月投资策略：量持续增长 电动智能双主线,汽车行业2月投资策略：量持续增长 电动智能双主线
2021-02-08,国内首个 —— 比亚迪电网级储能系统通过热失控安全评估,国内首个 —— 比亚迪电网级储能系统通过热失控安全评估
2021-02-08,三花智控(002050)：获通用组件订单 龙头地位再稳固,三花智控(002050)：获通用组件订单 龙头地位再稳固
2021-02-08,A股融资融券日报：两融余额减少113.4亿元（2月5日）,A股融资融券日报：两融余额减少113.4亿元（2月5日）
2021-02-09,新能源销量最新排名！比亚迪汉仅第三第一无视所有对手,新能源销量最新排名！比亚迪汉仅第三第一无视所有对手
2021-02-09,汽车行业点评报告：疫情+芯片短缺背景下 1月产批超预期,汽车行业点评报告：疫情+芯片短缺背景下 1月产批超预期
2021-02-09,获比亚迪、长城汽车投资：地平线C轮融资已达9亿美元,获比亚迪、长城汽车投资：地平线C轮融资已达9亿美元
2021-02-09,比亚迪、长城等汽车产业资本加持，地平线C轮融资已达9亿美元,比亚迪、长城等汽车产业资本加持，地平线C轮融资已达9亿美元
2021-02-09,2020年中国新能源汽车市场发展现状与竞争格局分析 比亚迪、五菱、特斯拉排名前三,2020年中国新能源汽车市场发展现状与竞争格局分析 比亚迪、五菱、特斯拉排名前三
2021-02-09,2月9日晚间重要行业研究汇总(附股),2月9日晚间重要行业研究汇总(附股)
2021-02-09,长城汽车战略投资地平线，车企加快自研芯片步伐,长城汽车战略投资地平线，车企加快自研芯片步伐
2021-02-09,2020年世界新能源车销量车企排行公布 上汽、比亚迪登榜,2020年世界新能源车销量车企排行公布 上汽、比亚迪登榜
2021-02-09,CRO细分龙头昭衍新药赴港 复制药明康德长牛路径？,CRO细分龙头昭衍新药赴港 复制药明康德长牛路径？
2021-02-09,新年大促：爱奇艺VIP年卡、滴滴出行、芒果TV会员新低,新年大促：爱奇艺VIP年卡、滴滴出行、芒果TV会员新低
2021-02-09,造车新势力：资本泡沫，还是行业革命？,造车新势力：资本泡沫，还是行业革命？
2021-02-09,涨势凶猛！百亿私募扎堆调研这类股，赵诣、傅鹏博已提前重仓,涨势凶猛！百亿私募扎堆调研这类股，赵诣、傅鹏博已提前重仓
2021-02-09,新能源掉队，吉利着急了,新能源掉队，吉利着急了
2021-02-09,1月汽车产量环比下滑16%！车企入局芯片行业，缺“芯”之痛能否激发国产机遇？,1月汽车产量环比下滑16%！车企入局芯片行业，缺“芯”之痛能否激发国产机遇？
2021-02-09,比亚迪等战略加持！地平线C轮融资达9亿美元 已量产车规级芯片,比亚迪等战略加持！地平线C轮融资达9亿美元 已量产车规级芯片
2021-02-09,松井股份：近期与比亚迪、奇瑞等品牌合作正在推进中有望取得其合格供应商资质,松井股份：近期与比亚迪、奇瑞等品牌合作正在推进中有望取得其合格供应商资质
2021-02-09,中国汽车市场一扫2020年的阴霾 一月喜提“开门红”,中国汽车市场一扫2020年的阴霾 一月喜提“开门红”
2021-02-09,明泰铝业：公司订单充足，产能利用率达100%,明泰铝业：公司订单充足，产能利用率达100%
2021-02-09,订单爆涨：动力电池“牛”转乾坤 电池回收或成新蓝海,订单爆涨：动力电池“牛”转乾坤 电池回收或成新蓝海
2021-02-09,中伟股份(300919)：有望打造全球前驱体龙头,中伟股份(300919)：有望打造全球前驱体龙头
2021-02-09,【新时代电新 开文明团队】比亚迪：刀片电池、DM-i助力新能源车龙头两翼齐飞,【新时代电新 开文明团队】比亚迪：刀片电池、DM-i助力新能源车龙头两翼齐飞
2021-02-09,浙江仙通(603239)：成长路径清晰 密封条龙头起航,浙江仙通(603239)：成长路径清晰 密封条龙头起航
2021-02-09,比亚迪率先踏出“碳中和”脚步创新推出三大举措助力零碳化,比亚迪率先踏出“碳中和”脚步创新推出三大举措助力零碳化
2021-02-09,【早安新时代】晨会早读2021/02/09今日关注：联创电子、中芯国际、比亚迪,【早安新时代】晨会早读2021/02/09今日关注：联创电子、中芯国际、比亚迪
2021-02-09,A股融资融券日报：两融余额减少23.79亿元（2月8日）,A股融资融券日报：两融余额减少23.79亿元（2月8日）
2021-02-09,新时代证券：刀片电池、DM-i助力新能源车龙头比亚迪(002594.SZ)，维持“强烈推荐”评级,新时代证券：刀片电池、DM-i助力新能源车龙头比亚迪(002594.SZ)，维持“强烈推荐”评级
2021-02-09,蔚来/宁德时代/比亚迪纷纷发力固态电池 未来市场空间达1500亿元,蔚来/宁德时代/比亚迪纷纷发力固态电池 未来市场空间达1500亿元
2021-02-09,【汽车】汽车行业周报：1月乘用车销量高增长，比亚迪拟筹建高端品牌,【汽车】汽车行业周报：1月乘用车销量高增长，比亚迪拟筹建高端品牌
2021-02-09,中银晨会聚焦-20210209,中银晨会聚焦-20210209
2021-02-09,赵长江能否讲好比亚迪的“高端”故事？,赵长江能否讲好比亚迪的“高端”故事？
2021-02-09,11只个股获融资净买入超亿元 比亚迪居首,11只个股获融资净买入超亿元 比亚迪居首
2021-02-10,晨会聚焦210210重点关注稳健医疗、基本金属周观点、农林牧渔行业周报、比亚迪、希望教育,晨会聚焦210210重点关注稳健医疗、基本金属周观点、农林牧渔行业周报、比亚迪、希望教育
2021-02-10,中汽协发布2021年1月汽车产销数据，五菱夺得桂冠！,中汽协发布2021年1月汽车产销数据，五菱夺得桂冠！
2021-02-10,宇通客车(600066)：限制性股票激励计划发布 奠定周期向上基调,宇通客车(600066)：限制性股票激励计划发布 奠定周期向上基调
2021-02-10,2月10日晚间重要行业研究汇总(附股),2月10日晚间重要行业研究汇总(附股)
2021-02-10,比亚迪涨近5%，市值一度超过中国石油升至两市第13位,比亚迪涨近5%，市值一度超过中国石油升至两市第13位
2021-02-10,比亚迪(002594)：1月新能源销量同比＋183％ 比亚迪汉持续热销,比亚迪(002594)：1月新能源销量同比＋183％ 比亚迪汉持续热销
2021-02-10,比亚迪（002594）1月销量点评：1月新能源销量同比+183%，比亚迪汉持续热销,比亚迪（002594）1月销量点评：1月新能源销量同比+183%，比亚迪汉持续热销
2021-02-10,汽车行业月度销量点评：1月销量符合预期 短期波动对中长期影响较小,汽车行业月度销量点评：1月销量符合预期 短期波动对中长期影响较小
2021-02-10,2020中国储能产业复盘,2020中国储能产业复盘
2021-02-10,A股融资融券日报：两融余额增加34.45亿元（2月9日）,A股融资融券日报：两融余额增加34.45亿元（2月9日）
2021-02-10,节前股市迎来大红包，但这些“消费茅”仍趴地板上,节前股市迎来大红包，但这些“消费茅”仍趴地板上
2021-02-10,中信建投：全球范围内，预计储能大概率成为规模仅次于新能源车的电池市场,中信建投：全球范围内，预计储能大概率成为规模仅次于新能源车的电池市场
2021-02-10,智通港股早知道︱(2月10日) 国家扶持汽车产业力度加大，持续关注比亚迪(01211)等股价强势,智通港股早知道︱(2月10日) 国家扶持汽车产业力度加大，持续关注比亚迪(01211)等股价强势
2021-02-10,2021年1月汽车销量跟踪报告：复苏延续、春节错位 产销同比大增,2021年1月汽车销量跟踪报告：复苏延续、春节错位 产销同比大增
2021-02-10,汽车行业：1月乘用车销量实现开门红 新能源汽车呈现高起步,汽车行业：1月乘用车销量实现开门红 新能源汽车呈现高起步
2021-02-10,长城、比亚迪纷纷入局，地平线完成C3轮3.5亿美元融资,长城、比亚迪纷纷入局，地平线完成C3轮3.5亿美元融资
2021-02-11,春节7板块之新能源车：产销两旺赛道仍在 但隐忧逐渐浮现,春节7板块之新能源车：产销两旺赛道仍在 但隐忧逐渐浮现
2021-02-12,行业“茅”，6成2021股价大涨，4成2020股价翻番,行业“茅”，6成2021股价大涨，4成2020股价翻番
2021-02-12,地平线完成C轮融资！人工智能有望迎IPO大年,地平线完成C轮融资！人工智能有望迎IPO大年
2021-02-12,新款比亚迪e6曝光：宋MAX外观 有望搭刀片电池,新款比亚迪e6曝光：宋MAX外观 有望搭刀片电池
2021-02-13,新一代小米平板要来了下一台你会选择它吗？,新一代小米平板要来了下一台你会选择它吗？
2021-02-13,除夕红包你抢了多少？有人抢了10008元,除夕红包你抢了多少？有人抢了10008元
2021-02-13,快手：除夕领取红包总次数90.3亿有人抢了10008元,快手：除夕领取红包总次数90.3亿有人抢了10008元
2021-02-13,华为也“养猪”了：无人化配机器人巡检,华为也“养猪”了：无人化配机器人巡检
2021-02-13,入华9年首次换代！我们绝不会退出中国市场,入华9年首次换代！我们绝不会退出中国市场
2021-02-13,2020年全球及中国锂离子电池市场竞争格局与发展趋势分析 市场格局发生改变,2020年全球及中国锂离子电池市场竞争格局与发展趋势分析 市场格局发生改变
2021-02-13,自主品牌2020年市占率下滑0.9% 前三强格局未变,自主品牌2020年市占率下滑0.9% 前三强格局未变
2021-02-13,陆家嘴财经早餐2021年2月13日星期六,陆家嘴财经早餐2021年2月13日星期六
2021-02-13,自动驾驶机场摆渡大巴！比亚迪助力日本全日空打造智能化机场,自动驾驶机场摆渡大巴！比亚迪助力日本全日空打造智能化机场
2021-02-14,2021年首月开门红，汽车板块掘金“潜力股”,2021年首月开门红，汽车板块掘金“潜力股”
2021-02-14,你回家过年了吗？百度地图：春运返乡规模大降50%,你回家过年了吗？百度地图：春运返乡规模大降50%
2021-02-14,官方严控：以后这种烟花不能乱买、乱放了,官方严控：以后这种烟花不能乱买、乱放了
2021-02-15,冲击高端车结果“惨烈”吉利下大手笔：全系换2.0T发动机,冲击高端车结果“惨烈”吉利下大手笔：全系换2.0T发动机
2021-02-15,小米11青春版渲染图曝光：把小米11“掰直”了！,小米11青春版渲染图曝光：把小米11“掰直”了！
2021-02-15,《绝地求生》两大新玩法曝光：抄袭《堡垒之夜》？,《绝地求生》两大新玩法曝光：抄袭《堡垒之夜》？
2021-02-15,WindowsDefender漏洞12年未发现近期终于修复 经营问题,WindowsDefender漏洞12年未发现近期终于修复 经营问题
2021-02-15,保时捷抵押车高速上自动停车原因太意外,保时捷抵押车高速上自动停车原因太意外
2021-02-15,特斯拉股票已涨疯！马斯克亲弟弟套现上亿 减持股份,特斯拉股票已涨疯！马斯克亲弟弟套现上亿 减持股份
2021-02-15,不止曝120Hz高刷！曝iPhone12S将首次引入息屏显示功能,不止曝120Hz高刷！曝iPhone12S将首次引入息屏显示功能
2021-02-15,特斯拉会不会降价？证券公司一针见血：新势力“惨了”,特斯拉会不会降价？证券公司一针见血：新势力“惨了”
2021-02-15,曝iPhoneSEPlus或今年亮相：刘海屏、A14加持三千元起售,曝iPhoneSEPlus或今年亮相：刘海屏、A14加持三千元起售
2021-02-15,多车企销量目标公布！二线豪华车市场要彻底变天,多车企销量目标公布！二线豪华车市场要彻底变天
2021-02-16,猪队友曝光RTX3070Ti：堆料豪华,猪队友曝光RTX3070Ti：堆料豪华
2021-02-16,看个电影要160块钱网友吐槽电影票大涨价：解释来了,看个电影要160块钱网友吐槽电影票大涨价：解释来了
2021-02-16,茶叶公司信阳毛尖宣布更名为国龙茅台网友：以为是段子 业务变化,茶叶公司信阳毛尖宣布更名为国龙茅台网友：以为是段子 业务变化
2021-02-16,苹果首度挤牙膏！A15芯片跑分曝光：提升只有个位数,苹果首度挤牙膏！A15芯片跑分曝光：提升只有个位数
2021-02-16,5G测速终于不用国外APP了可能是最强的国产工具来了,5G测速终于不用国外APP了可能是最强的国产工具来了
2021-02-16,比尔盖茨大女儿接种新冠疫苗：不忘开老爸玩笑,比尔盖茨大女儿接种新冠疫苗：不忘开老爸玩笑
2021-02-17,高盛升比亚迪新能源车销售预测，目标价看293港元,高盛升比亚迪新能源车销售预测，目标价看293港元
2021-02-17,比亚迪回应高瓴参与定增：不予置评,比亚迪回应高瓴参与定增：不予置评
2021-02-17,新能源汽车、光伏、白酒...最火行业都在这里！牛年它们怎么走？,新能源汽车、光伏、白酒...最火行业都在这里！牛年它们怎么走？
2021-02-17,先进制程订单已排到2年后！台积电紧急抽调千人协助生产,先进制程订单已排到2年后！台积电紧急抽调千人协助生产
2021-02-17,春节档总票房破75亿：冠军无悬念、贾玲电影超预期,春节档总票房破75亿：冠军无悬念、贾玲电影超预期
2021-02-17,AMD光追才是未来？开发商：PS5/XSX的光追有无数可能,AMD光追才是未来？开发商：PS5/XSX的光追有无数可能
2021-02-17,高盛：升比亚迪股份(01211)目标价至293港元，予“中性”评级,高盛：升比亚迪股份(01211)目标价至293港元，予“中性”评级
2021-02-17,大行评级|高盛：升比亚迪(1211.HK)目标价至293港元评级“中性”,大行评级|高盛：升比亚迪(1211.HK)目标价至293港元评级“中性”
2021-02-17,日本地震威力太大！丰田汽车损失惨重 自然灾害,日本地震威力太大！丰田汽车损失惨重 自然灾害
2021-02-17,目标零碳！比亚迪启动碳中和规划研究,目标零碳！比亚迪启动碳中和规划研究
2021-02-17,电气设备行业跟踪报告：1月国内新能源车销量创历史新高 全年高增可期,电气设备行业跟踪报告：1月国内新能源车销量创历史新高 全年高增可期
2021-02-17,苹果将取消iPhone12售后福利：不再免费换新原因亮了,苹果将取消iPhone12售后福利：不再免费换新原因亮了
2021-02-17,2021年内存大涨价国产内存拼了：突破卡脖子技术,2021年内存大涨价国产内存拼了：突破卡脖子技术
2021-02-17,Intel单核跑分神了！35W低频版秒Zen3全家,Intel单核跑分神了！35W低频版秒Zen3全家
2021-02-17,31省区市本土确诊零新增！10天来仅1例,31省区市本土确诊零新增！10天来仅1例
2021-02-17,亚马逊历时六年开发的MMO大作终于要来了,亚马逊历时六年开发的MMO大作终于要来了
2021-02-17,日本7.3级地震全球汽车芯片更难过了 自然灾害,日本7.3级地震全球汽车芯片更难过了 自然灾害
2021-02-17,彻底卖疯！特斯拉ModelY遭国人疯抢提车“遥遥无期”,彻底卖疯！特斯拉ModelY遭国人疯抢提车“遥遥无期”
2021-02-17,勇破10GB/s！国产PCIe4.0SSD又一全球首创,勇破10GB/s！国产PCIe4.0SSD又一全球首创
2021-02-17,16核心+IPC性能提升20%Intel十二代酷睿牛气回来了,16核心+IPC性能提升20%Intel十二代酷睿牛气回来了
2021-02-17,iPhone13新功能曝光：支持天体摄影+息屏显示,iPhone13新功能曝光：支持天体摄影+息屏显示
2021-02-18,宁德时代、比亚迪参股，磷酸铁锂生产商湖南裕能拟A股IPO,宁德时代、比亚迪参股，磷酸铁锂生产商湖南裕能拟A股IPO
2021-02-18,再抛新的定增计划：高瓴2亿美金参与 比亚迪又有大动作,再抛新的定增计划：高瓴2亿美金参与 比亚迪又有大动作
2021-02-18,三花智控(002050)：新能源热管理龙头持续斩获新订单,三花智控(002050)：新能源热管理龙头持续斩获新订单
2021-02-18,甩掉行业老二称号，比亚迪撬动万亿市值近在眼前！,甩掉行业老二称号，比亚迪撬动万亿市值近在眼前！
2021-02-18,史上最高频率！RX6900XT毒药终于来了,史上最高频率！RX6900XT毒药终于来了
2021-02-18,智能手机演进史盘点那些手机上消失的功能组件,智能手机演进史盘点那些手机上消失的功能组件
2021-02-18,电池的无钴趋势与钴焦虑,电池的无钴趋势与钴焦虑
2021-02-18,2月18日晚间重要行业研究汇总(附股),2月18日晚间重要行业研究汇总(附股)
2021-02-18,苹果概念股分化明显，比亚迪、立讯精密、工业富联、京东方、蓝思、歌尔均下滑,苹果概念股分化明显，比亚迪、立讯精密、工业富联、京东方、蓝思、歌尔均下滑
2021-02-18,新能源汽车行业系列点评十一：上海新政倾向纯电 插混竞争加剧,新能源汽车行业系列点评十一：上海新政倾向纯电 插混竞争加剧
2021-02-18,比亚迪完成2亿美元定增，高瓴资本投资,比亚迪完成2亿美元定增，高瓴资本投资
2021-02-18,牛年首个交易日三大指数高开低走全年看好转型科技+大众消费|思维市场关注,牛年首个交易日三大指数高开低走全年看好转型科技+大众消费|思维市场关注
2021-02-18,高瓴资本加持、高盛提高预期 比亚迪特斯拉或迎对决年,高瓴资本加持、高盛提高预期 比亚迪特斯拉或迎对决年
2021-02-18,港股收盘：恒生科技指数跌超3% 国美零售大跌14%抹去黄光裕获释后涨幅 连续下跌,港股收盘：恒生科技指数跌超3% 国美零售大跌14%抹去黄光裕获释后涨幅 连续下跌
2021-02-18,华安证券给予比亚迪买入评级，“上攻”与“下探”并重，品牌与销量齐升,华安证券给予比亚迪买入评级，“上攻”与“下探”并重，品牌与销量齐升
2021-02-18,开启资本暴风吸入模式？比亚迪再获2亿美元定增,开启资本暴风吸入模式？比亚迪再获2亿美元定增
2021-02-18,特斯拉在日美降价，高瓴资本参与比亚迪定增丨第一财经汽车日评,特斯拉在日美降价，高瓴资本参与比亚迪定增丨第一财经汽车日评
2021-02-18,比亚迪(002594)：“上攻”与“下探”并重 品牌与销量齐升,比亚迪(002594)：“上攻”与“下探”并重 品牌与销量齐升
2021-02-18,锂电池行业月报：销量高增长 短期需谨慎,锂电池行业月报：销量高增长 短期需谨慎
2021-02-18,叶叶财经：今天是牛年第一个股票交易日，股市红包抢得真刺激！,叶叶财经：今天是牛年第一个股票交易日，股市红包抢得真刺激！
2021-02-18,【车企动态】一石激起千层浪！高瓴联手比亚迪，行业变局正酝酿？,【车企动态】一石激起千层浪！高瓴联手比亚迪，行业变局正酝酿？
2021-02-18,高瓴拟2亿美元参与比亚迪H股定增，相关事项有诸多疑惑待解,高瓴拟2亿美元参与比亚迪H股定增，相关事项有诸多疑惑待解
2021-02-18,巴菲特已大赚30倍，高瓴为何此时入股比亚迪？,巴菲特已大赚30倍，高瓴为何此时入股比亚迪？
2021-02-18,个股研报：品牌价值突出，龙头地位牢固,个股研报：品牌价值突出，龙头地位牢固
2021-02-18,浙商证券--乘用车行业点评报告：特斯拉供不应求，乘用车需求强劲【行业研究】,浙商证券--乘用车行业点评报告：特斯拉供不应求，乘用车需求强劲【行业研究】
2021-02-18,高瓴2亿美金参与！比亚迪又有大动作,高瓴2亿美金参与！比亚迪又有大动作
2021-02-18,宇通市场份额超1/3 中车、比亚迪1月中客销量增幅破百,宇通市场份额超1/3 中车、比亚迪1月中客销量增幅破百
2021-02-18,国信证券：比亚迪(002594.SZ)1月新能源销量同比+183%，维持“增持”评级,国信证券：比亚迪(002594.SZ)1月新能源销量同比+183%，维持“增持”评级
2021-02-18,GPU性能媲美GTX1070！苹果M1X处理器现身跑分网站,GPU性能媲美GTX1070！苹果M1X处理器现身跑分网站
2021-02-18,比亚迪确认高瓴资本参与最新一轮定增 百度计划与YY Live进行深度整合 | 午报,比亚迪确认高瓴资本参与最新一轮定增 百度计划与YY Live进行深度整合 | 午报
2021-02-18,汽车行业：聚焦高质量发展 三条主线前瞻布局“两会”主题,汽车行业：聚焦高质量发展 三条主线前瞻布局“两会”主题
2021-02-18,高瓴资本拟以超过2亿美元参与认购？比亚迪：不予置评,高瓴资本拟以超过2亿美元参与认购？比亚迪：不予置评
2021-02-18,犀牛财经早报：国美控股黄光裕获释亿航遭Wolfpack做空,犀牛财经早报：国美控股黄光裕获释亿航遭Wolfpack做空
2021-02-18,港股盘前必读：1月初步访港旅客数字约4370人次同比下跌99.9%,港股盘前必读：1月初步访港旅客数字约4370人次同比下跌99.9%
2021-02-18,春节期间全球财经大事汇总,春节期间全球财经大事汇总
2021-02-18,公司快讯|百度第四季度营收303亿元，国美创始人黄光裕正式获释，比亚迪回应高瓴参与定增,公司快讯|百度第四季度营收303亿元，国美创始人黄光裕正式获释，比亚迪回应高瓴参与定增
2021-02-18,A股融资融券日报：两融余额减少208.35亿元（2月11日）,A股融资融券日报：两融余额减少208.35亿元（2月11日）
2021-02-18,网购包裹损坏谁担责？这个“坑”很多人不知道,网购包裹损坏谁担责？这个“坑”很多人不知道
2021-02-18,比特币突破5.2万美元：血本无归也只是一瞬间,比特币突破5.2万美元：血本无归也只是一瞬间
2021-02-18,整车企业入局芯片行业缺“芯”之痛激发国产机遇,整车企业入局芯片行业缺“芯”之痛激发国产机遇
2021-02-18,新能源汽车、光伏、白酒……最火行业牛年怎么走？,新能源汽车、光伏、白酒……最火行业牛年怎么走？
2021-02-18,高瓴斥15.6亿入股比亚迪(01211-HK)高盛大幅上调目标价,高瓴斥15.6亿入股比亚迪(01211-HK)高盛大幅上调目标价
2021-02-18,中金：如何看待有色板块的春季行情？,中金：如何看待有色板块的春季行情？
2021-02-18,上海新政倾向纯电 插混竞争加剧 | 新能源汽车行业系列点评十一【华西汽车 崔琰团队】,上海新政倾向纯电 插混竞争加剧 | 新能源汽车行业系列点评十一【华西汽车 崔琰团队】
2021-02-18,高瓴资本清仓三大造车新势力！又传2亿美金定增比亚迪,高瓴资本清仓三大造车新势力！又传2亿美金定增比亚迪
2021-02-18,春节期间全国快递处理量6.6亿件：邮政、顺丰、京东之外还有惊喜,春节期间全国快递处理量6.6亿件：邮政、顺丰、京东之外还有惊喜
2021-02-18,比亚迪确认高瓴资本参与比亚迪最新一轮定增,比亚迪确认高瓴资本参与比亚迪最新一轮定增
2021-02-18,快讯丨李云飞独家回应：高瓴资本参与比亚迪最新一轮定增,快讯丨李云飞独家回应：高瓴资本参与比亚迪最新一轮定增
2021-02-18,解盘：A股开门红，个股普涨，数字货币、稀土、半导体表现佳,解盘：A股开门红，个股普涨，数字货币、稀土、半导体表现佳
2021-02-18,春节期间全国快递处理量6.6亿件：同比增长260%你最爱哪一家？,春节期间全国快递处理量6.6亿件：同比增长260%你最爱哪一家？
2021-02-18,北向资金大幅加仓股名单,北向资金大幅加仓股名单
2021-02-18,苹果春季发布会3月16日举行：新iPad/mini屏幕、配置全升级,苹果春季发布会3月16日举行：新iPad/mini屏幕、配置全升级
2021-02-18,比亚迪e6换代有望换装刀片电池 续航500公里+,比亚迪e6换代有望换装刀片电池 续航500公里+
2021-02-18,中国疫苗V5！不怕两种变异新冠病毒,中国疫苗V5！不怕两种变异新冠病毒
2021-02-18,比亚迪“出圈”，巴西市场超越隆基晶澳,比亚迪“出圈”，巴西市场超越隆基晶澳
2021-02-19,A股主力资金流向（2月19日）：60亿资金撤离有色金属行业,A股主力资金流向（2月19日）：60亿资金撤离有色金属行业
2021-02-19,比亚迪今日出现4笔共计37.6亿元大宗交易，机构折价接盘,比亚迪今日出现4笔共计37.6亿元大宗交易，机构折价接盘
2021-02-19,"比亚迪现4笔大宗交易 共成交375,632.41万元","比亚迪现4笔大宗交易 共成交375,632.41万元"
2021-02-19,小米再传造车，股价尾盘一度直线飙升逾12%,小米再传造车，股价尾盘一度直线飙升逾12%
2021-02-19,北向资金今日净买入95.53亿元，美的集团净买入额创历史新高,北向资金今日净买入95.53亿元，美的集团净买入额创历史新高
2021-02-19,北向资金净买入95.53亿元 比亚迪净卖出额居首,北向资金净买入95.53亿元 比亚迪净卖出额居首
2021-02-19,透视大宗交易：2月19日比亚迪成交37.56亿元，科大讯飞、国信证券上榜,透视大宗交易：2月19日比亚迪成交37.56亿元，科大讯飞、国信证券上榜
2021-02-19,群益证券(香港)--1月汽车行业销量点评：低基期下乘用车和商用车销量均同比大幅增长【行业研究】,群益证券(香港)--1月汽车行业销量点评：低基期下乘用车和商用车销量均同比大幅增长【行业研究】
2021-02-19,北向资金今日净流入超95亿元，净卖出比亚迪7.1亿元,北向资金今日净流入超95亿元，净卖出比亚迪7.1亿元
2021-02-19,比亚迪版“奥迪A6”交付：刀片电池告别自燃,比亚迪版“奥迪A6”交付：刀片电池告别自燃
2021-02-19,我比较关注的三位兴全旗下基金经理,我比较关注的三位兴全旗下基金经理
2021-02-19,比亚迪今日大宗交易成交1592万股，成交价235.95元折价8.32%,比亚迪今日大宗交易成交1592万股，成交价235.95元折价8.32%
2021-02-19,1月新能源批发量TOP30：宏光MINI扩大领先优势比亚迪汉EV与Model3缩小差距,1月新能源批发量TOP30：宏光MINI扩大领先优势比亚迪汉EV与Model3缩小差距
2021-02-19,3只股获北向资金连续净卖出,3只股获北向资金连续净卖出
2021-02-19,A股共发生107宗大宗交易成交59.47亿元（2月19日）,A股共发生107宗大宗交易成交59.47亿元（2月19日）
2021-02-19,ARK每日追踪 | 大买Palantir超1亿美元！减持腾讯、比亚迪 减持股份,ARK每日追踪 | 大买Palantir超1亿美元！减持腾讯、比亚迪 减持股份
2021-02-19,近四万辆电动公共交通车辆！美媒：深圳是美国梦寐以求的未来城市,近四万辆电动公共交通车辆！美媒：深圳是美国梦寐以求的未来城市
2021-02-19,高瓴资本挤破头也要买比亚迪，电池这张“车票”有多难抢？,高瓴资本挤破头也要买比亚迪，电池这张“车票”有多难抢？
2021-02-19,小米再传造车：一边否认一边布局，小米模式能在汽车领域复制吗？,小米再传造车：一边否认一边布局，小米模式能在汽车领域复制吗？
2021-02-19,广东省委书记李希：比亚迪要继续深耕新能源汽车等优势领域,广东省委书记李希：比亚迪要继续深耕新能源汽车等优势领域
2021-02-19,【犇向2021】现在追高汽车股，会变成待割的韭菜吗？,【犇向2021】现在追高汽车股，会变成待割的韭菜吗？
2021-02-19,高瓴资本相中的股票遭甩卖，两天净卖超40亿，这些抱团股主力出逃,高瓴资本相中的股票遭甩卖，两天净卖超40亿，这些抱团股主力出逃
2021-02-19,高瓴美股清仓造车新势力，却大买比亚迪，什么信号？,高瓴美股清仓造车新势力，却大买比亚迪，什么信号？
2021-02-19,上市深企业绩众生相：有的年挣70亿，有的亏百亿获首富接盘 亏损,上市深企业绩众生相：有的年挣70亿，有的亏百亿获首富接盘 亏损
2021-02-19,比亚迪汉国内首搭博世IPB智能集成制动系统,比亚迪汉国内首搭博世IPB智能集成制动系统
2021-02-19,刚刚，明星中概股集体崩了！核心资产要被抛弃？,刚刚，明星中概股集体崩了！核心资产要被抛弃？
2021-02-19,清仓“电动车三傻”高瓴资本13亿押注比亚迪,清仓“电动车三傻”高瓴资本13亿押注比亚迪
2021-02-19,高瓴资本入股比亚迪 新能源车行业吸金“滔滔不绝”,高瓴资本入股比亚迪 新能源车行业吸金“滔滔不绝”
2021-02-19,上市公司套保需求上升，期货业开拓“蓝海”服务实体经济,上市公司套保需求上升，期货业开拓“蓝海”服务实体经济
2021-02-19,汽车新定义09期|逆变器问题导致频繁召回，新能源车企争相布局碳化硅 产品问题,汽车新定义09期|逆变器问题导致频繁召回，新能源车企争相布局碳化硅 产品问题
2021-02-19,电动车1月销量点评：1月销量好于预期 爆款车型热度持续,电动车1月销量点评：1月销量好于预期 爆款车型热度持续
2021-02-19,港股盘前必读：高瓴资本斥资2亿美元参与比亚迪最新一轮股票定增,港股盘前必读：高瓴资本斥资2亿美元参与比亚迪最新一轮股票定增
2021-02-19,A股融资融券日报：两融余额增加250.86亿元（2月18日）,A股融资融券日报：两融余额增加250.86亿元（2月18日）
2021-02-19,券商首次关注3股并给予买入评级（2月19日）,券商首次关注3股并给予买入评级（2月19日）
2021-02-19,每日理财观察：近百只基金蓄势待发,每日理财观察：近百只基金蓄势待发
2021-02-19,银河证券每日晨报,银河证券每日晨报
2021-02-19,小米造车，到底还在等什么？,小米造车，到底还在等什么？
2021-02-19,高瓴美股清仓造车新势力，反手大买比亚迪，什么信号？（附高瓴新能源投资版图）,高瓴美股清仓造车新势力，反手大买比亚迪，什么信号？（附高瓴新能源投资版图）
2021-02-19,清仓“电动车三傻” 高瓴资本斥资13亿元参与比亚迪最新一轮定增,清仓“电动车三傻” 高瓴资本斥资13亿元参与比亚迪最新一轮定增
2021-02-19,午评：港股恒指跌0.85% 恒生科技指数跌超2%,午评：港股恒指跌0.85% 恒生科技指数跌超2%
2021-02-19,【2.19锂电快讯】理想汽车累计交付量突破4万辆*龙蟒佰利跨界进入磷酸铁锂市场,【2.19锂电快讯】理想汽车累计交付量突破4万辆*龙蟒佰利跨界进入磷酸铁锂市场
2021-02-19,2020年国内动力电池装机量TOP10,2020年国内动力电池装机量TOP10
2021-02-19,新能源产业链核心公司双周观察,新能源产业链核心公司双周观察
2021-02-19,全新ID！华为新机皇降临：这设计爱了,全新ID！华为新机皇降临：这设计爱了
2021-02-19,比亚迪驶入黑海西岸 罗马尼亚最大港口城市迎首支纯电动巴士车队,比亚迪驶入黑海西岸 罗马尼亚最大港口城市迎首支纯电动巴士车队
2021-02-19,解盘：高位白马调整，生物育种、动物疫苗、乳业领涨,解盘：高位白马调整，生物育种、动物疫苗、乳业领涨
2021-02-20,NVIDIA官宣进军挖矿！RTX 30显卡有救了,NVIDIA官宣进军挖矿！RTX 30显卡有救了
2021-02-20,2分钟读财报|清仓蔚来、小鹏和理想 高领为何押注比亚迪,2分钟读财报|清仓蔚来、小鹏和理想 高领为何押注比亚迪
2021-02-20,高瓴、景林和桥水等私募组团重仓拼多多,高瓴、景林和桥水等私募组团重仓拼多多
2021-02-20,等了7年 小米汽车真的来了？,等了7年 小米汽车真的来了？
2021-02-20,重磅！2021年50大金股之新能源，4大黄金赛道，大牛股摇篮,重磅！2021年50大金股之新能源，4大黄金赛道，大牛股摇篮
2021-02-20,清仓三家造车新势力公司后，高瓴资本斥资13亿买入比亚迪,清仓三家造车新势力公司后，高瓴资本斥资13亿买入比亚迪
2021-02-20,北向资金岁首动向盘点：大买医药，大卖化工,北向资金岁首动向盘点：大买医药，大卖化工
2021-02-20,增长23.7% 比亚迪宋家族1月销量达16682辆,增长23.7% 比亚迪宋家族1月销量达16682辆
2021-02-20,深受资本青睐 比亚迪获得高瓴资本定增,深受资本青睐 比亚迪获得高瓴资本定增
2021-02-20,小米造车：遇上风口，难题不少,小米造车：遇上风口，难题不少
2021-02-20,A股“核心资产”下跌，一场有征兆的风险逻辑争执,A股“核心资产”下跌，一场有征兆的风险逻辑争执
2021-02-20,小米要造车？市值涨900亿，科技巨头为啥群起造车,小米要造车？市值涨900亿，科技巨头为啥群起造车
2021-02-20,小米再传将造车 与比亚迪过往合作引猜测,小米再传将造车 与比亚迪过往合作引猜测
2021-02-20,嘉元转债申购价值分析：深耕锂电铜箔 中期产能翻倍,嘉元转债申购价值分析：深耕锂电铜箔 中期产能翻倍
2021-02-20,”清仓“造车新势力三强，高瓴资本斥资2亿美金参与比亚迪最新定增,”清仓“造车新势力三强，高瓴资本斥资2亿美金参与比亚迪最新定增
2021-02-21,A股分红10万亿，部分大市值股息率低得让人震惊,A股分红10万亿，部分大市值股息率低得让人震惊
2021-02-21,周观点 | 巨头入局新品蓄势 电动智能加速发展【华西汽车 崔琰团队】,周观点 | 巨头入局新品蓄势 电动智能加速发展【华西汽车 崔琰团队】
2021-02-21,一行业突然集中跨界新能源，更有巨头百亿杀入！补贴退坡这类电池逆袭，哪些A股公司要火？,一行业突然集中跨界新能源，更有巨头百亿杀入！补贴退坡这类电池逆袭，哪些A股公司要火？
2021-02-21,超级优势：钛白粉企业集中跨界新能源 更有巨头百亿杀入,超级优势：钛白粉企业集中跨界新能源 更有巨头百亿杀入
2021-02-21,1月力帆燃油车仅卖1辆 五菱宏光新款“神车”当销冠,1月力帆燃油车仅卖1辆 五菱宏光新款“神车”当销冠
2021-02-21,第一只科创板可转债来了！谁能买、值得买吗？,第一只科创板可转债来了！谁能买、值得买吗？
2021-02-21,谁最可能是特斯拉的那个来自中国的对手？比亚迪！,谁最可能是特斯拉的那个来自中国的对手？比亚迪！
2021-02-21,消息人士：现代或将重点考虑比亚迪刀片电池,消息人士：现代或将重点考虑比亚迪刀片电池
2021-02-21,一周热点 | 2020年新能源车相关企业注册量同比增70.8%；百度将与吉利成立合资公司,一周热点 | 2020年新能源车相关企业注册量同比增70.8%；百度将与吉利成立合资公司
2021-02-21,【方正电新丨周观点】新能源汽车需求持续旺盛，光伏210产品渗透率有望提升,【方正电新丨周观点】新能源汽车需求持续旺盛，光伏210产品渗透率有望提升
2021-02-21,抱团要瓦解？机构慌了？看看“聪明资金”怎么操作,抱团要瓦解？机构慌了？看看“聪明资金”怎么操作
2021-02-21,薛定谔的小米造车？官方暧昧回应：等等看看，暂时没有,薛定谔的小米造车？官方暧昧回应：等等看看，暂时没有
2021-02-21,策略前瞻之一百六十：全球经济复苏推动周期板块领涨 政策收紧预期促进高低估值收敛,策略前瞻之一百六十：全球经济复苏推动周期板块领涨 政策收紧预期促进高低估值收敛
2021-02-21,敢开“电动爹”回老家，你说我胆子大不大？,敢开“电动爹”回老家，你说我胆子大不大？
2021-02-21,中伟股份(300919)事件点评：乘电动之风 打造全球前驱体龙头,中伟股份(300919)事件点评：乘电动之风 打造全球前驱体龙头
2021-02-21,小米造车，到底还在等什么？,小米造车，到底还在等什么？
2021-02-22,现代或重点考虑比亚迪刀片电池？前者回应：非官方信息暂不做透露,现代或重点考虑比亚迪刀片电池？前者回应：非官方信息暂不做透露
2021-02-22,比亚迪赵长江：汉系列将搭载华为HMS for Car快应用服务,比亚迪赵长江：汉系列将搭载华为HMS for Car快应用服务
2021-02-22,历经62年 中国终于有了一款“能打”的C级轿车！,历经62年 中国终于有了一款“能打”的C级轿车！
2021-02-22,国内首个电网级储能系统通过热失控安全评估,国内首个电网级储能系统通过热失控安全评估
2021-02-22,杭可科技(688006)：拐点显现 进入高增长期2,杭可科技(688006)：拐点显现 进入高增长期2
2021-02-22,引领未来手机新形态！华为Mate X2发布会直播,引领未来手机新形态！华为Mate X2发布会直播
2021-02-22,传上汽斥巨资造芯，业界：车企短期内造芯不现实！,传上汽斥巨资造芯，业界：车企短期内造芯不现实！
2021-02-22,首只科创板转债：嘉元转债投资价值分析,首只科创板转债：嘉元转债投资价值分析
2021-02-22,A股主力资金流向（2月22日）：基金重仓股遭猛烈抛售,A股主力资金流向（2月22日）：基金重仓股遭猛烈抛售
2021-02-22,抱团股群崩：高估大票仍需谨慎，错杀股或迎机遇,抱团股群崩：高估大票仍需谨慎，错杀股或迎机遇
2021-02-22,节后锂电材料全面补涨 锂电厂毛利率或再下滑 盈利能力下降,节后锂电材料全面补涨 锂电厂毛利率或再下滑 盈利能力下降
2021-02-22,苹果：造车还没影，“撩骚”第一名？,苹果：造车还没影，“撩骚”第一名？
2021-02-22,获高瓴2亿美元增资，比亚迪仍有“焦虑”,获高瓴2亿美元增资，比亚迪仍有“焦虑”
2021-02-22,特斯拉大口“吞噬”BBA份额，上海车市频上演“大鱼吃小鱼”,特斯拉大口“吞噬”BBA份额，上海车市频上演“大鱼吃小鱼”
2021-02-22,*ST融捷2020年销售锂精矿7.07万吨锂矿采选业务扭亏为盈,*ST融捷2020年销售锂精矿7.07万吨锂矿采选业务扭亏为盈
2021-02-22,如何评估前驱体龙头中伟股份“北部湾项目”的战略逻辑？,如何评估前驱体龙头中伟股份“北部湾项目”的战略逻辑？
2021-02-22,中国品牌高端C级轿车成了！比亚迪汉跻身25万元级中高端轿车万辆俱乐部,中国品牌高端C级轿车成了！比亚迪汉跻身25万元级中高端轿车万辆俱乐部
2021-02-22,钛白粉企业集中跨界新能源 市场供需两端或迎放量,钛白粉企业集中跨界新能源 市场供需两端或迎放量
2021-02-22,清仓“电动车三傻” 高瓴资本13亿押注比亚迪,清仓“电动车三傻” 高瓴资本13亿押注比亚迪
2021-02-22,BBA慌了？比亚迪汉跻身25万元级中高端轿车万辆俱乐部,BBA慌了？比亚迪汉跻身25万元级中高端轿车万辆俱乐部
2021-02-22,钛白粉企业跑步进场 磷酸铁锂迎来资本混战,钛白粉企业跑步进场 磷酸铁锂迎来资本混战
2021-02-22,A股分红10万亿，部分大市值股息率低得让人震惊,A股分红10万亿，部分大市值股息率低得让人震惊
2021-02-22,身边的新能源车故事：产品日新月异，从无车可选到眼花缭乱,身边的新能源车故事：产品日新月异，从无车可选到眼花缭乱
2021-02-22,【中金汽车】新能源月度观察：全球较高景气度持续,【中金汽车】新能源月度观察：全球较高景气度持续
2021-02-22,东吴证券--汽车行业周报：2月第一周零售环比+15%，全面看多【行业研究】,东吴证券--汽车行业周报：2月第一周零售环比+15%，全面看多【行业研究】
2021-02-22,钛白粉企业集中跨界新能源 “变废为宝”有望突出成本优势,钛白粉企业集中跨界新能源 “变废为宝”有望突出成本优势
2021-02-22,吉利急了：李书福万字动员书背后的激流,吉利急了：李书福万字动员书背后的激流
2021-02-22,A股融资融券日报：两融余额增加72.52亿元（2月19日）,A股融资融券日报：两融余额增加72.52亿元（2月19日）
2021-02-22,百度小米造车，高瓴却已出清“新势力”：现在入局是否赶了晚集？,百度小米造车，高瓴却已出清“新势力”：现在入局是否赶了晚集？
2021-02-22,渤海证券--汽车行业月报：1月车市迎开门红，行业景气度延续【行业研究】,渤海证券--汽车行业月报：1月车市迎开门红，行业景气度延续【行业研究】
2021-02-22,携手华为、比亚迪 这家渝企成功打造“无人智慧园区物流”样板,携手华为、比亚迪 这家渝企成功打造“无人智慧园区物流”样板
2021-02-22,比亚迪1月销量点评,比亚迪1月销量点评
2021-02-22,银河微电：比亚迪是公司在汽车电子领域主要合作客户之一,银河微电：比亚迪是公司在汽车电子领域主要合作客户之一
2021-02-22,A股早报2021年2月22日星期一,A股早报2021年2月22日星期一
2021-02-22,磷酸铁锂近期集中迎一批“新生力量”,磷酸铁锂近期集中迎一批“新生力量”
2021-02-23,比亚迪公布“基于车辆的游戏功能键位的键值配置方法及车辆”的发明专利,比亚迪公布“基于车辆的游戏功能键位的键值配置方法及车辆”的发明专利
2021-02-23,比亚迪公布两项专利 可利用车载设备体验车辆游戏功能,比亚迪公布两项专利 可利用车载设备体验车辆游戏功能
2021-02-23,比亚迪汉月销过万 迈向高端之路“初战告捷”,比亚迪汉月销过万 迈向高端之路“初战告捷”
2021-02-23,固定收益点评报告：高性能锂电铜箔领先供应商――嘉元转债发行报告,固定收益点评报告：高性能锂电铜箔领先供应商――嘉元转债发行报告
2021-02-23,极光(JG.US)签约比亚迪DiLink，携手助推新能源汽车行业数字化升级,极光(JG.US)签约比亚迪DiLink，携手助推新能源汽车行业数字化升级
2021-02-23,A股收盘综述：创业板指连跌四日，汽车、煤炭、石油化工、猪肉板块领跌,A股收盘综述：创业板指连跌四日，汽车、煤炭、石油化工、猪肉板块领跌
2021-02-23,汽车汽配行业能源变革专题研究之二：新能源车为“碳中和”主旋律之一,汽车汽配行业能源变革专题研究之二：新能源车为“碳中和”主旋律之一
2021-02-23,2021年中国电池新能源行业六大预测：潜力与隐忧并存,2021年中国电池新能源行业六大预测：潜力与隐忧并存
2021-02-23,比亚迪今日大宗交易成交4.57万股，成交价215.58元折价4.19%,比亚迪今日大宗交易成交4.57万股，成交价215.58元折价4.19%
2021-02-23,攻克折叠屏手机痛点！比亚迪新专利可消除屏幕折痕,攻克折叠屏手机痛点！比亚迪新专利可消除屏幕折痕
2021-02-23,比亚迪被授权“电子烟充电装置相关专利”,比亚迪被授权“电子烟充电装置相关专利”
2021-02-23,极光签约比亚迪DiLink 盘前涨超22%,极光签约比亚迪DiLink 盘前涨超22%
2021-02-23,【万联电子 | 首次覆盖】长信科技：跃千里以长信，触显一个新时代,【万联电子 | 首次覆盖】长信科技：跃千里以长信，触显一个新时代
2021-02-23,新华财经|“造车热”再升温 前2月新能源汽车投融资已达13起,新华财经|“造车热”再升温 前2月新能源汽车投融资已达13起
2021-02-23,大资金砸盘新能源车龙头，出逃资金超17亿元,大资金砸盘新能源车龙头，出逃资金超17亿元
2021-02-23,动力电池市场迎来开门红，1月装机量猛增273.9%至8.7GWh,动力电池市场迎来开门红，1月装机量猛增273.9%至8.7GWh
2021-02-23,【浙商电新|邓伟】1月装机符合预期——新能源汽车及锂电系列之三,【浙商电新|邓伟】1月装机符合预期——新能源汽车及锂电系列之三
2021-02-23,国信证券--汽车汽配：能源变革专题研究之二-新能源车为“碳中和”主旋律之一【行业研究】,国信证券--汽车汽配：能源变革专题研究之二-新能源车为“碳中和”主旋律之一【行业研究】
2021-02-23,A股主力资金流向（2月23日）：近120亿元逃离材料行业,A股主力资金流向（2月23日）：近120亿元逃离材料行业
2021-02-23,比亚迪跌幅扩大至6%，成交金额89亿元,比亚迪跌幅扩大至6%，成交金额89亿元
2021-02-23,固定收益专题报告：转债新券基本面前瞻(嘉元科技、三花智控),固定收益专题报告：转债新券基本面前瞻(嘉元科技、三花智控)
2021-02-23,中银证券--汽车行业月报：1月汽车销量迎开门红，新能源销量再创新高【行业研究】,中银证券--汽车行业月报：1月汽车销量迎开门红，新能源销量再创新高【行业研究】
2021-02-23,比亚迪公布“柔性屏用折叠装置和移动终端”发明专利,比亚迪公布“柔性屏用折叠装置和移动终端”发明专利
2021-02-23,“算力”受宠，汽车智能化军备竞赛开启,“算力”受宠，汽车智能化军备竞赛开启
2021-02-23,贝莱德持有比亚迪H股好仓比例由5.01%降至4.89%,贝莱德持有比亚迪H股好仓比例由5.01%降至4.89%
2021-02-23,深度*行业*汽车行业周报：1月新能源销量再创记录 双积分政策利好轻混,深度*行业*汽车行业周报：1月新能源销量再创记录 双积分政策利好轻混
2021-02-23,8家上市车企净利预增，行业呈现两极分化态势,8家上市车企净利预增，行业呈现两极分化态势
2021-02-23,“抱团”股白酒带头瓦解，中小票代表逆势上涨,“抱团”股白酒带头瓦解，中小票代表逆势上涨
2021-02-23,赣锋锂业、比亚迪均跌近7%，锂电池板块承压,赣锋锂业、比亚迪均跌近7%，锂电池板块承压
2021-02-23,比亚迪（01112）汉强势崛起，“价格屠夫”特斯拉Model 3遇劲敌,比亚迪（01112）汉强势崛起，“价格屠夫”特斯拉Model 3遇劲敌
2021-02-23,快讯：汽车板块早盘持续走弱 比亚迪、长城汽车领跌,快讯：汽车板块早盘持续走弱 比亚迪、长城汽车领跌
2021-02-23,A股融资融券日报：两融余额增加99.09亿元（2月22日）,A股融资融券日报：两融余额增加99.09亿元（2月22日）
2021-02-23,获高瓴2亿美元增资：比亚迪仍有“焦虑”,获高瓴2亿美元增资：比亚迪仍有“焦虑”
2021-02-23,汽车汽配-2020年报预告前瞻：疫情、升级、进口替代，优质企业脱颖而出,汽车汽配-2020年报预告前瞻：疫情、升级、进口替代，优质企业脱颖而出
2021-02-23,全系免费升级！传比亚迪汉DM将推出保电功能 兼顾动力、燃油经济性,全系免费升级！传比亚迪汉DM将推出保电功能 兼顾动力、燃油经济性
2021-02-23,A股午盘综述：上证指数涨0.34%，银行、保险股力挺大市,A股午盘综述：上证指数涨0.34%，银行、保险股力挺大市
2021-02-23,熟悉的风格又回来了，2600股下跌，龙头股回升,熟悉的风格又回来了，2600股下跌，龙头股回升
2021-02-23,天奈科技(688116)：被忽视的锂电材料隐形冠军,天奈科技(688116)：被忽视的锂电材料隐形冠军
2021-02-23,“造车热”再升温！2021年前2月新能源汽车投融资事件已达13起,“造车热”再升温！2021年前2月新能源汽车投融资事件已达13起
2021-02-23,比亚迪（01211）汉强势崛起，“价格屠夫”特斯拉Model3遇劲敌,比亚迪（01211）汉强势崛起，“价格屠夫”特斯拉Model3遇劲敌
2021-02-23,三级缓存该多快？深扒AMD锐龙5000,三级缓存该多快？深扒AMD锐龙5000
2021-02-24,A股主力资金流向（2月24日）：材料行业两日净流出超300亿,A股主力资金流向（2月24日）：材料行业两日净流出超300亿
2021-02-24,比亚迪的第三场战役：曾让郭台铭恨之入骨，现在瞄准了马斯克？,比亚迪的第三场战役：曾让郭台铭恨之入骨，现在瞄准了马斯克？
2021-02-24,60年代既视感！松散机车复古MPV搭比亚迪动力 续航1000km,60年代既视感！松散机车复古MPV搭比亚迪动力 续航1000km
2021-02-24,比亚迪公开“车辆的遥控驾驶控制方法、系统及车辆”专利,比亚迪公开“车辆的遥控驾驶控制方法、系统及车辆”专利
2021-02-24,基于DDM模型的流动性传导机制：水往何处流 通向股市之路,基于DDM模型的流动性传导机制：水往何处流 通向股市之路
2021-02-24,A股收盘综述：上证指数跌1.99%、抱团明星股再扑街，创业板指五日累挫12%,A股收盘综述：上证指数跌1.99%、抱团明星股再扑街，创业板指五日累挫12%
2021-02-24,每日牛熊 | 港交所熊证飙升超300%！资金趁低吸纳比亚迪股份好仓,每日牛熊 | 港交所熊证飙升超300%！资金趁低吸纳比亚迪股份好仓
2021-02-24,开源证券--电气设备行业点评报告：1月国内电动车销售、动力电池装机两旺【行业研究】,开源证券--电气设备行业点评报告：1月国内电动车销售、动力电池装机两旺【行业研究】
2021-02-24,港股加印花税风波重创市场，A股难独善其身,港股加印花税风波重创市场，A股难独善其身
2021-02-24,憋屈的吉利：已是自主品牌一哥，却争着给新势力代工？,憋屈的吉利：已是自主品牌一哥，却争着给新势力代工？
2021-02-24,主力资金跑路3只大白马，卖出资金超56亿元,主力资金跑路3只大白马，卖出资金超56亿元
2021-02-24,55只百元股市盈率百倍以上，北向资金减持多股 减持股份,55只百元股市盈率百倍以上，北向资金减持多股 减持股份
2021-02-24,比亚迪被授权“车辆充电口的自动对准”相关专利,比亚迪被授权“车辆充电口的自动对准”相关专利
2021-02-24,2021年1月汽车销量总结：自主品牌开门红 重卡再超预期,2021年1月汽车销量总结：自主品牌开门红 重卡再超预期
2021-02-24,比亚迪与滴滴定制网约车D1日均下线近400台,比亚迪与滴滴定制网约车D1日均下线近400台
2021-02-24,千亿龙头罕见大跳水，大佬葛卫东5天损失逾1.7亿！,千亿龙头罕见大跳水，大佬葛卫东5天损失逾1.7亿！
2021-02-24,合力泰存关联方资金占用等问题 被出具警示函与责令改正 金融监管处罚,合力泰存关联方资金占用等问题 被出具警示函与责令改正 金融监管处罚
2021-02-24,宁德时代、比亚迪、隆基股份收窄跌幅，主力净流出金额仍居两市前列,宁德时代、比亚迪、隆基股份收窄跌幅，主力净流出金额仍居两市前列
2021-02-24,时代看盘：印花税消息引发巨震，200亿港元南下资金疯狂出逃，看空情绪高涨,时代看盘：印花税消息引发巨震，200亿港元南下资金疯狂出逃，看空情绪高涨
2021-02-24,北向资金今日净卖出6.73亿元，宁德时代净卖出逾7亿元,北向资金今日净卖出6.73亿元，宁德时代净卖出逾7亿元
2021-02-24,【异动股】刀片电池板块下挫，比亚迪(002594-CN)跌9.37%,【异动股】刀片电池板块下挫，比亚迪(002594-CN)跌9.37%
2021-02-24,比亚迪、长城汽车A股双双再跌超6%，连续三日大幅下挫,比亚迪、长城汽车A股双双再跌超6%，连续三日大幅下挫
2021-02-24,比亚迪跌超8%，主力净流出约10亿元,比亚迪跌超8%，主力净流出约10亿元
2021-02-24,主力资金砸盘新能源车龙头，出逃超17亿！ 股票卖空,主力资金砸盘新能源车龙头，出逃超17亿！ 股票卖空
2021-02-24,造车新势力市值两周蒸发312亿美元，高瓴资本带头清仓,造车新势力市值两周蒸发312亿美元，高瓴资本带头清仓
2021-02-24,每日理财观察：易方达中小盘暂停申购并启动大比例分红,每日理财观察：易方达中小盘暂停申购并启动大比例分红
2021-02-24,隆基股份、片仔癀、紫金矿业、天齐锂业、恒力石化等明星股均跌超8%,隆基股份、片仔癀、紫金矿业、天齐锂业、恒力石化等明星股均跌超8%
2021-02-24,东吴证券--汽车行业月报：疫情+芯片影响有限，景气度持续向上【行业研究】,东吴证券--汽车行业月报：疫情+芯片影响有限，景气度持续向上【行业研究】
2021-02-24,A股融资融券日报：两融余额减少8.57亿元（2月23日）,A股融资融券日报：两融余额减少8.57亿元（2月23日）
2021-02-24,电动三宝被“放弃” 高瓴资本独宠比亚迪,电动三宝被“放弃” 高瓴资本独宠比亚迪
2021-02-24,股价不够，造车来凑,股价不够，造车来凑
2021-02-24,比亚迪汉强势崛起 连续三个月销量过万,比亚迪汉强势崛起 连续三个月销量过万
2021-02-24,4款车型 比亚迪宋PLUS DM-i配置曝光,4款车型 比亚迪宋PLUS DM-i配置曝光
2021-02-24,美国暴雪、日本地震致“芯片荒”加剧，一季度全球或减产100万辆汽车，这些公司正秘密入局 自然灾害,美国暴雪、日本地震致“芯片荒”加剧，一季度全球或减产100万辆汽车，这些公司正秘密入局 自然灾害
2021-02-24,实测油耗2.5L！比亚迪SUV汉终于来了：配置太香,实测油耗2.5L！比亚迪SUV汉终于来了：配置太香
2021-02-24,电动车热潮持续 今年前2个月融资达13起,电动车热潮持续 今年前2个月融资达13起
2021-02-24,实测油耗2.5L！比亚迪PLUSDM-i终于来了：配置太香,实测油耗2.5L！比亚迪PLUSDM-i终于来了：配置太香
2021-02-24,钟海波：顺周期板块估值修复才刚刚开始，茅台下跌依旧可以投资,钟海波：顺周期板块估值修复才刚刚开始，茅台下跌依旧可以投资
2021-02-24,A股午盘综述：上证指数下滑1.55%再失3600，抱团明星股再现集体杀跌场景,A股午盘综述：上证指数下滑1.55%再失3600，抱团明星股再现集体杀跌场景
2021-02-24,新能源汽车神话要“破灭”了？特斯拉两天蒸发5090亿！,新能源汽车神话要“破灭”了？特斯拉两天蒸发5090亿！
2021-02-24,大笔募资299亿港元，比亚迪“缺钱”还是另有隐情？,大笔募资299亿港元，比亚迪“缺钱”还是另有隐情？
2021-02-24,中国汽车工业70余年，终于有一款中国车型站稳高端市场,中国汽车工业70余年，终于有一款中国车型站稳高端市场
2021-02-24,王传福：紧抓数字化转型新机遇 打造智能制造新标杆,王传福：紧抓数字化转型新机遇 打造智能制造新标杆
2021-02-25,A股收盘综述：上证指数涨0.59%未能收复3600，地产股大涨,A股收盘综述：上证指数涨0.59%未能收复3600，地产股大涨
2021-02-25,赛伍技术(603212)系列深度报告：对标3M 创新铸造未来,赛伍技术(603212)系列深度报告：对标3M 创新铸造未来
2021-02-25,或为奔腾E05 T3出行定制车将于4月上线,或为奔腾E05 T3出行定制车将于4月上线
2021-02-25,比亚迪(002594.SZ)：股东吕向阳解除质押428万股,比亚迪(002594.SZ)：股东吕向阳解除质押428万股
2021-02-25,A股主力资金流向（2月25日）：房地产获逾50亿元资金抢筹,A股主力资金流向（2月25日）：房地产获逾50亿元资金抢筹
2021-02-25,芒格：比特币和特斯拉二选一？No，我选比亚迪,芒格：比特币和特斯拉二选一？No，我选比亚迪
2021-02-25,上海的雄心：如何做到年产120万辆新能源车？,上海的雄心：如何做到年产120万辆新能源车？
2021-02-25,互联网扎堆造车，传统车企正面「应战」,互联网扎堆造车，传统车企正面「应战」
2021-02-25,补贴后14.98万起 2021款威马EX5-Z上市,补贴后14.98万起 2021款威马EX5-Z上市
2021-02-25,芒格最新观点：看空比特币，将继续持有比亚迪，美股泡沫终将以惨烈的方式破灭,芒格最新观点：看空比特币，将继续持有比亚迪，美股泡沫终将以惨烈的方式破灭
2021-02-25,比亚迪和印度光弘科技将成为小米在印度的两家新的供应商,比亚迪和印度光弘科技将成为小米在印度的两家新的供应商
2021-02-25,王传福:吸取诺基亚教训 我们把封闭垂直整合策略变为开放平台战略,王传福:吸取诺基亚教训 我们把封闭垂直整合策略变为开放平台战略
2021-02-25,市场消息：小米集团印度地区高管称比亚迪和印度光弘科技将成为小米在印度的两家新的供应商,市场消息：小米集团印度地区高管称比亚迪和印度光弘科技将成为小米在印度的两家新的供应商
2021-02-25,比亚迪携手京阪巴士与关西电力 打造日本首条纯电动公交环线,比亚迪携手京阪巴士与关西电力 打造日本首条纯电动公交环线
2021-02-25,比亚迪汉DM正式开启保电功能OTA升级：兼顾动力、燃油经济性,比亚迪汉DM正式开启保电功能OTA升级：兼顾动力、燃油经济性
2021-02-25,巴菲特老搭档芒格：聪明的人只会远离泡沫，不会去买比特币,巴菲特老搭档芒格：聪明的人只会远离泡沫，不会去买比特币
2021-02-25,1月新能源乘用车批发销量排行：Model Y上榜，宏光MINIEV环比再涨14.5%,1月新能源乘用车批发销量排行：Model Y上榜，宏光MINIEV环比再涨14.5%
2021-02-25,价值投资“永不过时”？一文览尽芒格讲话要点,价值投资“永不过时”？一文览尽芒格讲话要点
2021-02-25,每日理财观察：香港拟上调印花税30%，机构解读市场影响,每日理财观察：香港拟上调印花税30%，机构解读市场影响
2021-02-25,2020年我国动力电池格局生变 磷酸铁锂升温 日韩巨头卷土重来,2020年我国动力电池格局生变 磷酸铁锂升温 日韩巨头卷土重来
2021-02-25,抱团股继续下挫！北向资金却逆势加仓“茅五”,抱团股继续下挫！北向资金却逆势加仓“茅五”
2021-02-25,“碳中和”主题投资系列(二)：全行业联合：谋局“碳中和”,“碳中和”主题投资系列(二)：全行业联合：谋局“碳中和”
2021-02-25,千亿龙头罕见大跳水，牛散葛卫东5天损失1.76亿,千亿龙头罕见大跳水，牛散葛卫东5天损失1.76亿
2021-02-25,A股融资融券日报：两融余额减少10.38亿元（2月24日）,A股融资融券日报：两融余额减少10.38亿元（2月24日）
2021-02-25,天奈科技(688116)：CNT龙头开启增长 新增产能打开新市场,天奈科技(688116)：CNT龙头开启增长 新增产能打开新市场
2021-02-25,有公募早已减仓，52只千亿股年内换手率超50%,有公募早已减仓，52只千亿股年内换手率超50%
2021-02-25,美团、比亚迪、中国海洋石油、信义光能、保利协鑫盘前升幅逾4%,美团、比亚迪、中国海洋石油、信义光能、保利协鑫盘前升幅逾4%
2021-02-25,最全梳理！美的超百亿回购后大涨，谁是下一个？,最全梳理！美的超百亿回购后大涨，谁是下一个？
2021-02-25,港股拟上调印花税30%，200亿资金火线撤离！A股遭波及,港股拟上调印花税30%，200亿资金火线撤离！A股遭波及
2021-02-26,比亚迪：高级管理人员李柯累计减持0.06%股份 减持股份,比亚迪：高级管理人员李柯累计减持0.06%股份 减持股份
2021-02-26,新能源汽车行业系列点评十二：上海新政推进新能源汽车产业加速发展,新能源汽车行业系列点评十二：上海新政推进新能源汽车产业加速发展
2021-02-26,车身比肩比亚迪汉！北汽ARCFOX首款轿车下月上市 续航708km,车身比肩比亚迪汉！北汽ARCFOX首款轿车下月上市 续航708km
2021-02-26,A股主力资金流向（2月26日）：主力资金连续8日净流出,A股主力资金流向（2月26日）：主力资金连续8日净流出
2021-02-26,翔丰华：比亚迪是公司客户，公司提供石墨负极材料给比亚迪,翔丰华：比亚迪是公司客户，公司提供石墨负极材料给比亚迪
2021-02-26,39倍大牛股遭遇历史最大跌幅，“常青树”板块市值蒸发近万亿！ 连续下跌,39倍大牛股遭遇历史最大跌幅，“常青树”板块市值蒸发近万亿！ 连续下跌
2021-02-26,新能源汽车“虚火”渐退，这些车型将搅动燃油车市场格局,新能源汽车“虚火”渐退，这些车型将搅动燃油车市场格局
2021-02-26,比亚迪：股东融捷投资控股累计减持0.42%股份 减持股份,比亚迪：股东融捷投资控股累计减持0.42%股份 减持股份
2021-02-26,比亚迪：股东融捷投资控股减持计划实施完成 累计减持753.2万股 拟减持股份,比亚迪：股东融捷投资控股减持计划实施完成 累计减持753.2万股 拟减持股份
2021-02-26,比亚迪(002594.SZ)：融捷投资控股累计减持753.23万股 减持计划已实施完毕,比亚迪(002594.SZ)：融捷投资控股累计减持753.23万股 减持计划已实施完毕
2021-02-26,2月重仓新能源基金亏损居前,2月重仓新能源基金亏损居前
2021-02-26,汽车“强链补链”计划：谁会是下一个种子选手？,汽车“强链补链”计划：谁会是下一个种子选手？
2021-02-26,比亚迪股份(01211)：李柯减持计划已实施完毕 累计减持100万股A股,比亚迪股份(01211)：李柯减持计划已实施完毕 累计减持100万股A股
2021-02-26,先进制造行业周报：华龙一号核电机组投入商业运行,先进制造行业周报：华龙一号核电机组投入商业运行
2021-02-26,春节新能源车火爆虚与实：几无意义的“同比增长”,春节新能源车火爆虚与实：几无意义的“同比增长”
2021-02-26,5G迎风口！10倍牛股再领风骚，多头今安在,5G迎风口！10倍牛股再领风骚，多头今安在
2021-02-26,比亚迪(002594.SZ)：高管李柯累计减持100万股 减持计划已实施完毕,比亚迪(002594.SZ)：高管李柯累计减持100万股 减持计划已实施完毕
2021-02-26,大盘回落 2月新能源基金亏损居前,大盘回落 2月新能源基金亏损居前
2021-02-26,华为紧急澄清造车传闻，长安汽车等两大车企直线飙涨后回落,华为紧急澄清造车传闻，长安汽车等两大车企直线飙涨后回落
2021-02-26,消息称华为要亲自造车了：官方正式回应！,消息称华为要亲自造车了：官方正式回应！
2021-02-26,汽车行业：21年数据点评系列之三：乘用车需求稳中向好 1 月终端增速录得23.4%,汽车行业：21年数据点评系列之三：乘用车需求稳中向好 1 月终端增速录得23.4%
2021-02-26,开盘冲涨停，通信板块迎修复？北上资金节后紧急调仓,开盘冲涨停，通信板块迎修复？北上资金节后紧急调仓
2021-02-26,华为HiCar的野心,华为HiCar的野心
2021-02-26,张坤等明星基金一周回撤超10%，机构边跌边调寻求同盟,张坤等明星基金一周回撤超10%，机构边跌边调寻求同盟
2021-02-26,机构调仓大起底！一些白马股仍在被买入（名单）,机构调仓大起底！一些白马股仍在被买入（名单）
2021-02-26,A股早报2021年2月26日星期五,A股早报2021年2月26日星期五
2021-02-26,国都证券--汽车行业周报：继华为之后，造车领域再迎科技新势力【行业研究】,国都证券--汽车行业周报：继华为之后，造车领域再迎科技新势力【行业研究】
2021-02-26,A股融资融券日报：两融余额增加2.95亿元（2月25日）,A股融资融券日报：两融余额增加2.95亿元（2月25日）
2021-02-26,清仓阿里、蔚来，押宝拼多多、比亚迪，这次要跟高瓴“抄作业”吗？,清仓阿里、蔚来，押宝拼多多、比亚迪，这次要跟高瓴“抄作业”吗？
2021-02-26,伯克希尔截至去年底持股苹果逾1200亿美元，比亚迪成第八大重仓股,伯克希尔截至去年底持股苹果逾1200亿美元，比亚迪成第八大重仓股
2021-02-26,转转集团布局手机租赁、企售业务 已服务拼多多、比亚迪等企业,转转集团布局手机租赁、企售业务 已服务拼多多、比亚迪等企业
2021-02-26,比亚迪(01211-HK)跟随特斯拉急泻跌7.2%,比亚迪(01211-HK)跟随特斯拉急泻跌7.2%
2021-02-26,提升用户体验 比亚迪汉DM推出保电功能,提升用户体验 比亚迪汉DM推出保电功能
2021-02-26,查理·芒格：将继续持有比亚迪，不会买比特币,查理·芒格：将继续持有比亚迪，不会买比特币
2021-02-26,宁德时代被高估了吗？,宁德时代被高估了吗？
2021-02-26,30家上市车企单车市值相差230倍 昭示行业正在发生深刻变化,30家上市车企单车市值相差230倍 昭示行业正在发生深刻变化
2021-02-26,小米将扩大印度生产范围 比亚迪和印度光弘科技将成新供应商,小米将扩大印度生产范围 比亚迪和印度光弘科技将成新供应商
2021-02-26,环卫装备月度跟踪(1月)：绿色低碳循环基调再确立 电动化大幕开启,环卫装备月度跟踪(1月)：绿色低碳循环基调再确立 电动化大幕开启
2021-02-26,价格屠夫最狠一刀！Redmi MAX 86英寸智能电视全球首发评测,价格屠夫最狠一刀！Redmi MAX 86英寸智能电视全球首发评测
2021-02-26,1月上险量排行：宏光MINIEV横扫二线及以下城市,1月上险量排行：宏光MINIEV横扫二线及以下城市
2021-02-26,国际视野丨本周境外重要资讯一览,国际视野丨本周境外重要资讯一览
2021-02-26,市场份额第一！小米在印度与比亚迪合作：智能手机产能大增20%,市场份额第一！小米在印度与比亚迪合作：智能手机产能大增20%
2021-02-27,伯克希尔·哈撒韦(BRK.A.US)2020年净利润接近腰斩 持有比亚迪(01211)市值近59亿美元 盈利能力下降,伯克希尔·哈撒韦(BRK.A.US)2020年净利润接近腰斩 持有比亚迪(01211)市值近59亿美元 盈利能力下降
2021-02-27,一文读懂2021巴菲特股东信:净利润几乎腰斩 回购金额创新高 盈利能力下降,一文读懂2021巴菲特股东信:净利润几乎腰斩 回购金额创新高 盈利能力下降
2021-02-27,连续二年跑输美股大盘，伯克希尔2020净利润同比近腰斩，股神巴菲特喊话：未来将持续回购 盈利能力下降,连续二年跑输美股大盘，伯克希尔2020净利润同比近腰斩，股神巴菲特喊话：未来将持续回购 盈利能力下降
2021-02-27,重磅！巴菲特致股东信出炉，持苹果市值超千亿，持比亚迪市值近59亿美元,重磅！巴菲特致股东信出炉，持苹果市值超千亿，持比亚迪市值近59亿美元
2021-02-27,巴菲特持有比亚迪市值近59亿美元，持有12年市值连翻25倍,巴菲特持有比亚迪市值近59亿美元，持有12年市值连翻25倍
2021-02-27,巴菲特致股东信如期而至！手握逾1380亿美元现金，依然看好股市，58.97亿美元重仓比亚迪,巴菲特致股东信如期而至！手握逾1380亿美元现金，依然看好股市，58.97亿美元重仓比亚迪
2021-02-27,巴菲特12年坚守比亚迪暴赚近25倍 但另一只股票却一年亏了上百亿美元,巴菲特12年坚守比亚迪暴赚近25倍 但另一只股票却一年亏了上百亿美元
2021-02-27,伯克希尔哈撒韦2020年净利润同比降48%，披露十大持仓股含苹果、穆迪、比亚迪 盈利能力下降,伯克希尔哈撒韦2020年净利润同比降48%，披露十大持仓股含苹果、穆迪、比亚迪 盈利能力下降
2021-02-27,巴菲特重仓股名单出炉：比亚迪持仓占比8.2%,巴菲特重仓股名单出炉：比亚迪持仓占比8.2%
2021-02-27,巴菲特重仓股名单出炉 持有比亚迪市值近59亿美元,巴菲特重仓股名单出炉 持有比亚迪市值近59亿美元
2021-02-27,伯克希尔哈撒韦2020年四季度净利润暴增，十大重仓股有哪些？,伯克希尔哈撒韦2020年四季度净利润暴增，十大重仓股有哪些？
2021-02-27,伯克希尔哈撒韦：截至2020年12月31日，持有219.36亿美元的可口可乐公司股票，以及58.97亿美元的比亚迪公司股票等,伯克希尔哈撒韦：截至2020年12月31日，持有219.36亿美元的可口可乐公司股票，以及58.97亿美元的比亚迪公司股票等
2021-02-27,上市车企2020年业绩众生相：乘用车车企半数亏损、商用车车企分化严重 亏损,上市车企2020年业绩众生相：乘用车车企半数亏损、商用车车企分化严重 亏损
2021-02-27,伯克希尔哈撒韦2020年第四季度净利润同比大增，但全年利润近乎腰斩,伯克希尔哈撒韦2020年第四季度净利润同比大增，但全年利润近乎腰斩
2021-02-27,与沃尔沃合并，吉利能够抗衡比亚迪吗？,与沃尔沃合并，吉利能够抗衡比亚迪吗？
2021-02-27,9200万美元！字节跳动与美国TikTok用户诉讼达成和解；小米联合比亚迪等在印度建厂丨Going Global 周报,9200万美元！字节跳动与美国TikTok用户诉讼达成和解；小米联合比亚迪等在印度建厂丨Going Global 周报
2021-02-27,中航光电(002179)：2020业绩快报超预期 持续看好连接器龙头长期发展,中航光电(002179)：2020业绩快报超预期 持续看好连接器龙头长期发展
2021-02-27,一条“新路子”？这个万亿大市场成为众人眼中的“香饽饽”,一条“新路子”？这个万亿大市场成为众人眼中的“香饽饽”
2021-02-27,高端化箭在弦上 比亚迪能否以此实现突围？,高端化箭在弦上 比亚迪能否以此实现突围？
2021-02-27,伯克希尔哈撒韦：2020年四季度末持有比亚迪市值近59亿美元持仓占比8.2%,伯克希尔哈撒韦：2020年四季度末持有比亚迪市值近59亿美元持仓占比8.2%
2021-02-28,比亚迪成巴菲特十大重仓股？实际上，巴菲特并没有加仓比亚迪,比亚迪成巴菲特十大重仓股？实际上，巴菲特并没有加仓比亚迪
2021-02-28,巴菲特股东信划重点：依旧看好美国回购创纪录重仓比亚迪,巴菲特股东信划重点：依旧看好美国回购创纪录重仓比亚迪
2021-02-28,去年，比亚迪涨成了巴菲特十大重仓股,去年，比亚迪涨成了巴菲特十大重仓股
2021-02-28,穿透巴菲特年信：手握千亿现金，为何难再上演抄底大戏？,穿透巴菲特年信：手握千亿现金，为何难再上演抄底大戏？
2021-02-28,电力设备新能源周观察：行业景气持续向上 坚持基本面绩优标的,电力设备新能源周观察：行业景气持续向上 坚持基本面绩优标的
2021-02-28,主动权益基金跑输大盘，如何布局3月行情？,主动权益基金跑输大盘，如何布局3月行情？
2021-02-28,百度，和它的“汽车人”计划,百度，和它的“汽车人”计划
2021-02-28,巴菲特2021致股东信：持仓比亚迪和穆迪超10年赚20多倍，重金押注资本密集型企业 “永远不要做空美国”,巴菲特2021致股东信：持仓比亚迪和穆迪超10年赚20多倍，重金押注资本密集型企业 “永远不要做空美国”
2021-02-28,巴菲特致股东信：永远不要做空美国，看好可再生能源｜投资者说,巴菲特致股东信：永远不要做空美国，看好可再生能源｜投资者说
2021-02-28,一周前瞻丨巴菲特重仓比亚迪，新三板转板方案落地，3月行情开启,一周前瞻丨巴菲特重仓比亚迪，新三板转板方案落地，3月行情开启
2021-02-28,比亚迪成为巴菲特唯一重仓中国公司？比亚迪凭啥被巴菲特看好？,比亚迪成为巴菲特唯一重仓中国公司？比亚迪凭啥被巴菲特看好？
2021-02-28,不到一个月时间，比亚迪市值蒸发了一个吉利汽车 连续下跌,不到一个月时间，比亚迪市值蒸发了一个吉利汽车 连续下跌
2021-02-28,德新交运调整收购方案 标的公司产品市场需求旺盛,德新交运调整收购方案 标的公司产品市场需求旺盛
2021-02-28,比亚迪秦Plus亏电高速油耗多高？实测碾压丰田混动,比亚迪秦Plus亏电高速油耗多高？实测碾压丰田混动
2021-02-28,"快看！巴菲特今年的股东信说了啥？重仓比亚迪暴赚25倍，伯克希尔去年净利润同比近“腰斩”，为何犯了一个价值百亿美元的“错误”
盈利能力下降","快看！巴菲特今年的股东信说了啥？重仓比亚迪暴赚25倍，伯克希尔去年净利润同比近“腰斩”，为何犯了一个价值百亿美元的“错误”
盈利能力下降"
2021-02-28,伯克希尔去年净利润同比近“腰斩” 比亚迪成第八大重仓股 盈利能力下降,伯克希尔去年净利润同比近“腰斩” 比亚迪成第八大重仓股 盈利能力下降
2021-02-28,"巴菲特致股东信:看好可再生能源未来,永远别做空美国","巴菲特致股东信:看好可再生能源未来,永远别做空美国"
2021-02-28,"传统车企""向上""突围 车企纷纷攻关电池技术","传统车企""向上""突围 车企纷纷攻关电池技术"
2021-02-28,巴菲特年度股东信：“价值投资”将继续带来巨大收益 看好可再生能源未来,巴菲特年度股东信：“价值投资”将继续带来巨大收益 看好可再生能源未来
2021-02-28,重磅！巴菲特2021致股东信来了！重仓比亚迪暴赚25倍，却因“一个错误”巨亏上百亿美金！重仓股有哪些？ 重大损失,重磅！巴菲特2021致股东信来了！重仓比亚迪暴赚25倍，却因“一个错误”巨亏上百亿美金！重仓股有哪些？ 重大损失
2021-02-28,"跑输标普指数！巴菲特去年净利""腰斩""，四季度最新持仓曝光！苹果、比亚迪为仅有科技股，十大重仓还有这些 盈利能力下降","跑输标普指数！巴菲特去年净利""腰斩""，四季度最新持仓曝光！苹果、比亚迪为仅有科技股，十大重仓还有这些 盈利能力下降"
2021-02-28,巴菲特股东信看点：比亚迪重回前十大重仓，提醒不要做空美国,巴菲特股东信看点：比亚迪重回前十大重仓，提醒不要做空美国
2021-02-28,周末两大重磅！美国通过1.9万亿美元经济救助计划，2021年巴菲特股东信出炉,周末两大重磅！美国通过1.9万亿美元经济救助计划，2021年巴菲特股东信出炉
2021-02-28,比亚迪23天蒸发了一个上汽 泡沫要破？,比亚迪23天蒸发了一个上汽 泡沫要破？
2021-02-28,巴菲特重仓股名单出炉 网友：快来抄作业,巴菲特重仓股名单出炉 网友：快来抄作业
2021-02-28,陆家嘴财经早餐2021年2月28日星期日,陆家嘴财经早餐2021年2月28日星期日
2021-03-01,比亚迪在惠州新成立汽车销售公司,比亚迪在惠州新成立汽车销售公司
2021-03-01,杨德龙：坚持价值投资才成就了股神巴菲特,杨德龙：坚持价值投资才成就了股神巴菲特
2021-03-01,港股收评：大型科技股强势领涨，半导体、汽车板块大幅走强！,港股收评：大型科技股强势领涨，半导体、汽车板块大幅走强！
2021-03-01,A股沸腾了！芯片大爆发，蔡嵩松又要火了？,A股沸腾了！芯片大爆发，蔡嵩松又要火了？
2021-03-01,2月汽车股：恒大汽车市值超长城 蒸发千亿的比亚迪获巴菲特“救赎”？ 连续下跌,2月汽车股：恒大汽车市值超长城 蒸发千亿的比亚迪获巴菲特“救赎”？ 连续下跌
2021-03-01,巴菲特投资比亚迪赚25倍，靠的竟然不是业绩增长？,巴菲特投资比亚迪赚25倍，靠的竟然不是业绩增长？
2021-03-01,【异动股】活跃股份保利协鑫、比亚迪、药明生物、微盟升幅逾6%,【异动股】活跃股份保利协鑫、比亚迪、药明生物、微盟升幅逾6%
2021-03-01,国产车发狠了！多款大空间SUV将上市，都是冲着汉兰达、途观L来的,国产车发狠了！多款大空间SUV将上市，都是冲着汉兰达、途观L来的
2021-03-01,巴菲特最新持仓揭晓，比亚迪重回前十大重仓股，A、H股同步暴涨,巴菲特最新持仓揭晓，比亚迪重回前十大重仓股，A、H股同步暴涨
2021-03-01,港股收盘(3.1)|恒指收涨1.63%重返二万九关口 半导体、5G概念表现强势,港股收盘(3.1)|恒指收涨1.63%重返二万九关口 半导体、5G概念表现强势
2021-03-01,比亚迪工业于惠州成立汽车销售公司，经营范围含新能源汽车整车销售,比亚迪工业于惠州成立汽车销售公司，经营范围含新能源汽车整车销售
2021-03-01,新能源行业月报：两地相继出台发展政策 新能源汽车渗透率有望进一步提升,新能源行业月报：两地相继出台发展政策 新能源汽车渗透率有望进一步提升
2021-03-01,巴菲特为什么还不清仓比亚迪？,巴菲特为什么还不清仓比亚迪？
2021-03-01,油耗动力“碾压”日系两田混动！比亚迪秦Plus上市日期定了,油耗动力“碾压”日系两田混动！比亚迪秦Plus上市日期定了
2021-03-01,市场要闻 | 比亚迪获巴菲特重仓，但“股神”老搭档称其股价炒太高,市场要闻 | 比亚迪获巴菲特重仓，但“股神”老搭档称其股价炒太高
2021-03-01,茅系股市值回血4000亿，五年五倍股在这个方向？,茅系股市值回血4000亿，五年五倍股在这个方向？
2021-03-01,老记吹“牛”｜今天，加仓了！马斯克放“嘴炮”，三元电池怕了吗？,老记吹“牛”｜今天，加仓了！马斯克放“嘴炮”，三元电池怕了吗？
2021-03-01,美股盘前：三大期指均涨超1%,美股盘前：三大期指均涨超1%
2021-03-01,汽车产业链调查：谁偷走汽车的“芯”？,汽车产业链调查：谁偷走汽车的“芯”？
2021-03-01,吉利陷新能源焦虑,吉利陷新能源焦虑
2021-03-01,美股大幅反弹，三大股指开盘均涨超1%,美股大幅反弹，三大股指开盘均涨超1%
2021-03-01,绿牌新政下的上海新能源车市 插混促销力度加大，有车型售价直降3万元 市场份额日渐萎缩，车企加紧布局纯电动车,绿牌新政下的上海新能源车市 插混促销力度加大，有车型售价直降3万元 市场份额日渐萎缩，车企加紧布局纯电动车
2021-03-01,巴菲特重仓股出炉 12年从未减持比亚迪 使其狂赚370亿,巴菲特重仓股出炉 12年从未减持比亚迪 使其狂赚370亿
2021-03-01,北向资金今日净买入37.86亿元，爱尔眼科净买入近5亿元,北向资金今日净买入37.86亿元，爱尔眼科净买入近5亿元
2021-03-01,A股收盘综述：上证指数缩量涨1.21%，机构抱团股反攻、稀土点燃题材股,A股收盘综述：上证指数缩量涨1.21%，机构抱团股反攻、稀土点燃题材股
2021-03-01,巴菲特也犯大错 价值投资知易行难,巴菲特也犯大错 价值投资知易行难
2021-03-01,巴菲特搭档看空特斯拉、比特币，继续持有比亚迪,巴菲特搭档看空特斯拉、比特币，继续持有比亚迪
2021-03-01,汽车行业周报：理想首季实现盈利 大排量摩托销量高增,汽车行业周报：理想首季实现盈利 大排量摩托销量高增
2021-03-01,主动权益基金跑输大盘，如何布局3月行情,主动权益基金跑输大盘，如何布局3月行情
2021-03-01,电动车需求大增，磷酸铁锂行业景气度不断提升,电动车需求大增，磷酸铁锂行业景气度不断提升
2021-03-01,巴菲特重仓股名单出炉：重仓比亚迪从未减持 大赚370亿元,巴菲特重仓股名单出炉：重仓比亚迪从未减持 大赚370亿元
2021-03-01,连续2年跑输大盘，巴菲特的抄底神话，为何没能在2020重演？,连续2年跑输大盘，巴菲特的抄底神话，为何没能在2020重演？
2021-03-01,A股融资融券日报：两融余额减少103.02亿元（2月26日）,A股融资融券日报：两融余额减少103.02亿元（2月26日）
2021-03-01,融资客青睐6股，江苏吴中买入占比高达37.39%,融资客青睐6股，江苏吴中买入占比高达37.39%
2021-03-01,日均400台 比亚迪D1于雨花经开区生产,日均400台 比亚迪D1于雨花经开区生产
2021-03-01,实探绿牌新政下的上海车市：有插混车直降3万元，市场份额日渐萎缩，但车企仍未放弃,实探绿牌新政下的上海车市：有插混车直降3万元，市场份额日渐萎缩，但车企仍未放弃
2021-03-01,比亚迪：开门红与新考验,比亚迪：开门红与新考验
2021-03-01,动力电池占率不断提升 市场产销迎来开门红,动力电池占率不断提升 市场产销迎来开门红
2021-03-01,从拆分半导体等业务，看比亚迪的 “下探”与“上攻”,从拆分半导体等业务，看比亚迪的 “下探”与“上攻”
2021-03-01,汇证升比亚迪(01211-HK)目标价至340港元维持买入评级,汇证升比亚迪(01211-HK)目标价至340港元维持买入评级
2021-03-01,十张图回顾中国锂电池巨头宁德时代2020年经营情况 连续四年装机量位列世界第一,十张图回顾中国锂电池巨头宁德时代2020年经营情况 连续四年装机量位列世界第一
2021-03-01,宁德／比亚迪等竞逐两轮车“新战场”,宁德／比亚迪等竞逐两轮车“新战场”
2021-03-01,渤海证券--新能源汽车行业周报：上海发布实施计划加快新能源汽车产业发展【行业研究】,渤海证券--新能源汽车行业周报：上海发布实施计划加快新能源汽车产业发展【行业研究】
2021-03-01,抱团股大反攻！ 3200只A股飘红，券商一哥却跌8%,抱团股大反攻！ 3200只A股飘红，券商一哥却跌8%
2021-03-01,沉寂许久的中小盘股的“春天”已至？,沉寂许久的中小盘股的“春天”已至？
2021-03-01,提升智能用车体验，比亚迪汉OTA升级带来3+1=∞可能,提升智能用车体验，比亚迪汉OTA升级带来3+1=∞可能
2021-03-01,比亚迪申请注册“REECH”商标，涉烟草烟具分类,比亚迪申请注册“REECH”商标，涉烟草烟具分类
2021-03-01,牛熊异动丨巴菲特重仓比亚迪从未减持，比迪牛证涨近100%！,牛熊异动丨巴菲特重仓比亚迪从未减持，比迪牛证涨近100%！
2021-03-01,电动车企五强争霸：蔚来融资能力最强，去年至今已融资61亿美元,电动车企五强争霸：蔚来融资能力最强，去年至今已融资61亿美元
2021-03-01,A股午盘综述：上证指数涨0.52%、创业板指涨1.87%，题材股炒作卷土重来,A股午盘综述：上证指数涨0.52%、创业板指涨1.87%，题材股炒作卷土重来
2021-03-01,巴菲特投资比亚迪赚25倍，靠的竟然不是业绩增长？ | 公司观察,巴菲特投资比亚迪赚25倍，靠的竟然不是业绩增长？ | 公司观察
2021-03-02,汽车行业：新能源汽车数据点评系列之三：21年1月新能源乘用车延续高增长,汽车行业：新能源汽车数据点评系列之三：21年1月新能源乘用车延续高增长
2021-03-02,高盛料比亚迪(01211-HK)新车销售带来业绩增长升目标价至293港元,高盛料比亚迪(01211-HK)新车销售带来业绩增长升目标价至293港元
2021-03-02,蔚来理想预警销售增速放缓 国产新能源车竞争进入第二阶段 盈利能力下降,蔚来理想预警销售增速放缓 国产新能源车竞争进入第二阶段 盈利能力下降
2021-03-02,汉销量爆棚，巴菲特重仓，比亚迪会成为中国车企首位“万亿先生”吗？,汉销量爆棚，巴菲特重仓，比亚迪会成为中国车企首位“万亿先生”吗？
2021-03-02,韩国LG Energy成1月全球第二大电动汽车电池供应商，仅次于宁德时代,韩国LG Energy成1月全球第二大电动汽车电池供应商，仅次于宁德时代
2021-03-02,新能源汽车产业链行业周报(2月第4周)：动力电池扩产提速 坚定看好电动车上游原料板块,新能源汽车产业链行业周报(2月第4周)：动力电池扩产提速 坚定看好电动车上游原料板块
2021-03-02,中金：新能源汽车2021智能加速,中金：新能源汽车2021智能加速
2021-03-02,馈电油耗3.8L！网传比亚迪DM-i总成1万/套 核心原因曝光,馈电油耗3.8L！网传比亚迪DM-i总成1万/套 核心原因曝光
2021-03-02,"一年暴涨11倍！蔚来""卖车""成绩单来了，全年净亏损53亿，一年卖出4.37万辆 亏损","一年暴涨11倍！蔚来""卖车""成绩单来了，全年净亏损53亿，一年卖出4.37万辆 亏损"
2021-03-02,北向资金今日净卖出67.91亿元，抱团股遭抛售,北向资金今日净卖出67.91亿元，抱团股遭抛售
2021-03-02,北向资金 | 合计净流出67.90亿元，中国中免、立讯精密、比亚迪净卖出居前,北向资金 | 合计净流出67.90亿元，中国中免、立讯精密、比亚迪净卖出居前
2021-03-02,最先搭载“刀片电池” 比亚迪汉迎来开门红,最先搭载“刀片电池” 比亚迪汉迎来开门红
2021-03-02,【捷报】162亿营收，425亿现金，蔚来正迈向“高富帅”!,【捷报】162亿营收，425亿现金，蔚来正迈向“高富帅”!
2021-03-02,电动车需求大增 磷酸铁锂行业景气度不断提升,电动车需求大增 磷酸铁锂行业景气度不断提升
2021-03-02,2月汽车公司市值榜：“特斯拉”们一夜入冬 ，比亚迪市值蒸发一个理想汽车 连续下跌,2月汽车公司市值榜：“特斯拉”们一夜入冬 ，比亚迪市值蒸发一个理想汽车 连续下跌
2021-03-02,【研报掘金】储能产业处于0到1爆发阶段 看好兼具技术和成本优势的储能设备龙头,【研报掘金】储能产业处于0到1爆发阶段 看好兼具技术和成本优势的储能设备龙头
2021-03-02,年报解读|中信特钢去年净利润超60亿元 汽车用钢订单饱满已供货比亚迪特斯拉,年报解读|中信特钢去年净利润超60亿元 汽车用钢订单饱满已供货比亚迪特斯拉
2021-03-02,A股融资融券日报：两融余额增加77.25亿元（3月1日）,A股融资融券日报：两融余额增加77.25亿元（3月1日）
2021-03-02,金融市场流动性与监管动态周报：ETF逆势加仓 无风险利率继续上行,金融市场流动性与监管动态周报：ETF逆势加仓 无风险利率继续上行
2021-03-02,中国上市车企2月市值生态榜,中国上市车企2月市值生态榜
2021-03-02,【新能源金属|第9周周报】能源金属继续全线大涨，看好旺季来临景气程度提升,【新能源金属|第9周周报】能源金属继续全线大涨，看好旺季来临景气程度提升
2021-03-02,高盛：将比亚迪A股评级上调至买进，目标价249元人民币,高盛：将比亚迪A股评级上调至买进，目标价249元人民币
2021-03-02,芯片供应短缺引发连锁反应 僵局何解？,芯片供应短缺引发连锁反应 僵局何解？
2021-03-02,“芯片荒”溯源：谁偷走了汽车的芯,“芯片荒”溯源：谁偷走了汽车的芯
2021-03-02,浅析巴菲特最新十大股票持仓,浅析巴菲特最新十大股票持仓
2021-03-02,1月全球电动车销量榜：国产神车击败特斯拉Model 3 中国电动车刷足存在感,1月全球电动车销量榜：国产神车击败特斯拉Model 3 中国电动车刷足存在感
2021-03-02,“芯片荒”僵局何解,“芯片荒”僵局何解
2021-03-02,坪山：倾力打造高端制造业核心承载区 形成世界级高端制造业集群,坪山：倾力打造高端制造业核心承载区 形成世界级高端制造业集群
2021-03-02,全球1月榜：宏光MINI销3.7万夺冠，Model Y、汉EV、AionS挺进前五,全球1月榜：宏光MINI销3.7万夺冠，Model Y、汉EV、AionS挺进前五
2021-03-02,中金：新能源汽车2020先抑后扬；2021智能加速,中金：新能源汽车2020先抑后扬；2021智能加速
2021-03-02,全球新能源1月榜单：宏光MINIEV单月销量3.7万夺冠，Model 3、Model Y紧随其后,全球新能源1月榜单：宏光MINIEV单月销量3.7万夺冠，Model 3、Model Y紧随其后
2021-03-02,3月开门红！各种“茅”全面反攻，A股迎来业绩浪？,3月开门红！各种“茅”全面反攻，A股迎来业绩浪？
2021-03-02,每日理财观察：钢铁产量存在继续压缩预期,每日理财观察：钢铁产量存在继续压缩预期
2021-03-02,高盛维持比亚迪(01211-HK)目标价293港元评级升至买入,高盛维持比亚迪(01211-HK)目标价293港元评级升至买入
2021-03-02,2021年1月汽车数据解读及投资展望：局部疫情与芯片短缺造成短期扰动,2021年1月汽车数据解读及投资展望：局部疫情与芯片短缺造成短期扰动
2021-03-03,比亚迪、蔚来超车 上汽集团牵手阿里向大而不强“亮剑”,比亚迪、蔚来超车 上汽集团牵手阿里向大而不强“亮剑”
2021-03-03,新券投资价值分析：嘉元转债：国内锂电铜箔龙头企业,新券投资价值分析：嘉元转债：国内锂电铜箔龙头企业
2021-03-03,2020胡润世界500强发布！特斯拉、宁德时代、比亚迪等8家中国能源相关企业上榜！,2020胡润世界500强发布！特斯拉、宁德时代、比亚迪等8家中国能源相关企业上榜！
2021-03-03,“碳中和”系列解读纪要——电力新能源,“碳中和”系列解读纪要——电力新能源
2021-03-03,A股主力资金流向（3月3日）：超百亿资金抢筹金融股,A股主力资金流向（3月3日）：超百亿资金抢筹金融股
2021-03-03,开源证券给予比亚迪买入评级：厚积薄发，从预期重塑到业绩拐点,开源证券给予比亚迪买入评级：厚积薄发，从预期重塑到业绩拐点
2021-03-03,率先“站队”磷酸铁锂 小鹏展露新“野望”,率先“站队”磷酸铁锂 小鹏展露新“野望”
2021-03-03,小鹏汽车推出搭载宁德时代磷酸铁锂电池新版车型,小鹏汽车推出搭载宁德时代磷酸铁锂电池新版车型
2021-03-03,比亚迪在行动：绿色公交方案为COP26联合国气候大会助力,比亚迪在行动：绿色公交方案为COP26联合国气候大会助力
2021-03-03,比亚迪与地平线战略合作 布局智能驾驶前沿技术,比亚迪与地平线战略合作 布局智能驾驶前沿技术
2021-03-03,王传福谈比亚迪丰田合作：我们能让丰田电动车提前2、3年落地,王传福谈比亚迪丰田合作：我们能让丰田电动车提前2、3年落地
2021-03-03,比亚迪为何给车起中国朝代名字？王传福回应：为中国人争一口气,比亚迪为何给车起中国朝代名字？王传福回应：为中国人争一口气
2021-03-03,地平线与比亚迪战略合作 加速智能汽车研发与量产落地,地平线与比亚迪战略合作 加速智能汽车研发与量产落地
2021-03-03,巴菲特跑输标普500，“股神”不灵了？这只重仓股投资回报高达24倍！,巴菲特跑输标普500，“股神”不灵了？这只重仓股投资回报高达24倍！
2021-03-03,吉利、特斯拉加码保险业，一场造车新势力的合纵连横已经开始,吉利、特斯拉加码保险业，一场造车新势力的合纵连横已经开始
2021-03-03,马斯克，这次输给了国民神车,马斯克，这次输给了国民神车
2021-03-03,地平线与比亚迪举行战略合作签约仪式拟在智能驾驶领域展开探索,地平线与比亚迪举行战略合作签约仪式拟在智能驾驶领域展开探索
2021-03-03,独家|市场分析摆乌龙 岚图FREE纯电版三季度上市，但并非搭载“刀片电池”,独家|市场分析摆乌龙 岚图FREE纯电版三季度上市，但并非搭载“刀片电池”
2021-03-03,浙商证券--汽车行业周报：重视低估值高成长零部件【行业研究】,浙商证券--汽车行业周报：重视低估值高成长零部件【行业研究】
2021-03-03,P7紧咬Model 3，小鹏攻守特斯拉,P7紧咬Model 3，小鹏攻守特斯拉
2021-03-03,三大上市公司股价大幅回落 造车新势力会告别高增长吗？,三大上市公司股价大幅回落 造车新势力会告别高增长吗？
2021-03-03,当蔚来、小鹏和理想疯狂角逐中国电动汽车霸主地位时 谁是市场现金争夺战胜者？,当蔚来、小鹏和理想疯狂角逐中国电动汽车霸主地位时 谁是市场现金争夺战胜者？
2021-03-03,5G手机企业迎“订单潮” 7股业绩有望大增,5G手机企业迎“订单潮” 7股业绩有望大增
2021-03-03,茅台跌入“技术性熊市”，一板块火了！,茅台跌入“技术性熊市”，一板块火了！
2021-03-03,每日理财观察：银保监会重磅发声，回应房地产、贷款利率等热点问题,每日理财观察：银保监会重磅发声，回应房地产、贷款利率等热点问题
2021-03-03,67亿北向资金加速出逃！抛售茅台 却加码泸州老窖,67亿北向资金加速出逃！抛售茅台 却加码泸州老窖
2021-03-03,自主车企争相入局，工信部重拳出击，“中国芯”开启破冰行动,自主车企争相入局，工信部重拳出击，“中国芯”开启破冰行动
2021-03-03,A股融资融券日报：两融余额增加19.67亿元（3月2日）,A股融资融券日报：两融余额增加19.67亿元（3月2日）
2021-03-03,比亚迪、顺丰控股、三一重工、智飞生物、韦尔股份等均跌超3%,比亚迪、顺丰控股、三一重工、智飞生物、韦尔股份等均跌超3%
2021-03-03,电气设备行业点评-蔚来汽车年报点评：全年毛利率转正 销量高增长开启,电气设备行业点评-蔚来汽车年报点评：全年毛利率转正 销量高增长开启
2021-03-03,36项国家专利，DM-i超级混动专用刀片电池亮点解析,36项国家专利，DM-i超级混动专用刀片电池亮点解析
2021-03-03,比亚迪与地平线签署战略合作,比亚迪与地平线签署战略合作
2021-03-03,王传福谈巴菲特投资比亚迪：股价6块时买的，一直没有卖出,王传福谈巴菲特投资比亚迪：股价6块时买的，一直没有卖出
2021-03-03,地平线携手比亚迪，共同推动汽车智能芯片发展,地平线携手比亚迪，共同推动汽车智能芯片发展
2021-03-03,开源晨会0304丨价值回归：不一样的3500；化妆品电商：静待女王节旺季到来；比亚迪,开源晨会0304丨价值回归：不一样的3500；化妆品电商：静待女王节旺季到来；比亚迪
2021-03-04,江淮汽车拟与蔚来成立合资公司丨第一财经汽车日评,江淮汽车拟与蔚来成立合资公司丨第一财经汽车日评
2021-03-04,欣锐科技：产品主要配套比亚迪混动PHEV相关车型,欣锐科技：产品主要配套比亚迪混动PHEV相关车型
2021-03-04,机构重仓股遭遇“黑周四”，大资金出逃名单曝光！牛年第一“妖股”诞生，业绩巨亏股价连拉12个涨停 重大损失,机构重仓股遭遇“黑周四”，大资金出逃名单曝光！牛年第一“妖股”诞生，业绩巨亏股价连拉12个涨停 重大损失
2021-03-04,福蓉科技：公司为比亚迪提供消费电子材料,福蓉科技：公司为比亚迪提供消费电子材料
2021-03-04,比亚迪公开“一种固态电解质及固态锂电池”专利，可提高电池安全性能,比亚迪公开“一种固态电解质及固态锂电池”专利，可提高电池安全性能
2021-03-04,34股今日获机构买入评级10股上涨空间超20%,34股今日获机构买入评级10股上涨空间超20%
2021-03-04,“抱团”基金净值大回撤：意料之中还是意料之外？终场还是转场？,“抱团”基金净值大回撤：意料之中还是意料之外？终场还是转场？
2021-03-04,比亚迪：2月新能源汽车销量为10355辆,比亚迪：2月新能源汽车销量为10355辆
2021-03-04,投资了中国比亚迪后，巴菲特赚大了,投资了中国比亚迪后，巴菲特赚大了
2021-03-04,比亚迪股份：1-2月新能源汽车销量同比增长207.3%,比亚迪股份：1-2月新能源汽车销量同比增长207.3%
2021-03-04,比亚迪(01211-HK)2月汽车销量按年升2.8倍,比亚迪(01211-HK)2月汽车销量按年升2.8倍
2021-03-04,比亚迪2月新能源汽车销量约1.04万辆，环比下降48.68% 盈利能力下降,比亚迪2月新能源汽车销量约1.04万辆，环比下降48.68% 盈利能力下降
2021-03-04,比亚迪：1-2月累计销量为30533辆同比增长207.3%,比亚迪：1-2月累计销量为30533辆同比增长207.3%
2021-03-04,比亚迪：前两个月销售新能源汽车30533辆,比亚迪：前两个月销售新能源汽车30533辆
2021-03-04,晚间重要公告2021年3月4日星期四,晚间重要公告2021年3月4日星期四
2021-03-04,比亚迪(002594.SZ)2月新能源汽车销量10355辆 同比增长269.43%,比亚迪(002594.SZ)2月新能源汽车销量10355辆 同比增长269.43%
2021-03-04,比亚迪(002594.SZ)2月份产销量分别同比增长309.01%及280.42%,比亚迪(002594.SZ)2月份产销量分别同比增长309.01%及280.42%
2021-03-04,比亚迪：前2月新能源汽车销量同比增207.3%,比亚迪：前2月新能源汽车销量同比增207.3%
2021-03-04,宁德和比亚迪大跌！竟是美股惹的祸？ 连续下跌,宁德和比亚迪大跌！竟是美股惹的祸？ 连续下跌
2021-03-04,公募前十大重仓股11天缩水逾2万亿，贵州茅台跌掉一个宁德时代 重仓股票异动,公募前十大重仓股11天缩水逾2万亿，贵州茅台跌掉一个宁德时代 重仓股票异动
2021-03-04,吉利受困分水岭,吉利受困分水岭
2021-03-04,【两会了望】两会期间，港股有哪些值得关注的板块？,【两会了望】两会期间，港股有哪些值得关注的板块？
2021-03-04,车企赚钱靠“兼职”：买股票卖房产，造手机造飞机,车企赚钱靠“兼职”：买股票卖房产，造手机造飞机
2021-03-04,比亚迪公开“列车供电控制系统”专利,比亚迪公开“列车供电控制系统”专利
2021-03-04,2021年中国电池新能源行业六大预测：潜力与隐忧并存,2021年中国电池新能源行业六大预测：潜力与隐忧并存
2021-03-04,隐秘的减持之手，大宗交易异动透视股东动向,隐秘的减持之手，大宗交易异动透视股东动向
2021-03-04,比亚迪股份有限公司2021年2月产销快报,比亚迪股份有限公司2021年2月产销快报
2021-03-04,王传福回应给比亚迪车起中国名字：为中国争一口气,王传福回应给比亚迪车起中国名字：为中国争一口气
2021-03-04,1月电机排行榜：比亚迪、宁波双休、特斯拉位列TOP3,1月电机排行榜：比亚迪、宁波双休、特斯拉位列TOP3
2021-03-04,五菱宏光击败特斯拉，首次拿下全球电动车型销冠,五菱宏光击败特斯拉，首次拿下全球电动车型销冠
2021-03-04,富时罗素将3股调入中国A50指数！外资开启“买买买”模式,富时罗素将3股调入中国A50指数！外资开启“买买买”模式
2021-03-04,比亚迪(002594)：与地平线强强联合 共拓智能驾驶市场,比亚迪(002594)：与地平线强强联合 共拓智能驾驶市场
2021-03-04,A股融资融券日报：两融余额增加31.85亿元（3月3日）,A股融资融券日报：两融余额增加31.85亿元（3月3日）
2021-03-04,沃尔沃宣布在2030年成为纯电豪华车企,沃尔沃宣布在2030年成为纯电豪华车企
2021-03-04,融资客青睐7股，四创电子买入占比高达38.02%,融资客青睐7股，四创电子买入占比高达38.02%
2021-03-04,比亚迪：后续车型将逐步搭载刀片电池,比亚迪：后续车型将逐步搭载刀片电池
2021-03-04,比亚迪(002594)复盘与展望：厚积薄发 从预期重塑到业绩拐点,比亚迪(002594)复盘与展望：厚积薄发 从预期重塑到业绩拐点
2021-03-04,民生证券维持比亚迪推荐评级，与地平线展开战略合作事件点评：与地平线强强联合，共拓智能驾驶市场,民生证券维持比亚迪推荐评级，与地平线展开战略合作事件点评：与地平线强强联合，共拓智能驾驶市场
2021-03-04,贵州茅台、中国中免、比亚迪、药明康德等明星股均低开超2%,贵州茅台、中国中免、比亚迪、药明康德等明星股均低开超2%
2021-03-04,解盘：白马股遭抛弃，稀土永磁、光刻胶、ST、半导体略涨,解盘：白马股遭抛弃，稀土永磁、光刻胶、ST、半导体略涨
2021-03-04,A股午盘综述：上证指数下滑1.58%、创业板指跌4.24%，机构抱团股再度扑街,A股午盘综述：上证指数下滑1.58%、创业板指跌4.24%，机构抱团股再度扑街
2021-03-04,大手笔买入！中国新能源车企正被全球资管巨头扎堆持有,大手笔买入！中国新能源车企正被全球资管巨头扎堆持有
2021-03-04,民生证券：比亚迪(002594.SZ)与地平线展开战略合作，维持“推荐”评级,民生证券：比亚迪(002594.SZ)与地平线展开战略合作，维持“推荐”评级
2021-03-04,和信投顾：两市成交额明显释放 下探考验附近支撑位,和信投顾：两市成交额明显释放 下探考验附近支撑位
2021-03-04,茅台、五粮液、中免、比亚迪、顺丰、立讯精密、智飞、紫金矿业均跌超4%,茅台、五粮液、中免、比亚迪、顺丰、立讯精密、智飞、紫金矿业均跌超4%
2021-03-04,2020全球动力电池装机量TOP10解析,2020全球动力电池装机量TOP10解析
2021-03-04,市占率欧洲第一！比亚迪纯电动大巴获德国订单,市占率欧洲第一！比亚迪纯电动大巴获德国订单
2021-03-04,卖车不赚钱 车企赚钱靠“兼职”,卖车不赚钱 车企赚钱靠“兼职”
2021-03-05,比亚迪(002594.SZ)：拟下调“18亚迪01”公司债券票面利率,比亚迪(002594.SZ)：拟下调“18亚迪01”公司债券票面利率
2021-03-05,华西证券--新能源汽车行业系列点评十三：新造车2月销量高增，智能电动崛起【行业研究】,华西证券--新能源汽车行业系列点评十三：新造车2月销量高增，智能电动崛起【行业研究】
2021-03-05,华安证券--比亚迪：2月销量符合预期，静待新车矩阵上市【公司研究】,华安证券--比亚迪：2月销量符合预期，静待新车矩阵上市【公司研究】
2021-03-05,比亚迪 | 2月：2月销量同比增长 DM-i新车上市增量可期【华西汽车 崔琰团队】,比亚迪 | 2月：2月销量同比增长 DM-i新车上市增量可期【华西汽车 崔琰团队】
2021-03-05,新造车2月销量高增 智能电动崛起 | 新能源汽车行业系列点评十三【华西汽车 崔琰团队】,新造车2月销量高增 智能电动崛起 | 新能源汽车行业系列点评十三【华西汽车 崔琰团队】
2021-03-05,中信证券：比亚迪车型周期向上明确 维持“买入”评级,中信证券：比亚迪车型周期向上明确 维持“买入”评级
2021-03-05,华西证券--比亚迪:2月销量同比增长DM~i新车上市增量可期【公司研究】,华西证券--比亚迪:2月销量同比增长DM~i新车上市增量可期【公司研究】
2021-03-05,比亚迪(002594)：2月销量同比大增 新车型蓄势待发销量可期,比亚迪(002594)：2月销量同比大增 新车型蓄势待发销量可期
2021-03-05,新能源、环保领域碳中和动态追踪(五)：政府工作报告重视碳中和、能耗降低 发展新能源、充换电、电池回收,新能源、环保领域碳中和动态追踪(五)：政府工作报告重视碳中和、能耗降低 发展新能源、充换电、电池回收
2021-03-05,比亚迪：拟将“18亚迪01”票面利率下调至2.90%-3.30%,比亚迪：拟将“18亚迪01”票面利率下调至2.90%-3.30%
2021-03-05,比亚迪(002594.SZ)：吕向阳解押227万股及质押100万股,比亚迪(002594.SZ)：吕向阳解押227万股及质押100万股
2021-03-05,比亚迪(002594.SZ)股东吕向阳解除质押227万股及质押100万股,比亚迪(002594.SZ)股东吕向阳解除质押227万股及质押100万股
2021-03-05,中科创达：目前同比亚迪在智能软件业务上有合作,中科创达：目前同比亚迪在智能软件业务上有合作
2021-03-05,车企疯狂追“芯”，“地平线”签约潮剑指智能驾驶,车企疯狂追“芯”，“地平线”签约潮剑指智能驾驶
2021-03-05,25股今日获机构买入评级,25股今日获机构买入评级
2021-03-05,北向资金今日小幅净买入5.27亿元，贵州茅台连续7日净卖出,北向资金今日小幅净买入5.27亿元，贵州茅台连续7日净卖出
2021-03-05,巴菲特默默押注13年终于大赚！它有望成中国第一家市值万亿的车企！,巴菲特默默押注13年终于大赚！它有望成中国第一家市值万亿的车企！
2021-03-05,3月机会｜热点集中在局部，科技与顺周期板块是最大风口,3月机会｜热点集中在局部，科技与顺周期板块是最大风口
2021-03-05,我个人买股票秉持的原则，只有三句话,我个人买股票秉持的原则，只有三句话
2021-03-05,销售数据亮眼，龙头齐发力，汽车行业景气度仍处高位,销售数据亮眼，龙头齐发力，汽车行业景气度仍处高位
2021-03-05,伯克希尔·哈撒韦持股仓位分析【2020】,伯克希尔·哈撒韦持股仓位分析【2020】
2021-03-05,解密深圳：一首制造业的赞歌！,解密深圳：一首制造业的赞歌！
2021-03-05,安达科技与比亚迪签订重大合同,安达科技与比亚迪签订重大合同
2021-03-05,比亚迪(002594)：2月销量符合预期 智能网联加速纵深,比亚迪(002594)：2月销量符合预期 智能网联加速纵深
2021-03-05,A股主力资金流向（3月5日）：本周大幅抛售光伏、有色股，抢筹金融股,A股主力资金流向（3月5日）：本周大幅抛售光伏、有色股，抢筹金融股
2021-03-05,比亚迪2021年2月新能源车交付增长269.4%至10355辆,比亚迪2021年2月新能源车交付增长269.4%至10355辆
2021-03-05,打破不寻常，EHS电混系统实现可油可电,打破不寻常，EHS电混系统实现可油可电
2021-03-05,比亚迪2月产销数据公布：销售纯电动汽车7835辆,比亚迪2月产销数据公布：销售纯电动汽车7835辆
2021-03-05,全球今年1月新能源车销量排行：特斯拉冠军被“抢”，比亚迪第四！,全球今年1月新能源车销量排行：特斯拉冠军被“抢”，比亚迪第四！
2021-03-05,比亚迪2月新能源车销量破万，3款插混新车将本月上市,比亚迪2月新能源车销量破万，3款插混新车将本月上市
2021-03-05,上市公司正负面新闻2021年3月5日星期五,上市公司正负面新闻2021年3月5日星期五
2021-03-05,新能源汽车缺芯，机会还是挑战？,新能源汽车缺芯，机会还是挑战？
2021-03-05,盘前必读丨比亚迪新能源车2月销量同比大增，TCL继续增持奥马电器,盘前必读丨比亚迪新能源车2月销量同比大增，TCL继续增持奥马电器
2021-03-05,广和通(300638)：持续聚焦高价值赛道 车载业务有望成为公司新增长点,广和通(300638)：持续聚焦高价值赛道 车载业务有望成为公司新增长点
2021-03-05,车企参与造芯大业 缺芯问题火烧眉毛,车企参与造芯大业 缺芯问题火烧眉毛
2021-03-05,紧跟宁德时代 比亚迪也加入战局 刚刚公开固态电池专利,紧跟宁德时代 比亚迪也加入战局 刚刚公开固态电池专利
2021-03-05,29股获券商买入评级 昊海生科目标涨幅达102.04%,29股获券商买入评级 昊海生科目标涨幅达102.04%
2021-03-05,A股融资融券日报：两融余额减少79.03亿元（3月4日）,A股融资融券日报：两融余额减少79.03亿元（3月4日）
2021-03-05,A股早报2021年3月5日星期五,A股早报2021年3月5日星期五
2021-03-05,比亚迪官宣：秦Plus油耗革命性上市日期敲定,比亚迪官宣：秦Plus油耗革命性上市日期敲定
2021-03-05,2月比亚迪新能源车销量破万 纯电动占其月销比重逐渐走高,2月比亚迪新能源车销量破万 纯电动占其月销比重逐渐走高
2021-03-05,融资客青睐2股，海亮股份买入占比高达43.47%,融资客青睐2股，海亮股份买入占比高达43.47%
2021-03-05,比亚迪、紫金矿业、北方稀土、中远海控、中国铝业均低开超5%,比亚迪、紫金矿业、北方稀土、中远海控、中国铝业均低开超5%
2021-03-05,比亚迪今年1月份销售纯电动汽车7835辆 同比增长209.32%,比亚迪今年1月份销售纯电动汽车7835辆 同比增长209.32%
2021-03-05,【行情】汽车板块拉升，长城汽车上涨4.3%，华晨汽车、广汽集团、北京汽车跌幅收窄至2%以内，比亚迪跌2.81%,【行情】汽车板块拉升，长城汽车上涨4.3%，华晨汽车、广汽集团、北京汽车跌幅收窄至2%以内，比亚迪跌2.81%
2021-03-05,比亚迪2月新能源汽车销量约1.04万辆，同比升近2.7倍，环比降逾48% 盈利能力下降,比亚迪2月新能源汽车销量约1.04万辆，同比升近2.7倍，环比降逾48% 盈利能力下降
2021-03-05,机构重仓股一天蒸发400亿，大资金出逃名单曝光,机构重仓股一天蒸发400亿，大资金出逃名单曝光
2021-03-05,比亚迪2月新能源车交付增长269.4%至10355辆，全年冲击40万辆？,比亚迪2月新能源车交付增长269.4%至10355辆，全年冲击40万辆？
2021-03-05,比亚迪与德国联邦铁路公司签订合作协议 携手打造电动化新标杆,比亚迪与德国联邦铁路公司签订合作协议 携手打造电动化新标杆
2021-03-05,比亚迪：明星资本背后哪些问题不能忽略？,比亚迪：明星资本背后哪些问题不能忽略？
2021-03-05,比亚迪(002594.SZ)重磅车型矩阵将上市，维持“买入”评级,比亚迪(002594.SZ)重磅车型矩阵将上市，维持“买入”评级
2021-03-05,公募十大重仓股11天缩水2万亿，茅台跌掉7600亿,公募十大重仓股11天缩水2万亿，茅台跌掉7600亿
2021-03-05,1月全球新能源销量榜：理想ONE成为全球最畅销插混车型,1月全球新能源销量榜：理想ONE成为全球最畅销插混车型
2021-03-05,比亚迪、宁德时代相继发布固态电池，产业链个股迎利好,比亚迪、宁德时代相继发布固态电池，产业链个股迎利好
2021-03-05,花旗指比亚迪(01211-HK)新能源车销售符合预期维持目标价349港元,花旗指比亚迪(01211-HK)新能源车销售符合预期维持目标价349港元
2021-03-06,其实，代工也没什么不好，都是产业链不可缺失的一环。,其实，代工也没什么不好，都是产业链不可缺失的一环。
2021-03-06,宁德时代：动力电池巨头成长史,宁德时代：动力电池巨头成长史
2021-03-06,血战固态电池：有人进，有人退,血战固态电池：有人进，有人退
2021-03-06,沪红深绿 ！北向资金本周小幅流出 抛售贵州茅台超28亿元,沪红深绿 ！北向资金本周小幅流出 抛售贵州茅台超28亿元
2021-03-06,3月5日31只个股获券商关注，通达股份目标涨幅达66.53%,3月5日31只个股获券商关注，通达股份目标涨幅达66.53%
2021-03-06,每经午时丨全国人大代表、人民银行副行长刘桂平：建议适时制定金融稳定法； 美国已有超2750人感染新冠肺炎变异病毒,每经午时丨全国人大代表、人民银行副行长刘桂平：建议适时制定金融稳定法； 美国已有超2750人感染新冠肺炎变异病毒
2021-03-06,这100多万新能源乘用车都卖到哪些城市去了？,这100多万新能源乘用车都卖到哪些城市去了？
2021-03-06,比亚迪2月销量大增280.6%：新能源车卖疯了,比亚迪2月销量大增280.6%：新能源车卖疯了
2021-03-07,造车，富士康是认真的？,造车，富士康是认真的？
2021-03-07,谈谈我心中比亚迪的上涨逻辑,谈谈我心中比亚迪的上涨逻辑
2021-03-07,两会要点解析；3月投资策略丨一周重点研究报告,两会要点解析；3月投资策略丨一周重点研究报告
2021-03-07,杨德龙：当下A股五大热点，投资者如何准确出击？,杨德龙：当下A股五大热点，投资者如何准确出击？
2021-03-07,今年政府工作报告透露啥布局方向？消费、医药、科技是三核心赛道，汽车板块整体或有一波较大行情,今年政府工作报告透露啥布局方向？消费、医药、科技是三核心赛道，汽车板块整体或有一波较大行情
2021-03-07,这个信号请注意！比亚迪特斯拉供应商曹德旺又对新能源车发警告,这个信号请注意！比亚迪特斯拉供应商曹德旺又对新能源车发警告
2021-03-07,A股关键时刻，七大知名公募基金经理集体发声！,A股关键时刻，七大知名公募基金经理集体发声！
2021-03-07,下周11只新股连发！还会有大“肉签”吗？,下周11只新股连发！还会有大“肉签”吗？
2021-03-08,比亚迪今日跌停，机构、北向资金抢筹,比亚迪今日跌停，机构、北向资金抢筹
2021-03-08,A股主力资金流向（3月8日）：机构抱团股持续遭抛售,A股主力资金流向（3月8日）：机构抱团股持续遭抛售
2021-03-08,比亚迪龙虎榜数据（3月8日）,比亚迪龙虎榜数据（3月8日）
2021-03-08,龙虎榜：比亚迪大跌10% 机构资金买入、一营业部卖出超5亿元 连续下跌,龙虎榜：比亚迪大跌10% 机构资金买入、一营业部卖出超5亿元 连续下跌
2021-03-08,油耗仅3.8L 续航1245km！比亚迪秦PLUS DM-i五大核心系统揭秘,油耗仅3.8L 续航1245km！比亚迪秦PLUS DM-i五大核心系统揭秘
2021-03-08,3.8L革命性油耗！比亚迪秦Plus正式上市：10.58万起,3.8L革命性油耗！比亚迪秦Plus正式上市：10.58万起
2021-03-08,2021年两会利好哪些股票？两会概念股有哪些？,2021年两会利好哪些股票？两会概念股有哪些？
2021-03-08,比亚迪秦Plus DM-i亮相：全球唯一以电为主的油电混动车,比亚迪秦Plus DM-i亮相：全球唯一以电为主的油电混动车
2021-03-08,比亚迪发布秦PLUSDM-i车型最低价格10.58万元,比亚迪发布秦PLUSDM-i车型最低价格10.58万元
2021-03-08,比亚迪今日跌停，中信证券杭州延安路卖出5.27亿元,比亚迪今日跌停，中信证券杭州延安路卖出5.27亿元
2021-03-08,比亚迪：DM-i超级混动全面超越世界主流混动技术,比亚迪：DM-i超级混动全面超越世界主流混动技术
2021-03-08,比亚迪今日跌停 深股通卖出4.8亿元并买入5.17亿元,比亚迪今日跌停 深股通卖出4.8亿元并买入5.17亿元
2021-03-08,实测油耗2.5L！比亚迪宋PLUS DM-i 110km长续航版本下线,实测油耗2.5L！比亚迪宋PLUS DM-i 110km长续航版本下线
2021-03-08,创业板指牛年累挫20%，“抱团股”再遭重锤，传统价值股将回归？,创业板指牛年累挫20%，“抱团股”再遭重锤，传统价值股将回归？
2021-03-08,金融街下午茶2021年3月8日星期一,金融街下午茶2021年3月8日星期一
2021-03-08,“38女神节”怎么选礼物？不妨来看看3.8L革命性油耗的秦PLUS DM-i,“38女神节”怎么选礼物？不妨来看看3.8L革命性油耗的秦PLUS DM-i
2021-03-08,【8日资金线路图】两市股指大跌，机构抢筹比亚迪等龙头股,【8日资金线路图】两市股指大跌，机构抢筹比亚迪等龙头股
2021-03-08,抱团股缘何又大跳水？沪指何处止跌？今年确定性最高的机会是？顶级投资大佬这样看！,抱团股缘何又大跳水？沪指何处止跌？今年确定性最高的机会是？顶级投资大佬这样看！
2021-03-08,电力设备：“碳中和”各项规划加速落地 欧洲电车2月同比再高增,电力设备：“碳中和”各项规划加速落地 欧洲电车2月同比再高增
2021-03-08,A股资金面日报：北向资金连续8日抛售贵州茅台 3月新基金发行降温,A股资金面日报：北向资金连续8日抛售贵州茅台 3月新基金发行降温
2021-03-08,主力资金、北向资金持续撤出这些板块龙头股,主力资金、北向资金持续撤出这些板块龙头股
2021-03-08,比亚迪(ADR)跌逾8%创阶段新低,比亚迪(ADR)跌逾8%创阶段新低
2021-03-08,售10.58万起 比亚迪秦PLUS DM-i上市,售10.58万起 比亚迪秦PLUS DM-i上市
2021-03-08,抱团股再度下挫，股票型基金已不受投资者待见了？,抱团股再度下挫，股票型基金已不受投资者待见了？
2021-03-08,【异动股】汽车股沽压重，比亚迪(01211-HK)挫10%见近3个月低位,【异动股】汽车股沽压重，比亚迪(01211-HK)挫10%见近3个月低位
2021-03-08,宁德时代凭什么在动力电池领域“赢者通吃”?,宁德时代凭什么在动力电池领域“赢者通吃”?
2021-03-08,A股前20大市值股：比亚迪跌停，五粮液跌超8%,A股前20大市值股：比亚迪跌停，五粮液跌超8%
2021-03-08,百公里油耗仅需3.8L 比亚迪秦PLUS DM-i的秘密,百公里油耗仅需3.8L 比亚迪秦PLUS DM-i的秘密
2021-03-08,造车新势力会告别高增长吗？,造车新势力会告别高增长吗？
2021-03-08,2021年春季策略会：新供给驱动全面电动化,2021年春季策略会：新供给驱动全面电动化
2021-03-08,电力设备与新能源行业周报(第九周),电力设备与新能源行业周报(第九周)
2021-03-08,25股获券商买入评级，通达股份目标涨幅达66.53%,25股获券商买入评级，通达股份目标涨幅达66.53%
2021-03-08,A股融资融券日报：两融余额减少69.43亿元（3月5日）,A股融资融券日报：两融余额减少69.43亿元（3月5日）
2021-03-08,【汽车】2021年政府工作报告提稳定增加汽车消费——新能源汽车行业周报——看好,【汽车】2021年政府工作报告提稳定增加汽车消费——新能源汽车行业周报——看好
2021-03-08,【新能源金属|第10周周报】钴锂稀土继续大涨，LFP需求景气有望进一步助推锂价,【新能源金属|第10周周报】钴锂稀土继续大涨，LFP需求景气有望进一步助推锂价
2021-03-08,融资客青睐4股，中原高速买入占比高达33.89%,融资客青睐4股，中原高速买入占比高达33.89%
2021-03-08,比亚迪跌近5%，牛年已下挫三成,比亚迪跌近5%，牛年已下挫三成
2021-03-08,新时代证券--2021年电新行业周报3月第1期：2月新能源车销量持续高增长，硅料、硅片价格大幅上涨【行业研究】,新时代证券--2021年电新行业周报3月第1期：2月新能源车销量持续高增长，硅料、硅片价格大幅上涨【行业研究】
2021-03-08,【汽车-徐慧雄】比亚迪：2月销量短暂回落，重磅车型矩阵将上市 盈利能力下降,【汽车-徐慧雄】比亚迪：2月销量短暂回落，重磅车型矩阵将上市 盈利能力下降
2021-03-08,岚图能救东风吗？试水中高端车型惨败 内部营收合资强、自主弱,岚图能救东风吗？试水中高端车型惨败 内部营收合资强、自主弱
2021-03-08,比亚迪：目前插电式混合动力车型在北京不可使用新能源指标,比亚迪：目前插电式混合动力车型在北京不可使用新能源指标
2021-03-08,A股收盘综述：上证指数下滑2.3%，创业板指跌入技术性熊市,A股收盘综述：上证指数下滑2.3%，创业板指跌入技术性熊市
2021-03-08,比亚迪封住跌停，长城汽车跌超8%,比亚迪封住跌停，长城汽车跌超8%
2021-03-08,"真有实力还是噱头比亚迪DM-i真能比过""两田""吗？","真有实力还是噱头比亚迪DM-i真能比过""两田""吗？"
2021-03-08,比亚迪关联公司公开“一种稀土永磁体及其制备方法”专利,比亚迪关联公司公开“一种稀土永磁体及其制备方法”专利
2021-03-08,机构、主力午后分别领买贵州茅台、比亚迪,机构、主力午后分别领买贵州茅台、比亚迪
2021-03-08,港股消费股遭洗仓：九毛九跌10%比亚迪跌9%农夫山泉跌7%,港股消费股遭洗仓：九毛九跌10%比亚迪跌9%农夫山泉跌7%
2021-03-08,华金证券--汽车行业第10周周报：重卡2月销量同比+198%，全年高景气度有望延续【行业研究】,华金证券--汽车行业第10周周报：重卡2月销量同比+198%，全年高景气度有望延续【行业研究】
2021-03-08,发生了什么？A股跳水：茅台大跌白酒重挫5%,发生了什么？A股跳水：茅台大跌白酒重挫5%
2021-03-08,A股午盘综述：上证指数下滑1.01%，机构抱团股再度杀跌,A股午盘综述：上证指数下滑1.01%，机构抱团股再度杀跌
2021-03-08,上证指数跌超2%，贵州茅台跌近4%,上证指数跌超2%，贵州茅台跌近4%
2021-03-09,A股收盘综述：上证指数再跌1.82%至3350位置，创业板指两日累挫超8%,A股收盘综述：上证指数再跌1.82%至3350位置，创业板指两日累挫超8%
2021-03-09,比亚迪成立汽车销售新公司，昨日股价跌停 盈利能力下降,比亚迪成立汽车销售新公司，昨日股价跌停 盈利能力下降
2021-03-09,机构逆势抄底比亚迪 游资撬板航发动力|板块龙虎榜,机构逆势抄底比亚迪 游资撬板航发动力|板块龙虎榜
2021-03-09,比亚迪(002594)重大事项点评：插电秦PLUSDM-I正式上市 有望加速替代燃油车市场,比亚迪(002594)重大事项点评：插电秦PLUSDM-I正式上市 有望加速替代燃油车市场
2021-03-09,A股午盘综述：上证指数触底回弹半日跌0.18%，机构抱团股先跳水后反扑,A股午盘综述：上证指数触底回弹半日跌0.18%，机构抱团股先跳水后反扑
2021-03-09,不约而同“秀肌肉” 自主品牌亮剑刺破日系混动局,不约而同“秀肌肉” 自主品牌亮剑刺破日系混动局
2021-03-09,自主三强抢发2月销量：吉利长城比亚迪均现同比暴涨环比大跌 盈利能力下降,自主三强抢发2月销量：吉利长城比亚迪均现同比暴涨环比大跌 盈利能力下降
2021-03-09,传统车企涉足新能源:面朝大海，春暖花开？,传统车企涉足新能源:面朝大海，春暖花开？
2021-03-09,三元电池正“转攻为守”，磷酸铁锂发起新一轮强势反攻！,三元电池正“转攻为守”，磷酸铁锂发起新一轮强势反攻！
2021-03-09,泉峰汽车：取得比亚迪新能源汽车零部件项目,泉峰汽车：取得比亚迪新能源汽车零部件项目
2021-03-09,泉峰汽车(603982.SH)取得比亚迪新能源汽车零部件项目 预估项目金额4亿元,泉峰汽车(603982.SH)取得比亚迪新能源汽车零部件项目 预估项目金额4亿元
2021-03-09,北向资金今日净买入24.31亿元，资金连续9日出逃贵州茅台,北向资金今日净买入24.31亿元，资金连续9日出逃贵州茅台
2021-03-09,金融街下午茶2021年3月9日星期二,金融街下午茶2021年3月9日星期二
2021-03-09,晚间重要公告2021年3月9日星期二,晚间重要公告2021年3月9日星期二
2021-03-09,大幅回调仍难言见底，新能源汽车机会或在这些环节,大幅回调仍难言见底，新能源汽车机会或在这些环节
2021-03-09,[路演]拓斯达：主要客户包括比亚迪、宁德时代等,[路演]拓斯达：主要客户包括比亚迪、宁德时代等
2021-03-09,燃油轿车劲敌来袭，比亚迪秦PLUS DM-i 10.58万元起售,燃油轿车劲敌来袭，比亚迪秦PLUS DM-i 10.58万元起售
2021-03-09,华福证券--电力设备及新能源行业周报：行业基本面未改，基金负反馈引发市场巨震【行业研究】,华福证券--电力设备及新能源行业周报：行业基本面未改，基金负反馈引发市场巨震【行业研究】
2021-03-09,乘联会：2月新能源乘用车市场多元化发力，销量突破万辆销量的企业有上汽通用五菱20819辆、特斯拉中国18318辆，比亚迪10245辆,乘联会：2月新能源乘用车市场多元化发力，销量突破万辆销量的企业有上汽通用五菱20819辆、特斯拉中国18318辆，比亚迪10245辆
2021-03-09,蓝筹股步入“分化”和“新兴”阶段？,蓝筹股步入“分化”和“新兴”阶段？
2021-03-09,比亚迪跌停、特斯拉蔚来小鹏理想暴跌，市值蒸发2.8万亿！ 连续下跌,比亚迪跌停、特斯拉蔚来小鹏理想暴跌，市值蒸发2.8万亿！ 连续下跌
2021-03-09,EV晨报 | 小鹏汽车发布财报；比亚迪秦PLUS DM-i正式上市,EV晨报 | 小鹏汽车发布财报；比亚迪秦PLUS DM-i正式上市
2021-03-09,全球市场分化，欧洲开始领跑，纳指、沪指跌超2%,全球市场分化，欧洲开始领跑，纳指、沪指跌超2%
2021-03-09,每日理财观察：证监会重磅发声，全面落实退市方案,每日理财观察：证监会重磅发声，全面落实退市方案
2021-03-09,三家头部自主车企发布2月销量数据 均现同比暴涨环比大跌,三家头部自主车企发布2月销量数据 均现同比暴涨环比大跌
2021-03-09,各种“茅”被抛弃？机构调研偏好中小盘！这些最受关注,各种“茅”被抛弃？机构调研偏好中小盘！这些最受关注
2021-03-09,国海证券--汽车行业周报：“碳中和”为燃料电池、电动货车带来新催化【行业研究】,国海证券--汽车行业周报：“碳中和”为燃料电池、电动货车带来新催化【行业研究】
2021-03-09,中国正式核准RCEP，全球最大自贸区起航在即，概念股全梳理,中国正式核准RCEP，全球最大自贸区起航在即，概念股全梳理
2021-03-09,A股早报2021年3月9日星期二,A股早报2021年3月9日星期二
2021-03-09,渤海证券--新能源汽车行业周报：2021年政府工作报告提稳定增加汽车消费【行业研究】,渤海证券--新能源汽车行业周报：2021年政府工作报告提稳定增加汽车消费【行业研究】
2021-03-09,比亚迪等51股近五日获机构净买入,比亚迪等51股近五日获机构净买入
2021-03-09,比亚迪、隆基股份、中公教育、三一重工、泸州老窖等均跌超3%,比亚迪、隆基股份、中公教育、三一重工、泸州老窖等均跌超3%
2021-03-09,【汽车】汽车行业周报— 2月汽车销量高增长，政府工作报告提出增加汽车消费,【汽车】汽车行业周报— 2月汽车销量高增长，政府工作报告提出增加汽车消费
2021-03-09,乘联会：中国2月份广义乘用车零售销量119万辆，同比增长368%,乘联会：中国2月份广义乘用车零售销量119万辆，同比增长368%
2021-03-09,A股融资融券日报：两融余额减少48.58亿元（3月8日）,A股融资融券日报：两融余额减少48.58亿元（3月8日）
2021-03-10,汽车行业重大事项点评：在波动中寻找机会,汽车行业重大事项点评：在波动中寻找机会
2021-03-10,中泰证券--电力设备新能源行业周观察：碳中和推动产业发展，行情景气持续向上【行业研究】,中泰证券--电力设备新能源行业周观察：碳中和推动产业发展，行情景气持续向上【行业研究】
2021-03-10,金宏气体：公司与中颖电子、兆易创新、比亚迪、士兰微、闻泰科技、华虹半导体等企业暂无业务往来,金宏气体：公司与中颖电子、兆易创新、比亚迪、士兰微、闻泰科技、华虹半导体等企业暂无业务往来
2021-03-10,2021年2月乘用车销量点评：2月乘用车销量符合预期关注自主品牌超额收益机会,2021年2月乘用车销量点评：2月乘用车销量符合预期关注自主品牌超额收益机会
2021-03-10,裸车加保险就是落地价！比亚迪秦Plus现身免征购置税目录,裸车加保险就是落地价！比亚迪秦Plus现身免征购置税目录
2021-03-10,周报（2021.3.9）：电动车中游与光伏超跌，部分公司进入合理估值区间,周报（2021.3.9）：电动车中游与光伏超跌，部分公司进入合理估值区间
2021-03-10,小号汉！比亚迪秦PLUS EV现身工信部：刀片电池续航600km,小号汉！比亚迪秦PLUS EV现身工信部：刀片电池续航600km
2021-03-10,【龙虎榜分析】有个风险不得不防！,【龙虎榜分析】有个风险不得不防！
2021-03-10,不止高端品牌！比亚迪海豚、鲨鱼、鲸鱼全来了,不止高端品牌！比亚迪海豚、鲨鱼、鲸鱼全来了
2021-03-10,汽车及零部件行业：2月车市平稳复苏 双长广汽表现亮眼,汽车及零部件行业：2月车市平稳复苏 双长广汽表现亮眼
2021-03-10,白马股大反攻：茅台大涨白酒飙升，“牙茅”涨停了！,白马股大反攻：茅台大涨白酒飙升，“牙茅”涨停了！
2021-03-10,终于反攻！A股核心资产大涨归来，北向资金也在涌入！两市成交却大幅萎缩,终于反攻！A股核心资产大涨归来，北向资金也在涌入！两市成交却大幅萎缩
2021-03-10,A股核心资产大涨，两市成交却大幅萎缩，什么情况？,A股核心资产大涨，两市成交却大幅萎缩，什么情况？
2021-03-10,撞塌多个展台 数人受伤！小鹏P7商场展车突然失控冲出,撞塌多个展台 数人受伤！小鹏P7商场展车突然失控冲出
2021-03-10,市值蒸发超2200亿元，小鹏汽车经历了什么 连续下跌,市值蒸发超2200亿元，小鹏汽车经历了什么 连续下跌
2021-03-10,福蓉科技：公司为比亚迪提供的产品主要为消费电子的铝合金材料,福蓉科技：公司为比亚迪提供的产品主要为消费电子的铝合金材料
2021-03-10,A股午盘综述：上证指数涨0.67%、创业板指涨2.95%，机构抱团股复苏,A股午盘综述：上证指数涨0.67%、创业板指涨2.95%，机构抱团股复苏
2021-03-10,先导智能：国轩高科和比亚迪均为公司客户，还包括蜂巢能源、中航锂电等国内知名电池企业,先导智能：国轩高科和比亚迪均为公司客户，还包括蜂巢能源、中航锂电等国内知名电池企业
2021-03-10,异动直击|汽车股强势反弹，比亚迪涨9%，长城汽车涨6%,异动直击|汽车股强势反弹，比亚迪涨9%，长城汽车涨6%
2021-03-10,DM-i超级混动 直面与燃油车的竞争,DM-i超级混动 直面与燃油车的竞争
2021-03-10,大幅回调仍难言见底 新能源汽车估值透支严重,大幅回调仍难言见底 新能源汽车估值透支严重
2021-03-10,上市公司正负面新闻2021年3月10日星期三,上市公司正负面新闻2021年3月10日星期三
2021-03-10,【东吴七点半】V型反转后再度走弱 钢铁板块表现强势,【东吴七点半】V型反转后再度走弱 钢铁板块表现强势
2021-03-10,新能源汽车行业周报：欧洲2月电动车销量表现稳定,新能源汽车行业周报：欧洲2月电动车销量表现稳定
2021-03-10,【中原汽车】汽车行业周报：政府工作报告提出稳定增加汽车消费，乘用车终端需求旺盛,【中原汽车】汽车行业周报：政府工作报告提出稳定增加汽车消费，乘用车终端需求旺盛
2021-03-10,造车三兄弟：股价腰斩后，又到了“忆苦思变”时|观潮,造车三兄弟：股价腰斩后，又到了“忆苦思变”时|观潮
2021-03-10,开源晨会0310丨2月国内新能源汽车淡季不淡，持续看好新能源汽车产业链；中天科技、道通科技、利安隆,开源晨会0310丨2月国内新能源汽车淡季不淡，持续看好新能源汽车产业链；中天科技、道通科技、利安隆
2021-03-10,抄底了！北向资金净买入24亿元，但贵州茅台再被抛售逾13亿 减持股份,抄底了！北向资金净买入24亿元，但贵州茅台再被抛售逾13亿 减持股份
2021-03-10,北向资金今日净买入52.25亿元，机构抱团股获资金大幅抢筹,北向资金今日净买入52.25亿元，机构抱团股获资金大幅抢筹
2021-03-10,A股融资融券日报：两融余额减少116.86亿元（3月9日）,A股融资融券日报：两融余额减少116.86亿元（3月9日）
2021-03-10,机构抱团股全线回暖高开，Wind茅指数涨2.7%,机构抱团股全线回暖高开，Wind茅指数涨2.7%
2021-03-10,上证指数高开0.91%，创业板指涨2.84%,上证指数高开0.91%，创业板指涨2.84%
2021-03-10,【行情】汽车板块高开，比亚迪涨5％，江淮汽车、长城汽车、江铃汽车等集体高开,【行情】汽车板块高开，比亚迪涨5％，江淮汽车、长城汽车、江铃汽车等集体高开
2021-03-10,消费龙头集体爆发：海底捞涨近9% 比亚迪涨超5%,消费龙头集体爆发：海底捞涨近9% 比亚迪涨超5%
2021-03-10,特斯拉在美股暴涨20%：保利协鑫涨超10% 比亚迪涨超8%,特斯拉在美股暴涨20%：保利协鑫涨超10% 比亚迪涨超8%
2021-03-10,A股全线回暖，新能源车ETF、食品饮料ETF等涨幅靠前,A股全线回暖，新能源车ETF、食品饮料ETF等涨幅靠前
2021-03-10,宁德时代：动力电池10倍以上增长空间，暴利即将降临！,宁德时代：动力电池10倍以上增长空间，暴利即将降临！
2021-03-10,A股早报2021年3月10日星期三,A股早报2021年3月10日星期三
2021-03-11,比亚迪公开“动力电池冷却方法”相关专利,比亚迪公开“动力电池冷却方法”相关专利
2021-03-11,A股收盘综述：上证指数劲升2.36%，机构抱团股持续复苏、周期股爆发,A股收盘综述：上证指数劲升2.36%，机构抱团股持续复苏、周期股爆发
2021-03-11,体积与一瓶水相当！Intel猎豹峡谷NUC评测：性能比台式还强,体积与一瓶水相当！Intel猎豹峡谷NUC评测：性能比台式还强
2021-03-11,【长城汽车|孙志东团队】2021年1月汽车销量总结：自主品牌开门红，重卡再超预期,【长城汽车|孙志东团队】2021年1月汽车销量总结：自主品牌开门红，重卡再超预期
2021-03-11,汽车行业乘用车2月销量点评：除了低基数 还应关注什么？,汽车行业乘用车2月销量点评：除了低基数 还应关注什么？
2021-03-11,9个交易日汽车上市公司市值蒸发2000亿元，濒临破产“妖股”股价最坚挺 减资破产,9个交易日汽车上市公司市值蒸发2000亿元，濒临破产“妖股”股价最坚挺 减资破产
2021-03-11,亿纬锂能(300014)：大力布局乘用车铁锂 动力电池亮点不断,亿纬锂能(300014)：大力布局乘用车铁锂 动力电池亮点不断
2021-03-11,金融街下午茶2021年3月11日星期四,金融街下午茶2021年3月11日星期四
2021-03-11,叫板“刀片”为三元锂电正名，广汽埃安反手打了宁德时代一个耳光,叫板“刀片”为三元锂电正名，广汽埃安反手打了宁德时代一个耳光
2021-03-11,造车新势力2020年报点评：销量、业绩均表现亮眼，开启新战略周期,造车新势力2020年报点评：销量、业绩均表现亮眼，开启新战略周期
2021-03-11,南京消协发布《汽车投诉分析》 质量问题成投诉热点,南京消协发布《汽车投诉分析》 质量问题成投诉热点
2021-03-11,【一语道破】不是巧合！宁德时代正杀入LG大本,【一语道破】不是巧合！宁德时代正杀入LG大本
2021-03-11,比亚迪：将“18亚迪01”票面利率由5.17%下调至3.2%,比亚迪：将“18亚迪01”票面利率由5.17%下调至3.2%
2021-03-11,港股汽车股午后持续上扬 长城汽车涨6%比亚迪涨超4%,港股汽车股午后持续上扬 长城汽车涨6%比亚迪涨超4%
2021-03-11,部分新能源车企变成“容嬷嬷”，喜欢给动力电池“扎针”,部分新能源车企变成“容嬷嬷”，喜欢给动力电池“扎针”
2021-03-11,当风口不再“吹”，小鹏该如何“飞”？,当风口不再“吹”，小鹏该如何“飞”？
2021-03-11,继“刀片”后再迎“弹匣”，车企电池技术频频“出圈”为哪般？,继“刀片”后再迎“弹匣”，车企电池技术频频“出圈”为哪般？
2021-03-11,两融余额持续缩减，科创板次新股获资金关注,两融余额持续缩减，科创板次新股获资金关注
2021-03-11,【山证早班车】山西证券：晨会纪要（20210311）,【山证早班车】山西证券：晨会纪要（20210311）
2021-03-11,泉峰汽车获比亚迪4亿订单 成长快速营收四连增,泉峰汽车获比亚迪4亿订单 成长快速营收四连增
2021-03-11,储能之战：特斯拉与宁德时代有了新对手,储能之战：特斯拉与宁德时代有了新对手
2021-03-11,A股融资融券日报：两融余额减少53.4亿元（3月10日）,A股融资融券日报：两融余额减少53.4亿元（3月10日）
2021-03-11,推“弹匣”电池技术挑战行业巨头 广汽埃安最快明年启动IPO,推“弹匣”电池技术挑战行业巨头 广汽埃安最快明年启动IPO
2021-03-11,三次迭代、五大板块，汉DiLink 3.0智能网联系统智享车生活,三次迭代、五大板块，汉DiLink 3.0智能网联系统智享车生活
2021-03-11,机构看中这些股 近五日大手笔净买入,机构看中这些股 近五日大手笔净买入
2021-03-11,新能源车板块持续走强，新能车ETF(SZ159806)大涨超2.5%,新能源车板块持续走强，新能车ETF(SZ159806)大涨超2.5%
2021-03-11,三种座位选择 比亚迪纯电动M3申报图,三种座位选择 比亚迪纯电动M3申报图
2021-03-11,宁德时代、比亚迪快速拉升，锂电池板块单边上行,宁德时代、比亚迪快速拉升，锂电池板块单边上行
2021-03-11,广和通(300638)：全球POS机／笔电蜂窝通信模组主要供应商 积极布局车联网领域,广和通(300638)：全球POS机／笔电蜂窝通信模组主要供应商 积极布局车联网领域
2021-03-11,比亚迪稀土永磁体专利解决降本增效问题,比亚迪稀土永磁体专利解决降本增效问题
2021-03-11,比亚迪之后广汽埃安也进行了针刺试验 车企正着力提升动力电池安全性,比亚迪之后广汽埃安也进行了针刺试验 车企正着力提升动力电池安全性
2021-03-12,比亚迪公开“车内后排座椅的监控方法”相关专利,比亚迪公开“车内后排座椅的监控方法”相关专利
2021-03-12,真假车市开门红？2月销量同比增360%环比降41.9%，不及2018年、2019年同期,真假车市开门红？2月销量同比增360%环比降41.9%，不及2018年、2019年同期
2021-03-12,一周主力资金丨东方财富、比亚迪等个股遭大幅抛售 股票卖空,一周主力资金丨东方财富、比亚迪等个股遭大幅抛售 股票卖空
2021-03-12,新能源汽车产业跟踪系列：景气度持续向上 结构性看点突出,新能源汽车产业跟踪系列：景气度持续向上 结构性看点突出
2021-03-12,传统车企+造车新势力+互联网巨头 谁将开启新能源汽车产业万亿市场？,传统车企+造车新势力+互联网巨头 谁将开启新能源汽车产业万亿市场？
2021-03-12,“钢铁直男”变身“萌妹子”？“猫系”欧拉能拯救长城汽车吗？,“钢铁直男”变身“萌妹子”？“猫系”欧拉能拯救长城汽车吗？
2021-03-12,重新定义智慧出行，比亚迪汉DiLink 3.0打造360°出行服务,重新定义智慧出行，比亚迪汉DiLink 3.0打造360°出行服务
2021-03-12,A股主力资金流向：本周累计净流出1439亿，东方财富、比亚迪净流出额居前,A股主力资金流向：本周累计净流出1439亿，东方财富、比亚迪净流出额居前
2021-03-12,比亚迪公开“自动驾驶车辆”相关专利,比亚迪公开“自动驾驶车辆”相关专利
2021-03-12,广汽攻破三元锂电池安全痛点 比亚迪会受刺激改变赛道吗？,广汽攻破三元锂电池安全痛点 比亚迪会受刺激改变赛道吗？
2021-03-12,【东吴电新】电动车2月销量点评：高端车型需求强劲，整体销量符合预期,【东吴电新】电动车2月销量点评：高端车型需求强劲，整体销量符合预期
2021-03-12,2021年2月汽车销量跟踪报告：低基数放大行业复苏趋势,2021年2月汽车销量跟踪报告：低基数放大行业复苏趋势
2021-03-12,八大券商主题策略：关于碳中和 四十年投资蓝图徐徐展开（标的全览）,八大券商主题策略：关于碳中和 四十年投资蓝图徐徐展开（标的全览）
2021-03-12,新能源行业专题报告-新能源汽车及锂电系列之四：2月装机景气度持续,新能源行业专题报告-新能源汽车及锂电系列之四：2月装机景气度持续
2021-03-12,传理想汽车拟赴港上市，朋友圈投放两年0息的分期购车广告,传理想汽车拟赴港上市，朋友圈投放两年0息的分期购车广告
2021-03-12,汽车行业月度销量点评：季节因素销量环比下降 销量符合预期 盈利能力下降,汽车行业月度销量点评：季节因素销量环比下降 销量符合预期 盈利能力下降
2021-03-12,磷酸铁锂产业高歌猛进 订单火爆锂电巨头纷纷加码投资,磷酸铁锂产业高歌猛进 订单火爆锂电巨头纷纷加码投资
2021-03-12,科技及智能设备产业链日报：大盘收小阳 工业和电信服务表现尚可,科技及智能设备产业链日报：大盘收小阳 工业和电信服务表现尚可
2021-03-12,A股融资融券日报：两融余额增加76.06亿元（3月11日）,A股融资融券日报：两融余额增加76.06亿元（3月11日）
2021-03-12,每日理财观察：三大百亿基金大幅放宽限购,每日理财观察：三大百亿基金大幅放宽限购
2021-03-12,【电气设备*曾朵红】销量、业绩均表现亮眼，开启新战略周期,【电气设备*曾朵红】销量、业绩均表现亮眼，开启新战略周期
2021-03-12,2月装车量同比增28倍，磷酸铁锂产业高歌猛进,2月装车量同比增28倍，磷酸铁锂产业高歌猛进
2021-03-12,2月装车量同比增28倍 磷酸铁锂产业高歌猛进,2月装车量同比增28倍 磷酸铁锂产业高歌猛进
2021-03-12,金风科技：公司在安徽灵璧的风储配套项目使用的是比亚迪的电池,金风科技：公司在安徽灵璧的风储配套项目使用的是比亚迪的电池
2021-03-13,北向资金逆市扫货这一低估值板块，分析师大喊还有39%的上涨空间（附股）,北向资金逆市扫货这一低估值板块，分析师大喊还有39%的上涨空间（附股）
2021-03-13,"光大证券--电力设备新能源行业动力电池成本系列报告之二:降本新方案,“刀片”+CTP【行业研究】","光大证券--电力设备新能源行业动力电池成本系列报告之二:降本新方案,“刀片”+CTP【行业研究】"
2021-03-13,今年“3·15”会曝光哪些问题？这些企业近期被点名！,今年“3·15”会曝光哪些问题？这些企业近期被点名！
2021-03-13,磷酸铁锂装车量大涨2826%！三元锂面临挑战压力！,磷酸铁锂装车量大涨2826%！三元锂面临挑战压力！
2021-03-13,【中原锂电池】锂电池行业月报：销量持续倍增，短期仍不乐观,【中原锂电池】锂电池行业月报：销量持续倍增，短期仍不乐观
2021-03-13,汽车行业跟踪点评：低基数效应下2月汽车销量同比大幅改善,汽车行业跟踪点评：低基数效应下2月汽车销量同比大幅改善
2021-03-14,蚂蚁金服CEO突然辞职！去向很意外 董监高成员变化,蚂蚁金服CEO突然辞职！去向很意外 董监高成员变化
2021-03-14,【东吴电新】电动车2021年2月专题报告：电动车Q1销量超市场预期，龙头业绩超高增长,【东吴电新】电动车2021年2月专题报告：电动车Q1销量超市场预期，龙头业绩超高增长
2021-03-14,“碳中和”红到发紫！生态部暗访治乱，一地造假被重罚！机构组团忙调研，警惕有人“蹭热点”,“碳中和”红到发紫！生态部暗访治乱，一地造假被重罚！机构组团忙调研，警惕有人“蹭热点”
2021-03-14,碳酸锂价格4个月翻倍！锂电上市公司纷纷“下地”找矿,碳酸锂价格4个月翻倍！锂电上市公司纷纷“下地”找矿
2021-03-14,2021年2月国内新能源车销量点评：淡季不淡 持续看好,2021年2月国内新能源车销量点评：淡季不淡 持续看好
2021-03-14,今年3·15会曝光什么,今年3·15会曝光什么
2021-03-14,通胀预期下的造车新势力：特斯拉已非头号对手,通胀预期下的造车新势力：特斯拉已非头号对手
2021-03-14,为何取名叫“比亚迪”？创始人王传福回答太让人意外,为何取名叫“比亚迪”？创始人王传福回答太让人意外
2021-03-14,2月装车量同比增长28倍 磷酸铁锂能否逆袭三元电池？,2月装车量同比增长28倍 磷酸铁锂能否逆袭三元电池？
2021-03-14,新能源车周报：2月国内新能源车产销同比分别增723.6%和584.7%,新能源车周报：2月国内新能源车产销同比分别增723.6%和584.7%
2021-03-14,【方正电新丨周观点】2月动力电池装机5.6Gwh， 多项政策助力风光发展,【方正电新丨周观点】2月动力电池装机5.6Gwh， 多项政策助力风光发展
2021-03-15,2021年2月新能源车销量点评：中欧市场同比高增 看好全年持续增长,2021年2月新能源车销量点评：中欧市场同比高增 看好全年持续增长
2021-03-15,特斯拉称霸欧美市场，在中国市场却再次被五菱击败,特斯拉称霸欧美市场，在中国市场却再次被五菱击败
2021-03-15,2021年电新行业周报3月第2期：新能源车产销景气度持续 硅料、组件价格大幅上涨,2021年电新行业周报3月第2期：新能源车产销景气度持续 硅料、组件价格大幅上涨
2021-03-15,【华西中小盘&科创】同益股份：分销固本，上游材料自制&投资赋能前景广阔,【华西中小盘&科创】同益股份：分销固本，上游材料自制&投资赋能前景广阔
2021-03-15,北向资金今日净买入36.87亿元，贵州茅台逆市遭净卖出逾9亿元,北向资金今日净买入36.87亿元，贵州茅台逆市遭净卖出逾9亿元
2021-03-15,浙商证券--汽车整车行业专题报告：低基数下的高增长，聚焦新能源与商用车【行业研究】,浙商证券--汽车整车行业专题报告：低基数下的高增长，聚焦新能源与商用车【行业研究】
2021-03-15,环保行业：多省纯电动渗透率显着提升,环保行业：多省纯电动渗透率显着提升
2021-03-15,引领数字营销进入转化时代，百度赋能新能源车企,引领数字营销进入转化时代，百度赋能新能源车企
2021-03-15,深南电路(002916)：20Q4行情低点已过 封装基板业务高增,深南电路(002916)：20Q4行情低点已过 封装基板业务高增
2021-03-15,【2月乘用车量-库-价深度】1-2月累计批发同比2019年-2%，零售持平,【2月乘用车量-库-价深度】1-2月累计批发同比2019年-2%，零售持平
2021-03-15,苹果板块震荡下滑，比亚迪、立讯、工业富联、蓝思、歌尔、鹏鼎控股、大族普跌,苹果板块震荡下滑，比亚迪、立讯、工业富联、蓝思、歌尔、鹏鼎控股、大族普跌
2021-03-15,美的、中免、比亚迪、海康威视、金龙鱼、牧原股份等机构抱团股均跌超3%,美的、中免、比亚迪、海康威视、金龙鱼、牧原股份等机构抱团股均跌超3%
2021-03-15,龙虎榜揭秘 近五日机构最青睐37股,龙虎榜揭秘 近五日机构最青睐37股
2021-03-15,A股融资融券日报：两融余额减少27.42亿元（3月12日）,A股融资融券日报：两融余额减少27.42亿元（3月12日）
2021-03-15,盘前情报丨万亿巨头加仓茅台，机构高呼3000元目标价不变；国内电池级碳酸锂价格月涨16%,盘前情报丨万亿巨头加仓茅台，机构高呼3000元目标价不变；国内电池级碳酸锂价格月涨16%
2021-03-15,新能源与汽车行业研究周报：风光金融支持加大 新能源车产销价财走强,新能源与汽车行业研究周报：风光金融支持加大 新能源车产销价财走强
2021-03-15,【电新*曾朵红】电动车Q1销量超市场预期，龙头业绩超高增长——电动车2021年2月专题报告,【电新*曾朵红】电动车Q1销量超市场预期，龙头业绩超高增长——电动车2021年2月专题报告
2021-03-15,“碳中和”红到发紫！生态部暗访治乱，警惕有人蹭热点,“碳中和”红到发紫！生态部暗访治乱，警惕有人蹭热点
2021-03-15,2月MPV：低基数造就高增长，五菱系以新车保总量,2月MPV：低基数造就高增长，五菱系以新车保总量
2021-03-15,22家上市车企服务热线接听率达93%，公司董秘“复读机”式回复缺乏有效互动,22家上市车企服务热线接听率达93%，公司董秘“复读机”式回复缺乏有效互动
2021-03-15,东吴证券--电动车2月销量点评：高端车型需求强劲，整体销量符合预期【行业研究】,东吴证券--电动车2月销量点评：高端车型需求强劲，整体销量符合预期【行业研究】
2021-03-16,万得携手嘉实重磅推出可持续ESG系列指数,万得携手嘉实重磅推出可持续ESG系列指数
2021-03-16,小鹏汽车全年毛利首次转正，“新造车”时代要来了吗？,小鹏汽车全年毛利首次转正，“新造车”时代要来了吗？
2021-03-16,比亚迪或将从2022年向现代提供刀片电池,比亚迪或将从2022年向现代提供刀片电池
2021-03-16,骁龙870快充之王！iQOO Neo5发布会直播,骁龙870快充之王！iQOO Neo5发布会直播
2021-03-16,中国动力电池供应商受现代汽车青睐，比亚迪或将于2022年向现代汽车供应刀片电池,中国动力电池供应商受现代汽车青睐，比亚迪或将于2022年向现代汽车供应刀片电池
2021-03-16,小康股份今日涨停，FF91预计2022年上半年上市丨第一财经汽车日评,小康股份今日涨停，FF91预计2022年上半年上市丨第一财经汽车日评
2021-03-16,比亚迪获深股通连续7日净买入累计净买入13.79亿元,比亚迪获深股通连续7日净买入累计净买入13.79亿元
2021-03-16,SUV版汉！比亚迪元Pro将上市：刀片电池续航超400km,SUV版汉！比亚迪元Pro将上市：刀片电池续航超400km
2021-03-16,千锤百炼 揭秘汉背后的研发故事,千锤百炼 揭秘汉背后的研发故事
2021-03-16,新能源车再迎“新燃点”！上海167万车主急寻限行应对方案，板块10月大幅跑赢大盘,新能源车再迎“新燃点”！上海167万车主急寻限行应对方案，板块10月大幅跑赢大盘
2021-03-16,恒大汽车再牵手腾讯股价涨超10%?市值居行业第三仅次于比亚迪蔚来,恒大汽车再牵手腾讯股价涨超10%?市值居行业第三仅次于比亚迪蔚来
2021-03-16,比亚迪(002594.SZ)：股东吕向阳解除质押810万股及质押505.5万股,比亚迪(002594.SZ)：股东吕向阳解除质押810万股及质押505.5万股
2021-03-16,1月券商金股名单出炉！白酒降温，顺周期仍受捧，这些股票有看头,1月券商金股名单出炉！白酒降温，顺周期仍受捧，这些股票有看头
2021-03-16,【汽车】汽车行业周报— 2月新能源销量再创记录，比亚迪秦PLUS DM-i上市,【汽车】汽车行业周报— 2月新能源销量再创记录，比亚迪秦PLUS DM-i上市
2021-03-16,【行情】A股汽车板块多股走高，小康股份涨5.84%，东风汽车涨3.51%，比亚迪、长城汽车等涨幅靠前,【行情】A股汽车板块多股走高，小康股份涨5.84%，东风汽车涨3.51%，比亚迪、长城汽车等涨幅靠前
2021-03-16,牵手腾讯为哪般？恒大汽车市值逼近4800亿,牵手腾讯为哪般？恒大汽车市值逼近4800亿
2021-03-16,大动作！许家印、马化腾重磅联手，恒大汽车市值逼近4800亿，牵手腾讯为哪般？,大动作！许家印、马化腾重磅联手，恒大汽车市值逼近4800亿，牵手腾讯为哪般？
2021-03-16,3个月6家车企密集换标，电动化或成催化剂,3个月6家车企密集换标，电动化或成催化剂
2021-03-16,现代汽车或将采购比亚迪刀片电池,现代汽车或将采购比亚迪刀片电池
2021-03-16,11家百亿元级私募重仓41只A股,11家百亿元级私募重仓41只A股
2021-03-16,许家印、马化腾重磅联手，恒大汽车市值逼近4800亿，牵手腾讯为哪般？,许家印、马化腾重磅联手，恒大汽车市值逼近4800亿，牵手腾讯为哪般？
2021-03-16,第2批目录：三元系统突破200wh/kg大关,第2批目录：三元系统突破200wh/kg大关
2021-03-16,A股融资融券日报：两融余额增加12.42亿元（3月15日）,A股融资融券日报：两融余额增加12.42亿元（3月15日）
2021-03-16,"特斯拉在欧美市场居于主导地位,在美国市场更拥有近八成市场份额","特斯拉在欧美市场居于主导地位,在美国市场更拥有近八成市场份额"
2021-03-16,汽车行业周报：乘用车需求向好 电动智能加速,汽车行业周报：乘用车需求向好 电动智能加速
2021-03-16,新一期新能源汽车补贴公示，比亚迪再收逾43亿“红包”,新一期新能源汽车补贴公示，比亚迪再收逾43亿“红包”
2021-03-16,港股盘前必读：北上资金大笔卖出白酒股茅台净卖出约10亿元,港股盘前必读：北上资金大笔卖出白酒股茅台净卖出约10亿元
2021-03-17,A股史上首次蓝筹股泡沫破裂，6成私募反对抄底,A股史上首次蓝筹股泡沫破裂，6成私募反对抄底
2021-03-17,终于用上刀片电池！新比亚迪元Pro颜值大增,终于用上刀片电池！新比亚迪元Pro颜值大增
2021-03-17,汽车行业专题报告之芯片篇：芯片短缺对汽车行业影响几何,汽车行业专题报告之芯片篇：芯片短缺对汽车行业影响几何
2021-03-17,万丰奥威：公司汽车轻量化金属零部件产业主要客户包括特斯拉、蔚来、比亚迪、小鹏等等,万丰奥威：公司汽车轻量化金属零部件产业主要客户包括特斯拉、蔚来、比亚迪、小鹏等等
2021-03-17,比亚迪公开“无人驾驶客车”相关专利,比亚迪公开“无人驾驶客车”相关专利
2021-03-17,比亚迪电池业务酝酿出海“碳中和”为行业增添底气相关个股纷纷预增,比亚迪电池业务酝酿出海“碳中和”为行业增添底气相关个股纷纷预增
2021-03-17,比亚迪元Pro将于3月21日上市 全系换装刀片电池,比亚迪元Pro将于3月21日上市 全系换装刀片电池
2021-03-17,【金财富早知道】2021-03-18,【金财富早知道】2021-03-18
2021-03-17,中国汽车产业发展特征、趋势、路径初探（下篇）,中国汽车产业发展特征、趋势、路径初探（下篇）
2021-03-17,2月乘用车终端销量分析：库存健康 格局分化,2月乘用车终端销量分析：库存健康 格局分化
2021-03-17,马斯克承认用摄像头监控车主丨第一财经汽车日评,马斯克承认用摄像头监控车主丨第一财经汽车日评
2021-03-17,公告精选丨美的集团已耗资62亿元回购股份，五天四板焦作万方去年净利润同比增长433%,公告精选丨美的集团已耗资62亿元回购股份，五天四板焦作万方去年净利润同比增长433%
2021-03-17,淡季不淡电动车销量破2月记录，成本传导隆基再提价——新能源行业周报（20210317）,淡季不淡电动车销量破2月记录，成本传导隆基再提价——新能源行业周报（20210317）
2021-03-17,2月上险量排行：Model Y抢夺准二线以上市场,2月上险量排行：Model Y抢夺准二线以上市场
2021-03-17,比亚迪旗下弗迪电池发布海外招聘信息 或正筹建欧洲工厂,比亚迪旗下弗迪电池发布海外招聘信息 或正筹建欧洲工厂
2021-03-17,光洋股份：成为比亚迪汉&宋&秦平台车型后轮毂轴承单元总成产品的供应商,光洋股份：成为比亚迪汉&宋&秦平台车型后轮毂轴承单元总成产品的供应商
2021-03-17,弗迪电池发布工厂招聘信息，目前正在筹建海外第一个电池工厂,弗迪电池发布工厂招聘信息，目前正在筹建海外第一个电池工厂
2021-03-17,【中金汽车】新能源月度观察：全球渗透率环比抬升,【中金汽车】新能源月度观察：全球渗透率环比抬升
2021-03-17,比亚迪关联企业退出共享汽车iGO我行，退出前持股1%,比亚迪关联企业退出共享汽车iGO我行，退出前持股1%
2021-03-17,电力设备新能源行业：政策推进解决风光欠补 2月新能源汽车产销增速新高,电力设备新能源行业：政策推进解决风光欠补 2月新能源汽车产销增速新高
2021-03-17,新能源车动见:一文看懂大众Power Day发布会重磅干货及其影响(股),新能源车动见:一文看懂大众Power Day发布会重磅干货及其影响(股)
2021-03-17,新能源车企2021年销售目标及发展战略,新能源车企2021年销售目标及发展战略
2021-03-17,新能源赛道拥挤 比亚迪扩大海外销售市场,新能源赛道拥挤 比亚迪扩大海外销售市场
2021-03-17,大公司早报 | 社交应用Soul拟赴美上市 欧菲光失去苹果订单,大公司早报 | 社交应用Soul拟赴美上市 欧菲光失去苹果订单
2021-03-17,五粮液、宁德时代、比亚迪、长春高新、隆基等均跌超2%，茅指数连续下滑,五粮液、宁德时代、比亚迪、长春高新、隆基等均跌超2%，茅指数连续下滑
2021-03-17,国轩高科(002074)公司简评报告：初审会通过 大众入局之路再下一城,国轩高科(002074)公司简评报告：初审会通过 大众入局之路再下一城
2021-03-17,电气设备行业-新能源汽车系列之七：磷酸铁锂：迎接双碳目标 迈向“大宗”时代,电气设备行业-新能源汽车系列之七：磷酸铁锂：迎接双碳目标 迈向“大宗”时代
2021-03-17,A股融资融券日报：两融余额减少12.77亿元（3月16日）,A股融资融券日报：两融余额减少12.77亿元（3月16日）
2021-03-17,世纪华通：来自特斯拉、蔚来、小鹏汽车、威马、比亚迪等新能源汽车零部件订单逐年增加,世纪华通：来自特斯拉、蔚来、小鹏汽车、威马、比亚迪等新能源汽车零部件订单逐年增加
2021-03-17,2月汽车行业销量点评：汽车消费市场仍处于恢复期,2月汽车行业销量点评：汽车消费市场仍处于恢复期
2021-03-17,弗迪电池发布海外工厂招聘信息或将迈出“出海”第一步,弗迪电池发布海外工厂招聘信息或将迈出“出海”第一步
2021-03-17,锂电池板块连续拉升，天齐锂业、天赐材料涨超8%,锂电池板块连续拉升，天齐锂业、天赐材料涨超8%
2021-03-17,刀片电池将于2022年配套现代汽车！,刀片电池将于2022年配套现代汽车！
2021-03-17,比收入 比毛利 小鹏汽车和蔚来 理想到底在比啥？,比收入 比毛利 小鹏汽车和蔚来 理想到底在比啥？
2021-03-17,2月批发排行榜：大盘回落39.5% 特斯拉逆势上涨18.3%,2月批发排行榜：大盘回落39.5% 特斯拉逆势上涨18.3%
2021-03-17,10年，新能源乘用车市场渗透率由0到5.7%，市占率稳步提升,10年，新能源乘用车市场渗透率由0到5.7%，市占率稳步提升
2021-03-18,落子欧洲，比亚迪刀片电池将出海“争锋”,落子欧洲，比亚迪刀片电池将出海“争锋”
2021-03-18,“茅”股连续反弹，最新估值高不高？5张图看清！,“茅”股连续反弹，最新估值高不高？5张图看清！
2021-03-18,比亚迪：“18亚迪01”回售申报情况回售金额为30.93亿元,比亚迪：“18亚迪01”回售申报情况回售金额为30.93亿元
2021-03-18,是时候出去看看，比亚迪筹划海外建设电池工厂？,是时候出去看看，比亚迪筹划海外建设电池工厂？
2021-03-18,新消费行业周报：第03周全球投融资共收录51起，总额约693亿人民币，腾讯入股4家游戏开发商｜钛媒体Pro周报,新消费行业周报：第03周全球投融资共收录51起，总额约693亿人民币，腾讯入股4家游戏开发商｜钛媒体Pro周报
2021-03-18,比亚迪：3月18日获主力资金净流入1.48亿元,比亚迪：3月18日获主力资金净流入1.48亿元
2021-03-18,海豚/鲸鱼/鲨鱼？比亚迪新车规划曝光 全面开花,海豚/鲸鱼/鲨鱼？比亚迪新车规划曝光 全面开花
2021-03-18,【报道】记者从相关方确认，比亚迪旗下的弗迪电池有限公司，正在筹建海外第一个电池工厂,【报道】记者从相关方确认，比亚迪旗下的弗迪电池有限公司，正在筹建海外第一个电池工厂
2021-03-18,比亚迪(002594)：新技术开启强周期 封闭产业链开放 共同助推企业起航,比亚迪(002594)：新技术开启强周期 封闭产业链开放 共同助推企业起航
2021-03-18,科林电气：目前与比亚迪或北汽新能源车无合作,科林电气：目前与比亚迪或北汽新能源车无合作
2021-03-18,百度平板来了！小度春季新品发布会直播,百度平板来了！小度春季新品发布会直播
2021-03-18,汉化身SUV！比亚迪宋PLUS DM-i上市敲定：亏电油耗4.4L,汉化身SUV！比亚迪宋PLUS DM-i上市敲定：亏电油耗4.4L
2021-03-18,45家车企共获140亿新能源车补贴，比亚迪43亿领跑,45家车企共获140亿新能源车补贴，比亚迪43亿领跑
2021-03-18,EV晨报 | 富士康将建电动汽车工厂；丰田、本田削减北美产量；北汽蓝谷子公司收补贴3.81亿元,EV晨报 | 富士康将建电动汽车工厂；丰田、本田削减北美产量；北汽蓝谷子公司收补贴3.81亿元
2021-03-18,A股融资融券日报：两融余额增加16亿元（3月17日）,A股融资融券日报：两融余额增加16亿元（3月17日）
2021-03-18,光洋股份高开近8%，公司成为比亚迪供应商,光洋股份高开近8%，公司成为比亚迪供应商
2021-03-18,续航401km/3月21日上市 比亚迪元Pro官图发布,续航401km/3月21日上市 比亚迪元Pro官图发布
2021-03-18,45家车企获超140亿新能源车补贴 陕西、深圳、河南位列前三,45家车企获超140亿新能源车补贴 陕西、深圳、河南位列前三
2021-03-18,137亿新能源汽车推广补贴发放 比亚迪一家拿走43亿元,137亿新能源汽车推广补贴发放 比亚迪一家拿走43亿元
2021-03-18,凯中精密：已拥有德国博世、戴姆勒、丰田汽车、比亚迪、博格华纳、埃贝赫等全球知名客户,凯中精密：已拥有德国博世、戴姆勒、丰田汽车、比亚迪、博格华纳、埃贝赫等全球知名客户
2021-03-18,巴西首台本地制造的纯电动铰链式大巴正式亮相,巴西首台本地制造的纯电动铰链式大巴正式亮相
2021-03-18,A股异动丨光洋股份(002708.SZ)大幅高开近8% 成为比亚迪多个车型后轮毂轴承单元总成产品供应商,A股异动丨光洋股份(002708.SZ)大幅高开近8% 成为比亚迪多个车型后轮毂轴承单元总成产品供应商
2021-03-19,安全可靠无小事，汉的高品质如何炼成？,安全可靠无小事，汉的高品质如何炼成？
2021-03-19,标配太丰富！比亚迪元Pro搭刀片电池 续航401km,标配太丰富！比亚迪元Pro搭刀片电池 续航401km
2021-03-19,数据解放生产力——琰究摩托车数据系列（2021年2月）【华西汽车 崔琰团队】,数据解放生产力——琰究摩托车数据系列（2021年2月）【华西汽车 崔琰团队】
2021-03-19,A股主力资金流向（3月19日）：机构抱团股再遭抛售,A股主力资金流向（3月19日）：机构抱团股再遭抛售
2021-03-19,A股周线4连跌，48只大白马股回撤超30%,A股周线4连跌，48只大白马股回撤超30%
2021-03-19,金融街下午茶2021年3月19日星期五,金融街下午茶2021年3月19日星期五
2021-03-19,比亚迪(002594.SZ)：融捷投资控股解除质押1184万股,比亚迪(002594.SZ)：融捷投资控股解除质押1184万股
2021-03-19,2021年汽车行业春季投资策略：产业变革期 把握电动智能化新机遇,2021年汽车行业春季投资策略：产业变革期 把握电动智能化新机遇
2021-03-19,频频出圈，电池安全技术谁家强？,频频出圈，电池安全技术谁家强？
2021-03-19,光洋股份：公司将加快推进比亚迪后轮毂轴承项目的研发与试制工作,光洋股份：公司将加快推进比亚迪后轮毂轴承项目的研发与试制工作
2021-03-19,比亚迪3000亿没了，泡沫破了吗？,比亚迪3000亿没了，泡沫破了吗？
2021-03-19,A股收盘综述：上证指数下滑1.69%再守3400关口，牛年周线录得五连阴,A股收盘综述：上证指数下滑1.69%再守3400关口，牛年周线录得五连阴
2021-03-19,搭刀片电池！比亚迪版滴滴上市：完美兼顾司机、乘客,搭刀片电池！比亚迪版滴滴上市：完美兼顾司机、乘客
2021-03-19,配置免费送！比亚迪新车刚上市就升级：网友直呼太良心,配置免费送！比亚迪新车刚上市就升级：网友直呼太良心
2021-03-19,产品底气从何而来？比亚迪实验室中找到了答案,产品底气从何而来？比亚迪实验室中找到了答案
2021-03-19,比亚迪预期盈利仅3亿，拿什么冲击万亿市值？,比亚迪预期盈利仅3亿，拿什么冲击万亿市值？
2021-03-19,千锤百炼，只为强“汉”,千锤百炼，只为强“汉”
2021-03-19,比亚迪正筹建海外第一个电池工厂 为海外业务拓展做配套准备,比亚迪正筹建海外第一个电池工厂 为海外业务拓展做配套准备
2021-03-19,滴滴或将今年第二季度交表，第三季度上市,滴滴或将今年第二季度交表，第三季度上市
2021-03-19,买入特斯拉的两个关键理由,买入特斯拉的两个关键理由
2021-03-19,高毛利做到低毛利，亿纬锂能能否二次创业成功？,高毛利做到低毛利，亿纬锂能能否二次创业成功？
2021-03-19,EV晨报 | R汽车ES33首次亮相；上汽荣威全新Ei5正式上市；岚图FREE将于3月31日启动预售,EV晨报 | R汽车ES33首次亮相；上汽荣威全新Ei5正式上市；岚图FREE将于3月31日启动预售
2021-03-19,深度*行业*汽车行业月报：2月汽车销量同比高增长 新能源销量再创记录,深度*行业*汽车行业月报：2月汽车销量同比高增长 新能源销量再创记录
2021-03-19,比亚迪、隆基股份、宁德时代均低开超3%,比亚迪、隆基股份、宁德时代均低开超3%
2021-03-19,抄底高瓴的机会来了？定增华大基因、比亚迪被套,抄底高瓴的机会来了？定增华大基因、比亚迪被套
2021-03-19,动力电池原材料价格大涨谁来消化？电动车成本下降计划迎来多重变量,动力电池原材料价格大涨谁来消化？电动车成本下降计划迎来多重变量
2021-03-19,小米造车有望4月立项，王川负责，正摸底汽车业,小米造车有望4月立项，王川负责，正摸底汽车业
2021-03-19,A股融资融券日报：两融余额增加0.67亿元（3月18日）,A股融资融券日报：两融余额增加0.67亿元（3月18日）
2021-03-19,A股午盘综述：上证指数跌1.04%，碳中和、航天军工、次新股板块逆市拉涨,A股午盘综述：上证指数跌1.04%，碳中和、航天军工、次新股板块逆市拉涨
2021-03-19,网传吉利将全新高端电动汽车品牌，或定名为“ZEEKR”,网传吉利将全新高端电动汽车品牌，或定名为“ZEEKR”
2021-03-19,第一款真正超越对手的显卡！RX 6700 XT首发评测,第一款真正超越对手的显卡！RX 6700 XT首发评测
2021-03-19,与俞敏洪对酌，洞见中国一代企业家真实群像,与俞敏洪对酌，洞见中国一代企业家真实群像
2021-03-19,巨头清仓，政府工作报告未提及，这个行业投资风向已变？,巨头清仓，政府工作报告未提及，这个行业投资风向已变？
2021-03-19,动力电池话语权之争：车企自建电池厂PK第三方电池供应商,动力电池话语权之争：车企自建电池厂PK第三方电池供应商
2021-03-19,快讯：白马股持续走弱 TCL、比亚迪下跌5% 连续下跌,快讯：白马股持续走弱 TCL、比亚迪下跌5% 连续下跌
2021-03-19,比亚迪车型均价曝光：王朝系列13.3万元 远超同级国产品牌,比亚迪车型均价曝光：王朝系列13.3万元 远超同级国产品牌
2021-03-20,传统车企股价反弹，新能源汽车“泡沫”破碎？,传统车企股价反弹，新能源汽车“泡沫”破碎？
2021-03-20,大众新能源“领军计划”启动 LG“掉队”国产电池超车,大众新能源“领军计划”启动 LG“掉队”国产电池超车
2021-03-20,股民炸锅！白马股狂跌，张磊、陈光明、林利军、杨东等投资大佬也“栽了”！定增闪电被套，浮盈锐减百亿，最惨亏超40%！抄作业的哭了,股民炸锅！白马股狂跌，张磊、陈光明、林利军、杨东等投资大佬也“栽了”！定增闪电被套，浮盈锐减百亿，最惨亏超40%！抄作业的哭了
2021-03-20,恩捷股份(002812)2020年年报点评：预告Q1业绩符合预期 拟回购股票彰显信心,恩捷股份(002812)2020年年报点评：预告Q1业绩符合预期 拟回购股票彰显信心
2021-03-20,比亚迪个旧有色金属产业融合发展研究所揭牌,比亚迪个旧有色金属产业融合发展研究所揭牌
2021-03-20,新能源车2月销量增长超5倍！特斯拉市值缩水，丰田与大众“逆袭”，“黄金赛道”上好戏开始上演！ 连续下跌,新能源车2月销量增长超5倍！特斯拉市值缩水，丰田与大众“逆袭”，“黄金赛道”上好戏开始上演！ 连续下跌
2021-03-20,乘客能遥控的网约车！滴滴定制比亚迪D1正式上市,乘客能遥控的网约车！滴滴定制比亚迪D1正式上市
2021-03-20,比亚迪：下半年E网将推出代表性产品 主要针对年轻车主群体,比亚迪：下半年E网将推出代表性产品 主要针对年轻车主群体
2021-03-20,LFP乘用车配套“渗透战”,LFP乘用车配套“渗透战”
2021-03-21,周观点 | 吉利推高端电动 车企智联合作加码【华西汽车 崔琰团队】,周观点 | 吉利推高端电动 车企智联合作加码【华西汽车 崔琰团队】
2021-03-21,【浙商汽车||王敬】周观点：如何看待当前新能源车板块？,【浙商汽车||王敬】周观点：如何看待当前新能源车板块？
2021-03-21,警惕！市场猛烈砸盘，下周解禁股名单来了！医药大牛股赫然在列（附股） 解禁,警惕！市场猛烈砸盘，下周解禁股名单来了！医药大牛股赫然在列（附股） 解禁
2021-03-21,"惊雷！市场猛砸盘，定增热门龙头股，高瓴亏损超3亿元，网友：抄底的机会来了？下周解禁股名单来了，医药大牛股赫然在列（附股）
亏损","惊雷！市场猛砸盘，定增热门龙头股，高瓴亏损超3亿元，网友：抄底的机会来了？下周解禁股名单来了，医药大牛股赫然在列（附股）
亏损"
2021-03-21,日产天籁加速比赛 赢了得1000元油卡！结果被比亚迪车主“包圆”,日产天籁加速比赛 赢了得1000元油卡！结果被比亚迪车主“包圆”
2021-03-22,沃尔沃翻车！比亚迪挑战儿童鬼探头：碰撞前1秒完美刹停,沃尔沃翻车！比亚迪挑战儿童鬼探头：碰撞前1秒完美刹停
2021-03-22,苏州一小区车钥匙竟集体失灵！真相让人哭笑不得,苏州一小区车钥匙竟集体失灵！真相让人哭笑不得
2021-03-22,汽车周报：强监管轻卡运力迎释放 吉利ZEEKR高端电动化更进一步,汽车周报：强监管轻卡运力迎释放 吉利ZEEKR高端电动化更进一步
2021-03-22,股价大幅回调逼近成本线 高瓴资本却坚定看好这三个行业,股价大幅回调逼近成本线 高瓴资本却坚定看好这三个行业
2021-03-22,车企博弈宁德时代，动力电池谁主沉浮？,车企博弈宁德时代，动力电池谁主沉浮？
2021-03-22,汽车和汽车零部件行业周报：全球汽车消费复苏 整车厂业绩边际改善,汽车和汽车零部件行业周报：全球汽车消费复苏 整车厂业绩边际改善
2021-03-22,【网观地方】王传福：紧抓数字化转型新机遇 打造智能制造新标杆,【网观地方】王传福：紧抓数字化转型新机遇 打造智能制造新标杆
2021-03-22,这家公司何以成为巴菲特四大“珍宝”之一？,这家公司何以成为巴菲特四大“珍宝”之一？
2021-03-22,万通发展控股股东被公安部门立案侦查，涉案资金规模达数亿元级别 其他违规处罚,万通发展控股股东被公安部门立案侦查，涉案资金规模达数亿元级别 其他违规处罚
2021-03-22,揭开比亚迪.汉背后的研发“考试”：整车碰撞百般“虐”，月销过万安全行,揭开比亚迪.汉背后的研发“考试”：整车碰撞百般“虐”，月销过万安全行
2021-03-22,A股主力资金流向（3月22日）：面板、碳中和概念股受追捧,A股主力资金流向（3月22日）：面板、碳中和概念股受追捧
2021-03-22,织，从否定到肯定、再到否定之否定，璞泰来的股价能否在“百元户”里坐实，那就看2021年的表现了。,织，从否定到肯定、再到否定之否定，璞泰来的股价能否在“百元户”里坐实，那就看2021年的表现了。
2021-03-22,广东“智造”进行时： 推动1.5万家工业企业数字化，探索制造业集群式转型新模式,广东“智造”进行时： 推动1.5万家工业企业数字化，探索制造业集群式转型新模式
2021-03-22,深度*行业*汽车行业周报：大众举办“POWER DAY”活动 宝马电动化战略加速,深度*行业*汽车行业周报：大众举办“POWER DAY”活动 宝马电动化战略加速
2021-03-22,抄底高瓴的机会来了？ 定增比亚迪、华大基因 高瓴亏损超3亿元 亏损,抄底高瓴的机会来了？ 定增比亚迪、华大基因 高瓴亏损超3亿元 亏损
2021-03-22,【行情】汽车整车板块拉升走高，小康股份涨超7%，中国重汽、长安汽车、江铃汽车、比亚迪等跟涨,【行情】汽车整车板块拉升走高，小康股份涨超7%，中国重汽、长安汽车、江铃汽车、比亚迪等跟涨
2021-03-22,每日理财观察：易会满发声表态注册制、IPO排队、A股杠杆,每日理财观察：易会满发声表态注册制、IPO排队、A股杠杆
2021-03-22,北向资金今日净买入71.63亿元，京东方A净买入额创历史新高,北向资金今日净买入71.63亿元，京东方A净买入额创历史新高
2021-03-22,实体经济与数字经济深度融合 推动广东制造业迈上数字化转型“快车道”,实体经济与数字经济深度融合 推动广东制造业迈上数字化转型“快车道”
2021-03-23,比亚迪公开“盐湖提锂的方法”相关专利,比亚迪公开“盐湖提锂的方法”相关专利
2021-03-23,新能源行业动态点评：比亚迪和滴滴联手打造的D1正式上市,新能源行业动态点评：比亚迪和滴滴联手打造的D1正式上市
2021-03-23,探访比亚迪研发体系 揭秘汉背后的“千锤百炼”,探访比亚迪研发体系 揭秘汉背后的“千锤百炼”
2021-03-23,当升科技(300073)：业绩符合预期 产能持续扩张打开成长空间,当升科技(300073)：业绩符合预期 产能持续扩张打开成长空间
2021-03-23,A股主力资金流向（3月23日）：面板、电子烟板块遭抛售,A股主力资金流向（3月23日）：面板、电子烟板块遭抛售
2021-03-23,工信部公示拟撤销《免征车辆购置税的新能源汽车车型目录》车型名单,工信部公示拟撤销《免征车辆购置税的新能源汽车车型目录》车型名单
2021-03-23,朗科智能：生产的产品广泛应用于智慧城市、智能家居、电动工具、医疗器械等领域，获得了TTI，比亚迪等客户的认可,朗科智能：生产的产品广泛应用于智慧城市、智能家居、电动工具、医疗器械等领域，获得了TTI，比亚迪等客户的认可
2021-03-23,金融街下午茶2021年3月23日星期二,金融街下午茶2021年3月23日星期二
2021-03-23,南美市场崛起，比亚迪崭露头角，或成龙头,南美市场崛起，比亚迪崭露头角，或成龙头
2021-03-23,ARK追踪：女股神加仓3D打印龙头14万股，减仓比亚迪,ARK追踪：女股神加仓3D打印龙头14万股，减仓比亚迪
2021-03-23,满足更多个性化需求，比亚迪汉苍穹灰浅色内饰车型上市 | 一线车讯,满足更多个性化需求，比亚迪汉苍穹灰浅色内饰车型上市 | 一线车讯
2021-03-23,赛伍技术(603212)：POE胶膜放量在即 锂电及半导体等材料开启高速成长,赛伍技术(603212)：POE胶膜放量在即 锂电及半导体等材料开启高速成长
2021-03-23,2021年2月汽车数据解读及投资展望：春节等短期因素扰动不改整体复苏趋势,2021年2月汽车数据解读及投资展望：春节等短期因素扰动不改整体复苏趋势
2021-03-23,“千锤百炼”成就自主汽车品牌的“向上突破”,“千锤百炼”成就自主汽车品牌的“向上突破”
2021-03-23,国泰中证800汽车与零部件ETF投资价值分析：电动化、智能化下汽车变革浪潮,国泰中证800汽车与零部件ETF投资价值分析：电动化、智能化下汽车变革浪潮
2021-03-23,当升科技(300073)2020年报点评：锂电材料产销新高 装备业务逆势增长,当升科技(300073)2020年报点评：锂电材料产销新高 装备业务逆势增长
2021-03-23,ARK每日追踪 | 女股神看好3D打印！卖出比亚迪、约翰迪尔,ARK每日追踪 | 女股神看好3D打印！卖出比亚迪、约翰迪尔
2021-03-23,比亚迪注册资本增至43.8亿元,比亚迪注册资本增至43.8亿元
2021-03-23,融资客积极调仓，机构建议防御为主,融资客积极调仓，机构建议防御为主
2021-03-23,探比亚迪深圳坪山工厂 揭秘汉安全背后故事,探比亚迪深圳坪山工厂 揭秘汉安全背后故事
2021-03-23,造车新势力Q4季报年报点评：毛利率均转正 预计2021年为爆款电动车型元年,造车新势力Q4季报年报点评：毛利率均转正 预计2021年为爆款电动车型元年
2021-03-23,2021胡润大消费民企百强榜:华为美的海天排前三 前十一半来自广东,2021胡润大消费民企百强榜:华为美的海天排前三 前十一半来自广东
2021-03-23,胡润研究院发布《2021数云·胡润中国大消费民企百强榜》，华为夺得桂冠,胡润研究院发布《2021数云·胡润中国大消费民企百强榜》，华为夺得桂冠
2021-03-23,"千锤百炼只为强""汉"" 李云飞:比亚迪正开启品牌向上之路","千锤百炼只为强""汉"" 李云飞:比亚迪正开启品牌向上之路"
2021-03-23,一文了解2020年中国新能源汽车电机及控制器行业市场现状、竞争格局及发展前景,一文了解2020年中国新能源汽车电机及控制器行业市场现状、竞争格局及发展前景
2021-03-23,车企纷纷自建动力电池厂，宁德时代们还有出路吗？,车企纷纷自建动力电池厂，宁德时代们还有出路吗？
2021-03-23,中信证券：中国锂电池供应商有望凭借产业链优势，加速走向全球,中信证券：中国锂电池供应商有望凭借产业链优势，加速走向全球
2021-03-23,电力设备与新能源产业链核心数据跟踪日报,电力设备与新能源产业链核心数据跟踪日报
2021-03-23,坐在车内数星星！比亚迪汉苏州园林定制版来了,坐在车内数星星！比亚迪汉苏州园林定制版来了
2021-03-23,百倍牛股遭遇史上最惨日！主力资金急速抢筹31股,百倍牛股遭遇史上最惨日！主力资金急速抢筹31股
2021-03-23,深圳市新能源补贴太豪横！比亚迪老车主最高补贴6.3万元,深圳市新能源补贴太豪横！比亚迪老车主最高补贴6.3万元
2021-03-23,比亚迪汽车有限公司注册资本增至约43.8亿，增幅超224%,比亚迪汽车有限公司注册资本增至约43.8亿，增幅超224%
2021-03-24,金力永磁(300748)年报点评：新能源车带动长虹公司扩产加码成长,金力永磁(300748)年报点评：新能源车带动长虹公司扩产加码成长
2021-03-24,碳中和深度报告(四)：动力电池回收：降本与突破锂约束 构成锂电循环闭环,碳中和深度报告(四)：动力电池回收：降本与突破锂约束 构成锂电循环闭环
2021-03-24,跨界零售玩“出圈” 格兰仕获颁“2021中国家电创新零售优秀案例奖”,跨界零售玩“出圈” 格兰仕获颁“2021中国家电创新零售优秀案例奖”
2021-03-24,震裕科技：暂未为比亚迪的刀片电池提供结构件,震裕科技：暂未为比亚迪的刀片电池提供结构件
2021-03-24,汽车股票「暴打」年轻人,汽车股票「暴打」年轻人
2021-03-24,再看「内循环」别有深意，12赛道解读，完整受益股名单,再看「内循环」别有深意，12赛道解读，完整受益股名单
2021-03-24,北向资金今日净买入50.06亿元，药明康德净买入额创历史新高,北向资金今日净买入50.06亿元，药明康德净买入额创历史新高
2021-03-24,征和工业：比亚迪是公司的客户之一,征和工业：比亚迪是公司的客户之一
2021-03-24,光洋股份：公司参与吉利、比亚迪、上汽、青山、长城、东风等客户的新能源项目；公司产品直接或间接应用于比亚迪、蔚来、东风等车型上,光洋股份：公司参与吉利、比亚迪、上汽、青山、长城、东风等客户的新能源项目；公司产品直接或间接应用于比亚迪、蔚来、东风等车型上
2021-03-24,恩捷股份(002812)2020年年报点评：业绩高增长 产能加速扩张,恩捷股份(002812)2020年年报点评：业绩高增长 产能加速扩张
2021-03-24,大行评级|美银证券：上调比亚迪(1211.HK)目标价至216港元评级“买入”,大行评级|美银证券：上调比亚迪(1211.HK)目标价至216港元评级“买入”
2021-03-24,A股收盘综述：上证指数下滑1.3%，碳中和、券商、白酒板块冲高回落,A股收盘综述：上证指数下滑1.3%，碳中和、券商、白酒板块冲高回落
2021-03-24,12个月内无产量或进口量 工信部公示拟撤销免车船税和购置税车型名单,12个月内无产量或进口量 工信部公示拟撤销免车船税和购置税车型名单
2021-03-24,宁德时代跌超6%再创年内新低，比亚迪、赣锋锂业、天齐锂业纷纷下滑,宁德时代跌超6%再创年内新低，比亚迪、赣锋锂业、天齐锂业纷纷下滑
2021-03-24,单边电动侧滑门！滴滴定制比亚迪网约车曝光 专属功能看呆私家车,单边电动侧滑门！滴滴定制比亚迪网约车曝光 专属功能看呆私家车
2021-03-24,喜讯频传，乘用车牛市来了？,喜讯频传，乘用车牛市来了？
2021-03-24,比亚迪李云飞：刀片电池将动力电池安全拉回正道 自燃后逃生时间应不短于30分钟,比亚迪李云飞：刀片电池将动力电池安全拉回正道 自燃后逃生时间应不短于30分钟
2021-03-24,电动化与智能化下汽车变革浪潮,电动化与智能化下汽车变革浪潮
2021-03-24,汽车股投资，终于要补上这堂课了,汽车股投资，终于要补上这堂课了
2021-03-24,【财经早报】2021/3/24星期三,【财经早报】2021/3/24星期三
2021-03-24,全新车标/格栅增大 比亚迪改款宋Pro官图发布,全新车标/格栅增大 比亚迪改款宋Pro官图发布
2021-03-24,A股主力资金流向（3月24日）：机构抱团股再遭抛售,A股主力资金流向（3月24日）：机构抱团股再遭抛售
2021-03-25,首单交付 正泰、比亚迪联手服务英国新能源市场,首单交付 正泰、比亚迪联手服务英国新能源市场
2021-03-25,55W快充比肩旗舰！iQOO Z3发布会直播,55W快充比肩旗舰！iQOO Z3发布会直播
2021-03-25,【挖财报】吉利丢失C位：市值不足比亚迪三分之一，李书福万字思考结盟百度，2021“触底反弹”？,【挖财报】吉利丢失C位：市值不足比亚迪三分之一，李书福万字思考结盟百度，2021“触底反弹”？
2021-03-25,比亚迪(002594.SZ)补选唐梅为职工代表监事,比亚迪(002594.SZ)补选唐梅为职工代表监事
2021-03-25,光伏长期风口 六大产业链龙头股布局正当时,光伏长期风口 六大产业链龙头股布局正当时
2021-03-25,三万股民的梦靥：IGBT功率龙头暴跌35%一桩定增把斯达半导拽回半年前？ 连续下跌,三万股民的梦靥：IGBT功率龙头暴跌35%一桩定增把斯达半导拽回半年前？ 连续下跌
2021-03-25,市区拥堵工况油耗5L内！比亚迪新车官宣：同级别燃油车1/2,市区拥堵工况油耗5L内！比亚迪新车官宣：同级别燃油车1/2
2021-03-25,颠覆传统燃油车！比亚迪宋Plus DM-i正式上市 售价14.68万起,颠覆传统燃油车！比亚迪宋Plus DM-i正式上市 售价14.68万起
2021-03-25,彻底告别换挡顿挫！比亚迪宋Plus DM-i革新传统变速箱,彻底告别换挡顿挫！比亚迪宋Plus DM-i革新传统变速箱
2021-03-25,超级混动系列再添一将，比亚迪宋PLUS DM-i正式上市 ｜Next Speed,超级混动系列再添一将，比亚迪宋PLUS DM-i正式上市 ｜Next Speed
2021-03-25,年报解读|福蓉科技业绩稳增受下游3C电子铝制结构材需求驱动,年报解读|福蓉科技业绩稳增受下游3C电子铝制结构材需求驱动
2021-03-25,比亚迪：关于职工代表监事辞职暨补选职工代表监事的公告 董监高成员变化,比亚迪：关于职工代表监事辞职暨补选职工代表监事的公告 董监高成员变化
2021-03-25,A股主力资金流向（3月25日）：资金加速逃离面板、碳中和概念股,A股主力资金流向（3月25日）：资金加速逃离面板、碳中和概念股
2021-03-25,比亚迪：3月25日主力资金净流入额占板块99.18%,比亚迪：3月25日主力资金净流入额占板块99.18%
2021-03-25,比亚迪公开“车辆及其遥控驾驶方法”相关专利,比亚迪公开“车辆及其遥控驾驶方法”相关专利
2021-03-25,抄底加仓？比亚迪股价大跌40%，市值蒸发超3000亿 连续下跌,抄底加仓？比亚迪股价大跌40%，市值蒸发超3000亿 连续下跌
2021-03-25,加码混动SUV市场 比亚迪上市宋PLUS DM-i,加码混动SUV市场 比亚迪上市宋PLUS DM-i
2021-03-25,年报揭示百亿元级私募投资变化，高毅资产持股市值最高,年报揭示百亿元级私募投资变化，高毅资产持股市值最高
2021-03-25,青睐大宗交易，机构捕捉结构性机会,青睐大宗交易，机构捕捉结构性机会
2021-03-25,港股盘前必读：中国启动新冠疫苗接种日报制度，美国三大股指全线下跌,港股盘前必读：中国启动新冠疫苗接种日报制度，美国三大股指全线下跌
2021-03-25,“新四化”叠加供应短缺危机 汽车行业投资芯片“求贤若渴”,“新四化”叠加供应短缺危机 汽车行业投资芯片“求贤若渴”
2021-03-25,预售15.38万起 比亚迪宋PLUS DM-i今晚上市,预售15.38万起 比亚迪宋PLUS DM-i今晚上市
2021-03-25,比亚迪、传音控股、华东医药低开超3%,比亚迪、传音控股、华东医药低开超3%
2021-03-25,明星股股价倒挂，定增“旗手”睿远、高瓴惊出冷汗,明星股股价倒挂，定增“旗手”睿远、高瓴惊出冷汗
2021-03-25,明星股股价倒挂，睿远、高瓴惊出冷汗,明星股股价倒挂，睿远、高瓴惊出冷汗
2021-03-25,长城汽车拉升，比亚迪跟随翻红,长城汽车拉升，比亚迪跟随翻红
2021-03-25,多只抱团股腰斩，机构给出反弹目标价，“矿茅”可涨125%,多只抱团股腰斩，机构给出反弹目标价，“矿茅”可涨125%
2021-03-25,缺芯恐慌加剧掀起全球车企停工潮 中国公司有望率先破局,缺芯恐慌加剧掀起全球车企停工潮 中国公司有望率先破局
2021-03-25,挑战中国油耗最低SUV！比亚迪宋Plus DM-i今日上市,挑战中国油耗最低SUV！比亚迪宋Plus DM-i今日上市
2021-03-26,刀片电池续航506km！比亚迪版“奥迪A6L”上市,刀片电池续航506km！比亚迪版“奥迪A6L”上市
2021-03-26,张坤年内首度现身调研，300亿细分龙头涨停,张坤年内首度现身调研，300亿细分龙头涨停
2021-03-26,A股主力资金流向：周五大幅流入本周仍净流出千亿,A股主力资金流向：周五大幅流入本周仍净流出千亿
2021-03-26,哈苏专业色彩加持! 一加 9 Pro评测：无短板的新晋影像机皇,哈苏专业色彩加持! 一加 9 Pro评测：无短板的新晋影像机皇
2021-03-26,“茅”系白马股暴涨超5000亿，A股绝地反攻？,“茅”系白马股暴涨超5000亿，A股绝地反攻？
2021-03-26,14.68万元起售，比亚迪宋PLUS DM-i上市,14.68万元起售，比亚迪宋PLUS DM-i上市
2021-03-26,金融街下午茶2021年3月26日星期五,金融街下午茶2021年3月26日星期五
2021-03-26,近150亿资金杀向抱团股，抢筹名单来了！,近150亿资金杀向抱团股，抢筹名单来了！
2021-03-26,又一款超级混动系统新车上市，比亚迪的“王朝”梦能否再进一步？,又一款超级混动系统新车上市，比亚迪的“王朝”梦能否再进一步？
2021-03-26,FF宣布获近1亿美元债权融资，福特将在欧洲停产蒙迪欧｜第一财经日评 经营问题,FF宣布获近1亿美元债权融资，福特将在欧洲停产蒙迪欧｜第一财经日评 经营问题
2021-03-26,国货当自强，比亚迪宋PLUS-DMi挺直自主混动车型腰板,国货当自强，比亚迪宋PLUS-DMi挺直自主混动车型腰板
2021-03-26,比亚迪：3月26日主力资金净流入额占板块34.30%,比亚迪：3月26日主力资金净流入额占板块34.30%
2021-03-26,A股收盘综述：上证指数涨1.63%受益机构抱团股反弹，周线结束五连阴,A股收盘综述：上证指数涨1.63%受益机构抱团股反弹，周线结束五连阴
2021-03-26,比亚迪(002594.SZ)股东融捷投资控股解质942万股及吕向阳质押355万股,比亚迪(002594.SZ)股东融捷投资控股解质942万股及吕向阳质押355万股
2021-03-26,快、省、静、顺、绿 比亚迪宋PLUS DM-i上市,快、省、静、顺、绿 比亚迪宋PLUS DM-i上市
2021-03-26,嘉元科技(688388)：乘新能源汽车高景气东风 激流勇进,嘉元科技(688388)：乘新能源汽车高景气东风 激流勇进
2021-03-26,全球首款宽体超混SUV 比亚迪宋Plus DM-i上市,全球首款宽体超混SUV 比亚迪宋Plus DM-i上市
2021-03-26,苹果板块跟随大市走升，比亚迪、立讯精密涨超6%,苹果板块跟随大市走升，比亚迪、立讯精密涨超6%
2021-03-26,A股融资融券日报：两融余额减少40.24亿元（3月25日）,A股融资融券日报：两融余额减少40.24亿元（3月25日）
2021-03-26,“开启SUV新蓝海”，比亚迪宋PLUS DM-i售14.68万元起,“开启SUV新蓝海”，比亚迪宋PLUS DM-i售14.68万元起
2021-03-26,比亚迪首款搭载DM-i超级混动系统的SUV车型正式迎来上市,比亚迪首款搭载DM-i超级混动系统的SUV车型正式迎来上市
2021-03-26,碳中和助力新能源车发展 新三板企业驶入“快车道”,碳中和助力新能源车发展 新三板企业驶入“快车道”
2021-03-26,【行情】A股汽车整车板块走高，长城汽车拉升封板，比亚迪、江铃汽车、长安汽车、东风汽车等跟涨,【行情】A股汽车整车板块走高，长城汽车拉升封板，比亚迪、江铃汽车、长安汽车、东风汽车等跟涨
2021-03-26,长城汽车A股封住涨停板后，比亚迪、福田汽车、长安汽车纷纷冲高,长城汽车A股封住涨停板后，比亚迪、福田汽车、长安汽车纷纷冲高
2021-03-26,A股午盘综述：上证指数涨1.37%收复3400关口，茅指数劲升3.26%,A股午盘综述：上证指数涨1.37%收复3400关口，茅指数劲升3.26%
2021-03-26,亿纬锂能、赣锋锂业、天齐锂业持续拉升，锂电池指数涨幅扩大至3%,亿纬锂能、赣锋锂业、天齐锂业持续拉升，锂电池指数涨幅扩大至3%
2021-03-26,宋PLUSDM-i并入e网人事变动后比亚迪销售网络再做调整,宋PLUSDM-i并入e网人事变动后比亚迪销售网络再做调整
2021-03-26,海康、比亚迪、药明康德、伊利、立讯、云南白药均涨超3%，茅指数继续拉升,海康、比亚迪、药明康德、伊利、立讯、云南白药均涨超3%，茅指数继续拉升
2021-03-27,谁在征战万亿储能市场？,谁在征战万亿储能市场？
2021-03-27,收藏！“十四五”中国新能源汽车产业发展前瞻 围绕“五大战略任务”,收藏！“十四五”中国新能源汽车产业发展前瞻 围绕“五大战略任务”
2021-03-27,110万销量背后却有2000万产能，新能源汽车“泡沫”隐现,110万销量背后却有2000万产能，新能源汽车“泡沫”隐现
2021-03-27,2月新能源汽车销量分析：五菱、特斯拉、比亚迪构建“第一集团”,2月新能源汽车销量分析：五菱、特斯拉、比亚迪构建“第一集团”
2021-03-28,新华社发文聚焦新能源汽车行业发展隐忧,新华社发文聚焦新能源汽车行业发展隐忧
2021-03-28,对话GAMCO创始人马里奥·加贝利：投资中国有不少困惑，但消费增速惊人让我着迷,对话GAMCO创始人马里奥·加贝利：投资中国有不少困惑，但消费增速惊人让我着迷
2021-03-28,【行业观察】周期之中的锂行业：涨价、抢单与锁矿,【行业观察】周期之中的锂行业：涨价、抢单与锁矿
2021-03-28,中国忠旺(01333-HK)与奇瑞、比亚迪及一汽等展开技术合作,中国忠旺(01333-HK)与奇瑞、比亚迪及一汽等展开技术合作
2021-03-28,下周交易提醒：贵州茅台等近500家上市公司披露年报，13只新股连发，限售股解禁市值约338亿元,下周交易提醒：贵州茅台等近500家上市公司披露年报，13只新股连发，限售股解禁市值约338亿元
2021-03-28,王传福豪赌混动战略：不到15万的SUV，比亚迪能否降维打击燃油车？,王传福豪赌混动战略：不到15万的SUV，比亚迪能否降维打击燃油车？
2021-03-28,5.5折！京东PLUS+爱奇艺VIP年卡138元大促,5.5折！京东PLUS+爱奇艺VIP年卡138元大促
2021-03-28,鸿远电子(603267)：基本面向好 MLCC龙头增长提速,鸿远电子(603267)：基本面向好 MLCC龙头增长提速
2021-03-28,周期之中的锂行业：车企加码铁锂暖需求 正处新一轮涨价周期,周期之中的锂行业：车企加码铁锂暖需求 正处新一轮涨价周期
2021-03-29,比亚迪：2020年净利润同比增长162.27%,比亚迪：2020年净利润同比增长162.27%
2021-03-29,比亚迪：预计今年第一季度净利润为2亿-3亿元，同比增长77.56%-166.34%,比亚迪：预计今年第一季度净利润为2亿-3亿元，同比增长77.56%-166.34%
2021-03-29,比亚迪：预计一季度净利2亿-3亿元同比增长77.56%-166.34%,比亚迪：预计一季度净利2亿-3亿元同比增长77.56%-166.34%
2021-03-29,比亚迪：2020年净利润同比增162% 拟10派1.48元,比亚迪：2020年净利润同比增162% 拟10派1.48元
2021-03-29,比亚迪：一季度净利预增78%-166%,比亚迪：一季度净利预增78%-166%
2021-03-29,真正的机皇降临！小米春季新品发布会直播,真正的机皇降临！小米春季新品发布会直播
2021-03-29,比亚迪：一季度预计净利润同比增长77.56%~166.34%,比亚迪：一季度预计净利润同比增长77.56%~166.34%
2021-03-29,多元产业助业绩增长 比亚迪实现42.34亿净利同比增1.6倍,多元产业助业绩增长 比亚迪实现42.34亿净利同比增1.6倍
2021-03-29,比亚迪全年归属股东净利润42.34亿元，同比增长162.27%,比亚迪全年归属股东净利润42.34亿元，同比增长162.27%
2021-03-29,比亚迪：2020年实现归母净利润42.34亿元 同比增162.27%,比亚迪：2020年实现归母净利润42.34亿元 同比增162.27%
2021-03-29,比亚迪(002594.SZ)预计第一季度归母净利润同比增长77.56%-166.34%,比亚迪(002594.SZ)预计第一季度归母净利润同比增长77.56%-166.34%
2021-03-29,比亚迪(002594.SZ)年度归母净利润同比增长162.27%至42.34亿元 拟10派1.48元,比亚迪(002594.SZ)年度归母净利润同比增长162.27%至42.34亿元 拟10派1.48元
2021-03-29,FF 91开始接受预订；蔚来因缺芯停产5日；特斯拉回应Model Y涨价 | 每周撩车,FF 91开始接受预订；蔚来因缺芯停产5日；特斯拉回应Model Y涨价 | 每周撩车
2021-03-29,比亚迪2020年度扣非净利同比暴增超10倍 跨界援产口罩从无到有仅用10天,比亚迪2020年度扣非净利同比暴增超10倍 跨界援产口罩从无到有仅用10天
2021-03-29,比亚迪化解汽车销量压力，去年净利增长1.6倍至42.34亿,比亚迪化解汽车销量压力，去年净利增长1.6倍至42.34亿
2021-03-29,比亚迪年度业绩出炉：全年净利42.34亿，同比增162.27%,比亚迪年度业绩出炉：全年净利42.34亿，同比增162.27%
2021-03-29,逆境突围！比亚迪全年净利润增长162.27% 提振行业信心,逆境突围！比亚迪全年净利润增长162.27% 提振行业信心
2021-03-29,碳中和助力新能源车发展 新三板企业驶入“快车道”,碳中和助力新能源车发展 新三板企业驶入“快车道”
2021-03-29,比亚迪(002594.SZ)2020年度净利润升162.27%至42.34亿元 拟10派1.48元,比亚迪(002594.SZ)2020年度净利润升162.27%至42.34亿元 拟10派1.48元
2021-03-29,传统还是新能源？汽车股未来已来,传统还是新能源？汽车股未来已来
2021-03-29,2020年比亚迪净利润同比增长162.27% 一季度预计盈利2-3亿,2020年比亚迪净利润同比增长162.27% 一季度预计盈利2-3亿
2021-03-29,电新行业周报：光伏行业将步入正轨 电车产业链需求高景气有望持续,电新行业周报：光伏行业将步入正轨 电车产业链需求高景气有望持续
2021-03-29,磷酸铁锂材料引各大电池企业争抢？,磷酸铁锂材料引各大电池企业争抢？
2021-03-29,A股融资融券日报：两融余额增加7.98亿元（3月26日）,A股融资融券日报：两融余额增加7.98亿元（3月26日）
2021-03-29,每日理财观察：华为拿下重磅牌照！微信、支付宝真正对手来了？,每日理财观察：华为拿下重磅牌照！微信、支付宝真正对手来了？
2021-03-29,科达利(002850)：配套优质客户持续发展 产能加速扩张夯实优势,科达利(002850)：配套优质客户持续发展 产能加速扩张夯实优势
2021-03-29,2020全球动力电池装机量TOP10,2020全球动力电池装机量TOP10
2021-03-29,机构抱团股直线跳水，Wind茅指数跌近1%,机构抱团股直线跳水，Wind茅指数跌近1%
2021-03-29,【申港电新|周观点】政策推动储能行业进入规模化发展阶段,【申港电新|周观点】政策推动储能行业进入规模化发展阶段
2021-03-29,不惧跌势，葛卫东为何紧抓这只股票不放手？,不惧跌势，葛卫东为何紧抓这只股票不放手？
2021-03-29,张夏：从2月经济数据看一季报可能超预期的领域,张夏：从2月经济数据看一季报可能超预期的领域
2021-03-29,新能源汽车产业发展迎新一轮高潮,新能源汽车产业发展迎新一轮高潮
2021-03-29,汽车行业周报：极氪公司官宣成立 智能驾驶立法推进,汽车行业周报：极氪公司官宣成立 智能驾驶立法推进
2021-03-29,苹果板块扩大跌幅，比亚迪、立讯精密、工业富联、京东方、蓝思普遍下滑,苹果板块扩大跌幅，比亚迪、立讯精密、工业富联、京东方、蓝思普遍下滑
2021-03-29,发生了什么？新能源车集体趴窝，这股一度跌15%,发生了什么？新能源车集体趴窝，这股一度跌15%
2021-03-29,嘉元科技(688388)：20年归母净利润下滑 Q4有所改善 盈利能力下降,嘉元科技(688388)：20年归母净利润下滑 Q4有所改善 盈利能力下降
2021-03-29,“龙蟠杯”第四届世界十佳变速器评选结果正式发布,“龙蟠杯”第四届世界十佳变速器评选结果正式发布
2021-03-29,焦点分析｜程维食言、滴滴造车，一个意料之内的新故事,焦点分析｜程维食言、滴滴造车，一个意料之内的新故事
2021-03-29,业绩快报丨比亚迪新能源车业务营收同比下滑28%，未来盈利不容乐观 盈利能力下降,业绩快报丨比亚迪新能源车业务营收同比下滑28%，未来盈利不容乐观 盈利能力下降
2021-03-29,浙商证券--汽车行业周报：下游需求向好，短期供给不足【行业研究】,浙商证券--汽车行业周报：下游需求向好，短期供给不足【行业研究】
2021-03-29,三花智控(002050)2020年年报点评：全年业绩符合预期 制冷与电动驱动成长,三花智控(002050)2020年年报点评：全年业绩符合预期 制冷与电动驱动成长
2021-03-29,“芯片荒”溯源：谁偷走了汽车的芯,“芯片荒”溯源：谁偷走了汽车的芯
2021-03-29,新能源汽车股普跌，此前遭新华社点名,新能源汽车股普跌，此前遭新华社点名
2021-03-30,【车企财报季】比亚迪业绩增长160%背后：汽车业务毛利率反超特斯拉新能源产销量双双下滑 盈利能力下降,【车企财报季】比亚迪业绩增长160%背后：汽车业务毛利率反超特斯拉新能源产销量双双下滑 盈利能力下降
2021-03-30,比亚迪发布2020年度财报 经营性现金流大增,比亚迪发布2020年度财报 经营性现金流大增
2021-03-30,深度*公司*科达利(002850)：产能建设加快 业绩迎来拐点,深度*公司*科达利(002850)：产能建设加快 业绩迎来拐点
2021-03-30,三花智控(002050)：制冷业务表现稳健 新能源热管理推动增长,三花智控(002050)：制冷业务表现稳健 新能源热管理推动增长
2021-03-30,大曝光！冯柳杀入两只股已翻倍，最全持股名单来了,大曝光！冯柳杀入两只股已翻倍，最全持股名单来了
2021-03-30,A股市场目前处于主升浪中!,A股市场目前处于主升浪中!
2021-03-30,比亚迪2020年赚42亿 30日AH股双跌,比亚迪2020年赚42亿 30日AH股双跌
2021-03-30,净利润162%超1500亿元营收，比亚迪这次赚大了！巴菲特也入局,净利润162%超1500亿元营收，比亚迪这次赚大了！巴菲特也入局
2021-03-30,新能源汽车行业周报：智慧城市与智能网联汽车协同发展 车联网加速,新能源汽车行业周报：智慧城市与智能网联汽车协同发展 车联网加速
2021-03-30,新能源乘用车产销萎缩均超10%！比亚迪业绩大增162%！,新能源乘用车产销萎缩均超10%！比亚迪业绩大增162%！
2021-03-30,发改委产业发展司赴广东省调研新能源汽车和高端装备产业发展情况,发改委产业发展司赴广东省调研新能源汽车和高端装备产业发展情况
2021-03-30,大行评级|瑞信：降比亚迪(1211.HK)目标价至280港元评级跑赢大市 机构下调估值,大行评级|瑞信：降比亚迪(1211.HK)目标价至280港元评级跑赢大市 机构下调估值
2021-03-30,花旗：比亚迪首季业绩指引逊预期惟仍属合理，吁买入,花旗：比亚迪首季业绩指引逊预期惟仍属合理，吁买入
2021-03-30,野村：比亚迪续有强劲增长潜力，维持去年目标价300港元,野村：比亚迪续有强劲增长潜力，维持去年目标价300港元
2021-03-30,数字化赛场下，比亚迪汉瞄准“电动+智能”融合新方向,数字化赛场下，比亚迪汉瞄准“电动+智能”融合新方向
2021-03-30,比亚迪2020年净利暴增162.27%，股价为何却连连下跌？,比亚迪2020年净利暴增162.27%，股价为何却连连下跌？
2021-03-30,最新个股研报精选：这只个股获五大机构同时关注,最新个股研报精选：这只个股获五大机构同时关注
2021-03-30,A股资金流向（3月30日）：机构抱团股表现不俗，光伏龙头获抢筹,A股资金流向（3月30日）：机构抱团股表现不俗，光伏龙头获抢筹
2021-03-30,蔚来缺芯：生产被迫暂停5天 芯片断供潮是机会还是挑战？,蔚来缺芯：生产被迫暂停5天 芯片断供潮是机会还是挑战？
2021-03-30,【华创汽车】比亚迪：20年业绩符合预期，电动、混动并举成长,【华创汽车】比亚迪：20年业绩符合预期，电动、混动并举成长
2021-03-30,股价暴跌48%！2020年净利大降32%，吉利“尚能饭否”？ 盈利能力下降,股价暴跌48%！2020年净利大降32%，吉利“尚能饭否”？ 盈利能力下降
2021-03-30,财华洞察|新势力抢滩，比亚迪突围？,财华洞察|新势力抢滩，比亚迪突围？
2021-03-30,从下图可见，汽车及相关产品的收入占比逐年扩大。,从下图可见，汽车及相关产品的收入占比逐年扩大。
2021-03-30,比亚迪去年四季度增收不增利，今年开局不及预期股价领跌 盈利能力下降,比亚迪去年四季度增收不增利，今年开局不及预期股价领跌 盈利能力下降
2021-03-30,拆开比亚迪年报的盲盒，新能源标兵为何“开倒车”？,拆开比亚迪年报的盲盒，新能源标兵为何“开倒车”？
2021-03-30,异动直击|汽车股走弱，比亚迪股份大跌5%领跌 连续下跌,异动直击|汽车股走弱，比亚迪股份大跌5%领跌 连续下跌
2021-03-30,车载芯片危机席卷新造车势力，二季度交付受影响,车载芯片危机席卷新造车势力，二季度交付受影响
2021-03-30,北水再入腾讯逾14亿，加仓小米3.8亿；南水抛售比亚迪、宁德时代,北水再入腾讯逾14亿，加仓小米3.8亿；南水抛售比亚迪、宁德时代
2021-03-30,北向资金净买入38.07亿，大幅买入中国平安，抛售比亚迪,北向资金净买入38.07亿，大幅买入中国平安，抛售比亚迪
2021-03-30,新造车势力芯片短缺：除了苦等还能做什么？,新造车势力芯片短缺：除了苦等还能做什么？
2021-03-30,比亚迪2020年财报：赚钱不是靠“卖车”而是靠卖“电子设备”？,比亚迪2020年财报：赚钱不是靠“卖车”而是靠卖“电子设备”？
2021-03-30,北向资金净买入38.07亿元，大金融板块获外资青睐,北向资金净买入38.07亿元，大金融板块获外资青睐
2021-03-30,瑞信降比亚迪目标价9.7%，首季盈利按季倒退,瑞信降比亚迪目标价9.7%，首季盈利按季倒退
2021-03-30,比亚迪2020年净利润同增1.6倍 积极推动半导体子公司分拆上市,比亚迪2020年净利润同增1.6倍 积极推动半导体子公司分拆上市
2021-03-30,财报拆解|比亚迪年赚42亿但新能源车业务营收下滑28% 盈利能力下降,财报拆解|比亚迪年赚42亿但新能源车业务营收下滑28% 盈利能力下降
2021-03-30,中信证券：比亚迪新能源汽车技术领先 维持买入评级,中信证券：比亚迪新能源汽车技术领先 维持买入评级
2021-03-30,新能源汽车产业将持续成为市场热点,新能源汽车产业将持续成为市场热点
2021-03-30,比亚迪业绩亮相！一季度净利预增77.56%-166.34%；去年豪赚42亿，增长162.27%,比亚迪业绩亮相！一季度净利预增77.56%-166.34%；去年豪赚42亿，增长162.27%
2021-03-30,东吴证券：碳达峰、碳中和目标引领，光伏和电动车发展提速,东吴证券：碳达峰、碳中和目标引领，光伏和电动车发展提速
2021-03-30,比亚迪：2020年营收为1565.98亿元，同比增长22.59%,比亚迪：2020年营收为1565.98亿元，同比增长22.59%
2021-03-30,【电新*曾朵红】碳达峰、碳中和目标引领，光伏和电动车发展提速,【电新*曾朵红】碳达峰、碳中和目标引领，光伏和电动车发展提速
2021-03-30,新能源汽车领跑 比亚迪多元化业务齐发力,新能源汽车领跑 比亚迪多元化业务齐发力
2021-03-30,深度*公司*比亚迪(002594)：业绩符合预期 技术优势助力销量及盈利增长,深度*公司*比亚迪(002594)：业绩符合预期 技术优势助力销量及盈利增长
2021-03-30,超1500亿元营收 比亚迪的“大棋局”,超1500亿元营收 比亚迪的“大棋局”
2021-03-30,比亚迪(002594.SZ)：提请授权董事会决定新增发行本金不超500亿元境内外债务融资工具事宜,比亚迪(002594.SZ)：提请授权董事会决定新增发行本金不超500亿元境内外债务融资工具事宜
2021-03-30,去年净利增长1.6倍！比亚迪化解销量压力,去年净利增长1.6倍！比亚迪化解销量压力
2021-03-30,比亚迪(002594.SZ)：拟以8080万元向比亚迪精密制造转让比亚迪汽车金融3%股权 资产异常,比亚迪(002594.SZ)：拟以8080万元向比亚迪精密制造转让比亚迪汽车金融3%股权 资产异常
2021-03-30,比亚迪(002594.SZ)：控股子公司直营店拟为贷款购车客户向比亚迪汽车金融提供阶段性担保 大额借贷担保,比亚迪(002594.SZ)：控股子公司直营店拟为贷款购车客户向比亚迪汽车金融提供阶段性担保 大额借贷担保
2021-03-30,电动汽车热潮帮助比亚迪2020年净利润飙升162%,电动汽车热潮帮助比亚迪2020年净利润飙升162%
2021-03-30,最大续航1050km 比亚迪唐DM-i将于上海车展上市,最大续航1050km 比亚迪唐DM-i将于上海车展上市
2021-03-30,卖了17.9万辆新能源汽车，市值 5000亿的比亚迪去年赚42亿,卖了17.9万辆新能源汽车，市值 5000亿的比亚迪去年赚42亿
2021-03-30,蔚来停产5天，芯片卡脖子比预想更严重 经营问题,蔚来停产5天，芯片卡脖子比预想更严重 经营问题
2021-03-30,5000亿比亚迪业绩来了！去年赚了42亿,5000亿比亚迪业绩来了！去年赚了42亿
2021-03-30,比亚迪（002594/01211.HK）：年报业绩符合预期，一季度业绩预告低于预期,比亚迪（002594/01211.HK）：年报业绩符合预期，一季度业绩预告低于预期
2021-03-30,比亚迪(002594.SZ)：拟利用自有短期周转性间歇资金进行委托理财资金总额不超200亿元,比亚迪(002594.SZ)：拟利用自有短期周转性间歇资金进行委托理财资金总额不超200亿元
2021-03-30,中信证券：比亚迪季度业绩预告低于预期，维持买入评级,中信证券：比亚迪季度业绩预告低于预期，维持买入评级
2021-03-30,北向资金净卖出58亿元，逆势加仓银行股（名单）,北向资金净卖出58亿元，逆势加仓银行股（名单）
2021-03-30,永贵电器(300351)：2020年业绩符合预期 产品持续多元化拓展,永贵电器(300351)：2020年业绩符合预期 产品持续多元化拓展
2021-03-30,中信证券晨会,中信证券晨会
2021-03-30,比亚迪披露2020年年报：营收超1500亿，净利润增1.6倍,比亚迪披露2020年年报：营收超1500亿，净利润增1.6倍
2021-03-30,中信证券：维持比亚迪“买入”评级 DM-i车型全面上市,中信证券：维持比亚迪“买入”评级 DM-i车型全面上市
2021-03-30,比亚迪年报出炉：汽车产销率有所下滑，业绩增长股价大跌 盈利能力下降,比亚迪年报出炉：汽车产销率有所下滑，业绩增长股价大跌 盈利能力下降
2021-03-30,速览比亚迪年报：净利同比增1.6倍汉车型热销竞争力提升,速览比亚迪年报：净利同比增1.6倍汉车型热销竞争力提升
2021-03-30,比亚迪AH股绩后双双下跌,比亚迪AH股绩后双双下跌
2021-03-30,瑞信：下调比亚迪、华润医疗目标价 机构下调估值,瑞信：下调比亚迪、华润医疗目标价 机构下调估值
2021-03-30,蔚来停产，车企缺“芯”怎么补 经营问题,蔚来停产，车企缺“芯”怎么补 经营问题
2021-03-30,比亚迪盘初跌幅扩大至5%，一季度业绩不及预期,比亚迪盘初跌幅扩大至5%，一季度业绩不及预期
2021-03-30,【安信汽车】比亚迪：2020年业绩符合预期，2021加速前行,【安信汽车】比亚迪：2020年业绩符合预期，2021加速前行
2021-03-30,比亚迪(01211-HK)去年盈利升1.6倍 预告首季纯利逾两亿,比亚迪(01211-HK)去年盈利升1.6倍 预告首季纯利逾两亿
2021-03-30,汽车行业第13周周报：吉利推极氪品牌表明自主车企高端化转型加速,汽车行业第13周周报：吉利推极氪品牌表明自主车企高端化转型加速
2021-03-30,中信证券：比亚迪年报业绩符合预期 继续重点推荐维持A+H“买入”评级,中信证券：比亚迪年报业绩符合预期 继续重点推荐维持A+H“买入”评级
2021-03-30,净利润42.3亿 比亚迪发布2020年度财报,净利润42.3亿 比亚迪发布2020年度财报
2021-03-30,中信证券：维持比亚迪（A+H股）“买入”评级 继续重点推荐,中信证券：维持比亚迪（A+H股）“买入”评级 继续重点推荐
2021-03-31,比亚迪发布2020财报，净利润42.3亿同比增长1.63倍「2020年财报解读」,比亚迪发布2020财报，净利润42.3亿同比增长1.63倍「2020年财报解读」
2021-03-31,比亚迪在莆田成立盛世开元汽车销售公司 经营范围含二手车经纪等,比亚迪在莆田成立盛世开元汽车销售公司 经营范围含二手车经纪等
2021-03-31,沸腾了！小米造车，A股“朋友圈”涨停,沸腾了！小米造车，A股“朋友圈”涨停
2021-03-31,新时代证券--比亚迪2020年业绩点评：业绩略低于预期，技术加速兑现，多业务迎来收获期【公司研究】,新时代证券--比亚迪2020年业绩点评：业绩略低于预期，技术加速兑现，多业务迎来收获期【公司研究】
2021-03-31,材料价格一路上涨 磷酸铁锂电池“王者归来”？,材料价格一路上涨 磷酸铁锂电池“王者归来”？
2021-03-31,各种“茅”集体下跌，资金悄然布局合理估值个股 连续下跌,各种“茅”集体下跌，资金悄然布局合理估值个股 连续下跌
2021-03-31,大行评级|大和：比亚迪(1211.HK)重申买入评级目标价下调至235港元 投资评级恶化,大行评级|大和：比亚迪(1211.HK)重申买入评级目标价下调至235港元 投资评级恶化
2021-03-31,多部委发文联合开展2021年新能源汽车下乡活动,多部委发文联合开展2021年新能源汽车下乡活动
2021-03-31,脱水研报：全球锂电设备龙头行业扩产周期已来ROE望达25%看涨35%,脱水研报：全球锂电设备龙头行业扩产周期已来ROE望达25%看涨35%
2021-03-31,光大证券--比亚迪：毛利提升带动业绩增长，超级混动放量可期【公司研究】,光大证券--比亚迪：毛利提升带动业绩增长，超级混动放量可期【公司研究】
2021-03-31,雷军旗下有这10家智能车公司，小米造车是有备而来,雷军旗下有这10家智能车公司，小米造车是有备而来
2021-03-31,三大指数缩量收跌 机构称适时把握结构性机会高抛低吸 | 思维市场关注,三大指数缩量收跌 机构称适时把握结构性机会高抛低吸 | 思维市场关注
2021-03-31,富瑞降比亚迪H股目标价至320港元，短期内面对压力,富瑞降比亚迪H股目标价至320港元，短期内面对压力
2021-03-31,车企瞄准碳中和目标 加速抢滩千亿级赛道 氢燃料或成“解碳”关键,车企瞄准碳中和目标 加速抢滩千亿级赛道 氢燃料或成“解碳”关键
2021-03-31,70公司获得增持评级-更新中,70公司获得增持评级-更新中
2021-03-31,碳排放权交易管理暂行条例要来了6大股热,碳排放权交易管理暂行条例要来了6大股热
2021-03-31,【中概股头条】蔚来缺芯,【中概股头条】蔚来缺芯
2021-03-31,小米官宣造车了，华为还在等什么？,小米官宣造车了，华为还在等什么？
2021-03-31,指数持续震荡，市场上攻节前效应不改反弹预期,指数持续震荡，市场上攻节前效应不改反弹预期
2021-03-31,比亚迪2020年净赚42亿：造口罩获利、政府补助占大头,比亚迪2020年净赚42亿：造口罩获利、政府补助占大头
2021-03-31,大和下调比亚迪盈利预测，降目标价至235港元,大和下调比亚迪盈利预测，降目标价至235港元
2021-03-31,比亚迪2020年净利润42.34亿 动力电池及储能电池装机总量约12.598GWh,比亚迪2020年净利润42.34亿 动力电池及储能电池装机总量约12.598GWh
2021-03-31,比亚迪2020年报点评：业绩符合预期，2021有望迎来产品强势周期【国信汽车】,比亚迪2020年报点评：业绩符合预期，2021有望迎来产品强势周期【国信汽车】
2021-03-31,汽车电子专题：“众”装上阵、智能提速,汽车电子专题：“众”装上阵、智能提速
2021-03-31,三花智控(002050)：Q1盈利高增长 汽零业务空间广阔,三花智控(002050)：Q1盈利高增长 汽零业务空间广阔
2021-03-31,比亚迪(002594)：2020纯电质变 2021插混可期,比亚迪(002594)：2020纯电质变 2021插混可期
2021-03-31,比亚迪2020年净利润42.34亿元：进一步巩固新能源汽车龙头地位,比亚迪2020年净利润42.34亿元：进一步巩固新能源汽车龙头地位
2021-03-31,DM-i击穿插电混动车“地板价” 比亚迪加码混动技术PK燃油车,DM-i击穿插电混动车“地板价” 比亚迪加码混动技术PK燃油车
2021-03-31,山西证券维持比亚迪增持评级：汽车业务营收加速上行，防疫物资贡献明显,山西证券维持比亚迪增持评级：汽车业务营收加速上行，防疫物资贡献明显
2021-03-31,小米官宣造车，雷军挂帅，首期100亿人民币10年投资100亿美元,小米官宣造车，雷军挂帅，首期100亿人民币10年投资100亿美元
2021-03-31,北向资金净买入超38亿元，这些行业与个股被大幅扫货（附名单）,北向资金净买入超38亿元，这些行业与个股被大幅扫货（附名单）
2021-03-31,盘前情报丨新能源汽车、白酒等行业再迎利好，哪些概念股最受益？,盘前情报丨新能源汽车、白酒等行业再迎利好，哪些概念股最受益？
2021-03-31,A股融资融券日报：两融余额增加14.28亿元（3月30日）,A股融资融券日报：两融余额增加14.28亿元（3月30日）
2021-03-31,融资客青睐6股，奥来德买入占比高达56.26%,融资客青睐6股，奥来德买入占比高达56.26%
2021-03-31,比亚迪：赢得英国46台纯电动大巴订单,比亚迪：赢得英国46台纯电动大巴订单
2021-03-31,采用多色设计 比亚迪新款宋Pro内饰官图曝光,采用多色设计 比亚迪新款宋Pro内饰官图曝光
2021-03-31,比亚迪2020业绩会：将加速“两条腿走路”的一贯方针,比亚迪2020业绩会：将加速“两条腿走路”的一贯方针
2021-03-31,华安证券--比亚迪：业绩符合预期，新车周期已至【公司研究】,华安证券--比亚迪：业绩符合预期，新车周期已至【公司研究】
2021-03-31,吉利电动车市场再加码，吹响高端电动冲锋号角,吉利电动车市场再加码，吹响高端电动冲锋号角
2021-03-31,比亚迪业绩报喜，2020年营收超1500亿！,比亚迪业绩报喜，2020年营收超1500亿！
2021-03-31,华福证券--汽车行业周报：汽车“缺芯”再度发酵，豪华车经销商业绩超预期【行业研究】,华福证券--汽车行业周报：汽车“缺芯”再度发酵，豪华车经销商业绩超预期【行业研究】
2021-03-31,中信证券：智能电动汽车将成汽车产品竞争主战场 2025谁将胜出？,中信证券：智能电动汽车将成汽车产品竞争主战场 2025谁将胜出？
2021-03-31,强强联合获新单！比亚迪绿色交通方案为英国建设“净零”城市增添动力,强强联合获新单！比亚迪绿色交通方案为英国建设“净零”城市增添动力
2021-03-31,吉利汽车面临着一个挑战：新能源汽车业务迟迟不见起色！,吉利汽车面临着一个挑战：新能源汽车业务迟迟不见起色！
2021-03-31,1 DM－i大热：订单超5万，月产或达8万！,1 DM－i大热：订单超5万，月产或达8万！
2021-03-31,比亚迪2020年营收超1500亿，预计Q1净利增幅达166.34%,比亚迪2020年营收超1500亿，预计Q1净利增幅达166.34%
2021-03-31,比亚迪（002594）2020年报点评：业绩符合预期，2021有望迎来产品强势周期,比亚迪（002594）2020年报点评：业绩符合预期，2021有望迎来产品强势周期
2021-03-31,强强联合，比亚迪、博世联合发布电动汽车专用dTCS,强强联合，比亚迪、博世联合发布电动汽车专用dTCS
2021-04-01,比亚迪&长城汽车：自主品牌怎过“缺芯”关,比亚迪&长城汽车：自主品牌怎过“缺芯”关
2021-04-01,碳中和对汽车行业影响深度分析？8大新技术引领5大新赛道,碳中和对汽车行业影响深度分析？8大新技术引领5大新赛道
2021-04-01,外行小米「上车」，1080亿够亏多久？,外行小米「上车」，1080亿够亏多久？
2021-04-01,安全更高效 比亚迪汉EV四驱版搭载dTCS全球首发,安全更高效 比亚迪汉EV四驱版搭载dTCS全球首发
2021-04-01,工信部拟开展新一轮新能源车下乡活动 长城汽车涨10%比亚迪涨9%,工信部拟开展新一轮新能源车下乡活动 长城汽车涨10%比亚迪涨9%
2021-04-01,2月新能源乘用车私人上险占比创新高，比亚迪汉EV累计上险进前三,2月新能源乘用车私人上险占比创新高，比亚迪汉EV累计上险进前三
2021-04-01,新泉股份(603179)：四季度业绩靓丽 新能源客户加速突破,新泉股份(603179)：四季度业绩靓丽 新能源客户加速突破
2021-04-01,比亚迪2020年报发布：净利42.34亿元 扣非净利同比增12倍,比亚迪2020年报发布：净利42.34亿元 扣非净利同比增12倍
2021-04-01,花旗：升比亚迪(1211.HK)未来三年电动车销售预测 维持“买入”评级,花旗：升比亚迪(1211.HK)未来三年电动车销售预测 维持“买入”评级
2021-04-01,21家车企2020年业绩PK ：8家净利正增长,21家车企2020年业绩PK ：8家净利正增长
2021-04-01,新泉股份(603179)：业绩表现优异 加大开拓新能源客户保障长期增长,新泉股份(603179)：业绩表现优异 加大开拓新能源客户保障长期增长
2021-04-01,专为新能源汽车而生！比亚迪、博世联合发布dTCS，汉EV四驱版率先搭载,专为新能源汽车而生！比亚迪、博世联合发布dTCS，汉EV四驱版率先搭载
2021-04-01,3月汽车股：恒大汽车超越蔚来市值排名第二，比亚迪被知名游资抛售5.27亿 股票卖空,3月汽车股：恒大汽车超越蔚来市值排名第二，比亚迪被知名游资抛售5.27亿 股票卖空
2021-04-01,长城汽车入列“营收千亿”阵营 ：2020年营收达1033.8亿元 、净利增长18.36%「年报时间」,长城汽车入列“营收千亿”阵营 ：2020年营收达1033.8亿元 、净利增长18.36%「年报时间」
2021-04-01,【今日机构评级汇总】Wedbush看好特斯拉受益中国市场；瑞银预计苹果今明2年iPhone需求与历史趋势保持一致,【今日机构评级汇总】Wedbush看好特斯拉受益中国市场；瑞银预计苹果今明2年iPhone需求与历史趋势保持一致
2021-04-01,小米要联手比亚迪造车？雷军与王传福同框照曝光,小米要联手比亚迪造车？雷军与王传福同框照曝光
2021-04-01,道达投资手记：炒股 还是该有点投资信仰,道达投资手记：炒股 还是该有点投资信仰
2021-04-01,联手博世 比亚迪汉EV dTCS全球首发！让车轮基本不打滑成为汽车本能,联手博世 比亚迪汉EV dTCS全球首发！让车轮基本不打滑成为汽车本能
2021-04-01,美银证券：重申比亚迪(1211.HK)“买入”评级目标价下调至210港元,美银证券：重申比亚迪(1211.HK)“买入”评级目标价下调至210港元
2021-04-01,比亚迪(002594)：历经坎坷 再迎征途！,比亚迪(002594)：历经坎坷 再迎征途！
2021-04-01,比亚迪2020财报：营收超1500亿 净利42.3亿 暴涨162%,比亚迪2020财报：营收超1500亿 净利42.3亿 暴涨162%
2021-04-01,小米11全系+MIXFOLD：比亚迪造！,小米11全系+MIXFOLD：比亚迪造！
2021-04-01,里昂：重申比亚迪(1211.HK)买入评级 目标价降至280港元,里昂：重申比亚迪(1211.HK)买入评级 目标价降至280港元
2021-04-01,上汽体量大、比亚迪增速高 2020年千亿车企都有谁？,上汽体量大、比亚迪增速高 2020年千亿车企都有谁？
2021-04-01,如何看待比亚迪一季度业绩预告 还有哪些重要信息值得关注？,如何看待比亚迪一季度业绩预告 还有哪些重要信息值得关注？
2021-04-01,北向资金净卖出79亿元，大幅抛售三一重工逾13亿元,北向资金净卖出79亿元，大幅抛售三一重工逾13亿元
2021-04-01,【早安新时代】2021/04/01今日关注：华鲁恒升、比亚迪,【早安新时代】2021/04/01今日关注：华鲁恒升、比亚迪
2021-04-01,【新时代电新 开文明团队】比亚迪：业绩略低于预期，技术加速兑现，多业务迎来收获期,【新时代电新 开文明团队】比亚迪：业绩略低于预期，技术加速兑现，多业务迎来收获期
2021-04-01,开源晨会0401丨地方债务四十年沉浮；泛微网络、豪迈科技、斯迪克等,开源晨会0401丨地方债务四十年沉浮；泛微网络、豪迈科技、斯迪克等
2021-04-01,A股融资融券日报：两融余额增加7.31亿元（3月31日）,A股融资融券日报：两融余额增加7.31亿元（3月31日）
2021-04-01,苹果官宣：已超越2千兆瓦清洁能源生产目标,苹果官宣：已超越2千兆瓦清洁能源生产目标
2021-04-01,天天拍车：特斯拉、比亚迪、小鹏跻身纯电动车保值率前三,天天拍车：特斯拉、比亚迪、小鹏跻身纯电动车保值率前三
2021-04-01,中信证券：智能感知核心硬件与传统汽车大厂均有望迎来持续的主题投资机会,中信证券：智能感知核心硬件与传统汽车大厂均有望迎来持续的主题投资机会
2021-04-01,汽车股高开高走，福田汽车冲击涨停,汽车股高开高走，福田汽车冲击涨停
2021-04-01,比亚迪拟筹建海外首座电池厂 加速动力电池全球布局,比亚迪拟筹建海外首座电池厂 加速动力电池全球布局
2021-04-01,比亚迪、博世发布dTCS系统 汉EV四驱版可OTA升级,比亚迪、博世发布dTCS系统 汉EV四驱版可OTA升级
2021-04-01,车企瞄准碳中和目标 加速抢滩千亿级赛道 氢燃料或成“解碳”关键,车企瞄准碳中和目标 加速抢滩千亿级赛道 氢燃料或成“解碳”关键
2021-04-01,板块异动丨汽车股集体走高 长城大涨7% 比亚迪涨5%,板块异动丨汽车股集体走高 长城大涨7% 比亚迪涨5%
2021-04-01,汽车电子板块发力拉升 全志科技北京君正等大幅走高,汽车电子板块发力拉升 全志科技北京君正等大幅走高
2021-04-01,报告：新能源车置换周期较短 在一线城市间流转明显,报告：新能源车置换周期较短 在一线城市间流转明显
2021-04-01,新造车热闹时，传统车企们却正在加码另一个新故事,新造车热闹时，传统车企们却正在加码另一个新故事
2021-04-01,【行情】汽车整车板块异动拉升，长城汽车涨超4%、比亚迪、长安汽车、福田汽车、江淮汽车跟涨,【行情】汽车整车板块异动拉升，长城汽车涨超4%、比亚迪、长安汽车、福田汽车、江淮汽车跟涨
2021-04-01,国信证券：比亚迪(002594.SZ)21年有望迎来产品强势周期，维持“增持”评级,国信证券：比亚迪(002594.SZ)21年有望迎来产品强势周期，维持“增持”评级
2021-04-02,2月全球新能源：宏光MINI惜败，Model 3重夺单月冠军,2月全球新能源：宏光MINI惜败，Model 3重夺单月冠军
2021-04-02,被挤下“冠军王座”，销量下滑的比亚迪估值泡沫还能维持多久？ 盈利能力下降,被挤下“冠军王座”，销量下滑的比亚迪估值泡沫还能维持多久？ 盈利能力下降
2021-04-02,A股资金流向（4月2日）：成长与价值齐飞，机构抱团股连续获资金抢筹,A股资金流向（4月2日）：成长与价值齐飞，机构抱团股连续获资金抢筹
2021-04-02,比亚迪最早将于今年下半年开始向其他公司销售汽车电池,比亚迪最早将于今年下半年开始向其他公司销售汽车电池
2021-04-02,小米造车惊动行业“半壁江山”？王传福、沈南鹏、李想等大佬齐聚，更有工业重镇官方“表白”合作…来看啥情况,小米造车惊动行业“半壁江山”？王传福、沈南鹏、李想等大佬齐聚，更有工业重镇官方“表白”合作…来看啥情况
2021-04-02,安达科技拟募资3.54亿元 比亚迪参与认购,安达科技拟募资3.54亿元 比亚迪参与认购
2021-04-02,据日经新闻：比亚迪最早将于今年下半年开始向其他公司销售汽车电池,据日经新闻：比亚迪最早将于今年下半年开始向其他公司销售汽车电池
2021-04-02,比亚迪：4月2日主力资金净流入额占板块40.05%,比亚迪：4月2日主力资金净流入额占板块40.05%
2021-04-02,"搭载DiLink3.0系统,油耗还超低!比亚迪宋PLUS DM-i发布","搭载DiLink3.0系统,油耗还超低!比亚迪宋PLUS DM-i发布"
2021-04-02,快讯｜雷军官宣造车后 理想何小鹏/蔚来李斌/比亚迪王传福/小鹏何小鹏等老板齐聚小米总部,快讯｜雷军官宣造车后 理想何小鹏/蔚来李斌/比亚迪王传福/小鹏何小鹏等老板齐聚小米总部
2021-04-02,比亚迪 | 2020年报点评：2020纯电质变 2021插混可期【华西汽车 崔琰团队】,比亚迪 | 2020年报点评：2020纯电质变 2021插混可期【华西汽车 崔琰团队】
2021-04-02,真车实测：全球首款搭载dTCS新能源汽车汉EV四驱版，冰雪路面极致安全,真车实测：全球首款搭载dTCS新能源汽车汉EV四驱版，冰雪路面极致安全
2021-04-02,花旗：升比亚迪未来三年电动车销售预测，维持买入评级,花旗：升比亚迪未来三年电动车销售预测，维持买入评级
2021-04-02,比亚迪 2020 年财报：汽车竟是赔钱货,比亚迪 2020 年财报：汽车竟是赔钱货
2021-04-02,汽车整车股短线急拉，长城汽车、比亚迪直线升逾3%,汽车整车股短线急拉，长城汽车、比亚迪直线升逾3%
2021-04-02,东吴证券--比亚迪2020年年报点评：业绩符合市场预期，新车型周期开启【公司研究】,东吴证券--比亚迪2020年年报点评：业绩符合市场预期，新车型周期开启【公司研究】
2021-04-02,A股融资融券日报：两融余额减少7.5亿元（4月1日）,A股融资融券日报：两融余额减少7.5亿元（4月1日）
2021-04-02,2月电机榜：特斯拉超越比亚迪重返冠军位置,2月电机榜：特斯拉超越比亚迪重返冠军位置
2021-04-02,2月全球电动车销量：特斯拉夺回销冠 新搅局者出现,2月全球电动车销量：特斯拉夺回销冠 新搅局者出现
2021-04-02,车企上演逃离记LG化学迎“至暗时刻”?,车企上演逃离记LG化学迎“至暗时刻”?
2021-04-02,美银证券：比亚迪提升刀片电池应用 重申买入评级但目标价下调,美银证券：比亚迪提升刀片电池应用 重申买入评级但目标价下调
2021-04-02,车载MCU芯片交货期最长延迟9个月！这一合作模式竟成汽车“芯片荒”背后推手,车载MCU芯片交货期最长延迟9个月！这一合作模式竟成汽车“芯片荒”背后推手
2021-04-03,百度、小米之后，滴滴被传造车,百度、小米之后，滴滴被传造车
2021-04-03,比亚迪：业绩符合市场预期 手机业务持续扩大,比亚迪：业绩符合市场预期 手机业务持续扩大
2021-04-03,与宁德时代“一决高下”比亚迪最早下半年对外销售电池旗下弗迪电池或单独上市,与宁德时代“一决高下”比亚迪最早下半年对外销售电池旗下弗迪电池或单独上市
2021-04-03,陆家嘴财经早餐2021年4月3日星期六,陆家嘴财经早餐2021年4月3日星期六
2021-04-03,挑战宁德时代？比亚迪最早下半年对外销售电池,挑战宁德时代？比亚迪最早下半年对外销售电池
2021-04-03,“碳中和”背景下，整车企业应何去何从？,“碳中和”背景下，整车企业应何去何从？
2021-04-04,扼住新能源车的咽喉,扼住新能源车的咽喉
2021-04-04,雷军神秘聚会曝光，台下一桌人身家超2000亿，要搞大事？,雷军神秘聚会曝光，台下一桌人身家超2000亿，要搞大事？
2021-04-04,雷军神秘聚会曝光，圈内刷屏！蔚来、理想、小鹏、比亚迪大佬来了，台下一桌人身家超2000亿，要搞大事？,雷军神秘聚会曝光，圈内刷屏！蔚来、理想、小鹏、比亚迪大佬来了，台下一桌人身家超2000亿，要搞大事？
2021-04-04,小米、百度纷纷造车，“前浪”比亚迪还有多大机会？,小米、百度纷纷造车，“前浪”比亚迪还有多大机会？
2021-04-04,3月新造车延续高增 智能引领未来 | 新能源汽车行业系列点评十四【华西汽车 崔琰团队】,3月新造车延续高增 智能引领未来 | 新能源汽车行业系列点评十四【华西汽车 崔琰团队】
2021-04-04,坐拥500亿，55岁芯片首富大扫货,坐拥500亿，55岁芯片首富大扫货
2021-04-04,电气设备行业电池科技前瞻系列报告之十六：电解液 导锂通极,电气设备行业电池科技前瞻系列报告之十六：电解液 导锂通极
2021-04-04,上汽集团还有“钱途”吗？,上汽集团还有“钱途”吗？
2021-04-04,华西证券：3月造车交付量出炉，新势力延续高增，智能引领未来,华西证券：3月造车交付量出炉，新势力延续高增，智能引领未来
2021-04-05,金力永磁：公司是特斯拉、比亚迪等厂商的磁钢供应商,金力永磁：公司是特斯拉、比亚迪等厂商的磁钢供应商
2021-04-05,搭刀片电池！比亚迪秦Plus EV官图发布：小号“汉”既视感,搭刀片电池！比亚迪秦Plus EV官图发布：小号“汉”既视感
2021-04-05,周观点 | 小米官宣造车 电动智能变革加速【华西汽车 崔琰团队】,周观点 | 小米官宣造车 电动智能变革加速【华西汽车 崔琰团队】
2021-04-05,比亚迪(002594.SZ)股东融捷投资控股解除质押72万股,比亚迪(002594.SZ)股东融捷投资控股解除质押72万股
2021-04-05,2020年新能源汽车死亡名单,2020年新能源汽车死亡名单
2021-04-05,看好磷酸铁锂！行业龙头比亚迪、上市公司高管竞相参与这家公司定增,看好磷酸铁锂！行业龙头比亚迪、上市公司高管竞相参与这家公司定增
2021-04-05,广汽菲克3年亏50亿，已资不抵债丨第一财经汽车日评 偿债能力下降,广汽菲克3年亏50亿，已资不抵债丨第一财经汽车日评 偿债能力下降
2021-04-05,汽车行业周报：小米确定造车 乘联会第四周零售再度走弱,汽车行业周报：小米确定造车 乘联会第四周零售再度走弱
2021-04-05,节后中小板将正式退出历史舞台，6张图一览深交所三大板块面貌！,节后中小板将正式退出历史舞台，6张图一览深交所三大板块面貌！
2021-04-05,最新动向！百家机构调研这家热门公司,最新动向！百家机构调研这家热门公司
2021-04-05,电动汽车热潮刺激能源企业大转型“巨头”协鑫巨资切入充换电市场,电动汽车热潮刺激能源企业大转型“巨头”协鑫巨资切入充换电市场
2021-04-06,比亚迪官方微博：4月7日晚19点30分将召开新车发布会，“用刀片电池开启超级安全元年”,比亚迪官方微博：4月7日晚19点30分将召开新车发布会，“用刀片电池开启超级安全元年”
2021-04-06,高瓴A股持仓“揭秘”，机构散户如何“抄作业”？,高瓴A股持仓“揭秘”，机构散户如何“抄作业”？
2021-04-06,比亚迪(002594.SZ)：持股5%以上的吕向阳质押215万股,比亚迪(002594.SZ)：持股5%以上的吕向阳质押215万股
2021-04-06,长城汽车钙钛矿电池重大突破，打响与比亚迪的“光伏之战”,长城汽车钙钛矿电池重大突破，打响与比亚迪的“光伏之战”
2021-04-06,新能源巨头“滑铁卢”?比亚迪新能源汽车产销双降获23亿政府补贴,新能源巨头“滑铁卢”?比亚迪新能源汽车产销双降获23亿政府补贴
2021-04-06,电气设备行业终端产销：国内产销延续强势 美国传统车企贡献增量,电气设备行业终端产销：国内产销延续强势 美国传统车企贡献增量
2021-04-06,车企账面大盘点：谁得意，谁尴尬？,车企账面大盘点：谁得意，谁尴尬？
2021-04-06,雷军的神秘聚会,雷军的神秘聚会
2021-04-06,比亚迪：4月7日晚19点30分将召开新车发布会,比亚迪：4月7日晚19点30分将召开新车发布会
2021-04-06,比亚迪(002594.SZ)：3月新能源汽车销量24218辆 同比增长97.6%,比亚迪(002594.SZ)：3月新能源汽车销量24218辆 同比增长97.6%
2021-04-06,比亚迪：1-3月新能源汽车销量同比增长146.72%,比亚迪：1-3月新能源汽车销量同比增长146.72%
2021-04-06,比亚迪：3月新能源汽车销量24218辆，去年同期为125256辆,比亚迪：3月新能源汽车销量24218辆，去年同期为125256辆
2021-04-06,比亚迪：3月份新能源汽车销量24218辆 同比增146.72%,比亚迪：3月份新能源汽车销量24218辆 同比增146.72%
2021-04-06,比亚迪(002594.SZ)前三月累计销量4.08万辆 同比增长69.97%,比亚迪(002594.SZ)前三月累计销量4.08万辆 同比增长69.97%
2021-04-06,比亚迪：1-3月新能源汽车销量为54751辆,比亚迪：1-3月新能源汽车销量为54751辆
2021-04-06,比亚迪(002594.SZ)股东吕向阳质押215万股,比亚迪(002594.SZ)股东吕向阳质押215万股
2021-04-06,晚间重要公告2021年4月6日星期二,晚间重要公告2021年4月6日星期二
2021-04-06,美国股市小幅低开，英国石油涨约2.5%,美国股市小幅低开，英国石油涨约2.5%
2021-04-06,荣耀谢幕！中小板并入深市主板，17年诞生多少“牛股”和“冠军”,荣耀谢幕！中小板并入深市主板，17年诞生多少“牛股”和“冠军”
2021-04-06,晚间要闻2021年4月6日星期二,晚间要闻2021年4月6日星期二
2021-04-06,比亚迪发布2021年3月产销快报：3月新能源汽车产量21492辆，累计同比增长149.22%,比亚迪发布2021年3月产销快报：3月新能源汽车产量21492辆，累计同比增长149.22%
2021-04-06,A股资金流向（4月6日）：碳中和明星股获回流，白马股遭抛售,A股资金流向（4月6日）：碳中和明星股获回流，白马股遭抛售
2021-04-06,滴滴正式启动造车,滴滴正式启动造车
2021-04-06,英维克(002837)公司深度报告：温控龙头多领域发力 聚焦“大温控”掘金新基建+碳中和,英维克(002837)公司深度报告：温控龙头多领域发力 聚焦“大温控”掘金新基建+碳中和
2021-04-06,新能源汽车行业二季度策略：顺势而为 把握“碳中和”机遇,新能源汽车行业二季度策略：顺势而为 把握“碳中和”机遇
2021-04-06,上证报头版：深交所主板中小板今日合并，市场格局更加明晰,上证报头版：深交所主板中小板今日合并，市场格局更加明晰
2021-04-06,查理·芒格旗下Daily Journal增持阿里巴巴的股份,查理·芒格旗下Daily Journal增持阿里巴巴的股份
2021-04-06,汽车行业2021年一季报前瞻：21Q1产销增势延续 关注内生增长优质龙头,汽车行业2021年一季报前瞻：21Q1产销增势延续 关注内生增长优质龙头
2021-04-06,乘用车销量符合预期，新能源汽车持续发力,乘用车销量符合预期，新能源汽车持续发力
2021-04-06,A股融资融券日报：两融余额减少17.35亿元（4月2日）,A股融资融券日报：两融余额减少17.35亿元（4月2日）
2021-04-06,比亚迪为何投资一家大额亏损企业？ 亏损,比亚迪为何投资一家大额亏损企业？ 亏损
2021-04-06,比亚迪最大的错误，坚持电池不外卖，把市场拱手让给了宁德时代,比亚迪最大的错误，坚持电池不外卖，把市场拱手让给了宁德时代
2021-04-06,车企年报透视：上汽业绩创五年新低 北汽96%营收依赖奔驰 经营问题,车企年报透视：上汽业绩创五年新低 北汽96%营收依赖奔驰 经营问题
2021-04-06,3月汽车公司市值榜 | 大众集团市值飙涨50% “特斯拉们”不再“大起大落”,3月汽车公司市值榜 | 大众集团市值飙涨50% “特斯拉们”不再“大起大落”
2021-04-06,比亚迪汽车板块收入840亿 研发投入连续三年占比超5%,比亚迪汽车板块收入840亿 研发投入连续三年占比超5%
2021-04-06,比亚迪秦PLUS EV官方发布 搭刀片电池、4月7日发布,比亚迪秦PLUS EV官方发布 搭刀片电池、4月7日发布
2021-04-06,比亚迪：公司后续车型将逐步使用刀片电池,比亚迪：公司后续车型将逐步使用刀片电池
2021-04-06,比亚迪在张家口成立汽车销售新公司,比亚迪在张家口成立汽车销售新公司
2021-04-06,比亚迪：公司积极布局产业链上下游以加强公司综合竞争力,比亚迪：公司积极布局产业链上下游以加强公司综合竞争力
2021-04-06,国海证券--比亚迪：业绩符合预期，产品力迎中长期向上【公司研究】,国海证券--比亚迪：业绩符合预期，产品力迎中长期向上【公司研究】
2021-04-06,比亚迪：公司积极布局各领域技术，通过新能源汽车业务、光伏业务、轨道交通业务等各业务提供治污治堵的综合解决方案,比亚迪：公司积极布局各领域技术，通过新能源汽车业务、光伏业务、轨道交通业务等各业务提供治污治堵的综合解决方案
2021-04-06,锂电池产业大爆发 新三板企业站上风口,锂电池产业大爆发 新三板企业站上风口
2021-04-06,早盘前瞻：工信部等四部门 支持碳达峰、碳中和目标实现 部署2021年新能源汽车下乡活动,早盘前瞻：工信部等四部门 支持碳达峰、碳中和目标实现 部署2021年新能源汽车下乡活动
2021-04-06,退步的比亚迪，留给王传福的时间不多了？,退步的比亚迪，留给王传福的时间不多了？
2021-04-06,比亚迪：秦plus DM-i订单充足，按计划交付中,比亚迪：秦plus DM-i订单充足，按计划交付中
2021-04-07,风口还是红海？ 传滴滴计划下场造车,风口还是红海？ 传滴滴计划下场造车
2021-04-07,长信科技：目前公司的车载产品直供给T公司和比亚迪,长信科技：目前公司的车载产品直供给T公司和比亚迪
2021-04-07,谁是中国未来的汽车之王？,谁是中国未来的汽车之王？
2021-04-07,深股通连续3日净卖出比亚迪累计净卖出11.40亿元,深股通连续3日净卖出比亚迪累计净卖出11.40亿元
2021-04-07,【一语道破】东风集团回归A股，能否迎来春天？,【一语道破】东风集团回归A股，能否迎来春天？
2021-04-07,新能源汽车行业呈现“诸神混战” 第三方势力滴滴造车登场在即,新能源汽车行业呈现“诸神混战” 第三方势力滴滴造车登场在即
2021-04-07,程维食言、滴滴造车，一个意料之内的新故事,程维食言、滴滴造车，一个意料之内的新故事
2021-04-07,A股资金流向（4月7日）：资金潜伏一季报预期行业，白马股再遭抛售,A股资金流向（4月7日）：资金潜伏一季报预期行业，白马股再遭抛售
2021-04-07,滴滴开启造车计划 或为上市赢得更好市场估值,滴滴开启造车计划 或为上市赢得更好市场估值
2021-04-07,时隔3月降5000块，比亚迪高端车驶入“囧途”？,时隔3月降5000块，比亚迪高端车驶入“囧途”？
2021-04-07,"暴跌1.6万亿后，芒格突然""抄底""阿里巴巴，他看到了什么？曾在比亚迪爆赚20倍，神操作能否再现？ 连续下跌","暴跌1.6万亿后，芒格突然""抄底""阿里巴巴，他看到了什么？曾在比亚迪爆赚20倍，神操作能否再现？ 连续下跌"
2021-04-07,比亚迪重庆刀片电池工厂画面曝光 针刺实验令人震撼,比亚迪重庆刀片电池工厂画面曝光 针刺实验令人震撼
2021-04-07,比亚迪(002594)2021年3月销量点评：销量符合预期 等待DM-I平台的量能匹配,比亚迪(002594)2021年3月销量点评：销量符合预期 等待DM-I平台的量能匹配
2021-04-07,王传福：从今天起，比亚迪旗下纯电动车型全面配置刀片电池,王传福：从今天起，比亚迪旗下纯电动车型全面配置刀片电池
2021-04-07,【华创汽车】销量符合预期，等待DM-i平台的量能匹配,【华创汽车】销量符合预期，等待DM-i平台的量能匹配
2021-04-07,王传福：全球汽车缺芯？由于自研芯片比亚迪未受影响,王传福：全球汽车缺芯？由于自研芯片比亚迪未受影响
2021-04-07,“诸神之战”开启！百度、小米之后，滴滴也要“造车”了？,“诸神之战”开启！百度、小米之后，滴滴也要“造车”了？
2021-04-07,王传福：比亚迪旗下纯电动车型开始全面切换刀片电池,王传福：比亚迪旗下纯电动车型开始全面切换刀片电池
2021-04-07,【报道】比亚迪举行新车发布会，2021款唐补贴后售价27.95-31.48万，秦PLUS系列起售价12.98万元，比亚迪新款宋Plus及e2起售价分别16.98万元为及9.98万元,【报道】比亚迪举行新车发布会，2021款唐补贴后售价27.95-31.48万，秦PLUS系列起售价12.98万元，比亚迪新款宋Plus及e2起售价分别16.98万元为及9.98万元
2021-04-07,9.98万起！比亚迪四款刀片电池车型上市：解决自燃痛点,9.98万起！比亚迪四款刀片电池车型上市：解决自燃痛点
2021-04-07,王传福：由于提前布局芯片自研比亚迪没有受到缺芯问题影响,王传福：由于提前布局芯片自研比亚迪没有受到缺芯问题影响
2021-04-07,比亚迪新车四连发全部搭载刀片电池出海预期下这些供应商或迎利好,比亚迪新车四连发全部搭载刀片电池出海预期下这些供应商或迎利好
2021-04-07,四车齐发，佩刀·安天下-比亚迪宣布纯电全系搭载刀片电池,四车齐发，佩刀·安天下-比亚迪宣布纯电全系搭载刀片电池
2021-04-07,比亚迪推出2021款系列纯电车型 并宣布全系搭载刀片电池,比亚迪推出2021款系列纯电车型 并宣布全系搭载刀片电池
2021-04-07,企鹅被砸1000亿,企鹅被砸1000亿
2021-04-07,晚间要闻2021年4月7日星期三,晚间要闻2021年4月7日星期三
2021-04-07,滴滴必须造车,滴滴必须造车
2021-04-07,比亚迪官宣：刀片电池将用于旗下所有纯电动车型！问题来了，产能跟得上吗？,比亚迪官宣：刀片电池将用于旗下所有纯电动车型！问题来了，产能跟得上吗？
2021-04-07,全系标配刀片电池，比亚迪发布新一代王朝以及e系列纯电车型 ｜ 一线车讯,全系标配刀片电池，比亚迪发布新一代王朝以及e系列纯电车型 ｜ 一线车讯
2021-04-07,比亚迪电子董事会主席王传福：从今天起，比亚迪旗下纯电动车型全面配置刀片电池，且全部电池进行针刺测试,比亚迪电子董事会主席王传福：从今天起，比亚迪旗下纯电动车型全面配置刀片电池，且全部电池进行针刺测试
2021-04-07,全球2月榜：Model 3反超宏光MINIEV夺冠,全球2月榜：Model 3反超宏光MINIEV夺冠
2021-04-07,比亚迪董事长王传福在新车发布会上表示，纯电动汽车更好更快发展的头号敌人是电池爆燃,比亚迪董事长王传福在新车发布会上表示，纯电动汽车更好更快发展的头号敌人是电池爆燃
2021-04-07,华安证券给予比亚迪买入评级，3月销量稳步增长，技术与新车周期共振,华安证券给予比亚迪买入评级，3月销量稳步增长，技术与新车周期共振
2021-04-07,“干翻特斯拉”，谁才是造车新浪潮背后的资本赢家？,“干翻特斯拉”，谁才是造车新浪潮背后的资本赢家？
2021-04-07,传滴滴启动造车，此前与比亚迪合资公司,传滴滴启动造车，此前与比亚迪合资公司
2021-04-07,比亚迪发布四款纯电新车：均搭载刀片电池，秦PLUSEV首次亮相,比亚迪发布四款纯电新车：均搭载刀片电池，秦PLUSEV首次亮相
2021-04-07,港股盘前必读：深市新主板首日开局平稳，IMF上调中国经济增长至8.4%,港股盘前必读：深市新主板首日开局平稳，IMF上调中国经济增长至8.4%
2021-04-07,盘前情报丨“公募一哥”30亿增持中炬高新；一季度新能源汽车登记增长295.20%，关注这些公司（附股）,盘前情报丨“公募一哥”30亿增持中炬高新；一季度新能源汽车登记增长295.20%，关注这些公司（附股）
2021-04-07,比亚迪的电池“野心”有多大？,比亚迪的电池“野心”有多大？
2021-04-07,"罕见！暴跌16000亿后 芒格突然""抄底""阿里是为啥 连续下跌","罕见！暴跌16000亿后 芒格突然""抄底""阿里是为啥 连续下跌"
2021-04-07,扼住新能源车咽喉 未来电池行业会呈现什么样的格局？,扼住新能源车咽喉 未来电池行业会呈现什么样的格局？
2021-04-07,中信证券：维持比亚迪A+H“买入”评级,中信证券：维持比亚迪A+H“买入”评级
2021-04-07,A股早报2021年4月7日星期三,A股早报2021年4月7日星期三
2021-04-07,A股融资融券日报：两融余额增加67.42亿元（4月6日）,A股融资融券日报：两融余额增加67.42亿元（4月6日）
2021-04-07,【安信汽车】比亚迪：3月销量表现优异，高增长仍在路上,【安信汽车】比亚迪：3月销量表现优异，高增长仍在路上
2021-04-07,"比亚迪3月产销发布：新能源车销24,218辆","比亚迪3月产销发布：新能源车销24,218辆"
2021-04-07,每日理财观察：滴滴正式启动造车,每日理财观察：滴滴正式启动造车
2021-04-07,大跌16000亿后，芒格抄底阿里巴巴，他看到了什么？,大跌16000亿后，芒格抄底阿里巴巴，他看到了什么？
2021-04-07,"是""躁动""还是真实需求?一季度车企人事变动超80起","是""躁动""还是真实需求?一季度车企人事变动超80起"
2021-04-07,【早报】氢能概念能追吗？,【早报】氢能概念能追吗？
2021-04-07,"曾在比亚迪爆赚20倍，芒格在暴跌16000亿后突然""抄底""阿里巴巴，他看到什么？","曾在比亚迪爆赚20倍，芒格在暴跌16000亿后突然""抄底""阿里巴巴，他看到什么？"
2021-04-07,开源证券维持比亚迪买入评级，比亚迪3月产销点评：整车产销量、电池装机量均超预期，看好后续DM-i放量,开源证券维持比亚迪买入评级，比亚迪3月产销点评：整车产销量、电池装机量均超预期，看好后续DM-i放量
2021-04-07,"太罕见！暴跌16000亿后，巴菲特搭档突然""抄底""阿里 连续下跌","太罕见！暴跌16000亿后，巴菲特搭档突然""抄底""阿里 连续下跌"
2021-04-07,长城证券--碳中和系列专题报告：碳中和系列报告（一），碳中和背景下的路径指引及行业展望【行业研究】,长城证券--碳中和系列专题报告：碳中和系列报告（一），碳中和背景下的路径指引及行业展望【行业研究】
2021-04-07,华西证券--新能源汽车行业系列点评十四：3月新造车延续高增智能引领未来【行业研究】,华西证券--新能源汽车行业系列点评十四：3月新造车延续高增智能引领未来【行业研究】
2021-04-07,比亚迪 | 3月：销量同比增长 DM-i上市爆款可期【华西汽车 崔琰团队】,比亚迪 | 3月：销量同比增长 DM-i上市爆款可期【华西汽车 崔琰团队】
2021-04-07,华西证券--比亚迪：3月销量同比增长DM-i上市爆款可期【公司研究】,华西证券--比亚迪：3月销量同比增长DM-i上市爆款可期【公司研究】
2021-04-07,北向资金净流出32亿，航运概念逆市爆发！8.7亿资金流入京东方A，5.9亿资金逃离比亚迪，机构解读,北向资金净流出32亿，航运概念逆市爆发！8.7亿资金流入京东方A，5.9亿资金逃离比亚迪，机构解读
2021-04-07,国海证券：比亚迪(002594.SZ)产品力迎中长期向上，维持“买入”评级,国海证券：比亚迪(002594.SZ)产品力迎中长期向上，维持“买入”评级
2021-04-07,滴滴造车猜想：网约车的新模式 还是IPO前的新故事？,滴滴造车猜想：网约车的新模式 还是IPO前的新故事？
2021-04-07,搭载刀片电池续航里程600km 比亚迪秦PLUS EV今晚发布上市,搭载刀片电池续航里程600km 比亚迪秦PLUS EV今晚发布上市
2021-04-07,比亚迪(002594)2021年3月销量点评：3月销量符合预期 DM-I订单释放在即,比亚迪(002594)2021年3月销量点评：3月销量符合预期 DM-I订单释放在即
2021-04-07,深度*行业*汽车行业周报：重卡销量再创纪录 小米集团官宣造车,深度*行业*汽车行业周报：重卡销量再创纪录 小米集团官宣造车
2021-04-07,比亚迪：新能源汽车一季度产销增长近150%，7日发布新车,比亚迪：新能源汽车一季度产销增长近150%，7日发布新车
2021-04-07,比亚迪一季度销量为10.41万辆 同比增近70%,比亚迪一季度销量为10.41万辆 同比增近70%
2021-04-08,2021华为全屋智能及智慧屏新品发布会直播,2021华为全屋智能及智慧屏新品发布会直播
2021-04-08,胡润中国大消费民企百强榜发布！店宝宝：七成位列中国500强,胡润中国大消费民企百强榜发布！店宝宝：七成位列中国500强
2021-04-08,和小米造车相比，滴滴造车早已“步步为营”,和小米造车相比，滴滴造车早已“步步为营”
2021-04-08,比亚迪：3月比亚迪汉销量再破万 环比大涨105.3%,比亚迪：3月比亚迪汉销量再破万 环比大涨105.3%
2021-04-08,五家车企同日就“缺芯”发声芯片自主发展或迎最佳窗口期,五家车企同日就“缺芯”发声芯片自主发展或迎最佳窗口期
2021-04-08,比亚迪汉3月破万 累销破6万！领跑中国品牌中大型轿车市场,比亚迪汉3月破万 累销破6万！领跑中国品牌中大型轿车市场
2021-04-08,互联网科技龙头企业相继加入造车队伍 或将加速推动我国汽车产业电动化转型,互联网科技龙头企业相继加入造车队伍 或将加速推动我国汽车产业电动化转型
2021-04-08,比亚迪汉3月销售10323辆，累计销量突破6万辆,比亚迪汉3月销售10323辆，累计销量突破6万辆
2021-04-08,2021年全球车企受到芯片短缺影响 国内车企各有应对,2021年全球车企受到芯片短缺影响 国内车企各有应对
2021-04-08,比亚迪汽车：2021年3月比亚迪汉销量再破万,比亚迪汽车：2021年3月比亚迪汉销量再破万
2021-04-08,四款车型同步上市 比亚迪再打“刀片电池”牌,四款车型同步上市 比亚迪再打“刀片电池”牌
2021-04-08,比亚迪：“18亚迪01”回售金额为30.93亿元,比亚迪：“18亚迪01”回售金额为30.93亿元
2021-04-08,“深圳知名品牌”“国际信誉品牌”向你奔赴而来！,“深圳知名品牌”“国际信誉品牌”向你奔赴而来！
2021-04-08,3类玩家催生的动力电池回收商业模式,3类玩家催生的动力电池回收商业模式
2021-04-08,比亚迪新车四连发 哪些供应商有望迎利好,比亚迪新车四连发 哪些供应商有望迎利好
2021-04-08,【机构风向标】17股获机构高频“买入”评级，三大行业最受关注，2股上涨空间均超70%,【机构风向标】17股获机构高频“买入”评级，三大行业最受关注，2股上涨空间均超70%
2021-04-08,王传福一声令下，刀片电池赚钱养家,王传福一声令下，刀片电池赚钱养家
2021-04-08,比亚迪：参与投资基金,比亚迪：参与投资基金
2021-04-08,比亚迪：子公司GoldenLink参与认购AGICFund基金份额,比亚迪：子公司GoldenLink参与认购AGICFund基金份额
2021-04-08,传滴滴造车 业内专家：或剑指租车业务,传滴滴造车 业内专家：或剑指租车业务
2021-04-08,程维打脸，IPO前夕“偷师”百度，滴滴造车剑指租车业务,程维打脸，IPO前夕“偷师”百度，滴滴造车剑指租车业务
2021-04-08,比亚迪(002594.SZ)：子公司拟出资1.2亿美元认购AGIC FUND基金份额,比亚迪(002594.SZ)：子公司拟出资1.2亿美元认购AGIC FUND基金份额
2021-04-08,滴滴造车，哪来的底气？,滴滴造车，哪来的底气？
2021-04-08,比亚迪旗下纯电车型将全系搭载刀片电池多久才能实现？,比亚迪旗下纯电车型将全系搭载刀片电池多久才能实现？
2021-04-08,北向资金净卖出逾17亿元，中国平安逆市获净买入4.2亿元,北向资金净卖出逾17亿元，中国平安逆市获净买入4.2亿元
2021-04-08,滴滴不造车，就是个笑话,滴滴不造车，就是个笑话
2021-04-08,比亚迪回应汽车芯片供应：与上游供应商频繁沟通 提升产能优先级,比亚迪回应汽车芯片供应：与上游供应商频繁沟通 提升产能优先级
2021-04-08,比亚迪全系车型改用不易自燃的刀片电池,比亚迪全系车型改用不易自燃的刀片电池
2021-04-08,【今日机构评级汇总】小摩、美银因Archegos爆仓事件影响下调瑞信评级；国泰君安看好美团社区团购业务空间广阔,【今日机构评级汇总】小摩、美银因Archegos爆仓事件影响下调瑞信评级；国泰君安看好美团社区团购业务空间广阔
2021-04-08,比亚迪再亮底牌：纯电全系“佩刀”，王传福亲自站台,比亚迪再亮底牌：纯电全系“佩刀”，王传福亲自站台
2021-04-08,巴菲特支持的汽车制造商3月电动车销量超过蔚来和小鹏,巴菲特支持的汽车制造商3月电动车销量超过蔚来和小鹏
2021-04-08,比亚迪发布新车 全面切换搭载刀片电池,比亚迪发布新车 全面切换搭载刀片电池
2021-04-08,比亚迪纯电全系切换刀片电池 王传福：向全行业外供,比亚迪纯电全系切换刀片电池 王传福：向全行业外供
2021-04-08,比亚迪获EuPD“2021顶级储能品牌”大奖 蝉联行业“品质金奖”,比亚迪获EuPD“2021顶级储能品牌”大奖 蝉联行业“品质金奖”
2021-04-08,EV晨报 | 北京到2025年燃料电池车破1万辆；比亚迪四款纯电动新车上市；极氪001有望3季度上市,EV晨报 | 北京到2025年燃料电池车破1万辆；比亚迪四款纯电动新车上市；极氪001有望3季度上市
2021-04-08,比亚迪纯电车型全面“佩刀”三元电池产品4月完成清库,比亚迪纯电车型全面“佩刀”三元电池产品4月完成清库
2021-04-08,东方财富证券--比亚迪2020年报点评：品牌力向上带动业绩增长，静待超级混动放量【公司研究】,东方财富证券--比亚迪2020年报点评：品牌力向上带动业绩增长，静待超级混动放量【公司研究】
2021-04-08,82股获券商买入评级 常宝股份目标涨幅达88.81%,82股获券商买入评级 常宝股份目标涨幅达88.81%
2021-04-08,开源晨会0408丨没有高PE的买，就不要低PE的卖；海大集团、极米科技、当升科技等,开源晨会0408丨没有高PE的买，就不要低PE的卖；海大集团、极米科技、当升科技等
2021-04-08,4月7日82只个股获券商关注，恒力石化目标涨幅达145.11%,4月7日82只个股获券商关注，恒力石化目标涨幅达145.11%
2021-04-08,比亚迪：纯电车型全系“佩刀”,比亚迪：纯电车型全系“佩刀”
2021-04-08,用小米手机打开小米汽车，雷军的梦想是场景智能车？,用小米手机打开小米汽车，雷军的梦想是场景智能车？
2021-04-08,A股融资融券日报：两融余额增加55.88亿元（4月7日）,A股融资融券日报：两融余额增加55.88亿元（4月7日）
2021-04-08,安信国际晨报：趁低吸纳腾讯；研发费扣税政策利好科技及生物医药公司,安信国际晨报：趁低吸纳腾讯；研发费扣税政策利好科技及生物医药公司
2021-04-08,46吨重卡碾压测试 安全是电动车最大的豪华,46吨重卡碾压测试 安全是电动车最大的豪华
2021-04-08,王传福回应“芯片短缺”：比亚迪没有受到丝毫影响,王传福回应“芯片短缺”：比亚迪没有受到丝毫影响
2021-04-08,比亚迪回应汽车芯片供应：与上游供应商频繁沟通，提升产能优先级,比亚迪回应汽车芯片供应：与上游供应商频繁沟通，提升产能优先级
2021-04-08,比亚迪3月电动汽车销量是其竞争对手蔚来汽车两倍多,比亚迪3月电动汽车销量是其竞争对手蔚来汽车两倍多
2021-04-08,比亚迪：全系电动车将搭载“刀片电池”,比亚迪：全系电动车将搭载“刀片电池”
2021-04-08,比亚迪：产能提升 刀片电池向全行业外供,比亚迪：产能提升 刀片电池向全行业外供
2021-04-08,一手造车一手团购，滴滴布局新能源顺水推舟，雷军该慌了？,一手造车一手团购，滴滴布局新能源顺水推舟，雷军该慌了？
2021-04-08,营收近千亿 吉利长城比亚迪谁最赚钱？,营收近千亿 吉利长城比亚迪谁最赚钱？
2021-04-08,来了！2021年新能源汽车下乡启动了,来了！2021年新能源汽车下乡启动了
2021-04-09,3月新能源车销量：五菱41491辆一骑绝尘 比亚迪第三,3月新能源车销量：五菱41491辆一骑绝尘 比亚迪第三
2021-04-09,全球首条跨海云轨正式下线 比亚迪成中国首家轨道出海民营企业,全球首条跨海云轨正式下线 比亚迪成中国首家轨道出海民营企业
2021-04-09,全球首条跨海云轨正式下线，比亚迪“云轨”走向世界！,全球首条跨海云轨正式下线，比亚迪“云轨”走向世界！
2021-04-09,A股资金流向（4月9日）：新股上市首日遭爆炒，白马股再遭抛售,A股资金流向（4月9日）：新股上市首日遭爆炒，白马股再遭抛售
2021-04-09,两市百元股数量达134只，医药生物行业占比最高,两市百元股数量达134只，医药生物行业占比最高
2021-04-09,国产车成老师！斯柯达电动车将发布比亚迪狂赚十几亿,国产车成老师！斯柯达电动车将发布比亚迪狂赚十几亿
2021-04-09,乘联会：3月乘用车市场零售达到175.2万辆,乘联会：3月乘用车市场零售达到175.2万辆
2021-04-09,比亚迪公开汽车游戏专利：方向盘、油门、刹车玩游戏,比亚迪公开汽车游戏专利：方向盘、油门、刹车玩游戏
2021-04-09,3月新能源车市增势高于大盘 高低两端市场火热,3月新能源车市增势高于大盘 高低两端市场火热
2021-04-09,一周主力资金丨9只股票本周净流出额超10亿元,一周主力资金丨9只股票本周净流出额超10亿元
2021-04-09,老记吹“牛”｜各家都在等金属锂的“风口”，比亚迪率先全面“转向”！,老记吹“牛”｜各家都在等金属锂的“风口”，比亚迪率先全面“转向”！
2021-04-09,比亚迪乘用车3月销量39985辆 汉车型月销破万,比亚迪乘用车3月销量39985辆 汉车型月销破万
2021-04-09,5G+工业互联网应用发布会在深举办,5G+工业互联网应用发布会在深举办
2021-04-09,乘联会：3月新能源乘用车市场多元化发力，批发销量突破万辆的企业有上汽通用五菱41491辆、特斯拉中国35478辆，比亚迪23906辆,乘联会：3月新能源乘用车市场多元化发力，批发销量突破万辆的企业有上汽通用五菱41491辆、特斯拉中国35478辆，比亚迪23906辆
2021-04-09,造车如此烧钱 为什么滴滴还要往里跳？,造车如此烧钱 为什么滴滴还要往里跳？
2021-04-09,需求爆发，库存告急！价格已翻倍！多公司跨界入局,需求爆发，库存告急！价格已翻倍！多公司跨界入局
2021-04-09,氢能源中的“并购之王”！手握200多亿现金，下一个比亚迪,氢能源中的“并购之王”！手握200多亿现金，下一个比亚迪
2021-04-09,斯达半导(603290)点评：产能稳步扩充 围绕“车载”紧密布局,斯达半导(603290)点评：产能稳步扩充 围绕“车载”紧密布局
2021-04-09,滴滴启动“达芬奇”号 入局造车“诸神之战”,滴滴启动“达芬奇”号 入局造车“诸神之战”
2021-04-09,新一代华为智慧屏V65首发评测：省了一台万元帝瓦雷,新一代华为智慧屏V65首发评测：省了一台万元帝瓦雷
2021-04-09,酿酒行业再遭冷遇 北向资金抛售贵州茅台近15亿 青睐医药制造业,酿酒行业再遭冷遇 北向资金抛售贵州茅台近15亿 青睐医药制造业
2021-04-09,A股融资融券日报：两融余额增加19.55亿元（4月8日）,A股融资融券日报：两融余额增加19.55亿元（4月8日）
2021-04-09,比亚迪回应芯片问题：与供应商频繁沟通,比亚迪回应芯片问题：与供应商频繁沟通
2021-04-09,【一语道破】直击新能源车2021年一季度销量，几家欢喜几家愁,【一语道破】直击新能源车2021年一季度销量，几家欢喜几家愁
2021-04-09,回首瞅瞅倒闭破产的友商，蔚来理想小鹏打起鸡血：“病树前头万木春！”,回首瞅瞅倒闭破产的友商，蔚来理想小鹏打起鸡血：“病树前头万木春！”
2021-04-09,新华网痛批新能源汽车，其实现代造车早已是带着镣铐跳舞,新华网痛批新能源汽车，其实现代造车早已是带着镣铐跳舞
2021-04-09,中航光电(002179)2021年一季度业绩预告点评：归母净利预增近300% 军工高景气逐步印证,中航光电(002179)2021年一季度业绩预告点评：归母净利预增近300% 军工高景气逐步印证
2021-04-09,王传福唯一的“失误”，将电池和汽车捆绑，被宁德时代“钻空子”,王传福唯一的“失误”，将电池和汽车捆绑，被宁德时代“钻空子”
2021-04-09,为何卷入造车大潮？滴滴造车或为上市估值铺路,为何卷入造车大潮？滴滴造车或为上市估值铺路
2021-04-09,21深度｜滴滴造车，估值先行？,21深度｜滴滴造车，估值先行？
2021-04-09,需求爆发，库存告急！磷酸铁锂暴涨传导到上游材料，价格已翻倍！这些公司纷纷跨界入局,需求爆发，库存告急！磷酸铁锂暴涨传导到上游材料，价格已翻倍！这些公司纷纷跨界入局
2021-04-09,中巴共同见证全球首条跨海云轨下线,中巴共同见证全球首条跨海云轨下线
2021-04-09,比亚迪关联公司在烟台成立汽车销售公司,比亚迪关联公司在烟台成立汽车销售公司
2021-04-09,宁德时代，谁的时代,宁德时代，谁的时代
2021-04-10,面向网约车市场/五款车型 奔腾NAT亮相,面向网约车市场/五款车型 奔腾NAT亮相
2021-04-10,3月新能源汽车环比激增102%，头部三家市场份额近五成,3月新能源汽车环比激增102%，头部三家市场份额近五成
2021-04-10,滴滴、小米等纷纷入局新能源造车有何魔力？,滴滴、小米等纷纷入局新能源造车有何魔力？
2021-04-10,3月销量专题：短期受缺芯冲击 消费端需求良好,3月销量专题：短期受缺芯冲击 消费端需求良好
2021-04-10,滴滴的造车的这艘“达芬奇”号 未来将开往何处？,滴滴的造车的这艘“达芬奇”号 未来将开往何处？
2021-04-10,比亚迪为巴西巴伊亚云轨定制车辆下线,比亚迪为巴西巴伊亚云轨定制车辆下线
2021-04-10,定了！比亚迪唐DM-i 4月19日上市：搭载超级混动 一箱油跑1050km,定了！比亚迪唐DM-i 4月19日上市：搭载超级混动 一箱油跑1050km
2021-04-10,全球首条跨海云轨列车在深圳下线 由比亚迪打造,全球首条跨海云轨列车在深圳下线 由比亚迪打造
2021-04-10,磷酸铁锂价格暴涨，利润转向产业链上游,磷酸铁锂价格暴涨，利润转向产业链上游
2021-04-11,新能源车一季度销量同比增近三倍保有量超550万辆成规模化节点？,新能源车一季度销量同比增近三倍保有量超550万辆成规模化节点？
2021-04-11,2021年新能源车，有当年“手机大战”内味儿了,2021年新能源车，有当年“手机大战”内味儿了
2021-04-11,E周看点丨蔚来第10万辆车下线，比亚迪纯电车型全面配“刀”,E周看点丨蔚来第10万辆车下线，比亚迪纯电车型全面配“刀”
2021-04-11,谁在跑步进场？A股新增投资者创5年新高，什么信号？,谁在跑步进场？A股新增投资者创5年新高，什么信号？
2021-04-11,A股周一见 | 节后A股调整 机构称短期指数回撤概率大,A股周一见 | 节后A股调整 机构称短期指数回撤概率大
2021-04-11,2021年3月欧洲新能源车销量点评：持续超预期 电动之势如破竹,2021年3月欧洲新能源车销量点评：持续超预期 电动之势如破竹
2021-04-11,【浙商电新|邓伟】新能源汽车及锂电系列之五：3月装机维持高增速,【浙商电新|邓伟】新能源汽车及锂电系列之五：3月装机维持高增速
2021-04-11,各大车企“首季度”秀肌肉，汽车行业“三大阵营”格局初现,各大车企“首季度”秀肌肉，汽车行业“三大阵营”格局初现
2021-04-11,【方正电新丨周观点】3月动力电池装机量9.0GWh环增61.3%，光伏户用度电补贴延续,【方正电新丨周观点】3月动力电池装机量9.0GWh环增61.3%，光伏户用度电补贴延续
2021-04-12,全系“佩刀”的比亚迪背后，磷酸铁锂电池试图反超三元锂电池,全系“佩刀”的比亚迪背后，磷酸铁锂电池试图反超三元锂电池
2021-04-12,新能源汽车产业链行业周报(4月第2周)：中伟股份投建高冰镍彰显三元材料一体化布局优势,新能源汽车产业链行业周报(4月第2周)：中伟股份投建高冰镍彰显三元材料一体化布局优势
2021-04-12,国信证券：“碳中和”成全球共识，关注三条投资主线,国信证券：“碳中和”成全球共识，关注三条投资主线
2021-04-12,汽车行业：3月乘用车销量符合预期 新能源车渗透率加速提升,汽车行业：3月乘用车销量符合预期 新能源车渗透率加速提升
2021-04-12,汽车行业周报：3月乘用车继续复苏 2020乘用车双积分考核公布,汽车行业周报：3月乘用车继续复苏 2020乘用车双积分考核公布
2021-04-12,比亚迪第二代宋Pro正式上市 售价9.28-12.78万元,比亚迪第二代宋Pro正式上市 售价9.28-12.78万元
2021-04-12,汽车行业周报：3月产销维持高增长 北京发布氢能产业发展实施方案,汽车行业周报：3月产销维持高增长 北京发布氢能产业发展实施方案
2021-04-12,动力电池告急后：车企自建电池厂，电池供应商大厮杀,动力电池告急后：车企自建电池厂，电池供应商大厮杀
2021-04-12,达志科技重启定增计划 拟募资9亿投资锂离子动力电池,达志科技重启定增计划 拟募资9亿投资锂离子动力电池
2021-04-12,新能车销量翻番 谁的机会更大？,新能车销量翻番 谁的机会更大？
2021-04-12,动力电池格局生变：从暗斗到明争，比亚迪宁德时代交锋升级,动力电池格局生变：从暗斗到明争，比亚迪宁德时代交锋升级
2021-04-12,深度*行业*汽车行业周报：3月新能源销量再创纪录 上海车展即将开幕,深度*行业*汽车行业周报：3月新能源销量再创纪录 上海车展即将开幕
2021-04-12,汽车行业重大事项点评：波动中坚守选择的信念,汽车行业重大事项点评：波动中坚守选择的信念
2021-04-12,【安信汽车】工信部公示2020年乘用车企业双积分，混动化与电动化有望提速,【安信汽车】工信部公示2020年乘用车企业双积分，混动化与电动化有望提速
2021-04-12,2021年3月汽车销量跟踪报告：行业进入主动补库 高景气度延续,2021年3月汽车销量跟踪报告：行业进入主动补库 高景气度延续
2021-04-12,汽车及零部件行业：3月乘用车销量平稳 新能源市场保持高景气度,汽车及零部件行业：3月乘用车销量平稳 新能源市场保持高景气度
2021-04-12,9.28万元起售 比亚迪第二代宋Pro上市,9.28万元起售 比亚迪第二代宋Pro上市
2021-04-12,3月乘用车卖了187万辆 新能源环比翻番,3月乘用车卖了187万辆 新能源环比翻番
2021-04-12,EV晨报 | 3月新能源车销量达22.6万辆；3月动力电池装车量9GWh；戴雷正式加盟恒大汽车,EV晨报 | 3月新能源车销量达22.6万辆；3月动力电池装车量9GWh；戴雷正式加盟恒大汽车
2021-04-12,宁德时代+比亚迪双认证！这一锂电池路线有望胜出,宁德时代+比亚迪双认证！这一锂电池路线有望胜出
2021-04-12,A股融资融券日报：两融余额减少32.23亿元（4月9日）,A股融资融券日报：两融余额减少32.23亿元（4月9日）
2021-04-12,刀片电池向全球开放 比亚迪开始“收割”动力市场,刀片电池向全球开放 比亚迪开始“收割”动力市场
2021-04-12,电力设备新能源周观察：电动化趋势加速 拥抱行业高景气,电力设备新能源周观察：电动化趋势加速 拥抱行业高景气
2021-04-12,传比亚迪正在为丰田生产电动汽车：已经开始路试,传比亚迪正在为丰田生产电动汽车：已经开始路试
2021-04-12,换标比亚迪？传丰田电动汽车比亚迪造,换标比亚迪？传丰田电动汽车比亚迪造
2021-04-12,金力永磁(300748)：快速成长的低成本稀土永磁龙头,金力永磁(300748)：快速成长的低成本稀土永磁龙头
2021-04-12,汽车行业月报：车市延续复苏 关注绩优股,汽车行业月报：车市延续复苏 关注绩优股
2021-04-12,华安研究行业周观点集萃,华安研究行业周观点集萃
2021-04-12,周观点 | 双积分缺口扩大 车企电动化加码【华西汽车 崔琰团队】,周观点 | 双积分缺口扩大 车企电动化加码【华西汽车 崔琰团队】
2021-04-13,黄灯读秒没了！新版红绿灯标准大变化：很多司机被扣6分,黄灯读秒没了！新版红绿灯标准大变化：很多司机被扣6分
2021-04-13,市值国内车企第一，比亚迪的突进与隐忧,市值国内车企第一，比亚迪的突进与隐忧
2021-04-13,牵手蔚来、比亚迪:福特国产MustangMach-E上市,牵手蔚来、比亚迪:福特国产MustangMach-E上市
2021-04-13,电报｜弗迪电池董事长何龙现身福特电动车发布现场比亚迪向福特外供电池,电报｜弗迪电池董事长何龙现身福特电动车发布现场比亚迪向福特外供电池
2021-04-13,比亚迪以“电”的名义进入蓝海,比亚迪以“电”的名义进入蓝海
2021-04-13,第二代宋Pro上市 比亚迪能否守好紧凑型SUV“阵地”,第二代宋Pro上市 比亚迪能否守好紧凑型SUV“阵地”
2021-04-13,浙商证券--汽车整车行业专题报告：短期受缺芯冲击，消费端需求良好【行业研究】,浙商证券--汽车整车行业专题报告：短期受缺芯冲击，消费端需求良好【行业研究】
2021-04-13,2021年中国新能源客车行业市场现状及竞争格局分析 企业竞争集中度进一步提高,2021年中国新能源客车行业市场现状及竞争格局分析 企业竞争集中度进一步提高
2021-04-13,油耗标准趋严促新能源积分价格上涨 特斯拉、比亚迪或各赚超20亿,油耗标准趋严促新能源积分价格上涨 特斯拉、比亚迪或各赚超20亿
2021-04-13,2021年中国工业车辆行业发展现状及竞争格局分析市场集中度较高【组图】,2021年中国工业车辆行业发展现状及竞争格局分析市场集中度较高【组图】
2021-04-13,东吴证券--电动车3月销量点评：A00及高端车型需求强劲，销量超市场预期【行业研究】,东吴证券--电动车3月销量点评：A00及高端车型需求强劲，销量超市场预期【行业研究】
2021-04-13,36天上市10款新车，比亚迪变身造车狂人，甚至还为丰田、斯柯达代工？,36天上市10款新车，比亚迪变身造车狂人，甚至还为丰田、斯柯达代工？
2021-04-13,徐直军：华为将联合车企推出三个子品牌,徐直军：华为将联合车企推出三个子品牌
2021-04-13,安信证券--汽车行业动态分析：工信部公示2020年乘用车企业双积分，混动化与电动化有望提速【行业研究】,安信证券--汽车行业动态分析：工信部公示2020年乘用车企业双积分，混动化与电动化有望提速【行业研究】
2021-04-13,大哥特斯拉：造车三势力，咱们抱团,大哥特斯拉：造车三势力，咱们抱团
2021-04-13,华金证券--汽车行业第15周周报：政策供给双重驱动，一季度新能源车销量超预期【行业研究】,华金证券--汽车行业第15周周报：政策供给双重驱动，一季度新能源车销量超预期【行业研究】
2021-04-13,中国中免跌停，抱团股接连闪崩，大市值高估公司避险指南,中国中免跌停，抱团股接连闪崩，大市值高估公司避险指南
2021-04-14,【行情】新能源车板块午后涨幅扩大，宁德时代涨超6%，赣锋锂业、亿纬锂能涨超5%，汇川技术涨近5%，比亚迪涨超3%，恩捷股份涨近3%,【行情】新能源车板块午后涨幅扩大，宁德时代涨超6%，赣锋锂业、亿纬锂能涨超5%，汇川技术涨近5%，比亚迪涨超3%，恩捷股份涨近3%
2021-04-14,工商变更：比亚迪关联公司经营范围新增安全系统监控服务等 业务变化,工商变更：比亚迪关联公司经营范围新增安全系统监控服务等 业务变化
2021-04-14,比亚迪与融捷股份今年已签订9.7亿元采购合同,比亚迪与融捷股份今年已签订9.7亿元采购合同
2021-04-14,造车真“香”！烧钱真“疼”，股价真“好”,造车真“香”！烧钱真“疼”，股价真“好”
2021-04-14,锂电池板块7股涨停！3月动力电池产销同比大增,锂电池板块7股涨停！3月动力电池产销同比大增
2021-04-14,A股资金流向（4月14日）：新能源龙头获资金回流，银行股遭抛售,A股资金流向（4月14日）：新能源龙头获资金回流，银行股遭抛售
2021-04-14,一季度车型销量榜：自主SUV“哑火”前十中仅剩三款,一季度车型销量榜：自主SUV“哑火”前十中仅剩三款
2021-04-14,港股收盘：恒生科技指数大涨2% 苹果产业链股上涨 瑞声科技涨超5%,港股收盘：恒生科技指数大涨2% 苹果产业链股上涨 瑞声科技涨超5%
2021-04-14,LG和SK握手言和止电池纷争，国内二线动力电池厂商笑了,LG和SK握手言和止电池纷争，国内二线动力电池厂商笑了
2021-04-14,锂电池板块掀起涨停潮！昙花一现还是龙头觉醒,锂电池板块掀起涨停潮！昙花一现还是龙头觉醒
2021-04-14,比亚迪宣布纯电全系“佩刀”刀片电池向全行业外供,比亚迪宣布纯电全系“佩刀”刀片电池向全行业外供
2021-04-14,智通港股解盘(04.14) | 通胀预期再起 资源类走强,智通港股解盘(04.14) | 通胀预期再起 资源类走强
2021-04-14,赖在A股不走的，还有谁？,赖在A股不走的，还有谁？
2021-04-14,北向资金今日净买入57.31亿元，京东方A净买入额创历史新高,北向资金今日净买入57.31亿元，京东方A净买入额创历史新高
2021-04-14,百年福特为电动汽车放下身段：采用比亚迪电池，卖得比特斯拉便宜,百年福特为电动汽车放下身段：采用比亚迪电池，卖得比特斯拉便宜
2021-04-14,研发投入占比攀升，新能源补贴“依赖症”渐退,研发投入占比攀升，新能源补贴“依赖症”渐退
2021-04-14,比亚迪在互动平台表示，公司将合理规划，力争高效完成车辆交付,比亚迪在互动平台表示，公司将合理规划，力争高效完成车辆交付
2021-04-14,长城、比亚迪、吉利各有亮点，民营车企三强跑赢大市,长城、比亚迪、吉利各有亮点，民营车企三强跑赢大市
2021-04-14,MustangMach-E26万起售死咬ModelY福特新能源专属研发中心在华成立,MustangMach-E26万起售死咬ModelY福特新能源专属研发中心在华成立
2021-04-14,研发投入占比攀升 新能源补贴“依赖症”渐退,研发投入占比攀升 新能源补贴“依赖症”渐退
2021-04-14,动力电池板块普涨，石大胜华、天赐材料等多股造好,动力电池板块普涨，石大胜华、天赐材料等多股造好
2021-04-14,比亚迪汉获得“中国汽车健康指数年度推荐车型”称号,比亚迪汉获得“中国汽车健康指数年度推荐车型”称号
2021-04-14,主流车企也「代工」：不丢脸，还有钱赚,主流车企也「代工」：不丢脸，还有钱赚
2021-04-14,5000亿市值白马跌停！抱团股闪崩都有同一特征（附表）,5000亿市值白马跌停！抱团股闪崩都有同一特征（附表）
2021-04-14,东吴证券：电动车3月销量超市场预期，推荐三条主线,东吴证券：电动车3月销量超市场预期，推荐三条主线
2021-04-14,每日理财观察：一季度外贸进出口实现“开门红”,每日理财观察：一季度外贸进出口实现“开门红”
2021-04-14,26.5万元起售！福特首款纯电动车Mustang Mach-E上市，电池由比亚迪供货，直销模式卖车,26.5万元起售！福特首款纯电动车Mustang Mach-E上市，电池由比亚迪供货，直销模式卖车
2021-04-14,开源证券--电气设备行业点评报告：3月国内外销量均大超预期，上调2021年全球新能源汽车销量预测至530万辆【行业研究】,开源证券--电气设备行业点评报告：3月国内外销量均大超预期，上调2021年全球新能源汽车销量预测至530万辆【行业研究】
2021-04-14,29款储能新品抢先“剧透”！储能国际峰会暨展览会明天开幕！,29款储能新品抢先“剧透”！储能国际峰会暨展览会明天开幕！
2021-04-14,血洗空头，北汽蓝谷主升开启,血洗空头，北汽蓝谷主升开启
2021-04-14,东吴证券：电动车3月销量超市场预期推荐三条主线,东吴证券：电动车3月销量超市场预期推荐三条主线
2021-04-15,十年沉浮 腾势将退？,十年沉浮 腾势将退？
2021-04-15,川财证券--新能源行业动态点评：全球首款量产激光雷达智能汽车小鹏P5正式亮相【行业研究】,川财证券--新能源行业动态点评：全球首款量产激光雷达智能汽车小鹏P5正式亮相【行业研究】
2021-04-15,北上资金净卖出9.5亿元比亚迪、宁德时代遭净卖出居前,北上资金净卖出9.5亿元比亚迪、宁德时代遭净卖出居前
2021-04-15,不抄底了！北向资金今日净卖出9.5亿元，抛售比亚迪、宁德时代最多！,不抄底了！北向资金今日净卖出9.5亿元，抛售比亚迪、宁德时代最多！
2021-04-15,北向资金今日净卖出9.5亿元，比亚迪净卖出额创历史次高,北向资金今日净卖出9.5亿元，比亚迪净卖出额创历史次高
2021-04-15,A股资金流向（4月15日）：有色龙头获资金青睐，一线白酒股被抛售,A股资金流向（4月15日）：有色龙头获资金青睐，一线白酒股被抛售
2021-04-15,3月新能源销量：传统车企的“反击”，你在哪里？,3月新能源销量：传统车企的“反击”，你在哪里？
2021-04-15,保有量超550万辆销量翻三倍，新能源车规模化效应显现,保有量超550万辆销量翻三倍，新能源车规模化效应显现
2021-04-15,比亚迪为丰田代工，除了车标，丰田纯电车就是纯比亚迪！,比亚迪为丰田代工，除了车标，丰田纯电车就是纯比亚迪！
2021-04-15,退役动力电池“奇幻漂流” 大比例进入小作坊,退役动力电池“奇幻漂流” 大比例进入小作坊
2021-04-15,A股融资融券日报：两融余额增加21.59亿元（4月14日）,A股融资融券日报：两融余额增加21.59亿元（4月14日）
2021-04-15,宁德、比亚迪、科华等26企上榜！白皮书公布储能八大榜单！,宁德、比亚迪、科华等26企上榜！白皮书公布储能八大榜单！
2021-04-15,双积分悲喜：长安或被吞噬60亿利润 特斯拉、比亚迪可赚超20亿,双积分悲喜：长安或被吞噬60亿利润 特斯拉、比亚迪可赚超20亿
2021-04-15,多家车企一季度业绩大幅预增,多家车企一季度业绩大幅预增
2021-04-15,在意车内健康安全？新能源旗舰的“五星秘笈”一定要看,在意车内健康安全？新能源旗舰的“五星秘笈”一定要看
2021-04-16,1个碳积分=6克黄金 特斯拉、比亚迪成最大“金主”,1个碳积分=6克黄金 特斯拉、比亚迪成最大“金主”
2021-04-16,科技巨头会不会掀起第二轮新造车浪潮？,科技巨头会不会掀起第二轮新造车浪潮？
2021-04-16,欧洲缘何登顶世界新能源汽车消费,欧洲缘何登顶世界新能源汽车消费
2021-04-16,利檀投资董事长陈昊扬：买入“绝对低估”防守，持仓新能源整车进攻,利檀投资董事长陈昊扬：买入“绝对低估”防守，持仓新能源整车进攻
2021-04-16,中国新能源车西征,中国新能源车西征
2021-04-16,一周扫货247亿元！北向资金今日净买入逾71亿元，五粮液、比亚迪受青睐！,一周扫货247亿元！北向资金今日净买入逾71亿元，五粮液、比亚迪受青睐！
2021-04-16,北向资金今日净买入71.53亿元，五粮液获大举净买入6.7亿元,北向资金今日净买入71.53亿元，五粮液获大举净买入6.7亿元
2021-04-16,智通每日大行研报︱旗下极氪首款车型上市 吉利汽车(00175)获大行一致看好 目标价最高至51.3港元,智通每日大行研报︱旗下极氪首款车型上市 吉利汽车(00175)获大行一致看好 目标价最高至51.3港元
2021-04-16,比亚迪推出刀片电池，宁德时代又推出固态电池的概念，华山论剑不罢休。,比亚迪推出刀片电池，宁德时代又推出固态电池的概念，华山论剑不罢休。
2021-04-16,A股资金面日报：14个行业获主力资金净流入 北向资金本周净买入247亿元,A股资金面日报：14个行业获主力资金净流入 北向资金本周净买入247亿元
2021-04-16,比亚迪今日大宗交易成交2.42万股，成交价165.0元折价0.18%,比亚迪今日大宗交易成交2.42万股，成交价165.0元折价0.18%
2021-04-16,A股资金流向（4月16日）：白酒股强者恒强，恒瑞医药连遭资金抛售,A股资金流向（4月16日）：白酒股强者恒强，恒瑞医药连遭资金抛售
2021-04-16,首批权益基金一季度调仓曝光！新进了这些股票,首批权益基金一季度调仓曝光！新进了这些股票
2021-04-16,小桔、小米、小苹果……新能源造车圈好不热闹,小桔、小米、小苹果……新能源造车圈好不热闹
2021-04-16,麦格理：予比亚迪(01211)“跑赢大市”评级 目标价192港元,麦格理：予比亚迪(01211)“跑赢大市”评级 目标价192港元
2021-04-16,年轻人的第一辆敞篷？五菱屠榜后再推敞篷款网友：下雨怎么办？,年轻人的第一辆敞篷？五菱屠榜后再推敞篷款网友：下雨怎么办？
2021-04-16,汽车｜乘用车消费新趋势：从性价比到个性化,汽车｜乘用车消费新趋势：从性价比到个性化
2021-04-16,麦格理：给予比亚迪H股跑赢大盘评级,麦格理：给予比亚迪H股跑赢大盘评级
2021-04-16,A股融资融券日报：两融余额增加6.78亿元（4月15日）,A股融资融券日报：两融余额增加6.78亿元（4月15日）
2021-04-16,动力电池争夺战,动力电池争夺战
2021-04-17,4700亿巨头刮骨反腐，自曝多名员工涉案！ 其他违规处罚,4700亿巨头刮骨反腐，自曝多名员工涉案！ 其他违规处罚
2021-04-17,上海车展|比亚迪：混动纯电两手抓，刀片电池加速推广,上海车展|比亚迪：混动纯电两手抓，刀片电池加速推广
2021-04-17,互联网巨头入场，新能源汽车前景几何,互联网巨头入场，新能源汽车前景几何
2021-04-17,从“芯”出发 比亚迪宋PRO正式出征,从“芯”出发 比亚迪宋PRO正式出征
2021-04-18,数据解放生产力——琰究摩托车数据系列（2021年3月）【华西汽车 崔琰团队】,数据解放生产力——琰究摩托车数据系列（2021年3月）【华西汽车 崔琰团队】
2021-04-19,华为接连释放重磅消息，汽车板块被引爆，“419魔咒”轻松破除,华为接连释放重磅消息，汽车板块被引爆，“419魔咒”轻松破除
2021-04-19,2021上海车展今开幕 行业大势“见新识变”,2021上海车展今开幕 行业大势“见新识变”
2021-04-19,恒大“真车”现身、五菱敞篷车、智己首款车型……一文速览2021年上海车展重点车型,恒大“真车”现身、五菱敞篷车、智己首款车型……一文速览2021年上海车展重点车型
2021-04-19,华为放大招，余承东召开神秘会议…A股上演“华为热”,华为放大招，余承东召开神秘会议…A股上演“华为热”
2021-04-19,北向资金爆买逾160亿元，新能源汽车概念股获大幅加仓,北向资金爆买逾160亿元，新能源汽车概念股获大幅加仓
2021-04-19,北上资金净买入163.16亿元比亚迪获净买入9.69亿元,北上资金净买入163.16亿元比亚迪获净买入9.69亿元
2021-04-19,港股连升两天恒指重上29000点，上海车展照亮汽车股,港股连升两天恒指重上29000点，上海车展照亮汽车股
2021-04-19,华为造车，概念股起舞,华为造车，概念股起舞
2021-04-19,北水加仓腾讯12亿，增持小米近10亿，减持长城汽车；南水加仓比亚迪近10亿 减持股份,北水加仓腾讯12亿，增持小米近10亿，减持长城汽车；南水加仓比亚迪近10亿 减持股份
2021-04-19,北向资金今日净买入163亿元 抢筹比亚迪、茅台,北向资金今日净买入163亿元 抢筹比亚迪、茅台
2021-04-19,刚刚宣布，华为要卖车了！自动驾驶彻底火了，10000家基金扎堆重仓，业绩最猛股预增89倍,刚刚宣布，华为要卖车了！自动驾驶彻底火了，10000家基金扎堆重仓，业绩最猛股预增89倍
2021-04-19,华泰策略：双周期共振下的智能汽车产业,华泰策略：双周期共振下的智能汽车产业
2021-04-19,【主力资金】行情大爆发，主力却砸盘超级白马，卖出资金超6亿，释放什么信号？,【主力资金】行情大爆发，主力却砸盘超级白马，卖出资金超6亿，释放什么信号？
2021-04-19,A股资金流向（4月19日）：资金大量进场，新能源板块备受追捧,A股资金流向（4月19日）：资金大量进场，新能源板块备受追捧
2021-04-19,造车炙手可热！百度吉利合作，Apollo自动驾驶迎量产,造车炙手可热！百度吉利合作，Apollo自动驾驶迎量产
2021-04-19,踏春而来！苹果发布会来袭，概念股先涨为敬,踏春而来！苹果发布会来袭，概念股先涨为敬
2021-04-19,4月19日晚间重要行业研究汇总(附股),4月19日晚间重要行业研究汇总(附股)
2021-04-19,储能电站起火背后：万亿市场亟待政策推动，锂电巨头或最受益,储能电站起火背后：万亿市场亟待政策推动，锂电巨头或最受益
2021-04-19,比亚迪品牌及公关事业部总经理李云飞今日表示，弗迪电池在一两年内将推进上市事宜,比亚迪品牌及公关事业部总经理李云飞今日表示，弗迪电池在一两年内将推进上市事宜
2021-04-19,深评:中国新能源汽车承载高端化使命,深评:中国新能源汽车承载高端化使命
2021-04-19,老“战场” 新局面：“重庆造”车企同台竞技新能源,老“战场” 新局面：“重庆造”车企同台竞技新能源
2021-04-19,储能电站起火背后：万亿市场亟待政策推动锂电巨头或成最大受益者,储能电站起火背后：万亿市场亟待政策推动锂电巨头或成最大受益者
2021-04-19,无人驾驶概念爆发，北汽蓝谷等涨停，极狐阿尔法S正式上市,无人驾驶概念爆发，北汽蓝谷等涨停，极狐阿尔法S正式上市
2021-04-19,松原股份：暂未向特斯拉和比亚迪供货,松原股份：暂未向特斯拉和比亚迪供货
2021-04-19,行业观察|储能电站起火背后：万亿市场亟待政策推动 锂电巨头或成最大受益者,行业观察|储能电站起火背后：万亿市场亟待政策推动 锂电巨头或成最大受益者
2021-04-19,A股融资融券日报：两融余额减少12.05亿元（4月16日）,A股融资融券日报：两融余额减少12.05亿元（4月16日）
2021-04-19,比亚迪AH股齐拉升正式发布e平台3.0,比亚迪AH股齐拉升正式发布e平台3.0
2021-04-19,比亚迪发布e平台3.0续航里程最高可以达到1000公里,比亚迪发布e平台3.0续航里程最高可以达到1000公里
2021-04-19,北上资金早盘净买入138亿，刷新年内新高,北上资金早盘净买入138亿，刷新年内新高
2021-04-19,渤海证券--新能源汽车行业周报：多家车企发布新能源车型，车型供给增加【行业研究】,渤海证券--新能源汽车行业周报：多家车企发布新能源车型，车型供给增加【行业研究】
2021-04-19,“史上最热五一黄金周”来了？旅游酒店板块爆发 核心优质旅游资产曝光,“史上最热五一黄金周”来了？旅游酒店板块爆发 核心优质旅游资产曝光
2021-04-19,机构抱团股大反攻！聪明资金埋伏一季报个股名单曝光,机构抱团股大反攻！聪明资金埋伏一季报个股名单曝光
2021-04-19,华为领头粉碎A股“魔咒”！“黑科技”引爆涨停潮,华为领头粉碎A股“魔咒”！“黑科技”引爆涨停潮
2021-04-19,比亚迪发布e平台3.0，百公里加速可以达到2.9秒，续航里程最高可以达到1000公里，5分钟充电可以达到150公里,比亚迪发布e平台3.0，百公里加速可以达到2.9秒，续航里程最高可以达到1000公里，5分钟充电可以达到150公里
2021-04-20,A股资金流向（4月20日）：新能源汽车板块遭抛售，光伏巨头获抢筹,A股资金流向（4月20日）：新能源汽车板块遭抛售，光伏巨头获抢筹
2021-04-20,汽车板块连续下滑，比亚迪、长城、上汽、广汽、江淮、福田汽车等普跌,汽车板块连续下滑，比亚迪、长城、上汽、广汽、江淮、福田汽车等普跌
2021-04-20,比亚迪上海车展发布e平台3.0 XDREAM概念车亮相,比亚迪上海车展发布e平台3.0 XDREAM概念车亮相
2021-04-20,4月20日晚间重要行业研究汇总(附股),4月20日晚间重要行业研究汇总(附股)
2021-04-20,新能源汽车｜爆款潜质车型集中亮相，电动智能供应链受益：2021上海国际车展专题,新能源汽车｜爆款潜质车型集中亮相，电动智能供应链受益：2021上海国际车展专题
2021-04-20,A股融资融券日报：两融余额增加83.5亿元（4月19日）,A股融资融券日报：两融余额增加83.5亿元（4月19日）
2021-04-20,北上资金净卖出4.97亿元比亚迪遭净卖出居首隆基获净买入超5亿元,北上资金净卖出4.97亿元比亚迪遭净卖出居首隆基获净买入超5亿元
2021-04-20,北向资金今日净卖出4.97亿元，比亚迪、赣锋锂业遭减仓逾5亿元,北向资金今日净卖出4.97亿元，比亚迪、赣锋锂业遭减仓逾5亿元
2021-04-20,比亚迪公开“基于转向盘检测驾驶员健康的方法”相关专利,比亚迪公开“基于转向盘检测驾驶员健康的方法”相关专利
2021-04-20,万家基金扎堆，重仓自动驾驶相关概念股！,万家基金扎堆，重仓自动驾驶相关概念股！
2021-04-20,直击2021上海车展：全力“拥抱”智能电动化,直击2021上海车展：全力“拥抱”智能电动化
2021-04-20,北向资金净流出4.97亿 比亚迪净卖出5.59亿居首,北向资金净流出4.97亿 比亚迪净卖出5.59亿居首
2021-04-20,汽车零部件企业“变化”不小,汽车零部件企业“变化”不小
2021-04-20,中金：如何看待近期北向资金净流入？,中金：如何看待近期北向资金净流入？
2021-04-20,【行情】汽车整车板块短线下挫，福田汽车跌超6%，广汽集团、江铃汽车、比亚迪、长城汽车跟跌,【行情】汽车整车板块短线下挫，福田汽车跌超6%，广汽集团、江铃汽车、比亚迪、长城汽车跟跌
2021-04-20,比亚迪等13股获融资净买入超亿元,比亚迪等13股获融资净买入超亿元
2021-04-20,宁德时代、比亚迪、华为……更多企业公开动力电池专利 图个啥？,宁德时代、比亚迪、华为……更多企业公开动力电池专利 图个啥？
2021-04-20,中信证券：上海车展爆款潜质车型集中亮相，电动智能供应链受益,中信证券：上海车展爆款潜质车型集中亮相，电动智能供应链受益
2021-04-20,A股早报2021年4月20日星期二,A股早报2021年4月20日星期二
2021-04-20,爆款潜质车型集中亮相上海车展 电动智能供应链望受益（附股）,爆款潜质车型集中亮相上海车展 电动智能供应链望受益（附股）
2021-04-20,北向资金疯狂抢购逾百亿，汽车产业链爆发，比亚迪被净买入9.94亿元！,北向资金疯狂抢购逾百亿，汽车产业链爆发，比亚迪被净买入9.94亿元！
2021-04-20,A股资金面日报：大反攻！成交激增2000亿 外资创年内第二大净买入,A股资金面日报：大反攻！成交激增2000亿 外资创年内第二大净买入
2021-04-20,恒大造车：梦想照进现实,恒大造车：梦想照进现实
2021-04-20,港股盘前必读：腾讯提出“可持续社会价值创新”战略并首期投入500亿元,港股盘前必读：腾讯提出“可持续社会价值创新”战略并首期投入500亿元
2021-04-20,智能汽车：以管窥豹 见证变革,智能汽车：以管窥豹 见证变革
2021-04-20,基金扎堆重仓 自动驾驶产业,基金扎堆重仓 自动驾驶产业
2021-04-20,比亚迪等56股获北向资金增持额超亿元,比亚迪等56股获北向资金增持额超亿元
2021-04-21,顶流基金经理重仓股大曝光！他们如何看后市？,顶流基金经理重仓股大曝光！他们如何看后市？
2021-04-21,比亚迪旗下弗迪电池计划2年内上市 靠外供抢市场困难重重,比亚迪旗下弗迪电池计划2年内上市 靠外供抢市场困难重重
2021-04-21,大数据报告: 一线城市更青睐新能源二手车,大数据报告: 一线城市更青睐新能源二手车
2021-04-21,北向资金今日净卖出10.57亿元，中国平安净卖出近6亿元,北向资金今日净卖出10.57亿元，中国平安净卖出近6亿元
2021-04-21,A股资金流向（4月21日）：医美龙头获青睐，华为汽车概念遭抛售,A股资金流向（4月21日）：医美龙头获青睐，华为汽车概念遭抛售
2021-04-21,10个新势力也干不过1个特斯拉,10个新势力也干不过1个特斯拉
2021-04-21,大和：芯片短缺令新车销售受压，呼吁聚焦特定投资主题,大和：芯片短缺令新车销售受压，呼吁聚焦特定投资主题
2021-04-21,宝马“乱入”新势力圈 传统车企加速电动化,宝马“乱入”新势力圈 传统车企加速电动化
2021-04-21,58汽车《2021汽车置换流向研究报告》:20万以内新能源车关注度高，国产品牌优势显现,58汽车《2021汽车置换流向研究报告》:20万以内新能源车关注度高，国产品牌优势显现
2021-04-21,安信证券：比亚迪(002594.SZ)e平台3.0正式发布，维持“买入-A”评级,安信证券：比亚迪(002594.SZ)e平台3.0正式发布，维持“买入-A”评级
2021-04-21,A股融资融券日报：两融余额增加26.01亿元（4月20日）,A股融资融券日报：两融余额增加26.01亿元（4月20日）
2021-04-21,“抱团股”后劲不足 沪指冲击3500点受阻,“抱团股”后劲不足 沪指冲击3500点受阻
2021-04-21,北向资金出逃汽车行业，净卖出长安汽车逾2亿元（附股）,北向资金出逃汽车行业，净卖出长安汽车逾2亿元（附股）
2021-04-21,格隆汇4.21盘前要点丨苹果发布会未提及苹果汽车,格隆汇4.21盘前要点丨苹果发布会未提及苹果汽车
2021-04-21,智能驾驶商业化进程加快,智能驾驶商业化进程加快
2021-04-22,比亚迪李锋：从消费电子行业视角定义未来智能汽车电子电气架构,比亚迪李锋：从消费电子行业视角定义未来智能汽车电子电气架构
2021-04-22,对话李云飞：高端新能源车的市场份额将越来越大 | 新出行100人,对话李云飞：高端新能源车的市场份额将越来越大 | 新出行100人
2021-04-22,铁塔梯次磷酸铁锂电池产品到货抽检结果：比亚迪不合格 产品问题,铁塔梯次磷酸铁锂电池产品到货抽检结果：比亚迪不合格 产品问题
2021-04-22,与华为合作，广汽迎来拐点？,与华为合作，广汽迎来拐点？
2021-04-22,新造车们的新融资时代：地方政府争相上马，融资近10年来首次破千亿,新造车们的新融资时代：地方政府争相上马，融资近10年来首次破千亿
2021-04-22,比亚迪今日大宗交易成交4.57万股，成交价183.9元溢价9.0%,比亚迪今日大宗交易成交4.57万股，成交价183.9元溢价9.0%
2021-04-22,国信证券：比亚迪维持买入评级 电车将全面配备刀片电池,国信证券：比亚迪维持买入评级 电车将全面配备刀片电池
2021-04-22,新型储能迎政策红利 2025年实现装机规模超3000万千瓦,新型储能迎政策红利 2025年实现装机规模超3000万千瓦
2021-04-22,机构预计电化学储能市场规模超5000亿 成长空间广阔,机构预计电化学储能市场规模超5000亿 成长空间广阔
2021-04-22,黄灯读秒没了！新版红绿灯标准大变化：很多司机被扣6分,黄灯读秒没了！新版红绿灯标准大变化：很多司机被扣6分
2021-04-22,10张图一览社保、多名明星基金经理最新重仓股,10张图一览社保、多名明星基金经理最新重仓股
2021-04-22,从零开始只为完美 广汽集团修炼国际竞争力,从零开始只为完美 广汽集团修炼国际竞争力
2021-04-22,安全新能源车 比亚迪汉给你不一样的体验,安全新能源车 比亚迪汉给你不一样的体验
2021-04-23,车展系列报告|比亚迪：E平台3.0打造下一代纯电智能车【安信汽车】,车展系列报告|比亚迪：E平台3.0打造下一代纯电智能车【安信汽车】
2021-04-23,A股主力资金流向（4月23日）：机构抱团股重获追捧，中国平安连续7日遭抛售,A股主力资金流向（4月23日）：机构抱团股重获追捧，中国平安连续7日遭抛售
2021-04-23,揽比亚迪入股 安达科技期待涅盘,揽比亚迪入股 安达科技期待涅盘
2021-04-23,比亚迪汉智享升级包开启预订：CPU提升103%、加装电动尾门,比亚迪汉智享升级包开启预订：CPU提升103%、加装电动尾门
2021-04-23,2月全球动力电池排行榜：宁德时代稳固第一，中航锂电开始逆袭,2月全球动力电池排行榜：宁德时代稳固第一，中航锂电开始逆袭
2021-04-23,荣放家族再添双擎E+新成员一汽丰田今年挑战92万辆销量目标,荣放家族再添双擎E+新成员一汽丰田今年挑战92万辆销量目标
2021-04-23,比亚迪“汉”获中国汽车健康指数历史最高分车型，车辆健康安全控制有多难？,比亚迪“汉”获中国汽车健康指数历史最高分车型，车辆健康安全控制有多难？
2021-04-23,全方位推广电动化技术 丰田努力为中国消费者“量产幸福”,全方位推广电动化技术 丰田努力为中国消费者“量产幸福”
2021-04-23,八一钢铁引爆顺周期行情！下一个风口来了？22只储能概念股受关注,八一钢铁引爆顺周期行情！下一个风口来了？22只储能概念股受关注
2021-04-23,新能源车置换周期多为3年 自主品牌是新能源二手车成交量主力军,新能源车置换周期多为3年 自主品牌是新能源二手车成交量主力军
2021-04-23,融捷股份：比亚迪已是公司锂电设备企业的战略投资者,融捷股份：比亚迪已是公司锂电设备企业的战略投资者
2021-04-23,戏剧性转折：新能源车迎来新一波融资潮 原因竟是同行股价惊艳大涨,戏剧性转折：新能源车迎来新一波融资潮 原因竟是同行股价惊艳大涨
2021-04-23,科技巨头重磅入局，机构坚定看好智能汽车产业（附股）,科技巨头重磅入局，机构坚定看好智能汽车产业（附股）
2021-04-23,新型储能市场蓄势待发 产业将转向规模化发展,新型储能市场蓄势待发 产业将转向规模化发展
2021-04-24,解构华为“造车”：谈行业颠覆为时尚早,解构华为“造车”：谈行业颠覆为时尚早
2021-04-24,DiLink 3.0等 比亚迪汉推出智享升级包,DiLink 3.0等 比亚迪汉推出智享升级包
2021-04-24,订单排满、产品供不应求！这些上市公司忙扩产,订单排满、产品供不应求！这些上市公司忙扩产
2021-04-24,基金大咖@揭幕者：头部基金经理重仓银行股，谨防“固收+”基金变成“固收-”,基金大咖@揭幕者：头部基金经理重仓银行股，谨防“固收+”基金变成“固收-”
2021-04-25,造车，「四大派系」之争,造车，「四大派系」之争
2021-04-25,对话福特中国CEO陈安宁：ALL IN电气化，福特需加速追赶,对话福特中国CEO陈安宁：ALL IN电气化，福特需加速追赶
2021-04-25,预订价4999元，比亚迪汉智享DiLink 3.0、电动尾门两大升级,预订价4999元，比亚迪汉智享DiLink 3.0、电动尾门两大升级
2021-04-25,造车者的游戏：拓荒时代,造车者的游戏：拓荒时代
2021-04-25,新增千里眼功能 宋Pro将进行OTA升级,新增千里眼功能 宋Pro将进行OTA升级
2021-04-26,电力设备新能源行业：能源指导工作意见出炉 车展智能化+铁锂打造爆款,电力设备新能源行业：能源指导工作意见出炉 车展智能化+铁锂打造爆款
2021-04-26,新能源汽车行业周报：上海车展开幕 电动化、智能化加速行业变革,新能源汽车行业周报：上海车展开幕 电动化、智能化加速行业变革
2021-04-26,荆门亿纬：被宝马相中的动力电池“黑马”｜本刊策划④,荆门亿纬：被宝马相中的动力电池“黑马”｜本刊策划④
2021-04-26,对话丨2025年前推15款纯电车 前田昌彦：丰田与比亚迪共同开发的纯电车型正在筹备中,对话丨2025年前推15款纯电车 前田昌彦：丰田与比亚迪共同开发的纯电车型正在筹备中
2021-04-26,电气设备行业周报：顶层设计之下的国内储能新起点,电气设备行业周报：顶层设计之下的国内储能新起点
2021-04-26,电力设备新能源周观察：2025风光电量占比明确 行业维持高景气,电力设备新能源周观察：2025风光电量占比明确 行业维持高景气
2021-04-26,北向资金今日净买入32亿，隆基股份净买入额创逾一个月新高,北向资金今日净买入32亿，隆基股份净买入额创逾一个月新高
2021-04-26,深度*行业*汽车行业周报：上海车展正式开幕 华为与赛力斯合作卖车,深度*行业*汽车行业周报：上海车展正式开幕 华为与赛力斯合作卖车
2021-04-26,汽车行业研究：硬件预埋趋势已成 智能驾驶数据迭代开启！,汽车行业研究：硬件预埋趋势已成 智能驾驶数据迭代开启！
2021-04-26,广和通(300638)：一季报超预期 发布多芯片平台5G模组,广和通(300638)：一季报超预期 发布多芯片平台5G模组
2021-04-26,新能源行业动态点评：销量火爆 塞力斯SF5两日订单破3000辆,新能源行业动态点评：销量火爆 塞力斯SF5两日订单破3000辆
2021-04-26,海达股份：目前与北汽、比亚迪、恒大、蔚来均有合作,海达股份：目前与北汽、比亚迪、恒大、蔚来均有合作
2021-04-26,早报(04.26)|印度疫情全面失控！福岛核废物储液罐或已泄漏；国家版权局将加大短视频侵权打击力度,早报(04.26)|印度疫情全面失控！福岛核废物储液罐或已泄漏；国家版权局将加大短视频侵权打击力度
2021-04-26,汽车和汽车零部件行业周报：自主品牌全面崛起 电动智能化发展重构供应链,汽车和汽车零部件行业周报：自主品牌全面崛起 电动智能化发展重构供应链
2021-04-26,海达股份：与公司合作的新能源主机厂主要有蔚来等等,海达股份：与公司合作的新能源主机厂主要有蔚来等等
2021-04-26,多因素推涨铜箔价格，相关公司首季业绩大增,多因素推涨铜箔价格，相关公司首季业绩大增
2021-04-26,A股融资融券日报：两融余额减少29.83亿元（4月23日）,A股融资融券日报：两融余额减少29.83亿元（4月23日）
2021-04-26,重磅丨雷军突访宁德时代，“米车”电池有着落了？,重磅丨雷军突访宁德时代，“米车”电池有着落了？
2021-04-26,早报(04.25)|印度惊现“三重变异病毒”！福岛核废物储液罐或已泄漏；国家版权局将加大短视频侵权打击力度,早报(04.25)|印度惊现“三重变异病毒”！福岛核废物储液罐或已泄漏；国家版权局将加大短视频侵权打击力度
2021-04-26,车企鏖战上海车展：智能、电动汽车占领“C位”,车企鏖战上海车展：智能、电动汽车占领“C位”
2021-04-26,数据显示女性比男性更爱特斯拉，最被看好的造车新势力不是苹果,数据显示女性比男性更爱特斯拉，最被看好的造车新势力不是苹果
2021-04-26,新造车势力们拿钱的时机又到了,新造车势力们拿钱的时机又到了
2021-04-26,钴，镍电池的使用随着电动汽车的普及而增加,钴，镍电池的使用随着电动汽车的普及而增加
2021-04-26,比亚迪李云飞：DM-i超混技术是对同级燃油车的“降维打击”,比亚迪李云飞：DM-i超混技术是对同级燃油车的“降维打击”
2021-04-27,新老车企激烈角力上海车展背后：新趋势和新变革正颠覆行业,新老车企激烈角力上海车展背后：新趋势和新变革正颠覆行业
2021-04-27,比亚迪秦PLUS DM-i百公里油耗3.8L是吹牛吗？,比亚迪秦PLUS DM-i百公里油耗3.8L是吹牛吗？
2021-04-27,英维克(002837)：IDC/储能/电子散热驱动成长,英维克(002837)：IDC/储能/电子散热驱动成长
2021-04-27,比亚迪唐DM-i正式下线！超级混动 一箱油跑1050km,比亚迪唐DM-i正式下线！超级混动 一箱油跑1050km
2021-04-27,智能 潮流完胜合资车 中国豪华品牌真给国人长脸,智能 潮流完胜合资车 中国豪华品牌真给国人长脸
2021-04-27,车市进化论：车企大佬如何看待变革？,车市进化论：车企大佬如何看待变革？
2021-04-27,3月自主SUV榜:H6与CS75轮番上阵，博越何时再入伙？,3月自主SUV榜:H6与CS75轮番上阵，博越何时再入伙？
2021-04-27,杨德龙：对中国未来有信心 才能真正在中国市场实现财富增值,杨德龙：对中国未来有信心 才能真正在中国市场实现财富增值
2021-04-27,4.9s破百！比亚迪全新王朝MPV曝光：刀片电池油耗仅4L,4.9s破百！比亚迪全新王朝MPV曝光：刀片电池油耗仅4L
2021-04-27,亏电油耗仅4L！比亚迪全新MPV曝光,亏电油耗仅4L！比亚迪全新MPV曝光
2021-04-27,A股资金流向（4月27日）：医疗板块多个细分龙头获青睐，券商股遭抛售,A股资金流向（4月27日）：医疗板块多个细分龙头获青睐，券商股遭抛售
2021-04-27,【行情】汽车板块走低，北汽蓝谷触及跌停，安凯客车跌超7%，亚星客车、东风汽车、长安汽车等跌近5%，广汽集团、比亚迪长城汽车等纷纷下跌,【行情】汽车板块走低，北汽蓝谷触及跌停，安凯客车跌超7%，亚星客车、东风汽车、长安汽车等跌近5%，广汽集团、比亚迪长城汽车等纷纷下跌
2021-04-27,中国汽车知识产权蓬勃发展，助力民族汽车品牌向上,中国汽车知识产权蓬勃发展，助力民族汽车品牌向上
2021-04-27,击穿价格底线！K40游戏增强版发布会有奖直播,击穿价格底线！K40游戏增强版发布会有奖直播
2021-04-27,汽车行业周报：电动智能技术成果集体亮相上海车展 助推汽车产业百年变革,汽车行业周报：电动智能技术成果集体亮相上海车展 助推汽车产业百年变革
2021-04-27,A股融资融券日报：两融余额增加17.69亿元（4月26日）,A股融资融券日报：两融余额增加17.69亿元（4月26日）
2021-04-27,比亚迪获上海车展“最佳新能源汽车制造商”大奖 网友：竟然不是特斯拉,比亚迪获上海车展“最佳新能源汽车制造商”大奖 网友：竟然不是特斯拉
2021-04-27,北向资金连续三日净买入，持续加仓新能源股,北向资金连续三日净买入，持续加仓新能源股
2021-04-28,美银证券：下调比亚迪、广汽评级至“中性” 全线降车股目标价,美银证券：下调比亚迪、广汽评级至“中性” 全线降车股目标价
2021-04-28,比亚迪入选《时代周刊》年度最有影响力的100家企业,比亚迪入选《时代周刊》年度最有影响力的100家企业
2021-04-28,汽车与零配件行业信息点评：特斯拉21Q1业绩亮眼 国产MODELY上市后持续放量,汽车与零配件行业信息点评：特斯拉21Q1业绩亮眼 国产MODELY上市后持续放量
2021-04-28,业内：电动车中国不能算弯道超车，许多地方要突破,业内：电动车中国不能算弯道超车，许多地方要突破
2021-04-28,华北铝业成立电池铝箔公司：注资11.4亿 国轩/亿纬/比亚迪等参投,华北铝业成立电池铝箔公司：注资11.4亿 国轩/亿纬/比亚迪等参投
2021-04-28,馈电油耗5.3L/100km 比亚迪唐DM-i下线,馈电油耗5.3L/100km 比亚迪唐DM-i下线
2021-04-28,珠联璧合！比亚迪叉车与福麦斯轮胎签署合作协议,珠联璧合！比亚迪叉车与福麦斯轮胎签署合作协议
2021-04-28,比亚迪(002594.SZ)一季度营业收入同比增长108.31%至409.92亿元,比亚迪(002594.SZ)一季度营业收入同比增长108.31%至409.92亿元
2021-04-28,极氪汽车是李书福焦虑、危机和野心的综合体,极氪汽车是李书福焦虑、危机和野心的综合体
2021-04-28,疯狂的“积分”交易：特斯拉一季度爆赚5.18亿美元国内单个积分或破5000元,疯狂的“积分”交易：特斯拉一季度爆赚5.18亿美元国内单个积分或破5000元
2021-04-28,比亚迪一季度实现净利2.37亿元 获政府补助4.43亿元,比亚迪一季度实现净利2.37亿元 获政府补助4.43亿元
2021-04-28,4月29日上市公司重要公告集锦：中国石化一季度净利179亿元 同比扭亏,4月29日上市公司重要公告集锦：中国石化一季度净利179亿元 同比扭亏
2021-04-28,深政观察 | 4家深企上榜！《时代》周刊首次发布全球100家最具影响力企业,深政观察 | 4家深企上榜！《时代》周刊首次发布全球100家最具影响力企业
2021-04-28,比亚迪：一季度净利2.37亿元 同比增111%,比亚迪：一季度净利2.37亿元 同比增111%
2021-04-28,坚守绿色梦想，比亚迪储能十年出海记,坚守绿色梦想，比亚迪储能十年出海记
2021-04-28,诺德股份(600110)：产能投放加速 有望迎来业绩拐点,诺德股份(600110)：产能投放加速 有望迎来业绩拐点
2021-04-28,矩子科技(300802)中小盘信息更新：3D检测产品放量 看好2021年的加速成长,矩子科技(300802)中小盘信息更新：3D检测产品放量 看好2021年的加速成长
2021-04-28,科恒股份：2020年度前几大客户主要有嘉拓新能源、宁德时代、优特利、比亚迪等,科恒股份：2020年度前几大客户主要有嘉拓新能源、宁德时代、优特利、比亚迪等
2021-04-28,秦PLUS DM-i在京上市，媒体实测油耗3.57升，比官宣3.8升更省,秦PLUS DM-i在京上市，媒体实测油耗3.57升，比官宣3.8升更省
2021-04-28,品牌高端化战役打响 传统车企纷纷推出“新势力”,品牌高端化战役打响 传统车企纷纷推出“新势力”
2021-04-28,早报：Redmi K40游戏增强版发布 微软发布最新财报,早报：Redmi K40游戏增强版发布 微软发布最新财报
2021-04-28,比亚迪：高镍三元真香,比亚迪：高镍三元真香
2021-04-28,A股融资融券日报：两融余额减少23.65亿元（4月27日）,A股融资融券日报：两融余额减少23.65亿元（4月27日）
2021-04-28,汽车行业周报：从上海车展看自主品牌的崛起,汽车行业周报：从上海车展看自主品牌的崛起
2021-04-28,暖男人设获实锤 试驾比亚迪宋PLUS EV,暖男人设获实锤 试驾比亚迪宋PLUS EV
2021-04-28,比亚迪、亿纬锂能等联合成立新材料公司，注册资本11.4亿元,比亚迪、亿纬锂能等联合成立新材料公司，注册资本11.4亿元
2021-04-28,一场围绕着品牌高端化展开的“战役”悄然打响,一场围绕着品牌高端化展开的“战役”悄然打响
2021-04-28,比亚迪唐DM-i正式下线，最大续航超1000km,比亚迪唐DM-i正式下线，最大续航超1000km
2021-04-28,A股异动丨亿纬锂能(300014.SZ)涨4.76%与比亚迪等联合成立新材料公司,A股异动丨亿纬锂能(300014.SZ)涨4.76%与比亚迪等联合成立新材料公司
2021-04-28,安全汉为观止，比亚迪汉引领电动汽车安全新高度,安全汉为观止，比亚迪汉引领电动汽车安全新高度
2021-04-28,国轩高科、比亚迪、华北铝业、亿纬锂能合资成立新材料公司,国轩高科、比亚迪、华北铝业、亿纬锂能合资成立新材料公司
2021-04-28,2020年营收503亿元，宁德时代电池市占率达5成，储能业务销售激增超200%,2020年营收503亿元，宁德时代电池市占率达5成，储能业务销售激增超200%
2021-04-29,富瑞维持比亚迪买入评级，料原材料涨价拖累盈利,富瑞维持比亚迪买入评级，料原材料涨价拖累盈利
2021-04-29,上榜《时代周刊》“最有影响力的100家企业”，比亚迪的实力密码是什么？,上榜《时代周刊》“最有影响力的100家企业”，比亚迪的实力密码是什么？
2021-04-29,3月上险排行：环比暴涨9成，中国超过美国成为特斯拉全球最大单一市场,3月上险排行：环比暴涨9成，中国超过美国成为特斯拉全球最大单一市场
2021-04-29,【SMM专题】车企一季度销数抢眼 蔚来小鹏理想交付量均涨超300%！,【SMM专题】车企一季度销数抢眼 蔚来小鹏理想交付量均涨超300%！
2021-04-29,港股异动丨比亚迪(1211.HK)跌逾4% 一季度盈利承压 现金流量净额大幅下降97.13% 盈利能力下降,港股异动丨比亚迪(1211.HK)跌逾4% 一季度盈利承压 现金流量净额大幅下降97.13% 盈利能力下降
2021-04-29,比亚迪跌逾4% 遭美银证券下调至中性评级,比亚迪跌逾4% 遭美银证券下调至中性评级
2021-04-29,大行评级|美银证券：降比亚迪(1211.HK)目标价至192港元评级下调至中性,大行评级|美银证券：降比亚迪(1211.HK)目标价至192港元评级下调至中性
2021-04-29,中科电气(300035)：负极出货稳增 Q1归母净利润高涨,中科电气(300035)：负极出货稳增 Q1归母净利润高涨
2021-04-29,比亚迪2021年Q1财报公布，一季度净利润2.37亿！,比亚迪2021年Q1财报公布，一季度净利润2.37亿！
2021-04-29,A股资金流向（4月29日）：大资金涌入券商龙头,A股资金流向（4月29日）：大资金涌入券商龙头
2021-04-29,磷酸铁锂产业分析报告：迎接双碳目标，迈向“大宗”时代,磷酸铁锂产业分析报告：迎接双碳目标，迈向“大宗”时代
2021-04-29,大行评级|瑞银：予比亚迪(1211.HK)目标价144港元评级“沽售”,大行评级|瑞银：予比亚迪(1211.HK)目标价144港元评级“沽售”
2021-04-29,北向资金连续5日扫货，伊利股份、宁德时代净买入超6亿元,北向资金连续5日扫货，伊利股份、宁德时代净买入超6亿元
2021-04-29,自动驾驶来了！重磅文件将发布，商业化加速落地,自动驾驶来了！重磅文件将发布，商业化加速落地
2021-04-29,北向资金今日净流入50.88亿元，净卖出云南白药5.83亿元,北向资金今日净流入50.88亿元，净卖出云南白药5.83亿元
2021-04-29,集群论英雄！从一份名单读懂粤港澳大湾区制造业,集群论英雄！从一份名单读懂粤港澳大湾区制造业
2021-04-29,流量洞察系列：华为入局智能汽车 国产自动驾驶加速,流量洞察系列：华为入局智能汽车 国产自动驾驶加速
2021-04-29,亿纬锂能/国轩高科/比亚迪“合伙”成立新材料公司！,亿纬锂能/国轩高科/比亚迪“合伙”成立新材料公司！
2021-04-29,4月爆买500亿？“聪明钱”本月动向大拆解！真茅不敌“券商茅”,4月爆买500亿？“聪明钱”本月动向大拆解！真茅不敌“券商茅”
2021-04-29,分红10万，市值没了19万，高股息率股突发跌停,分红10万，市值没了19万，高股息率股突发跌停
2021-04-29,奥克股份颁发2020年度销售突出贡献奖 头奖比亚迪唐DM电动车,奥克股份颁发2020年度销售突出贡献奖 头奖比亚迪唐DM电动车
2021-04-29,比亚迪、华北铝业等投资成立新材料科技公司注册资本11.4亿,比亚迪、华北铝业等投资成立新材料科技公司注册资本11.4亿
2021-04-29,比亚迪获《时代》最具影响力百强企业,比亚迪获《时代》最具影响力百强企业
2021-04-29,星源材质(300568)：一线动力电池客户放量 盈利能力显着提升,星源材质(300568)：一线动力电池客户放量 盈利能力显着提升
2021-04-29,【安信汽车】比亚迪：一季报业绩符合预期，2021有望量利齐升,【安信汽车】比亚迪：一季报业绩符合预期，2021有望量利齐升
2021-04-29,超越零排放丰田全方位电动化加速,超越零排放丰田全方位电动化加速
2021-04-29,华域汽车(600741)一季报点评：芯片压制下游产销 业绩表现依然稳健,华域汽车(600741)一季报点评：芯片压制下游产销 业绩表现依然稳健
2021-04-29,野村重申比亚迪买入评级，首季业绩符合预期,野村重申比亚迪买入评级，首季业绩符合预期
2021-04-29,每日财报|申通快递去年净利润降九成比亚迪一季度净利翻番,每日财报|申通快递去年净利润降九成比亚迪一季度净利翻番
2021-04-29,港股盘前必读：港交所承认正研究SPAC上市机制最快在6月底前咨询市场,港股盘前必读：港交所承认正研究SPAC上市机制最快在6月底前咨询市场
2021-04-29,3月上险排行：特斯拉反超五菱夺第一 理想ONE抢夺二线市场,3月上险排行：特斯拉反超五菱夺第一 理想ONE抢夺二线市场
2021-04-29,港股公告精选|中手游增发，B站认购1.98亿股；比亚迪Q1净利同比增超1倍,港股公告精选|中手游增发，B站认购1.98亿股；比亚迪Q1净利同比增超1倍
2021-04-29,全球总销超1.7GWh！比亚迪储能开启下一个“黄金”十年！,全球总销超1.7GWh！比亚迪储能开启下一个“黄金”十年！
2021-04-29,A股早报2021年4月29日星期四,A股早报2021年4月29日星期四
2021-04-29,德赛西威(002920)：两大新业务翻番占比提升至24% ADAS拓展迅速,德赛西威(002920)：两大新业务翻番占比提升至24% ADAS拓展迅速
2021-04-29,星源材质(300568)：产品结构优化 有望迎来量利齐升,星源材质(300568)：产品结构优化 有望迎来量利齐升
2021-04-29,【华创汽车】比亚迪：中长期成长通道宽阔,【华创汽车】比亚迪：中长期成长通道宽阔
2021-04-29,【华创汽车】比亚迪：等待DM-i平台的量能匹配,【华创汽车】比亚迪：等待DM-i平台的量能匹配
2021-04-29,比亚迪发布2021一季报：净利2.37亿元，同比增长110.73%,比亚迪发布2021一季报：净利2.37亿元，同比增长110.73%
2021-04-29,复盘宁德时代财报：动力电池占有率不断升高,复盘宁德时代财报：动力电池占有率不断升高
2021-04-29,比亚迪一季度营收409.92亿元 净利润2.37亿元,比亚迪一季度营收409.92亿元 净利润2.37亿元
2021-04-29,《时代》首度评选全球100家最具影响力企业，深圳4企业上榜,《时代》首度评选全球100家最具影响力企业，深圳4企业上榜
2021-04-29,一季报数据平平 比亚迪股价表现低迷,一季报数据平平 比亚迪股价表现低迷
2021-04-29,【异动股】比亚迪系业后逆市下滑，比亚迪电子(00285-HK)早段跌7.8%,【异动股】比亚迪系业后逆市下滑，比亚迪电子(00285-HK)早段跌7.8%
2021-04-29,A股融资融券日报：两融余额增加19.61亿元（4月28日）,A股融资融券日报：两融余额增加19.61亿元（4月28日）
2021-04-29,宁德时代：香港首富换了人,宁德时代：香港首富换了人
2021-04-29,比亚迪一季度净利增110 长%，新能源汽车卖了5万辆,比亚迪一季度净利增110 长%，新能源汽车卖了5万辆
2021-04-30,电动、智能定义新汽车时代上海车展纯电、插混新车井喷,电动、智能定义新汽车时代上海车展纯电、插混新车井喷
2021-04-30,比亚迪一季度净利同比大增110.73% e平台 3.0引领下一代智能电动汽车,比亚迪一季度净利同比大增110.73% e平台 3.0引领下一代智能电动汽车
2021-04-30,A股主力资金流向（4月30日）：医药股获资金爆买,A股主力资金流向（4月30日）：医药股获资金爆买
2021-04-30,比亚迪车主注意！超2万辆e5、宋DM电动汽车被召回 产品问题,比亚迪车主注意！超2万辆e5、宋DM电动汽车被召回 产品问题
2021-04-30,造车新势力迎来中场战事，“四化”能力比拼白热化,造车新势力迎来中场战事，“四化”能力比拼白热化
2021-04-30,北向资金结束连续5日净买入，美的集团创逾2个月最大净卖出,北向资金结束连续5日净买入，美的集团创逾2个月最大净卖出
2021-04-30,比亚迪召回部分e5、宋DM电动汽车，共计22581辆 产品问题,比亚迪召回部分e5、宋DM电动汽车，共计22581辆 产品问题
2021-04-30,每日大行评级丨美团获机构看涨50%！瑞信力挺百度,每日大行评级丨美团获机构看涨50%！瑞信力挺百度
2021-04-30,商誉炸雷，亏损超79亿，公司股价闪崩！主力新宠曝光，超29亿资金抢筹，社保基金也重仓押宝,商誉炸雷，亏损超79亿，公司股价闪崩！主力新宠曝光，超29亿资金抢筹，社保基金也重仓押宝
2021-04-30,东莞证券给予比亚迪谨慎推荐评级：Q1汽车销量显着恢复，成本承压毛利率下降 盈利能力下降,东莞证券给予比亚迪谨慎推荐评级：Q1汽车销量显着恢复，成本承压毛利率下降 盈利能力下降
2021-04-30,来普陀，就“购”了！2021年“上海市汽车消费节”普陀专场暨“五五购物节”普陀区系列活动热力开启,来普陀，就“购”了！2021年“上海市汽车消费节”普陀专场暨“五五购物节”普陀区系列活动热力开启
2021-04-30,比亚迪召回2.2万辆e5、宋DM电动汽车！车载终端存隐患 产品问题,比亚迪召回2.2万辆e5、宋DM电动汽车！车载终端存隐患 产品问题
2021-04-30,宏发股份(600885)业绩超预期：需求持续向好 营收利润高增,宏发股份(600885)业绩超预期：需求持续向好 营收利润高增
2021-04-30,10只个股还可涨超100%比亚迪在列,10只个股还可涨超100%比亚迪在列
2021-04-30,大行评级|摩通：降比亚迪(1211.HK)目标价至165港元或面对市场向下重估 投资评级恶化,大行评级|摩通：降比亚迪(1211.HK)目标价至165港元或面对市场向下重估 投资评级恶化
2021-04-30,比亚迪疫后新能源主业仍亏损 押注混动补贴或受冲击 亏损,比亚迪疫后新能源主业仍亏损 押注混动补贴或受冲击 亏损
2021-04-30,牛熊日报丨恒指超60只熊证涨逾100%！汇丰：可留意比亚迪牛证,牛熊日报丨恒指超60只熊证涨逾100%！汇丰：可留意比亚迪牛证
2021-04-30,大和：下调比亚迪股份目标价至204港元，评级「买入」 机构下调估值,大和：下调比亚迪股份目标价至204港元，评级「买入」 机构下调估值
2021-04-30,深度*公司*星源材质(300568)：隔膜销量高速增长 新建产能逐步释放,深度*公司*星源材质(300568)：隔膜销量高速增长 新建产能逐步释放
2021-04-30,上市公司战“疫”成绩单亮相，停摆行业有望显著改善,上市公司战“疫”成绩单亮相，停摆行业有望显著改善
2021-04-30,港股盘前必读：消息称京东物流香港IPO获批计划募资30亿至40亿美元,港股盘前必读：消息称京东物流香港IPO获批计划募资30亿至40亿美元
2021-04-30,405股获券商买入评级，桐昆股份目标涨幅达107.17%,405股获券商买入评级，桐昆股份目标涨幅达107.17%
2021-04-30,A股融资融券日报：两融余额减少11.12亿元（4月29日）,A股融资融券日报：两融余额减少11.12亿元（4月29日）
2021-04-30,新能源车市场走向成熟 锂电行业“扭头向上”,新能源车市场走向成熟 锂电行业“扭头向上”
2021-04-30,松井股份：一季报业绩超预期，高端消费电子和汽车涂料双翼齐飞,松井股份：一季报业绩超预期，高端消费电子和汽车涂料双翼齐飞
2021-04-30,比亚迪开始在肯尼亚销售电动厢型车,比亚迪开始在肯尼亚销售电动厢型车
2021-04-30,松井股份：一季度净利同比增逾六成 高端消费电子和汽车涂料双翼齐飞,松井股份：一季度净利同比增逾六成 高端消费电子和汽车涂料双翼齐飞
2021-04-30,“缺芯”浪潮裹挟下的国产车企「芯片困局之——自主品牌合理破局」,“缺芯”浪潮裹挟下的国产车企「芯片困局之——自主品牌合理破局」
2021-04-30,大和：维持比亚迪(1211.HK)买入评级 目标价降至204港元,大和：维持比亚迪(1211.HK)买入评级 目标价降至204港元
2021-04-30,大和下调比亚迪目标价至204港元，料下半年销售额增,大和下调比亚迪目标价至204港元，料下半年销售额增
2021-04-30,2020双积分成绩单出炉！新能源汽车转型差距凸显,2020双积分成绩单出炉！新能源汽车转型差距凸显
2021-04-30,港股异动 | 比亚迪(1211.HK)未止跌 一季报不及预期 机构纷纷下调目标价 盈利能力下降,港股异动 | 比亚迪(1211.HK)未止跌 一季报不及预期 机构纷纷下调目标价 盈利能力下降
2021-04-30,比亚迪跌近5% 一季报不及预期机构纷纷下调目标价 盈利能力下降,比亚迪跌近5% 一季报不及预期机构纷纷下调目标价 盈利能力下降
2021-04-30,沿着高速看中国（广东）深圳站之岼山区：未来产业试验区 坪山跑出加速度,沿着高速看中国（广东）深圳站之岼山区：未来产业试验区 坪山跑出加速度
2021-05-01,23家上市车企营收净利普遍大涨，北汽蓝谷双双下滑 盈利能力下降,23家上市车企营收净利普遍大涨，北汽蓝谷双双下滑 盈利能力下降
2021-05-01,永远不要做空美国，看好中国投资机会！一起看看“股神”去年的预言准确吗？,永远不要做空美国，看好中国投资机会！一起看看“股神”去年的预言准确吗？
2021-05-01,巴菲特2021年股东大会前瞻：疫情下的那些变与不变,巴菲特2021年股东大会前瞻：疫情下的那些变与不变
2021-05-01,合资车企多不达标 2020年双积分成绩单 产品问题,合资车企多不达标 2020年双积分成绩单 产品问题
2021-05-01,摩根大通：降比亚迪目标价至165港元 或面对市场向下重估 机构下调估值,摩根大通：降比亚迪目标价至165港元 或面对市场向下重估 机构下调估值
2021-05-01,巴菲特股东大会召开在即，一起看看“股神”去年的预言准确吗,巴菲特股东大会召开在即，一起看看“股神”去年的预言准确吗
2021-05-02,183只锂电池概念股业绩汇总：谁最挣钱？谁在亏损？ 亏损,183只锂电池概念股业绩汇总：谁最挣钱？谁在亏损？ 亏损
2021-05-02,A股半导体公司年度业绩报告：112家合计盈利570亿元 8家亏损29亿元 亏损,A股半导体公司年度业绩报告：112家合计盈利570亿元 8家亏损29亿元 亏损
2021-05-02,融捷股份锂电设备子公司订单饱满 去年锂精矿销售超7万吨,融捷股份锂电设备子公司订单饱满 去年锂精矿销售超7万吨
2021-05-02,A股成长50强：朝阳行业细分龙头，张磊重仓股集中营，最高增速超91%,A股成长50强：朝阳行业细分龙头，张磊重仓股集中营，最高增速超91%
2021-05-02,A股成长50强来了！张磊重仓股集中营，最高增速超90%！,A股成长50强来了！张磊重仓股集中营，最高增速超90%！
2021-05-03,巴菲特的中国往事：买入中石油狂赚40亿美元、重仓比亚迪翻25倍,巴菲特的中国往事：买入中石油狂赚40亿美元、重仓比亚迪翻25倍
2021-05-03,股东户数透露玄机，这些股票筹码快速集中！,股东户数透露玄机，这些股票筹码快速集中！
2021-05-03,2020年国产车研发排行榜：上汽第一 比亚迪排第二,2020年国产车研发排行榜：上汽第一 比亚迪排第二
2021-05-03,杨德龙：巴菲特价值投资理念的历史演变,杨德龙：巴菲特价值投资理念的历史演变
2021-05-03,矩子科技(300802)中小盘信息更新：3D检测带动业绩增长 新研产品值得期待,矩子科技(300802)中小盘信息更新：3D检测带动业绩增长 新研产品值得期待
2021-05-03,大道至简的经济学公式：告诉我们这些投资万字真言,大道至简的经济学公式：告诉我们这些投资万字真言
2021-05-03,NV做了艰难的决定：RTX 3060挖矿性能打回原形,NV做了艰难的决定：RTX 3060挖矿性能打回原形
2021-05-04,陆家嘴财经早餐2021年5月4日星期二,陆家嘴财经早餐2021年5月4日星期二
2021-05-04,驱动之家硬件狗狗3.0版公测：全新界面 跑分更直观！,驱动之家硬件狗狗3.0版公测：全新界面 跑分更直观！
2021-05-04,多家千亿市值车企业绩翻倍：比亚迪、长城汽车、上汽集团一季度利润同比增速均超过100%,多家千亿市值车企业绩翻倍：比亚迪、长城汽车、上汽集团一季度利润同比增速均超过100%
2021-05-04,【东吴电新】3月海外电动车销量点评：季末冲量，全球销量大超预期,【东吴电新】3月海外电动车销量点评：季末冲量，全球销量大超预期
2021-05-05,“隐秘出血点”侵蚀利润，A股公司汇兑净损失超200亿,“隐秘出血点”侵蚀利润，A股公司汇兑净损失超200亿
2021-05-05,一季度明星私募调仓全览：景林抄底上海机场，高瓴两笔定增浮亏！,一季度明星私募调仓全览：景林抄底上海机场，高瓴两笔定增浮亏！
2021-05-05,造型借鉴宋MAX 新款比亚迪e6亮相新加坡,造型借鉴宋MAX 新款比亚迪e6亮相新加坡
2021-05-05,AI看市场丨数据解读比亚迪汉产品竞争力,AI看市场丨数据解读比亚迪汉产品竞争力
2021-05-05,劳动节假期要闻汇总（5月1日-5日）,劳动节假期要闻汇总（5月1日-5日）
2021-05-06,比亚迪e6亮相！成新加坡续航最长的电动车,比亚迪e6亮相！成新加坡续航最长的电动车
2021-05-06,李嘉诚靠边站：曾毓群靠卖电池成了香港新首富,李嘉诚靠边站：曾毓群靠卖电池成了香港新首富
2021-05-06,比亚迪今日大宗交易成交4万股，成交价150.0元溢价0.0%,比亚迪今日大宗交易成交4万股，成交价150.0元溢价0.0%
2021-05-06,比亚迪：“19亚迪Y1”不行使发行人续期选择权,比亚迪：“19亚迪Y1”不行使发行人续期选择权
2021-05-06,比亚迪入选《时代周刊》“最有影响力的100家企业”,比亚迪入选《时代周刊》“最有影响力的100家企业”
2021-05-06,那些涌向上海的人才、热钱和新造车,那些涌向上海的人才、热钱和新造车
2021-05-06,涉及比亚迪、奔驰等，这些车辆被召回 存安全隐患 产品问题,涉及比亚迪、奔驰等，这些车辆被召回 存安全隐患 产品问题
2021-05-06,李嘉诚经营60年的身家，这个宁德人用10年就挣到了,李嘉诚经营60年的身家，这个宁德人用10年就挣到了
2021-05-06,广东区域股市周报：总市值跌57.18亿元 比亚迪市值缩水超353亿元 连续下跌,广东区域股市周报：总市值跌57.18亿元 比亚迪市值缩水超353亿元 连续下跌
2021-05-06,A股共发生97宗大宗交易成交15.29亿元（5月6日）,A股共发生97宗大宗交易成交15.29亿元（5月6日）
2021-05-06,一季度宏光MINIEV全球销量力压Model Y，榜单前五中国品牌占三,一季度宏光MINIEV全球销量力压Model Y，榜单前五中国品牌占三
2021-05-06,A股资金流向（5月6日）：消费、疫苗龙头遭资金抛售,A股资金流向（5月6日）：消费、疫苗龙头遭资金抛售
2021-05-06,汽车行业2020年年报总结：疫情带来短期扰动 行业展现较强韧性,汽车行业2020年年报总结：疫情带来短期扰动 行业展现较强韧性
2021-05-06,赛伍技术(603212)：加速扩张胶膜产能 多元化布局稳步推进,赛伍技术(603212)：加速扩张胶膜产能 多元化布局稳步推进
2021-05-06,大众和蔚来你选谁？调查显示合资电动车更受期待,大众和蔚来你选谁？调查显示合资电动车更受期待
2021-05-06,对话杨东、董承非：新能源行业将深刻影响整个世界形势 汽车市场蛋糕要重新划分,对话杨东、董承非：新能源行业将深刻影响整个世界形势 汽车市场蛋糕要重新划分
2021-05-06,5月6日晚间重要行业研究汇总(附股),5月6日晚间重要行业研究汇总(附股)
2021-05-06,20家新能源汽车上市车企业绩盘点：今年销量200万辆可期,20家新能源汽车上市车企业绩盘点：今年销量200万辆可期
2021-05-06,深市公司报告：向好趋势明显，部分公司风险需注意,深市公司报告：向好趋势明显，部分公司风险需注意
2021-05-06,中科电气(300035)：负极出货快速增长 产能建设加快推进,中科电气(300035)：负极出货快速增长 产能建设加快推进
2021-05-06,“五一”假期国内车市热闹，新能源汽车接受度提高,“五一”假期国内车市热闹，新能源汽车接受度提高
2021-05-06,以三一重工、比亚迪、隆基为例：打开上市公司最后一道财务黑箱,以三一重工、比亚迪、隆基为例：打开上市公司最后一道财务黑箱
2021-05-06,德赛西威(002920)：智能化加速落地 公司进入高速成长期,德赛西威(002920)：智能化加速落地 公司进入高速成长期
2021-05-06,爆发|磷酸铁锂加速迎来“复兴时代”！,爆发|磷酸铁锂加速迎来“复兴时代”！
2021-05-06,A股融资融券日报：两融余额减少152.9亿元（5月5日 ）,A股融资融券日报：两融余额减少152.9亿元（5月5日 ）
2021-05-06,李嘉诚靠边站 香港首富换人了,李嘉诚靠边站 香港首富换人了
2021-05-06,比亚迪大跌5.08%，领跌汽车整车行业 连续下跌,比亚迪大跌5.08%，领跌汽车整车行业 连续下跌
2021-05-06,深市公司2020年净利润增速达38.6%，436家公司实现翻番式增长,深市公司2020年净利润增速达38.6%，436家公司实现翻番式增长
2021-05-06,深交所：2020年深市公司营业总收入14.8万亿元，万科、潍柴动力、格力电器、比亚迪等18家公司收入超千亿,深交所：2020年深市公司营业总收入14.8万亿元，万科、潍柴动力、格力电器、比亚迪等18家公司收入超千亿
2021-05-06,宁德时代：香港首富换了人,宁德时代：香港首富换了人
2021-05-06,财富反超李嘉诚，香港首富易主,财富反超李嘉诚，香港首富易主
2021-05-06,国力科技回复科创板二轮问询：债务重组、市场竞争等被关注,国力科技回复科创板二轮问询：债务重组、市场竞争等被关注
2021-05-06,他38岁博士才毕业，如今靠卖电池成了香港新首富,他38岁博士才毕业，如今靠卖电池成了香港新首富
2021-05-06,电动车还能有手动挡和离合器！比亚迪推出e3驾考版,电动车还能有手动挡和离合器！比亚迪推出e3驾考版
2021-05-06,比亚迪大跌5.04%报150.58元，领跌汽车整车行业 连续下跌,比亚迪大跌5.04%报150.58元，领跌汽车整车行业 连续下跌
2021-05-06,首个中国新能源整体解决方案供应商 比亚迪入选《时代周刊》,首个中国新能源整体解决方案供应商 比亚迪入选《时代周刊》
2021-05-07,让“股神”巴菲特12年狂赚25倍的新能源，为什么仍然有广阔的投资空间？,让“股神”巴菲特12年狂赚25倍的新能源，为什么仍然有广阔的投资空间？
2021-05-07,北向资金分化加剧，中国平安、贵州茅台再遭净卖出逾5亿元,北向资金分化加剧，中国平安、贵州茅台再遭净卖出逾5亿元
2021-05-07,牛熊日报丨山东黄金购证猛涨200%！高盛：可留意比亚迪远牛,牛熊日报丨山东黄金购证猛涨200%！高盛：可留意比亚迪远牛
2021-05-07,乘用车企遇市场大考 前五强总营收超万亿元,乘用车企遇市场大考 前五强总营收超万亿元
2021-05-07,嘉寓股份(300117.SZ)：与比亚迪供应链签署2.75亿元的太阳能组件销售合同,嘉寓股份(300117.SZ)：与比亚迪供应链签署2.75亿元的太阳能组件销售合同
2021-05-07,比亚迪：1-4月公司新能源汽车累计销量8万辆，同比增长128.53%,比亚迪：1-4月公司新能源汽车累计销量8万辆，同比增长128.53%
2021-05-07,晚间重要公告2021年5月7日星期五,晚间重要公告2021年5月7日星期五
2021-05-07,比亚迪(002594.SZ)：4月新能源汽车销量25662辆同比增长97.48%,比亚迪(002594.SZ)：4月新能源汽车销量25662辆同比增长97.48%
2021-05-07,比亚迪(002594.SZ)：4月份新能源汽车产销量分别同比增长110.96%及97.48%,比亚迪(002594.SZ)：4月份新能源汽车产销量分别同比增长110.96%及97.48%
2021-05-07,比亚迪：四月生产27115辆新能源汽车，销售25662辆,比亚迪：四月生产27115辆新能源汽车，销售25662辆
2021-05-07,公告精选：玉龙股份实控人拟变更；比亚迪前4月新能源汽车销量同比增128.53%,公告精选：玉龙股份实控人拟变更；比亚迪前4月新能源汽车销量同比增128.53%
2021-05-07,众车企4月销售数据亮眼，机构建议围绕“优中选优”思路选股,众车企4月销售数据亮眼，机构建议围绕“优中选优”思路选股
2021-05-07,A股资金流向（5月7日）：有色龙头持续获资金青睐,A股资金流向（5月7日）：有色龙头持续获资金青睐
2021-05-07,比亚迪：2021年4月合计销售汽车45234辆，去年同期31809辆,比亚迪：2021年4月合计销售汽车45234辆，去年同期31809辆
2021-05-07,比亚迪紧急召回2.2万辆电动车 曾因有偿升级遭大量车主投诉 产品问题,比亚迪紧急召回2.2万辆电动车 曾因有偿升级遭大量车主投诉 产品问题
2021-05-07,格隆汇港股聚焦(05.07)︱美的置业1-4月合同销售额530亿；比亚迪前4月新能源汽车销量同比增128.53%,格隆汇港股聚焦(05.07)︱美的置业1-4月合同销售额530亿；比亚迪前4月新能源汽车销量同比增128.53%
2021-05-07,造富之后狂割韭菜，一大批牛股集体崩了！家电龙头也暴涨暴跌，这只股涨疯了 连续下跌,造富之后狂割韭菜，一大批牛股集体崩了！家电龙头也暴涨暴跌，这只股涨疯了 连续下跌
2021-05-07,特斯拉成一季度全球新能源车销冠,特斯拉成一季度全球新能源车销冠
2021-05-07,销量解析：造车新势力如何守住江湖地位,销量解析：造车新势力如何守住江湖地位
2021-05-07,【看新股】奕东电子更新招股书：营收增速低于行业平均 大客户采购额下降 盈利能力下降,【看新股】奕东电子更新招股书：营收增速低于行业平均 大客户采购额下降 盈利能力下降
2021-05-07,里程碑！全球首颗2nm EUV芯片问世：台积电/Intel拜服,里程碑！全球首颗2nm EUV芯片问世：台积电/Intel拜服
2021-05-07,亏电油耗仅4L！比亚迪首款MPV成都车展亮相,亏电油耗仅4L！比亚迪首款MPV成都车展亮相
2021-05-07,中鼎股份(000887)：业绩稳步向上 开源节流并重,中鼎股份(000887)：业绩稳步向上 开源节流并重
2021-05-07,汽车“芯”荒的危与机,汽车“芯”荒的危与机
2021-05-07,华为、小米造车 蔚来、比亚迪造生态，生态与汽车的双向奔赴,华为、小米造车 蔚来、比亚迪造生态，生态与汽车的双向奔赴
2021-05-07,这些车辆紧急召回 保时捷、奔驰、比亚迪车主注意了！ 产品问题,这些车辆紧急召回 保时捷、奔驰、比亚迪车主注意了！ 产品问题
2021-05-07,苹果板块单边下滑，比亚迪、工业富联、立讯、京东方、蓝思、歌尔集体走低,苹果板块单边下滑，比亚迪、工业富联、立讯、京东方、蓝思、歌尔集体走低
2021-05-07,【行情】苹果板块单边下跌，比亚迪、工业富联、立讯精密、京东方A、蓝思科技、歌尔股份、鹏鼎控股、长电科技集体走低 连续下跌,【行情】苹果板块单边下跌，比亚迪、工业富联、立讯精密、京东方A、蓝思科技、歌尔股份、鹏鼎控股、长电科技集体走低 连续下跌
2021-05-07,一大批牛股全倒了：家电龙头暴涨暴跌 海底捞今年腰斩 连续下跌,一大批牛股全倒了：家电龙头暴涨暴跌 海底捞今年腰斩 连续下跌
2021-05-07,新造车品牌或“掉粉”：合资电动车更受期待？,新造车品牌或“掉粉”：合资电动车更受期待？
2021-05-07,张可兴：我觉得买比亚迪投Snowflake都不是巴老本意,张可兴：我觉得买比亚迪投Snowflake都不是巴老本意
2021-05-07,东莞证券--比亚迪2021年一季报点评：Q1汽车销量显着恢复，成本承压毛利率下降【公司研究】 盈利能力下降,东莞证券--比亚迪2021年一季报点评：Q1汽车销量显着恢复，成本承压毛利率下降【公司研究】 盈利能力下降
2021-05-08,46只新能源汽车成分股交卷：四季度利润翻倍，北汽蓝谷净利大降1666倍 盈利能力下降,46只新能源汽车成分股交卷：四季度利润翻倍，北汽蓝谷净利大降1666倍 盈利能力下降
2021-05-08,【调研纪要】星源材质：“超级涂覆工厂”项目建设顺利并已向客户供货（20210508）,【调研纪要】星源材质：“超级涂覆工厂”项目建设顺利并已向客户供货（20210508）
2021-05-08,香港首富曾毓群、全球富豪马斯克面前 王传福甘心吗？,香港首富曾毓群、全球富豪马斯克面前 王传福甘心吗？
2021-05-08,A股半导体公司年度政府补助排行榜：119家合计149亿元 前10家占比近七成,A股半导体公司年度政府补助排行榜：119家合计149亿元 前10家占比近七成
2021-05-08,比亚迪公开“估算电动车辆续驶里程”相关专利,比亚迪公开“估算电动车辆续驶里程”相关专利
2021-05-08,奥克股份颁发2020年度销售突出贡献奖 头奖比亚迪唐DM电动车,奥克股份颁发2020年度销售突出贡献奖 头奖比亚迪唐DM电动车
2021-05-08,自主车企交出一季度成绩单：有人欢喜有人忧,自主车企交出一季度成绩单：有人欢喜有人忧
2021-05-08,拆分橙心优选？滴滴再寻平衡,拆分橙心优选？滴滴再寻平衡
2021-05-08,获比亚迪采购订单，嘉寓股份布局光伏抢眼,获比亚迪采购订单，嘉寓股份布局光伏抢眼
2021-05-08,宁德时代入股爱驰！电池大佬也要下场造车？用意何在？,宁德时代入股爱驰！电池大佬也要下场造车？用意何在？
2021-05-08,比亚迪1－4月新能源车销售逾8万辆 动力及储能电池装机逾7.4GWh,比亚迪1－4月新能源车销售逾8万辆 动力及储能电池装机逾7.4GWh
2021-05-08,嘉寓股份：子公司徐州嘉寓获比亚迪供应链2.75亿光伏组件订单,嘉寓股份：子公司徐州嘉寓获比亚迪供应链2.75亿光伏组件订单
2021-05-08,比亚迪首四月新能源汽车累计销量破8万辆，动力电池及储能电池装机总量超7GWh,比亚迪首四月新能源汽车累计销量破8万辆，动力电池及储能电池装机总量超7GWh
2021-05-08,比亚迪今年4月份销售纯电动汽车16114辆 同比增长61.69%,比亚迪今年4月份销售纯电动汽车16114辆 同比增长61.69%
2021-05-08,上市车企交卷2020年：净利“触底”增长 密集发力转型,上市车企交卷2020年：净利“触底”增长 密集发力转型
2021-05-08,全球Q1动力电池排行榜：宁德时代稳居第一，中航锂电跃升第七,全球Q1动力电池排行榜：宁德时代稳居第一，中航锂电跃升第七
2021-05-08,上市公司正负面新闻2021年5月8日星期六,上市公司正负面新闻2021年5月8日星期六
2021-05-08,市场要闻 | 比亚迪拟将比亚迪半导体分拆至创业板上市，分拆后仍将维持控制权,市场要闻 | 比亚迪拟将比亚迪半导体分拆至创业板上市，分拆后仍将维持控制权
2021-05-09,国产车大放异彩！长安销量坐火箭：合资品牌跌跌不休,国产车大放异彩！长安销量坐火箭：合资品牌跌跌不休
2021-05-09,车企4月销售战报大揭秘 有人倍增有人竟然下滑,车企4月销售战报大揭秘 有人倍增有人竟然下滑
2021-05-09,【SMM分析】3月全球新能源乘用车止跌回暖，环比大涨88.49%,【SMM分析】3月全球新能源乘用车止跌回暖，环比大涨88.49%
2021-05-09,一汽大众、比亚迪等汽车ADAS供应商上富电技拟科创板上市,一汽大众、比亚迪等汽车ADAS供应商上富电技拟科创板上市
2021-05-09,周观点 | 蔚来出海 中国车企变革崛起【华西汽车 崔琰团队】,周观点 | 蔚来出海 中国车企变革崛起【华西汽车 崔琰团队】
2021-05-09,星源材质(300568)：出货量与成本双重利好 2021年业绩向好,星源材质(300568)：出货量与成本双重利好 2021年业绩向好
2021-05-09,汽车行业2020&2021Q1财报总结：行业走出深幅调整期 盈利能力修复,汽车行业2020&2021Q1财报总结：行业走出深幅调整期 盈利能力修复
2021-05-09,比亚迪4月销量出炉！DM-i超级混动开始发力,比亚迪4月销量出炉！DM-i超级混动开始发力
2021-05-09,比亚迪「汉」4月销量8177辆,比亚迪「汉」4月销量8177辆
2021-05-09,【安信汽车】比亚迪：销量高增长持续兑现，产能仍在爬坡,【安信汽车】比亚迪：销量高增长持续兑现，产能仍在爬坡
2021-05-10,DM-i超级混动发力，比亚迪4月全系销量44606辆！,DM-i超级混动发力，比亚迪4月全系销量44606辆！
2021-05-10,汽车与汽车零部件行业2020年报&1Q21季报总结：周期向上 变革增量,汽车与汽车零部件行业2020年报&1Q21季报总结：周期向上 变革增量
2021-05-10,汽车行业周报：蔚来出海 中国车企变革崛起,汽车行业周报：蔚来出海 中国车企变革崛起
2021-05-10,安信证券：比亚迪(002594.SZ)销量高增长持续兑现，维持“买入-A”评级，目标价220元,安信证券：比亚迪(002594.SZ)销量高增长持续兑现，维持“买入-A”评级，目标价220元
2021-05-10,智能汽车销量榜2021年3月：特斯拉超3.5万辆，宝马iX3冲击前十,智能汽车销量榜2021年3月：特斯拉超3.5万辆，宝马iX3冲击前十
2021-05-10,比亚迪全系纯电汽车均已换装刀片电池，正统筹DM-i超级混动车型零部件供应,比亚迪全系纯电汽车均已换装刀片电池，正统筹DM-i超级混动车型零部件供应
2021-05-10,内部人士称向特斯拉供应刀片电池一事属实，比亚迪市值破9000亿元又创新高,内部人士称向特斯拉供应刀片电池一事属实，比亚迪市值破9000亿元又创新高
2021-05-10,【今日机构评级汇总】CFRA Research认为BYND将受益于餐饮服务的恢复；大和看好IGBT业务将成比亚迪正面催化剂,【今日机构评级汇总】CFRA Research认为BYND将受益于餐饮服务的恢复；大和看好IGBT业务将成比亚迪正面催化剂
2021-05-10,北向资金连续3日净买入，白酒股重获资金加仓,北向资金连续3日净买入，白酒股重获资金加仓
2021-05-10,买合资车纯属爱面子 50%的人都不知道国产车有多牛,买合资车纯属爱面子 50%的人都不知道国产车有多牛
2021-05-10,电气设备新能源行业周报：电动车销量和排产持续向好、光伏5月排产边际改善,电气设备新能源行业周报：电动车销量和排产持续向好、光伏5月排产边际改善
2021-05-10,"重磅突发！刚刚，美团、拼多多被约谈！美团一度暴跌近10%，拼多多盘前大跳水！茅台、海底捞也崩了，33只大白马春节后蒸发9万亿！
其他违规处罚","重磅突发！刚刚，美团、拼多多被约谈！美团一度暴跌近10%，拼多多盘前大跳水！茅台、海底捞也崩了，33只大白马春节后蒸发9万亿！
其他违规处罚"
2021-05-10,新能源行业动态点评：特斯拉MODEL3标准续航升级版价格上涨1000元,新能源行业动态点评：特斯拉MODEL3标准续航升级版价格上涨1000元
2021-05-10,新格局下乘用车行业系列之六：智能座舱变革已至：趋势、格局、机遇,新格局下乘用车行业系列之六：智能座舱变革已至：趋势、格局、机遇
2021-05-10,大厂造车|华为汽车概念股：“星辰罗列”背后的资本局！,大厂造车|华为汽车概念股：“星辰罗列”背后的资本局！
2021-05-10,比亚迪将收购上汽乘用车？涉事双方皆否认,比亚迪将收购上汽乘用车？涉事双方皆否认
2021-05-10,新能源汽车行业周报：北上广等六城市成智能网联汽车第一批试点城市,新能源汽车行业周报：北上广等六城市成智能网联汽车第一批试点城市
2021-05-10,【电新*曾朵红】电动车20年及21年一季报总结——下游需求强劲，板块盈利逐季大幅提升,【电新*曾朵红】电动车20年及21年一季报总结——下游需求强劲，板块盈利逐季大幅提升
2021-05-10,在欧中企助推中欧不断深化经贸合作,在欧中企助推中欧不断深化经贸合作
2021-05-10,成长潜力50强：未来三年净利增速中位数40%,成长潜力50强：未来三年净利增速中位数40%
2021-05-10,每日财报|比亚迪前4月同比增长128.53%英博尔股东减持 减持股份,每日财报|比亚迪前4月同比增长128.53%英博尔股东减持 减持股份
2021-05-10,汽车行业2020年报及2021一季报业绩综述：Q1业绩改善 全年行业复苏可持续,汽车行业2020年报及2021一季报业绩综述：Q1业绩改善 全年行业复苏可持续
2021-05-10,一季度动力电池装机量及主要企业产能布局,一季度动力电池装机量及主要企业产能布局
2021-05-10,中科电气(300035)：扩产火力全开 一季度业绩高歌猛进,中科电气(300035)：扩产火力全开 一季度业绩高歌猛进
2021-05-10,开源晨会0510丨周期仍是最佳布局窗口；制造业核心三问；消费的弹性,开源晨会0510丨周期仍是最佳布局窗口；制造业核心三问；消费的弹性
2021-05-10,比亚迪4月新能源乘用车销量2.5万辆 同比增长104.2%,比亚迪4月新能源乘用车销量2.5万辆 同比增长104.2%
2021-05-10,【汽车】北上广等六城市成智能网联汽车第一批试点城市——新能源汽车行业周报——看好,【汽车】北上广等六城市成智能网联汽车第一批试点城市——新能源汽车行业周报——看好
2021-05-10,周期向上 变革增量—2020年报&1Q21季报总结【华西汽车 崔琰团队】,周期向上 变革增量—2020年报&1Q21季报总结【华西汽车 崔琰团队】
2021-05-10,汽车周报：上海新能源车新政促消费结构上移 行业终端需求稳健折扣持续收拢,汽车周报：上海新能源车新政促消费结构上移 行业终端需求稳健折扣持续收拢
2021-05-10,今日A股市场热点新闻及最新公告前瞻（2021/5/10）,今日A股市场热点新闻及最新公告前瞻（2021/5/10）
2021-05-10,获比亚迪采购订单，老牌企业布局光伏抢眼,获比亚迪采购订单，老牌企业布局光伏抢眼
2021-05-10,今日A股市场热点新闻及最新公告前瞻（2021/5/10） 环保处罚,今日A股市场热点新闻及最新公告前瞻（2021/5/10） 环保处罚
2021-05-10,麦格理指比亚迪(01211-HK)上月销售佳市占率升 维持目标价192港元,麦格理指比亚迪(01211-HK)上月销售佳市占率升 维持目标价192港元
2021-05-10,SNE发布3月份全球动力电池装机量数据,SNE发布3月份全球动力电池装机量数据
2021-05-10,晨会聚焦210510重点关注通信、计算机、保险、钢铁、汽车汽配、社会服务、纺织服装、证券、医药、家电,晨会聚焦210510重点关注通信、计算机、保险、钢铁、汽车汽配、社会服务、纺织服装、证券、医药、家电
2021-05-10,比亚迪2021年1-4月新能源车销售逾8万辆 动力及储能电池装机逾7.4GWh,比亚迪2021年1-4月新能源车销售逾8万辆 动力及储能电池装机逾7.4GWh
2021-05-11,市场机会 | 股价高位最大回撤超60%！新能源车机会来了？,市场机会 | 股价高位最大回撤超60%！新能源车机会来了？
2021-05-11,市场聚焦：存量博弈下的理性战术,市场聚焦：存量博弈下的理性战术
2021-05-11,传说中的海豚？比亚迪全新混动SUV将于下半年发布,传说中的海豚？比亚迪全新混动SUV将于下半年发布
2021-05-11,比亚迪：拟将控股子公司比亚迪半导体分拆至深交所创业板上市,比亚迪：拟将控股子公司比亚迪半导体分拆至深交所创业板上市
2021-05-11,比亚迪：董事会同意将子公司比亚迪半导体分拆至创业板上市,比亚迪：董事会同意将子公司比亚迪半导体分拆至创业板上市
2021-05-11,【IPO前哨】IGBT全球第二，国内第一：比亚迪半导体迎首发上会！,【IPO前哨】IGBT全球第二，国内第一：比亚迪半导体迎首发上会！
2021-05-11,电动车进电梯爆炸 火焰3秒吞噬整个电梯 多人被烧伤,电动车进电梯爆炸 火焰3秒吞噬整个电梯 多人被烧伤
2021-05-11,公告精选：比亚迪拟将比亚迪半导体分拆至创业板上市；锦泓集团核查结束股票复牌,公告精选：比亚迪拟将比亚迪半导体分拆至创业板上市；锦泓集团核查结束股票复牌
2021-05-11,特斯拉中国4月销量环比下滑27% 美股盘前跌7.59% 盈利能力下降,特斯拉中国4月销量环比下滑27% 美股盘前跌7.59% 盈利能力下降
2021-05-11,晚间要闻2021年5月11日星期二,晚间要闻2021年5月11日星期二
2021-05-11,格隆汇港股聚焦(05.11)︱比亚迪拟将比亚迪半导体分拆至创业板上市；中国太保前四月保费收入1630.66亿元,格隆汇港股聚焦(05.11)︱比亚迪拟将比亚迪半导体分拆至创业板上市；中国太保前四月保费收入1630.66亿元
2021-05-11,车企Q1喜迎大丰收，深陷泥潭依然赚钱,车企Q1喜迎大丰收，深陷泥潭依然赚钱
2021-05-11,剑指创业板！比亚迪正式公告半导体分拆上市，红杉小米为战投|IPO见闻,剑指创业板！比亚迪正式公告半导体分拆上市，红杉小米为战投|IPO见闻
2021-05-11,乘联会：4月乘用车市场零售达到160.8万辆，同比增长12.4%,乘联会：4月乘用车市场零售达到160.8万辆，同比增长12.4%
2021-05-11,比亚迪半导体计划分拆至创业板上市,比亚迪半导体计划分拆至创业板上市
2021-05-11,汽车行业周观点：上海新能源限牌影响有限 新能源产业依然火爆,汽车行业周观点：上海新能源限牌影响有限 新能源产业依然火爆
2021-05-11,五菱宏光MINI EV上沪牌难 “国产神车”如何破局？,五菱宏光MINI EV上沪牌难 “国产神车”如何破局？
2021-05-11,38股获券商买入评级，凌志软件目标涨幅达70.25%,38股获券商买入评级，凌志软件目标涨幅达70.25%
2021-05-11,排行榜！宁德、比亚迪、中天、亿纬等38家储能公司1季度财报解读！,排行榜！宁德、比亚迪、中天、亿纬等38家储能公司1季度财报解读！
2021-05-11,比亚迪(002594)：4月销量符合预期 DM-I销量持续爬坡,比亚迪(002594)：4月销量符合预期 DM-I销量持续爬坡
2021-05-11,【国信汽车|年报一季报总结】：行业复苏，集中度提升，智能电动加速升级,【国信汽车|年报一季报总结】：行业复苏，集中度提升，智能电动加速升级
2021-05-11,美团、拼多多被约谈：美团一度暴跌近10% 拼多多市值蒸发1000亿 其他违规处罚,美团、拼多多被约谈：美团一度暴跌近10% 拼多多市值蒸发1000亿 其他违规处罚
2021-05-11,比亚迪拟分拆半导体子公司至创业板上市,比亚迪拟分拆半导体子公司至创业板上市
2021-05-11,4年15倍牛股腰斩，谁在砸盘？“茅资产”怎么了,4年15倍牛股腰斩，谁在砸盘？“茅资产”怎么了
2021-05-11,瑞银：中国公司在港股票配售和可转债发行活跃，中国强劲复苏为资本市场提供支持,瑞银：中国公司在港股票配售和可转债发行活跃，中国强劲复苏为资本市场提供支持
2021-05-11,比亚迪北京4S店：现在下订宋PLUS DM-i提车至少要等3个月,比亚迪北京4S店：现在下订宋PLUS DM-i提车至少要等3个月
2021-05-11,凯度中国全球化品牌50强出炉比亚迪中国车企第一,凯度中国全球化品牌50强出炉比亚迪中国车企第一
2021-05-11,砸了上万亿！93家企业，72家骗补！新能源车产业就是一场大骗局？ 欺诈造假,砸了上万亿！93家企业，72家骗补！新能源车产业就是一场大骗局？ 欺诈造假
2021-05-11,一季度动力电池装机排行出炉 恒者恒强效应凸显,一季度动力电池装机排行出炉 恒者恒强效应凸显
2021-05-11,招财日报2021.05.11｜资源股续强，科网股受压,招财日报2021.05.11｜资源股续强，科网股受压
2021-05-12,比亚迪半导体或将登陆创业板，车用功率半导体再添一员猛将,比亚迪半导体或将登陆创业板，车用功率半导体再添一员猛将
2021-05-12,以车规级半导体为核心 比亚迪半导体拟分拆上市,以车规级半导体为核心 比亚迪半导体拟分拆上市
2021-05-12,八大券商主题策略：在二季度底部珍惜配置机会！看好这些华为汽车产业链标的,八大券商主题策略：在二季度底部珍惜配置机会！看好这些华为汽车产业链标的
2021-05-12,比亚迪半导体拟分拆上市，半导体概念盘中异动，机构看好龙头投资机会,比亚迪半导体拟分拆上市，半导体概念盘中异动，机构看好龙头投资机会
2021-05-12,比亚迪大动作曝光，千亿赛道“真香”？丨一只热股,比亚迪大动作曝光，千亿赛道“真香”？丨一只热股
2021-05-12,比亚迪、摩比天线等供应商因产品不合格遭中国铁塔处罚 产品问题,比亚迪、摩比天线等供应商因产品不合格遭中国铁塔处罚 产品问题
2021-05-12,博敏电子(603936)：盈利能力逐年增长 一季度需求旺盛业绩亮眼,博敏电子(603936)：盈利能力逐年增长 一季度需求旺盛业绩亮眼
2021-05-12,新时代证券：比亚迪（002594.SZ）21Q1业绩符合预期，维持“强烈推荐”评级,新时代证券：比亚迪（002594.SZ）21Q1业绩符合预期，维持“强烈推荐”评级
2021-05-12,比亚迪半导体将分拆至深交所创业板上市，比亚迪控股72.30%,比亚迪半导体将分拆至深交所创业板上市，比亚迪控股72.30%
2021-05-12,比亚迪：刷新全球新能源大巴北延版图，距北极圈仅百余公里,比亚迪：刷新全球新能源大巴北延版图，距北极圈仅百余公里
2021-05-12,新时代证券维持比亚迪强烈推荐评级，21Q1业绩点评：业绩符合预期，短期盈利承压，中长期成长确定性高,新时代证券维持比亚迪强烈推荐评级，21Q1业绩点评：业绩符合预期，短期盈利承压，中长期成长确定性高
2021-05-12,21车访间｜李云飞：弗迪电池对全行业供货，比亚迪要用也得买,21车访间｜李云飞：弗迪电池对全行业供货，比亚迪要用也得买
2021-05-12,北向资金连续两日净卖出，白酒股获批量增持,北向资金连续两日净卖出，白酒股获批量增持
2021-05-12,从四月纯电市场销量数据，看手机市场故事的重演,从四月纯电市场销量数据，看手机市场故事的重演
2021-05-12,业内：比亚迪半导体分拆上市或将对行业产生更大意义,业内：比亚迪半导体分拆上市或将对行业产生更大意义
2021-05-12,比亚迪(002594)：半导体分拆如期推进 中性化价值逐步显现,比亚迪(002594)：半导体分拆如期推进 中性化价值逐步显现
2021-05-12,白马股闪崩背后原因探寻，我们能从中学到什么？,白马股闪崩背后原因探寻，我们能从中学到什么？
2021-05-12,开源证券--汽车行业周报：多家公司4月销量数据出炉，比亚迪实现销量同环比双位数上涨【行业研究】,开源证券--汽车行业周报：多家公司4月销量数据出炉，比亚迪实现销量同环比双位数上涨【行业研究】
2021-05-12,比亚迪涨近6% 拟分拆比亚迪半导体至深交所上市,比亚迪涨近6% 拟分拆比亚迪半导体至深交所上市
2021-05-12,比亚迪半导体拟分拆上市，估值过百亿，2020年净利3200万,比亚迪半导体拟分拆上市，估值过百亿，2020年净利3200万
2021-05-12,BrandZ榜单发布 比亚迪位列汽车品牌第一,BrandZ榜单发布 比亚迪位列汽车品牌第一
2021-05-12,三年扣非净利近1亿 比亚迪半导体要“单飞”创业板,三年扣非净利近1亿 比亚迪半导体要“单飞”创业板
2021-05-12,名单收好！这些港、A股优质龙头今年已腰斩,名单收好！这些港、A股优质龙头今年已腰斩
2021-05-12,深度 |ID.4 CROZZ销量惨淡，一汽-大众新能源战略遭重挫,深度 |ID.4 CROZZ销量惨淡，一汽-大众新能源战略遭重挫
2021-05-12,估值达102亿！比亚迪半导体分拆至创业板上市,估值达102亿！比亚迪半导体分拆至创业板上市
2021-05-12,汽车股全天强势，这只涨停龙头此前已获机构关注，还能涨多少？,汽车股全天强势，这只涨停龙头此前已获机构关注，还能涨多少？
2021-05-12,汽车板块走势活跃，长安汽车连续三日大涨，比亚迪涨逾5%,汽车板块走势活跃，长安汽车连续三日大涨，比亚迪涨逾5%
2021-05-12,4月我国动力电池装车量同比上涨134%,4月我国动力电池装车量同比上涨134%
2021-05-12,2021年5月12日早班车（紫金财经&胜泰智慧）,2021年5月12日早班车（紫金财经&胜泰智慧）
2021-05-12,子公司启动IPO比亚迪“集火”半导体赛道,子公司启动IPO比亚迪“集火”半导体赛道
2021-05-12,【经纬早班车】深圳排查小贷公司涉房贷，特斯拉中国4月销量环降27%,【经纬早班车】深圳排查小贷公司涉房贷，特斯拉中国4月销量环降27%
2021-05-12,每日财报|比亚迪拆分半导体业务上市ST金刚诉讼金额超57.7亿 诉讼纠纷,每日财报|比亚迪拆分半导体业务上市ST金刚诉讼金额超57.7亿 诉讼纠纷
2021-05-12,【有声早报】华龙证券5月12日财经早报,【有声早报】华龙证券5月12日财经早报
2021-05-12,比亚迪大动作 将分拆半导体业务到创业板上市,比亚迪大动作 将分拆半导体业务到创业板上市
2021-05-12,新能源行业动态点评：4月新能源汽车销量大增 渗透率超9％,新能源行业动态点评：4月新能源汽车销量大增 渗透率超9％
2021-05-12,比亚迪半导体上市地锁定创业板,比亚迪半导体上市地锁定创业板
2021-05-12,【中证盘前】4部门召开房地产税改革试点工作座谈会；10连板妖股停牌核查结束，今日复牌；比亚迪拟将子公司分拆至创业板上市,【中证盘前】4部门召开房地产税改革试点工作座谈会；10连板妖股停牌核查结束，今日复牌；比亚迪拟将子公司分拆至创业板上市
2021-05-12,5月12日操盘必读：影响股市利好与利空消息,5月12日操盘必读：影响股市利好与利空消息
2021-05-12,【硬核早报】6大热点风口来袭，10只股遭股东减持，2只票或受益比亚迪半导体分拆上市，涨价周期关注3大主线,【硬核早报】6大热点风口来袭，10只股遭股东减持，2只票或受益比亚迪半导体分拆上市，涨价周期关注3大主线
2021-05-12,犀牛财经早报：苹果遭到集体诉讼比亚迪拟拆子公司至创业板上市,犀牛财经早报：苹果遭到集体诉讼比亚迪拟拆子公司至创业板上市
2021-05-12,分拆上市方案定了！比亚迪半导体经营状况首度曝光这一方向是未来重点,分拆上市方案定了！比亚迪半导体经营状况首度曝光这一方向是未来重点
2021-05-12,智通港股开市掘金(05.12) | 全球通胀水平可能继续升温 周期品有修复预期,智通港股开市掘金(05.12) | 全球通胀水平可能继续升温 周期品有修复预期
2021-05-12,A股融资融券日报：两融余额增加29.68亿元（5月11日）,A股融资融券日报：两融余额增加29.68亿元（5月11日）
2021-05-12,新能源行业动态点评：宁夏提出储能设施每年充放次数不低于450次,新能源行业动态点评：宁夏提出储能设施每年充放次数不低于450次
2021-05-12,汽车行业周报：景气度向上 Q2配置时点,汽车行业周报：景气度向上 Q2配置时点
2021-05-12,美团抽佣学“出租车打表”；比亚迪拟将比亚迪半导体分拆至创业板上市；苹果在英国面临集体诉讼,美团抽佣学“出租车打表”；比亚迪拟将比亚迪半导体分拆至创业板上市；苹果在英国面临集体诉讼
2021-05-12,拟分拆半导体子公司登陆科创板，比亚迪快速走高,拟分拆半导体子公司登陆科创板，比亚迪快速走高
2021-05-12,比亚迪(002594.SZ)拉升涨超4%拟分拆比亚迪半导体至创业板上市,比亚迪(002594.SZ)拉升涨超4%拟分拆比亚迪半导体至创业板上市
2021-05-12,汽车股持续活跃，长安汽车冲击涨停,汽车股持续活跃，长安汽车冲击涨停
2021-05-12,中国新造车出海：底气不少，挑战很多,中国新造车出海：底气不少，挑战很多
2021-05-12,估值超百亿！比亚迪半导体分拆上市，将登陆深圳创业板,估值超百亿！比亚迪半导体分拆上市，将登陆深圳创业板
2021-05-12,财联社5月12日早报（周三）,财联社5月12日早报（周三）
2021-05-12,操盘必读｜央行定调下一阶段货币政策，10连板妖股停牌核查今日复牌，比亚迪拟分拆子公司创业板上市,操盘必读｜央行定调下一阶段货币政策，10连板妖股停牌核查今日复牌，比亚迪拟分拆子公司创业板上市
2021-05-12,比亚迪半导体加速分拆上市 估值达102亿,比亚迪半导体加速分拆上市 估值达102亿
2021-05-12,大公司早报 | 满帮集团赴美上市估值300亿美元 360将推10万元智能汽车,大公司早报 | 满帮集团赴美上市估值300亿美元 360将推10万元智能汽车
2021-05-12,比亚迪将拆分半导体业务登陆创业板,比亚迪将拆分半导体业务登陆创业板
2021-05-13,政策加码储能产业，比亚迪助力能源转型,政策加码储能产业，比亚迪助力能源转型
2021-05-13,【浙商电新|邓伟】新能源汽车及锂电系列之五：4月电池装机/电动车销量保持高增速,【浙商电新|邓伟】新能源汽车及锂电系列之五：4月电池装机/电动车销量保持高增速
2021-05-13,汽车电子行业深度研究报告：十年持续渗透，全面爆发可期,汽车电子行业深度研究报告：十年持续渗透，全面爆发可期
2021-05-13,科达利(002850)：1Q21业绩亮眼 锂电结构件全球加速渗透,科达利(002850)：1Q21业绩亮眼 锂电结构件全球加速渗透
2021-05-13,新能源汽车厮杀进入“算力时代” 后浪比亚迪能否突出重围？,新能源汽车厮杀进入“算力时代” 后浪比亚迪能否突出重围？
2021-05-13,乘联会公布4月乘用车销量数据，特斯拉环比下降67.2% 盈利能力下降,乘联会公布4月乘用车销量数据，特斯拉环比下降67.2% 盈利能力下降
2021-05-13,大厂造车|华为汽车概念股：广汽的困境与突围!,大厂造车|华为汽车概念股：广汽的困境与突围!
2021-05-13,新能源汽车专利20强榜单：比亚迪稳居榜首超2、3名之和,新能源汽车专利20强榜单：比亚迪稳居榜首超2、3名之和
2021-05-13,重庆科技创新平台呈“众星拱月”新格局,重庆科技创新平台呈“众星拱月”新格局
2021-05-13,国产新能源汽车专利20强企业排名：比亚迪一骑绝尘,国产新能源汽车专利20强企业排名：比亚迪一骑绝尘
2021-05-13,9426项新能源汽车专利，比第2、3名专利数总和还多的车企是TA？,9426项新能源汽车专利，比第2、3名专利数总和还多的车企是TA？
2021-05-13,A股融资融券日报：两融余额增加44.12亿元（5月12日）,A股融资融券日报：两融余额增加44.12亿元（5月12日）
2021-05-13,天奈科技(688116)：十年磨一剑 导电剂龙头利刃出鞘,天奈科技(688116)：十年磨一剑 导电剂龙头利刃出鞘
2021-05-13,比亚迪半导体终于上市，汽车芯片短缺的问题能解决吗？,比亚迪半导体终于上市，汽车芯片短缺的问题能解决吗？
2021-05-13,深评|玩转新战场 车企线上营销服务进阶,深评|玩转新战场 车企线上营销服务进阶
2021-05-13,10个新势力也干不过1个特斯拉,10个新势力也干不过1个特斯拉
2021-05-14,电气设备行业-4月国内动力电池产量、装机量点评：产量环比持续增长 锂电需求旺盛-210514+,电气设备行业-4月国内动力电池产量、装机量点评：产量环比持续增长 锂电需求旺盛-210514+
2021-05-14,新能汽车ETF产品解读：世界正在发生变化,新能汽车ETF产品解读：世界正在发生变化
2021-05-14,王传福很拼，曾毓群敢赌,王传福很拼，曾毓群敢赌
2021-05-14,科达利(002850)公司研究报告：全球动力电池结构件龙头,科达利(002850)公司研究报告：全球动力电池结构件龙头
2021-05-14,电气设备行业点评-3月装机电量点评：装机量同环比大增 季末冲量显着,电气设备行业点评-3月装机电量点评：装机量同环比大增 季末冲量显着
2021-05-14,上海绿牌新政将成真？五菱店内已无MINI EV，荣威回购微型新能源车,上海绿牌新政将成真？五菱店内已无MINI EV，荣威回购微型新能源车
2021-05-14,特斯拉销量暴跌，是负面太多，还是对手越来越强？ 盈利能力下降,特斯拉销量暴跌，是负面太多，还是对手越来越强？ 盈利能力下降
2021-05-14,比亚迪“广告门”谜团告破丨“双面李鬼”如何设下连环陷阱？,比亚迪“广告门”谜团告破丨“双面李鬼”如何设下连环陷阱？
2021-05-14,汽车行业快报：工信部发布344批《公告》 比亚迪电池外供长城,汽车行业快报：工信部发布344批《公告》 比亚迪电池外供长城
2021-05-14,中国动力电池四大天王：拿下全球超43%的市场！,中国动力电池四大天王：拿下全球超43%的市场！
2021-05-14,4月畅销车销量榜：哈弗H6再失冠军 帝豪速腾跌幅大,4月畅销车销量榜：哈弗H6再失冠军 帝豪速腾跌幅大
2021-05-14,电力设备行业：四月新能源车产销同比高增长 成长后劲充足,电力设备行业：四月新能源车产销同比高增长 成长后劲充足
2021-05-14,2021年4月我国动力电池产量共计12.9GWh，同比增长173.7%,2021年4月我国动力电池产量共计12.9GWh，同比增长173.7%
2021-05-14,比亚迪、中航锂电、国轩高科等二线电池厂4月发力,比亚迪、中航锂电、国轩高科等二线电池厂4月发力
2021-05-14,危机中寻求机遇，比亚迪半导体如何破局？,危机中寻求机遇，比亚迪半导体如何破局？
2021-05-14,新能源行业动态点评：动力电池装车量同比继续增加 二线厂商市占率提升,新能源行业动态点评：动力电池装车量同比继续增加 二线厂商市占率提升
2021-05-14,比亚迪半导体将发布新一代高性能IGBT,比亚迪半导体将发布新一代高性能IGBT
2021-05-14,A股融资融券日报：两融余额减少1.64亿元（5月13日）,A股融资融券日报：两融余额减少1.64亿元（5月13日）
2021-05-14,占比超80%！宁德、比亚迪、中航、LG等动力电池装车量上榜前五！,占比超80%！宁德、比亚迪、中航、LG等动力电池装车量上榜前五！
2021-05-14,《新能源汽车专利20强企业榜单》发布 比亚迪居榜首,《新能源汽车专利20强企业榜单》发布 比亚迪居榜首
2021-05-14,【中原锂电池】锂电池行业月报：销量倍增但环比回落，板块适度关注,【中原锂电池】锂电池行业月报：销量倍增但环比回落，板块适度关注
2021-05-14,锂电池股动能强劲，亿纬锂能、蓝晓科技均涨超10%,锂电池股动能强劲，亿纬锂能、蓝晓科技均涨超10%
2021-05-15,比亚迪“广告门”迎结局！数十家广告商濒临破产，这一“潜规则”亟待规范 减资破产,比亚迪“广告门”迎结局！数十家广告商濒临破产，这一“潜规则”亟待规范 减资破产
2021-05-15,比亚迪“广告门”剧终：主犯被判14年，广告公司却被拖垮,比亚迪“广告门”剧终：主犯被判14年，广告公司却被拖垮
2021-05-15,电车里的核心“CPU”！比亚迪IGBT6.0芯片将发布：性能重大突破,电车里的核心“CPU”！比亚迪IGBT6.0芯片将发布：性能重大突破
2021-05-15,「中国力量」比亚迪：以技术实现技术输出,「中国力量」比亚迪：以技术实现技术输出
2021-05-15,汽车行业：工信部公告亮点颇多,汽车行业：工信部公告亮点颇多
2021-05-15,自主品牌回暖超预期 三强混战难以拉开差距,自主品牌回暖超预期 三强混战难以拉开差距
2021-05-15,完成年度目标难，爆款缺乏竞争力 吉利进入震荡期？ 经营问题,完成年度目标难，爆款缺乏竞争力 吉利进入震荡期？ 经营问题
2021-05-16,深圳一租赁公司比亚迪 E5 自燃起火，发文称被比亚迪“抢走” 安全事故,深圳一租赁公司比亚迪 E5 自燃起火，发文称被比亚迪“抢走” 安全事故
2021-05-16,新能源汽车行业2021年度中期策略：智能电动 车行未来,新能源汽车行业2021年度中期策略：智能电动 车行未来
2021-05-16,【兴证汽车 戴畅团队】2021-2025乘用车双积分考核压力如何？——兴论碳中和系列2,【兴证汽车 戴畅团队】2021-2025乘用车双积分考核压力如何？——兴论碳中和系列2
2021-05-16,比亚迪将举行第100万辆新能源汽车下线仪式,比亚迪将举行第100万辆新能源汽车下线仪式
2021-05-16,【4月乘用车量-库-价深度】4月零售超预期，自主份额明显提升,【4月乘用车量-库-价深度】4月零售超预期，自主份额明显提升
2021-05-16,比亚迪“广告门”迎结局！“双面李鬼”被判入狱14年，数十家广告商濒临破产 其他违规处罚,比亚迪“广告门”迎结局！“双面李鬼”被判入狱14年，数十家广告商濒临破产 其他违规处罚
2021-05-16,和时间做了6个月的朋友，二级市场已赚200亿！高瓴还是原来那个“高瓴”？,和时间做了6个月的朋友，二级市场已赚200亿！高瓴还是原来那个“高瓴”？
2021-05-16,30 万预算买啥特斯拉？这 3 款国货当得起这个价！,30 万预算买啥特斯拉？这 3 款国货当得起这个价！
2021-05-16,磷酸铁锂龙头德方纳米：为何赚钱如此艰难？,磷酸铁锂龙头德方纳米：为何赚钱如此艰难？
2021-05-16,他38岁博士才毕业，如今靠卖电池成了香港新首富,他38岁博士才毕业，如今靠卖电池成了香港新首富
2021-05-16,全系佩刀 为什么比亚迪是合资电动车最强大的敌人？,全系佩刀 为什么比亚迪是合资电动车最强大的敌人？
2021-05-17,【东吴电新】电动车4月销量点评：受季节波动影响环比微降，销量符合预期,【东吴电新】电动车4月销量点评：受季节波动影响环比微降，销量符合预期
2021-05-17,电力设备：电车景气依旧 光伏拐点已现,电力设备：电车景气依旧 光伏拐点已现
2021-05-17,4月上险量排行突变：特斯拉环比暴跌66%，跌出前三 连续下跌,4月上险量排行突变：特斯拉环比暴跌66%，跌出前三 连续下跌
2021-05-17,比亚迪：DM-i超级混动自发布以来广受关注和认可，公司将积极安排和部署，以加快相关车型的产能提升,比亚迪：DM-i超级混动自发布以来广受关注和认可，公司将积极安排和部署，以加快相关车型的产能提升
2021-05-17,北京秦PLUS DM-i尊享车主集体交车仪式圆满落幕,北京秦PLUS DM-i尊享车主集体交车仪式圆满落幕
2021-05-17,A股资金流向：盘面较为混乱，小金属龙头获青睐,A股资金流向：盘面较为混乱，小金属龙头获青睐
2021-05-17,璧山：“三链”融合造产业高地 科创攻坚谋发展新局,璧山：“三链”融合造产业高地 科创攻坚谋发展新局
2021-05-17,汽车行业周报：大宗涨价 缺芯发酵 汽车行业风险加速释放,汽车行业周报：大宗涨价 缺芯发酵 汽车行业风险加速释放
2021-05-17,新能源车产销大幅跑赢行业 新能源汽车股票龙头股有哪些？,新能源车产销大幅跑赢行业 新能源汽车股票龙头股有哪些？
2021-05-17,新能源周报 | 特斯拉周跌12%，比亚迪将迎里程碑,新能源周报 | 特斯拉周跌12%，比亚迪将迎里程碑
2021-05-17,北向资金今日净买入25.78亿元，继续大幅加仓白酒股,北向资金今日净买入25.78亿元，继续大幅加仓白酒股
2021-05-17,21深度｜外牌“限行”政策落地半年：上海新能源汽车销量暴增3.5倍,21深度｜外牌“限行”政策落地半年：上海新能源汽车销量暴增3.5倍
2021-05-17,策略研究：研发开启中国制造进阶之路,策略研究：研发开启中国制造进阶之路
2021-05-17,又有三大掘金港股科技类指数产品获批，9巨头拔头筹,又有三大掘金港股科技类指数产品获批，9巨头拔头筹
2021-05-17,新能源行业动态点评：小鹏一季度毛利率继续提升 LFP贡献力量,新能源行业动态点评：小鹏一季度毛利率继续提升 LFP贡献力量
2021-05-17,比亚迪获4月深圳单一品牌及车型销量“双冠王”,比亚迪获4月深圳单一品牌及车型销量“双冠王”
2021-05-17,【华创汽车】2021中期策略：在迷雾中织网，在低谷时守望,【华创汽车】2021中期策略：在迷雾中织网，在低谷时守望
2021-05-17,比亚迪减少向公司采购是何原因？奕东电子回复IPO问询 问询,比亚迪减少向公司采购是何原因？奕东电子回复IPO问询 问询
2021-05-17,21深度｜动力电池格局再生变： 中航锂电、亿纬锂能等“二线电池”价值待重估,21深度｜动力电池格局再生变： 中航锂电、亿纬锂能等“二线电池”价值待重估
2021-05-17,比亚迪：DM-i混动车型订单很多新订单交付仍需平均3.5个月,比亚迪：DM-i混动车型订单很多新订单交付仍需平均3.5个月
2021-05-17,比亚迪：DM-i混动车型订单很多，新订单交付仍需平均3.5个月,比亚迪：DM-i混动车型订单很多，新订单交付仍需平均3.5个月
2021-05-17,中国新造车的「海外故事」怎么讲,中国新造车的「海外故事」怎么讲
2021-05-17,内地经济数据佳港股恒指扬166点，腾讯美团贡献75%升幅,内地经济数据佳港股恒指扬166点，腾讯美团贡献75%升幅
2021-05-17,DM-i昆仑战役引热议 比亚迪此举意义为何,DM-i昆仑战役引热议 比亚迪此举意义为何
2021-05-17,比亚迪唐DM-i油耗媒体实测 “黄金右脚”踩出百公里3.8L油耗,比亚迪唐DM-i油耗媒体实测 “黄金右脚”踩出百公里3.8L油耗
2021-05-17,比亚迪为DM-i超级混动车型交付缓慢道歉,比亚迪为DM-i超级混动车型交付缓慢道歉
2021-05-17,比亚迪汉诠释“安全才是电动车最大的豪华”,比亚迪汉诠释“安全才是电动车最大的豪华”
2021-05-17,汽车行业兴论碳中和系列2：2021-2025乘用车双积分考核压力如何？,汽车行业兴论碳中和系列2：2021-2025乘用车双积分考核压力如何？
2021-05-17,比亚迪发明“多功能鼠标”：可替代键盘,比亚迪发明“多功能鼠标”：可替代键盘
2021-05-17,安信证券--汽车行业：工信部发布344批《公告》，比亚迪电池外供长城【行业研究】,安信证券--汽车行业：工信部发布344批《公告》，比亚迪电池外供长城【行业研究】
2021-05-17,A股融资融券日报：两融余额增加42.69亿元（5月14日）,A股融资融券日报：两融余额增加42.69亿元（5月14日）
2021-05-17,中国新造车出海 “先驱与先烈，只有一线之隔”,中国新造车出海 “先驱与先烈，只有一线之隔”
2021-05-17,【行情】汽车整车板块异动拉升，北汽蓝谷涨停，长安汽车、比亚迪、力帆科技、长城汽车跟涨,【行情】汽车整车板块异动拉升，北汽蓝谷涨停，长安汽车、比亚迪、力帆科技、长城汽车跟涨
2021-05-17,4月新能源销量排名出炉，特斯拉大跌特跌，国产集体开挂 盈利能力下降,4月新能源销量排名出炉，特斯拉大跌特跌，国产集体开挂 盈利能力下降
2021-05-17,维权事件会导致特斯拉销量大减吗？ 盈利能力下降,维权事件会导致特斯拉销量大减吗？ 盈利能力下降
2021-05-17,安全是最大的豪华！比亚迪汉顶级电池安全是怎样炼成的,安全是最大的豪华！比亚迪汉顶级电池安全是怎样炼成的
2021-05-17,比亚迪“昆仑战役”惹争议，对提车影响大不大？,比亚迪“昆仑战役”惹争议，对提车影响大不大？
2021-05-17,上海奉贤法院对比亚迪“广告门”事件后续执行作出新裁定,上海奉贤法院对比亚迪“广告门”事件后续执行作出新裁定
2021-05-17,质选车：高端化转型 五菱凯捷能否再创神话,质选车：高端化转型 五菱凯捷能否再创神话
2021-05-17,车源分配不均？比亚迪回应：部分市场进行营销尝试,车源分配不均？比亚迪回应：部分市场进行营销尝试
2021-05-17,宁德时代市值近万亿，装机量世界第一，为何不学比亚迪自己造车？,宁德时代市值近万亿，装机量世界第一，为何不学比亚迪自己造车？
2021-05-17,动力电池板块表现突出，宁德时代、比亚迪、亿纬锂能、天赐材料涨势强劲,动力电池板块表现突出，宁德时代、比亚迪、亿纬锂能、天赐材料涨势强劲
2021-05-17,“叶飞效应”？机构预测高增长超跌大盘股曝光,“叶飞效应”？机构预测高增长超跌大盘股曝光
2021-05-17,4月MPV：五菱宏光显疲态 高端合资稳中有升,4月MPV：五菱宏光显疲态 高端合资稳中有升
2021-05-17,东莞证券--汽车行业跟踪点评：4月汽车销量小幅增长，新能源车渗透率上升【行业研究】,东莞证券--汽车行业跟踪点评：4月汽车销量小幅增长，新能源车渗透率上升【行业研究】
2021-05-17,比亚迪DM-i 车型交付引来“现象级”热议的背后,比亚迪DM-i 车型交付引来“现象级”热议的背后
2021-05-17,订单爆棚？网传有比亚迪客户迟迟提不到车向王传福公开“投诉”,订单爆棚？网传有比亚迪客户迟迟提不到车向王传福公开“投诉”
2021-05-17,“负面缠身”的特斯拉4月销量“腰斩”， 5月还能翻身吗？ 盈利能力下降,“负面缠身”的特斯拉4月销量“腰斩”， 5月还能翻身吗？ 盈利能力下降
2021-05-17,汽车和汽车零部件行业周报：4月销售数据走强 行业即将进入被动补库时区,汽车和汽车零部件行业周报：4月销售数据走强 行业即将进入被动补库时区
2021-05-17,八大券商主题策略：看好汽车行业黄金十年！新一轮高景气投资盛宴正式开启,八大券商主题策略：看好汽车行业黄金十年！新一轮高景气投资盛宴正式开启
2021-05-18,攻城还是守业？这家动力电池龙头企业陷两难境地,攻城还是守业？这家动力电池龙头企业陷两难境地
2021-05-18,盐湖提锂概念走强，高业绩个股名单来了，本月最高已涨18%,盐湖提锂概念走强，高业绩个股名单来了，本月最高已涨18%
2021-05-18,2021年4月汽车数据解读&投资展望：市场稳中向好,2021年4月汽车数据解读&投资展望：市场稳中向好
2021-05-18,新能源汽车行业：4月渗透率创新高 新势力份额环比提升,新能源汽车行业：4月渗透率创新高 新势力份额环比提升
2021-05-18,比亚迪入股安达科技，磷酸铁锂业务迎来爆发？,比亚迪入股安达科技，磷酸铁锂业务迎来爆发？
2021-05-18,小号唐？比亚迪全新纯电SUV来了 3.9s破百加速最快,小号唐？比亚迪全新纯电SUV来了 3.9s破百加速最快
2021-05-18,现象级技术 比亚迪DM-i混动车型热销爆单,现象级技术 比亚迪DM-i混动车型热销爆单
2021-05-18,比亚迪官方微博：比亚迪第100万辆新能源汽车下线仪式将于5月19日举行,比亚迪官方微博：比亚迪第100万辆新能源汽车下线仪式将于5月19日举行
2021-05-18,北京昌平润迪比亚迪旗舰店5月22日盛大开业,北京昌平润迪比亚迪旗舰店5月22日盛大开业
2021-05-18,中国新造车出海：底气不少，挑战很多,中国新造车出海：底气不少，挑战很多
2021-05-18,守护“看不见摸不着”的安全 比亚迪汉打造健康安全座驾,守护“看不见摸不着”的安全 比亚迪汉打造健康安全座驾
2021-05-18,曝比亚迪全新纯电SUV计划：代号UX，明年投产,曝比亚迪全新纯电SUV计划：代号UX，明年投产
2021-05-18,大厂造车|华为汽车概念股：京泉华凭啥5次涨停？,大厂造车|华为汽车概念股：京泉华凭啥5次涨停？
2021-05-18,智通每日大行研报丨同程艺龙(00780)绩后获多家大行一致唱好 小摩大幅上调中远海控(01919)目标价,智通每日大行研报丨同程艺龙(00780)绩后获多家大行一致唱好 小摩大幅上调中远海控(01919)目标价
2021-05-18,【罕见出手】桥水大幅减仓蔚来，阿里巴巴,【罕见出手】桥水大幅减仓蔚来，阿里巴巴
2021-05-18,华为最新人事调整，余承东任智能汽车解决方案BU CEO,华为最新人事调整，余承东任智能汽车解决方案BU CEO
2021-05-18,市值4500亿的比亚迪，王传福野心不断，既要造车也要造半导体,市值4500亿的比亚迪，王传福野心不断，既要造车也要造半导体
2021-05-18,美的重返汽车市场 家电巨头合纵连横“二度”造车能否成功？,美的重返汽车市场 家电巨头合纵连横“二度”造车能否成功？
2021-05-18,动力电池格局生变：中航锂电、亿纬锂能等价值待重估,动力电池格局生变：中航锂电、亿纬锂能等价值待重估
2021-05-18,汽车行业周报：4月中国品牌乘用车市场份额提升7.5%,汽车行业周报：4月中国品牌乘用车市场份额提升7.5%
2021-05-18,比亚迪4月销量大涨，汉出货8177辆！DM-i系列成爆款，招银国际：目标价282港元,比亚迪4月销量大涨，汉出货8177辆！DM-i系列成爆款，招银国际：目标价282港元
2021-05-18,电气设备-终端产销202104：国内产销持续强势 美国整体销量可观,电气设备-终端产销202104：国内产销持续强势 美国整体销量可观
2021-05-18,招银国际：比亚迪控股重申买入评级 目标价282港元,招银国际：比亚迪控股重申买入评级 目标价282港元
2021-05-18,睿智投资｜比亚迪控股 - H (1211 HK) – 半导体业务分拆上市有序推进,睿智投资｜比亚迪控股 - H (1211 HK) – 半导体业务分拆上市有序推进
2021-05-18,比亚迪“广告门”事件又有新进展 30余家广告商11亿元合同款成“水中月”,比亚迪“广告门”事件又有新进展 30余家广告商11亿元合同款成“水中月”
2021-05-18,10 万元买 SUV，比亚迪第二代宋 Pro 真“香”,10 万元买 SUV，比亚迪第二代宋 Pro 真“香”
2021-05-18,4月销量“腰斩”特斯拉还能翻盘吗？ 盈利能力下降,4月销量“腰斩”特斯拉还能翻盘吗？ 盈利能力下降
2021-05-18,特斯拉惨跌 4月新能源车企销量Top 10 盈利能力下降,特斯拉惨跌 4月新能源车企销量Top 10 盈利能力下降
2021-05-18,滴滴又找主机厂，这回是前装无人驾驶，有何意图？,滴滴又找主机厂，这回是前装无人驾驶，有何意图？
2021-05-18,真正的宁德时代 隐藏在两则不起眼的公告里,真正的宁德时代 隐藏在两则不起眼的公告里
2021-05-18,国产特斯拉今年出口或突破10万辆，中国汽车出口走强,国产特斯拉今年出口或突破10万辆，中国汽车出口走强
2021-05-18,天奈科技(688116)：全球碳纳米管龙头 迎广阔发展空间,天奈科技(688116)：全球碳纳米管龙头 迎广阔发展空间
2021-05-18,电力设备新能源周观察：4月新能源汽车销量符合预期 继续看好板块行情,电力设备新能源周观察：4月新能源汽车销量符合预期 继续看好板块行情
2021-05-18,汽车自主品牌携手做大市场,汽车自主品牌携手做大市场
2021-05-18,万联证券--电子行业周观点：印度疫情或将缩水安卓机出货增幅，比亚迪半导体分拆上市【行业研究】,万联证券--电子行业周观点：印度疫情或将缩水安卓机出货增幅，比亚迪半导体分拆上市【行业研究】
2021-05-18,招银国际：重申比亚迪控股(01211)“买入”评级 回调提供良好买入机会 目标价282港元,招银国际：重申比亚迪控股(01211)“买入”评级 回调提供良好买入机会 目标价282港元
2021-05-18,围攻宁德时代,围攻宁德时代
2021-05-18,售14.98万元 比亚迪e3新增车型上市,售14.98万元 比亚迪e3新增车型上市
2021-05-18,招银国际：比亚迪（002594.SZ）半导体业务分拆上市有序推进，目标价275.6元，维持“买入”评级,招银国际：比亚迪（002594.SZ）半导体业务分拆上市有序推进，目标价275.6元，维持“买入”评级
2021-05-18,深度*行业*汽车行业2021年中期策略：持续看好智能电动汽车赛道,深度*行业*汽车行业2021年中期策略：持续看好智能电动汽车赛道
2021-05-18,全国碳交易市场将开启：新能源积分价格已涨10倍，“比亚迪们”成大赢家,全国碳交易市场将开启：新能源积分价格已涨10倍，“比亚迪们”成大赢家
2021-05-18,美的加入电动车阵营：新能源产业链再被引爆,美的加入电动车阵营：新能源产业链再被引爆
2021-05-18,招银国际--比亚迪：半导体业务分拆上市有序推进【公司研究】,招银国际--比亚迪：半导体业务分拆上市有序推进【公司研究】
2021-05-18,A股融资融券日报：两融余额增加66.37亿元（5月17日）,A股融资融券日报：两融余额增加66.37亿元（5月17日）
2021-05-18,车市月观察|4月新能源：自主品牌迎高端化最佳时机,车市月观察|4月新能源：自主品牌迎高端化最佳时机
2021-05-19,比亚迪第100万辆新能源汽车下线 出海计划公布开启国际化战略,比亚迪第100万辆新能源汽车下线 出海计划公布开启国际化战略
2021-05-19,第100万辆新能源汽车下线，比亚迪稳坐中国新能源第一品牌,第100万辆新能源汽车下线，比亚迪稳坐中国新能源第一品牌
2021-05-19,汽车板块全天强势，主力资金净流入比亚迪超20亿元,汽车板块全天强势，主力资金净流入比亚迪超20亿元
2021-05-19,A股收盘综述：指数窄震分化，锂电池概念爆发,A股收盘综述：指数窄震分化，锂电池概念爆发
2021-05-19,比亚迪全新纯电轿车曝光：3.4s破百加速史上最快,比亚迪全新纯电轿车曝光：3.4s破百加速史上最快
2021-05-19,东吴证券--电气设备：海外动力电池21Q1详细点评：LG盈利大幅提升，在美产能扩张提速【行业研究】,东吴证券--电气设备：海外动力电池21Q1详细点评：LG盈利大幅提升，在美产能扩张提速【行业研究】
2021-05-19,新能车板块强势上涨,新能车板块强势上涨
2021-05-19,比亚迪涨超9%拉动锂电池板块整体走强，盘中掀涨停潮，机构看好锂电设备需求持续爆发,比亚迪涨超9%拉动锂电池板块整体走强，盘中掀涨停潮，机构看好锂电设备需求持续爆发
2021-05-19,苹果板块升势强劲，歌尔股份、欣旺达、水晶光电、蓝思、鹏鼎大涨,苹果板块升势强劲，歌尔股份、欣旺达、水晶光电、蓝思、鹏鼎大涨
2021-05-19,21家上市车企一季度账本出炉：营收、利润齐涨 ，材料成本上升致多家车企毛利率下滑 盈利能力下降,21家上市车企一季度账本出炉：营收、利润齐涨 ，材料成本上升致多家车企毛利率下滑 盈利能力下降
2021-05-19,比亚迪1500台搭载刀片电池的唐EV将于今年内发运至挪威,比亚迪1500台搭载刀片电池的唐EV将于今年内发运至挪威
2021-05-19,股市动态 | 沪指中止三连阳收跌0.51%，锂电池板块涨势凶猛，比亚迪涨逾9%,股市动态 | 沪指中止三连阳收跌0.51%，锂电池板块涨势凶猛，比亚迪涨逾9%
2021-05-19,比亚迪第一百万辆新能源车下线 品牌开启出海战略 首站选择挪威,比亚迪第一百万辆新能源车下线 品牌开启出海战略 首站选择挪威
2021-05-19,三大指数走势分化机构建议“轻指数、重结构、偏成长”｜思维市场关注,三大指数走势分化机构建议“轻指数、重结构、偏成长”｜思维市场关注
2021-05-19,比亚迪第100万辆新能源汽车下线，提速新能源产业向新共建,比亚迪第100万辆新能源汽车下线，提速新能源产业向新共建
2021-05-19,汽车行业周报：产销增长 估值回升 电动智能加速升级,汽车行业周报：产销增长 估值回升 电动智能加速升级
2021-05-19,比亚迪第100万辆新能源汽车下线 何猷君成第100万位车主,比亚迪第100万辆新能源汽车下线 何猷君成第100万位车主
2021-05-19,涨停复盘 | 指数分化近2600股下跌 锂电池概念火爆,涨停复盘 | 指数分化近2600股下跌 锂电池概念火爆
2021-05-19,比亚迪：中国首家完成一百万新能源乘用车下线的车企,比亚迪：中国首家完成一百万新能源乘用车下线的车企
2021-05-19,全新吉利帝豪神似小“星瑞” 比亚迪新车曝光丨情报局,全新吉利帝豪神似小“星瑞” 比亚迪新车曝光丨情报局
2021-05-19,比亚迪成为首个百万新能源车下线的中国品牌 提速国际化1500台唐EV年内交付挪威,比亚迪成为首个百万新能源车下线的中国品牌 提速国际化1500台唐EV年内交付挪威
2021-05-19,比亚迪等12股获特大单资金净流入超2亿元,比亚迪等12股获特大单资金净流入超2亿元
2021-05-19,电动汽车金属指数再创新高，锂持续看好,电动汽车金属指数再创新高，锂持续看好
2021-05-19,比亚迪(002594.SZ)股东吕向阳及其一致行动人质押167万股和解质335万股,比亚迪(002594.SZ)股东吕向阳及其一致行动人质押167万股和解质335万股
2021-05-19,比亚迪(002594)：持股5%以上股东部分股份质押及解除质押,比亚迪(002594)：持股5%以上股东部分股份质押及解除质押
2021-05-19,"第1,000,000辆，整个板块也大涨！","第1,000,000辆，整个板块也大涨！"
2021-05-19,比亚迪月底首战，传统、新势力密集登陆 中国新能源车为何鏖战挪威市场,比亚迪月底首战，传统、新势力密集登陆 中国新能源车为何鏖战挪威市场
2021-05-19,比亚迪第100万辆新能源车下线 整个板块也大涨,比亚迪第100万辆新能源车下线 整个板块也大涨
2021-05-19,前4月新能源汽车产销量均超70万辆，产业链高景气度有望持续（附股）丨牛熊眼,前4月新能源汽车产销量均超70万辆，产业链高景气度有望持续（附股）丨牛熊眼
2021-05-19,A股资金流向（5月19日）：比亚迪获资金爆买，银行股遭抛售,A股资金流向（5月19日）：比亚迪获资金爆买，银行股遭抛售
2021-05-19,比亚迪计划今年向挪威出口1500辆搭载刀片电池的唐EV,比亚迪计划今年向挪威出口1500辆搭载刀片电池的唐EV
2021-05-19,发改委支持民企投资建设储能设施，机构建议关注相关产业链,发改委支持民企投资建设储能设施，机构建议关注相关产业链
2021-05-19,跌停、跌停、又跌停！惨烈“杀猪盘”又来了,跌停、跌停、又跌停！惨烈“杀猪盘”又来了
2021-05-19,性价比优势突出，磷酸铁锂电池重获车企青睐,性价比优势突出，磷酸铁锂电池重获车企青睐
2021-05-19,完美解决动力、油耗矛盾需求 比亚迪DM-i订单量破10万,完美解决动力、油耗矛盾需求 比亚迪DM-i订单量破10万
2021-05-19,比亚迪回应DM-i车型交付太慢：平均等待3.5个月,比亚迪回应DM-i车型交付太慢：平均等待3.5个月
2021-05-19,【东吴电新】海外动力电池21Q1详细点评：LG盈利大幅提升，在美产能扩张提速,【东吴电新】海外动力电池21Q1详细点评：LG盈利大幅提升，在美产能扩张提速
2021-05-19,【中原机械】机械行业周报：中原机械行业周报-4月挖掘机增速快速回落，持续关注顺周期龙头和光伏锂电设备等成长龙头,【中原机械】机械行业周报：中原机械行业周报-4月挖掘机增速快速回落，持续关注顺周期龙头和光伏锂电设备等成长龙头
2021-05-19,特斯拉大麻烦来了？大跌2万亿后，大空头34亿做空,特斯拉大麻烦来了？大跌2万亿后，大空头34亿做空
2021-05-19,华为正在加速推进卖车业务,华为正在加速推进卖车业务
2021-05-19,EV晨报 | 力帆科技重启汽车业务；美的集团正式入局汽车产业；极狐阿尔法S华为HI版车型订单已超千辆,EV晨报 | 力帆科技重启汽车业务；美的集团正式入局汽车产业；极狐阿尔法S华为HI版车型订单已超千辆
2021-05-19,每日理财观察：美元指数失守90大关，大类资产今夜迎变盘关键时点,每日理财观察：美元指数失守90大关，大类资产今夜迎变盘关键时点
2021-05-19,4月上险排行：比亚迪汉超越Model 3/Y成一线城市最受欢迎车型,4月上险排行：比亚迪汉超越Model 3/Y成一线城市最受欢迎车型
2021-05-19,汽车股持续活跃，比亚迪领涨近5%,汽车股持续活跃，比亚迪领涨近5%
2021-05-19,【行情】汽车整车板块短线拉升，比亚迪涨超5%，小康股份、长城汽车、汉马科技跟涨,【行情】汽车整车板块短线拉升，比亚迪涨超5%，小康股份、长城汽车、汉马科技跟涨
2021-05-19,驾考有必要为电动汽车“开小灶”吗？,驾考有必要为电动汽车“开小灶”吗？
2021-05-19,比亚迪(002594.SZ)涨超6% 领涨汽车板块,比亚迪(002594.SZ)涨超6% 领涨汽车板块
2021-05-19,华为加速卖车合作方包括比亚迪 比亚迪A股暴涨8%,华为加速卖车合作方包括比亚迪 比亚迪A股暴涨8%
2021-05-19,【中原汽车】汽车行业周报：5月第一周零售较好，库存小幅上升,【中原汽车】汽车行业周报：5月第一周零售较好，库存小幅上升
2021-05-19,锂电池板块劲头十足，比亚迪、雅化集团领涨,锂电池板块劲头十足，比亚迪、雅化集团领涨
2021-05-19,比亚迪A股早盘放量大涨9%，成交额超40亿元,比亚迪A股早盘放量大涨9%，成交额超40亿元
2021-05-19,两则消息引发比亚迪逼涨停，高瓴笑了，这两只汽车股却崩了，梭哈还是抛售？,两则消息引发比亚迪逼涨停，高瓴笑了，这两只汽车股却崩了，梭哈还是抛售？
2021-05-19,AH异动丨比亚迪A股大涨9%，将与华为合作卖车,AH异动丨比亚迪A股大涨9%，将与华为合作卖车
2021-05-19,午评：指数早盘走势分化 汽车整车板块领涨,午评：指数早盘走势分化 汽车整车板块领涨
2021-05-19,中金：汽车行业估值体系正在发生变更,中金：汽车行业估值体系正在发生变更
2021-05-19,【行情】锂电池板块继续走强，合纵科技涨超15%，科恒股份涨超13%，沧州明珠、天际股份涨停，国光电器、比亚迪大涨超9%，雅化集团、中伟股份、华友钴业、赣锋锂业等纷纷跟涨,【行情】锂电池板块继续走强，合纵科技涨超15%，科恒股份涨超13%，沧州明珠、天际股份涨停，国光电器、比亚迪大涨超9%，雅化集团、中伟股份、华友钴业、赣锋锂业等纷纷跟涨
2021-05-19,Q1净利同比增长逾110% 比亚迪盘中大涨近9%,Q1净利同比增长逾110% 比亚迪盘中大涨近9%
2021-05-19,澳门赌王之子何猷君成为比亚迪第100万辆新能源汽车车主,澳门赌王之子何猷君成为比亚迪第100万辆新能源汽车车主
2021-05-19,比亚迪一个成功的里程碑，100万辆新能源汽车达成！,比亚迪一个成功的里程碑，100万辆新能源汽车达成！
2021-05-19,固态电池板块大涨 比亚迪涨幅居前,固态电池板块大涨 比亚迪涨幅居前
2021-05-19,汽车整车板块大幅拉升，江淮汽车涨停，比亚迪涨超9%，广汽集团、东风汽车、长,汽车整车板块大幅拉升，江淮汽车涨停，比亚迪涨超9%，广汽集团、东风汽车、长
2021-05-19,"跃跃御市:ABB保持稳定份额,自主品牌贡献新增量","跃跃御市:ABB保持稳定份额,自主品牌贡献新增量"
2021-05-19,汽车股涨势进一步扩大，江淮汽车涨停,汽车股涨势进一步扩大，江淮汽车涨停
2021-05-19,受两大利好消息刺激 比亚迪盘中大涨近9%,受两大利好消息刺激 比亚迪盘中大涨近9%
2021-05-19,车市销量达160.9万辆 4月份乘用车市场增幅回归常态,车市销量达160.9万辆 4月份乘用车市场增幅回归常态
2021-05-20,汽车行业跟踪点评：基础设施服务保障加码 支撑新能源车产业发展,汽车行业跟踪点评：基础设施服务保障加码 支撑新能源车产业发展
2021-05-20,大厂造车|华为汽车概念股：星云股份，蓄势新增长曲线？,大厂造车|华为汽车概念股：星云股份，蓄势新增长曲线？
2021-05-20,比亚迪第100万台新能源汽车下线 国际化战略再提速,比亚迪第100万台新能源汽车下线 国际化战略再提速
2021-05-20,合纵科技：公司产品在比亚迪的吨试认证正在进行中,合纵科技：公司产品在比亚迪的吨试认证正在进行中
2021-05-20,比亚迪获多项“网络预约出租汽车运输证”行政许可,比亚迪获多项“网络预约出租汽车运输证”行政许可
2021-05-20,国产新能源霸主是谁？13 年竟然卖出 100 万台！,国产新能源霸主是谁？13 年竟然卖出 100 万台！
2021-05-20,和讯SGI指数新能源TOP10出炉：派能科技“春光”正好，比亚迪静候“秋藏”,和讯SGI指数新能源TOP10出炉：派能科技“春光”正好，比亚迪静候“秋藏”
2021-05-20,比亚迪第100万辆新能源汽车下线 “双芯”支撑产销持续增长,比亚迪第100万辆新能源汽车下线 “双芯”支撑产销持续增长
2021-05-20,广汽、一汽、比亚迪争搭滴滴顺风车，出行巨头“左拥右抱”下的野心与焦虑,广汽、一汽、比亚迪争搭滴滴顺风车，出行巨头“左拥右抱”下的野心与焦虑
2021-05-20,陈建文老师健康分析：小鹏销量真有那么美好？,陈建文老师健康分析：小鹏销量真有那么美好？
2021-05-20,订单破十万现一车难求，比亚迪 DM-i 混动车型成现象级“网红”,订单破十万现一车难求，比亚迪 DM-i 混动车型成现象级“网红”
2021-05-20,公告精选：腾讯一季度营收1353亿元；爱建集团拟与吉祥航空等关联方投资吉道航,公告精选：腾讯一季度营收1353亿元；爱建集团拟与吉祥航空等关联方投资吉道航
2021-05-20,解锁100万辆成就 中国首家！比亚迪新能源汽车成了,解锁100万辆成就 中国首家！比亚迪新能源汽车成了
2021-05-20,拉赌王之子站台，「100 万辆」的比亚迪也要出海,拉赌王之子站台，「100 万辆」的比亚迪也要出海
2021-05-20,博星证券邢星：新的主线出现了,博星证券邢星：新的主线出现了
2021-05-20,新能源车自主品牌扎堆挪威市场,新能源车自主品牌扎堆挪威市场
2021-05-20,今天国际：中标比亚迪第二事业部西安地区原材料库设备项目,今天国际：中标比亚迪第二事业部西安地区原材料库设备项目
2021-05-20,晚间重要公告2021年5月20日星期四,晚间重要公告2021年5月20日星期四
2021-05-20,通达动力：与目前市场主流的新能源汽车厂商，例如比亚迪，吉利，蔚来等均有合作关系,通达动力：与目前市场主流的新能源汽车厂商，例如比亚迪，吉利，蔚来等均有合作关系
2021-05-20,星云股份：长安、北汽、小康、比亚迪为公司客户,星云股份：长安、北汽、小康、比亚迪为公司客户
2021-05-20,公告精选丨今天国际获得宁德时代2.2亿订单；舍得酒业提醒二季度经营存不确定性,公告精选丨今天国际获得宁德时代2.2亿订单；舍得酒业提醒二季度经营存不确定性
2021-05-20,今天国际(300532.SZ)：2021年已累计收到比亚迪方面采购订单2.16亿元,今天国际(300532.SZ)：2021年已累计收到比亚迪方面采购订单2.16亿元
2021-05-20,今天国际(300532)：收到比亚迪中标通知书，中标价：3317万元,今天国际(300532)：收到比亚迪中标通知书，中标价：3317万元
2021-05-20,四款插电混动 SUV 推荐：谁是全能冠军？,四款插电混动 SUV 推荐：谁是全能冠军？
2021-05-20,比亚迪迈入“百万辆俱乐部” 芯片会否成为下一个制高点？,比亚迪迈入“百万辆俱乐部” 芯片会否成为下一个制高点？
2021-05-20,比亚迪获得深圳“网约车客运”行政许可,比亚迪获得深圳“网约车客运”行政许可
2021-05-20,比亚迪第100万辆新能源汽车下线！股价大涨逾5%,比亚迪第100万辆新能源汽车下线！股价大涨逾5%
2021-05-20,国都证券研究所晨报,国都证券研究所晨报
2021-05-20,里程碑达成 比亚迪正式进入下半场竞争,里程碑达成 比亚迪正式进入下半场竞争
2021-05-20,100万辆！比亚迪新能源车下线新纪录,100万辆！比亚迪新能源车下线新纪录
2021-05-20,第100万辆比亚迪新能源汽车下线 今年将加快进军海外市场,第100万辆比亚迪新能源汽车下线 今年将加快进军海外市场
2021-05-20,虚拟货币一周蒸发6000亿，马斯克来回割韭菜？,虚拟货币一周蒸发6000亿，马斯克来回割韭菜？
2021-05-20,每日理财观察：美联储透露新动向，币圈50万人爆仓400亿,每日理财观察：美联储透露新动向，币圈50万人爆仓400亿
2021-05-20,2021年4月汽车行业销量总结：缺芯导致4月乘用车批发销量承压 重卡和新能源高景气持续,2021年4月汽车行业销量总结：缺芯导致4月乘用车批发销量承压 重卡和新能源高景气持续
2021-05-20,中信证券：拜登力推汽车电动化，产业链中上游的中国优质供应商有望继续受益,中信证券：拜登力推汽车电动化，产业链中上游的中国优质供应商有望继续受益
2021-05-20,比亚迪第100万辆新能源车下线 年内交付挪威市场,比亚迪第100万辆新能源车下线 年内交付挪威市场
2021-05-20,A股融资融券日报：两融余额增加46.4亿元（5月19日）,A股融资融券日报：两融余额增加46.4亿元（5月19日）
2021-05-20,A股早报2021年5月20日星期四,A股早报2021年5月20日星期四
2021-05-20,比亚迪等14股获融资净买入超亿元,比亚迪等14股获融资净买入超亿元
2021-05-20,比亚迪月底出战 国产新能源车竞逐海外,比亚迪月底出战 国产新能源车竞逐海外
2021-05-20,比亚迪第100万辆新能源车下线：含金量几何？,比亚迪第100万辆新能源车下线：含金量几何？
2021-05-20,爆火的新能源汽车产业掣肘仍多：很多产业链基础问题未解决，软件生态亦缺失,爆火的新能源汽车产业掣肘仍多：很多产业链基础问题未解决，软件生态亦缺失
2021-05-20,港股异动 | 汽车股走强 比亚迪(1211.HK)涨超5%,港股异动 | 汽车股走强 比亚迪(1211.HK)涨超5%
2021-05-20,全球最快量产100万电动车 比亚迪提速国际化战略,全球最快量产100万电动车 比亚迪提速国际化战略
2021-05-20,比亚迪进入百万俱乐部，感谢同行（hang），感谢同行（xing）,比亚迪进入百万俱乐部，感谢同行（hang），感谢同行（xing）
2021-05-20,港股汽车板块走强：长城汽车涨近7%比亚迪涨超5%,港股汽车板块走强：长城汽车涨近7%比亚迪涨超5%
2021-05-20,市场爆发期即将来临 本土动力电池制造设备企业要练内功抓机遇,市场爆发期即将来临 本土动力电池制造设备企业要练内功抓机遇
2021-05-20,均超70万辆！今年1-4月 新能源汽车产销量上涨明显,均超70万辆！今年1-4月 新能源汽车产销量上涨明显
2021-05-20,海联金汇：目前公司已与上汽大众、吉利、上汽通用五菱、长城汽车、广汽、北汽新能源、广汽丰田、比亚迪、理想、特斯拉等知名车企开展合作,海联金汇：目前公司已与上汽大众、吉利、上汽通用五菱、长城汽车、广汽、北汽新能源、广汽丰田、比亚迪、理想、特斯拉等知名车企开展合作
2021-05-20,缺芯大变局：国产芯的困境与突围,缺芯大变局：国产芯的困境与突围
2021-05-20,第100万辆新能源车下线！比亚迪的下一站还能一飞冲天吗？,第100万辆新能源车下线！比亚迪的下一站还能一飞冲天吗？
2021-05-20,特斯拉跌惨了？最热销的豪车居然不是 BBA！,特斯拉跌惨了？最热销的豪车居然不是 BBA！
2021-05-21,全球新能源销量榜单，“中外比”目前是多少？,全球新能源销量榜单，“中外比”目前是多少？
2021-05-21,交付需等待 3.5 个月，比亚迪 DM-i “爆单”？,交付需等待 3.5 个月，比亚迪 DM-i “爆单”？
2021-05-21,5月21日晚间重要行业研究汇总(附股),5月21日晚间重要行业研究汇总(附股)
2021-05-21,成都市乾元新景新能源汽车服务有限公司环境违法被罚3.8万元 环保处罚,成都市乾元新景新能源汽车服务有限公司环境违法被罚3.8万元 环保处罚
2021-05-21,汽车行业：行业景气持续 电动化智能化引领变革,汽车行业：行业景气持续 电动化智能化引领变革
2021-05-21,【镍钴锂峰会】新能源汽车动力锂电池回收综合利用,【镍钴锂峰会】新能源汽车动力锂电池回收综合利用
2021-05-21,这台“国产车”在欧洲卖 50 万元，丑得令人发指，却备受好评？,这台“国产车”在欧洲卖 50 万元，丑得令人发指，却备受好评？
2021-05-21,牛熊日报丨腾讯沽证集体暴涨！瑞信：留意京东比亚迪购证,牛熊日报丨腾讯沽证集体暴涨！瑞信：留意京东比亚迪购证
2021-05-21,新能源行业动态点评：比亚迪新能源汽车销量破100万辆,新能源行业动态点评：比亚迪新能源汽车销量破100万辆
2021-05-21,北向资金小幅净卖出近6亿元，三一重工连续7日净卖出,北向资金小幅净卖出近6亿元，三一重工连续7日净卖出
2021-05-21,恒指季检：比亚迪、信义光能等获纳入恒指；B站获纳入恒生科技指数,恒指季检：比亚迪、信义光能等获纳入恒指；B站获纳入恒生科技指数
2021-05-21,天风证券：6月4日召开“18亚迪01”持有人会议，审议提前兑付议案,天风证券：6月4日召开“18亚迪01”持有人会议，审议提前兑付议案
2021-05-21,恒生指数公司：比亚迪、碧桂园、信义光能控股有限公司获纳入恒生指数,恒生指数公司：比亚迪、碧桂园、信义光能控股有限公司获纳入恒生指数
2021-05-21,恒生指数公司：比亚迪获纳入恒生指数 哔哩哔哩获纳入恒生科技指数,恒生指数公司：比亚迪获纳入恒生指数 哔哩哔哩获纳入恒生科技指数
2021-05-21,恒指公司公布季检结果！比亚迪等公司获纳入恒指,恒指公司公布季检结果！比亚迪等公司获纳入恒指
2021-05-21,恒生公司：比亚迪、碧桂园服务获纳入恒指 B站纳入恒生科指,恒生公司：比亚迪、碧桂园服务获纳入恒指 B站纳入恒生科指
2021-05-21,信义光能(00968)、比亚迪(01211)、碧桂园服务(06098)染蓝！恒指成份股增至58只！,信义光能(00968)、比亚迪(01211)、碧桂园服务(06098)染蓝！恒指成份股增至58只！
2021-05-21,比亚迪的倔强，都写在了王传福的脸上,比亚迪的倔强，都写在了王传福的脸上
2021-05-21,恒指季检结果出炉，谁家欢乐谁家愁？,恒指季检结果出炉，谁家欢乐谁家愁？
2021-05-21,科技公司造车“阳谋”：从小米到美的，只有汽车产业装得下扩张的“野心”,科技公司造车“阳谋”：从小米到美的，只有汽车产业装得下扩张的“野心”
2021-05-21,在中国每5辆新能源汽车中就有一辆是比亚迪,在中国每5辆新能源汽车中就有一辆是比亚迪
2021-05-21,【SMM分析】4月新能源汽车销量环降11.5% 特斯拉国内多地遇冷 盈利能力下降,【SMM分析】4月新能源汽车销量环降11.5% 特斯拉国内多地遇冷 盈利能力下降
2021-05-21,本文内容精编自中金公司研报《十年展望：汽车行业的蝴蝶效应》,本文内容精编自中金公司研报《十年展望：汽车行业的蝴蝶效应》
2021-05-21,汽车行业2020年报及2021年1季报综述：经济恢复背景下汽车行业景气上升 业绩回暖,汽车行业2020年报及2021年1季报综述：经济恢复背景下汽车行业景气上升 业绩回暖
2021-05-21,【最全】2021年中国客车产业整车制造上市公司全方位对比(附业务布局、业绩对比、业务规划等),【最全】2021年中国客车产业整车制造上市公司全方位对比(附业务布局、业绩对比、业务规划等)
2021-05-21,近5日机构调低这7只个股评级比亚迪遭卖出 投资评级恶化,近5日机构调低这7只个股评级比亚迪遭卖出 投资评级恶化
2021-05-21,财信证券晨会20210521,财信证券晨会20210521
2021-05-21,【电新*曾朵红】特斯拉及造车新势力：一季度盈利水平回升，21年高增长可期，供应链受益,【电新*曾朵红】特斯拉及造车新势力：一季度盈利水平回升，21年高增长可期，供应链受益
2021-05-21,【东吴晨报0521】【固收】【宏观】【行业】电新【个股】名创优品,【东吴晨报0521】【固收】【宏观】【行业】电新【个股】名创优品
2021-05-21,策略日报：资源类板块回落 汽车板块领涨,策略日报：资源类板块回落 汽车板块领涨
2021-05-21,数据解放生产力——琰究摩托车数据系列（2021年4月）【华西汽车 崔琰团队】,数据解放生产力——琰究摩托车数据系列（2021年4月）【华西汽车 崔琰团队】
2021-05-21,股海导航 5月21日沪深股市公告提示,股海导航 5月21日沪深股市公告提示
2021-05-21,电动车2021年4月专题报告：车展新车型引爆需求 长期高增长可期,电动车2021年4月专题报告：车展新车型引爆需求 长期高增长可期
2021-05-21,A股融资融券日报：两融余额增加9.63亿元（5月20日）,A股融资融券日报：两融余额增加9.63亿元（5月20日）
2021-05-21,电动车的“心脏”很关键，盘点电动车中电池关键技术,电动车的“心脏”很关键，盘点电动车中电池关键技术
2021-05-21,2021金典奖全国公众满意年度典范品牌30强（排名不分先后）,2021金典奖全国公众满意年度典范品牌30强（排名不分先后）
2021-05-21,A股异动 | 今天国际(300532.SZ)涨逾6% 获得比亚迪和宁德时代订单,A股异动 | 今天国际(300532.SZ)涨逾6% 获得比亚迪和宁德时代订单
2021-05-21,和华为合作，赛力斯从“小康”走向“富贵”？,和华为合作，赛力斯从“小康”走向“富贵”？
2021-05-21,东吴证券--电动车行业点评：特斯拉及造车新势力：一季度盈利水平回升，21年高增长可期，供应链受益【行业研究】,东吴证券--电动车行业点评：特斯拉及造车新势力：一季度盈利水平回升，21年高增长可期，供应链受益【行业研究】
2021-05-21,量产装车突破1000万颗！比亚迪半导体车规级MCU成了,量产装车突破1000万颗！比亚迪半导体车规级MCU成了
2021-05-21,比亚迪交付英国第500台纯电动大巴 总销量破千,比亚迪交付英国第500台纯电动大巴 总销量破千
2021-05-21,“双江”意外出走，是一个危险的信号,“双江”意外出走，是一个危险的信号
2021-05-21,小鹏一季度软件收入超去年一半 软件收费打开车企新盈利通道？,小鹏一季度软件收入超去年一半 软件收费打开车企新盈利通道？
2021-05-21,比亚迪半导体车规级MCU量产装车突破1000万颗,比亚迪半导体车规级MCU量产装车突破1000万颗
2021-05-21,纯电微车均价跌破4.5万 新能源价格指数,纯电微车均价跌破4.5万 新能源价格指数
2021-05-21,川财证券：电动车是历史性的技术变革，国产车企有望弯道超车,川财证券：电动车是历史性的技术变革，国产车企有望弯道超车
2021-05-21,被追赶的新能源汽车领导者,被追赶的新能源汽车领导者
2021-05-21,第一个迈入新能源百万俱乐部后，比亚迪宣告冲向欧洲市场,第一个迈入新能源百万俱乐部后，比亚迪宣告冲向欧洲市场
2021-05-22,2022超级电池时代，1000km起步,2022超级电池时代，1000km起步
2021-05-22,汽车代工成趋势，车企变身“工具人”？,汽车代工成趋势，车企变身“工具人”？
2021-05-22,比亚迪百万辆新能源汽车下线,比亚迪百万辆新能源汽车下线
2021-05-22,盘点 | 19家企业！宁德、LG、比亚迪等出海扩产能！,盘点 | 19家企业！宁德、LG、比亚迪等出海扩产能！
2021-05-22,卖房、做手机、造家电，“阿猫阿狗”都来造车？,卖房、做手机、造家电，“阿猫阿狗”都来造车？
2021-05-22,宁德时代连续2日爆出大动作！行业格局或迎来变动,宁德时代连续2日爆出大动作！行业格局或迎来变动
2021-05-22,新能源车市继续升温，4月销量增幅跑赢大盘，特斯拉下滑近三成，资本狂欢属于“华为系” 盈利能力下降,新能源车市继续升温，4月销量增幅跑赢大盘，特斯拉下滑近三成，资本狂欢属于“华为系” 盈利能力下降
2021-05-22,高端制造：科技行业物联网周报：滴滴自动驾驶携手广汽埃安推进量产全无人驾驶车型,高端制造：科技行业物联网周报：滴滴自动驾驶携手广汽埃安推进量产全无人驾驶车型
2021-05-22,100 万辆之后，比亚迪的喜与忧,100 万辆之后，比亚迪的喜与忧
2021-05-22,DM-i 混动车型一车难等，比亚迪为交付缓慢道歉,DM-i 混动车型一车难等，比亚迪为交付缓慢道歉
2021-05-22,揭秘本周聪明钱｜融资客大发神威逆势抢入这类股，1只创6年新高牛股被反手抛售！,揭秘本周聪明钱｜融资客大发神威逆势抢入这类股，1只创6年新高牛股被反手抛售！
2021-05-23,车市周“数”评丨特斯拉市值较1月高点蒸发3000亿美元 捷豹路虎2020/21财年盈利6.62亿英镑 连续下跌,车市周“数”评丨特斯拉市值较1月高点蒸发3000亿美元 捷豹路虎2020/21财年盈利6.62亿英镑 连续下跌
2021-05-23,板块拾金| 热点轮动的当下，锂电、医药、消费机会怎么看？,板块拾金| 热点轮动的当下，锂电、医药、消费机会怎么看？
2021-05-23,50台，比亚迪获得意大利都灵最大纯电动巴士订单,50台，比亚迪获得意大利都灵最大纯电动巴士订单
2021-05-23,恒生指数系列季度检讨结果公布 比亚迪等3只个股被纳入恒生指数成份股,恒生指数系列季度检讨结果公布 比亚迪等3只个股被纳入恒生指数成份股
2021-05-23,上汽VS广汽，国企大厂转型新能源，断臂or破茧？,上汽VS广汽，国企大厂转型新能源，断臂or破茧？
2021-05-23,热门融资标的股票分析,热门融资标的股票分析
2021-05-23,电气设备周观点：产业链价格再迎上调 光伏海内外持续高景气,电气设备周观点：产业链价格再迎上调 光伏海内外持续高景气
2021-05-23,安信电新：锂电材料验证板块高景气，新政落地风光起量在即,安信电新：锂电材料验证板块高景气，新政落地风光起量在即
2021-05-24,芯片短缺影响29款车型，一汽大众二季度拟减产30%,芯片短缺影响29款车型，一汽大众二季度拟减产30%
2021-05-24,"和讯SGI公司|比亚迪SGI指数最新评分为69, 营收超1500亿","和讯SGI公司|比亚迪SGI指数最新评分为69, 营收超1500亿"
2021-05-24,高镍三元正逐渐“撕开”磷酸铁锂成本“护城河”,高镍三元正逐渐“撕开”磷酸铁锂成本“护城河”
2021-05-24,哈啰出行的价值：在出行红海里开辟一条新航线,哈啰出行的价值：在出行红海里开辟一条新航线
2021-05-24,高盛：料美团、阿里、比亚迪染蓝分别有望吸引9亿、5亿和3亿美元的资金流入,高盛：料美团、阿里、比亚迪染蓝分别有望吸引9亿、5亿和3亿美元的资金流入
2021-05-24,4月新能源车市场高景气延续、动力电池Top10企业所占市场份额下降 经营问题,4月新能源车市场高景气延续、动力电池Top10企业所占市场份额下降 经营问题
2021-05-24,比亚迪在唐山成立新公司，注册资本100万人民币,比亚迪在唐山成立新公司，注册资本100万人民币
2021-05-24,北向资金今日净买入超18亿，继续加仓医药股,北向资金今日净买入超18亿，继续加仓医药股
2021-05-24,华为声明后，1300亿巨头被砸跌停！机构怎么看？,华为声明后，1300亿巨头被砸跌停！机构怎么看？
2021-05-24,华为不造车声明后，“三驾马车”齐翻车，机构怎么看？,华为不造车声明后，“三驾马车”齐翻车，机构怎么看？
2021-05-24,实探华为卖车：“赛力斯们”的喜与忧,实探华为卖车：“赛力斯们”的喜与忧
2021-05-24,年产能提高至24万辆！蔚来与江淮续约，供应链上游企业加紧扩产,年产能提高至24万辆！蔚来与江淮续约，供应链上游企业加紧扩产
2021-05-24,华为重申不造车 概念龙头集体大跌 连续下跌,华为重申不造车 概念龙头集体大跌 连续下跌
2021-05-24,新能源车板块上涨乏力，这些概念股遭北向资金净卖出额超亿元,新能源车板块上涨乏力，这些概念股遭北向资金净卖出额超亿元
2021-05-24,震裕科技(300953)：精密冲压模具龙头 锂电结构件新秀,震裕科技(300953)：精密冲压模具龙头 锂电结构件新秀
2021-05-24,比亚迪入选《时代周刊》年度最有影响力的100家企业,比亚迪入选《时代周刊》年度最有影响力的100家企业
2021-05-24,比亚迪：中国首家完成一百万新能源乘用车下线的车企,比亚迪：中国首家完成一百万新能源乘用车下线的车企
2021-05-24,汽车行业周报：长安将推AB品牌 华为赋能再添员,汽车行业周报：长安将推AB品牌 华为赋能再添员
2021-05-24,比亚迪在唐山成立新公司 经营范围包含汽车故障检测等业务,比亚迪在唐山成立新公司 经营范围包含汽车故障检测等业务
2021-05-24,比亚迪在英国、意大利相继交付新车：大受欢迎,比亚迪在英国、意大利相继交付新车：大受欢迎
2021-05-24,海外中资股｜恒指重大调整公布，信义光能、比亚迪等获纳入,海外中资股｜恒指重大调整公布，信义光能、比亚迪等获纳入
2021-05-24,为什么会是挪威？,为什么会是挪威？
2021-05-24,驾考有必要为电动汽车“开小灶”吗？,驾考有必要为电动汽车“开小灶”吗？
2021-05-24,4 月车市排行榜来袭，大众销量暴跌，哈弗 H6 被本田吊打 盈利能力下降,4 月车市排行榜来袭，大众销量暴跌，哈弗 H6 被本田吊打 盈利能力下降
2021-05-24,震裕科技(300953)深度：乘新能源汽车东风，锂电池结构件后起之秀,震裕科技(300953)深度：乘新能源汽车东风，锂电池结构件后起之秀
2021-05-24,要不要下场造电芯？所有车企面临的一道选择题,要不要下场造电芯？所有车企面临的一道选择题
2021-05-24,北汽蓝谷年产能达26万辆利用率仅5% 定增55亿近半投向高端车型,北汽蓝谷年产能达26万辆利用率仅5% 定增55亿近半投向高端车型
2021-05-24,川财证券--电力设备及新能源行业周报：比亚迪销量破100万辆，国产电动车有望弯道超车【行业研究】,川财证券--电力设备及新能源行业周报：比亚迪销量破100万辆，国产电动车有望弯道超车【行业研究】
2021-05-24,比亚迪在唐山成立新销售公司,比亚迪在唐山成立新销售公司
2021-05-24,汽车｜智能驾驶：征程3配套理想ONE，征程5成功流片,汽车｜智能驾驶：征程3配套理想ONE，征程5成功流片
2021-05-24,储能将成风光之后又一超级赛道，企业发展现状如何？,储能将成风光之后又一超级赛道，企业发展现状如何？
2021-05-24,汽车周报：4月需求复苏态势持续确认 缺芯可控把握电动智能机遇,汽车周报：4月需求复苏态势持续确认 缺芯可控把握电动智能机遇
2021-05-24,销量2.5万召回2.1万，比亚迪新能源的近忧 产品问题,销量2.5万召回2.1万，比亚迪新能源的近忧 产品问题
2021-05-24,比亚迪晒半导体成绩单：MCU芯片，出货量超20亿颗,比亚迪晒半导体成绩单：MCU芯片，出货量超20亿颗
2021-05-24,快讯：港股恒指低开0.14% 比亚迪获纳入恒指涨近3%,快讯：港股恒指低开0.14% 比亚迪获纳入恒指涨近3%
2021-05-24,北汽蓝谷年产能利用率仅5% 销量降82.79%陷入巨亏 盈利能力下降,北汽蓝谷年产能利用率仅5% 销量降82.79%陷入巨亏 盈利能力下降
2021-05-24,港股异动 | 比亚迪(1211.HK)涨4.7% 获纳入恒生指数和恒生中国企业指数,港股异动 | 比亚迪(1211.HK)涨4.7% 获纳入恒生指数和恒生中国企业指数
2021-05-24,【申港电新|周观点】我国4月新能源车市场高景气延续,【申港电新|周观点】我国4月新能源车市场高景气延续
2021-05-24,中信证券晨会,中信证券晨会
2021-05-24,岑智勇：恒指成份股更变 比亚迪阿里美团成赢家,岑智勇：恒指成份股更变 比亚迪阿里美团成赢家
2021-05-24,A股融资融券日报：两融余额减少24.62亿元（5月21日）,A股融资融券日报：两融余额减少24.62亿元（5月21日）
2021-05-24,"比亚迪新能源车突破百万辆背后:中国品牌借""东风""突破","比亚迪新能源车突破百万辆背后:中国品牌借""东风""突破"
2021-05-25,中泰证券--电力设备新能源周观察：产业链价格再迎上调，光伏海内外持续高景气【行业研究】,中泰证券--电力设备新能源周观察：产业链价格再迎上调，光伏海内外持续高景气【行业研究】
2021-05-25,双积分价格已涨10倍，“蔚小理”们笑了,双积分价格已涨10倍，“蔚小理”们笑了
2021-05-25,华为汽车概念股四小龙集体暴跌，市值蒸发300亿 连续下跌,华为汽车概念股四小龙集体暴跌，市值蒸发300亿 连续下跌
2021-05-25,天奈科技(688116)更新报告：导电剂渗透率提升 公司未来可期,天奈科技(688116)更新报告：导电剂渗透率提升 公司未来可期
2021-05-25,围攻宁德时代,围攻宁德时代
2021-05-25,公共领域用车未来将全面实现电动化，三条主线布局投资机会丨牛熊眼,公共领域用车未来将全面实现电动化，三条主线布局投资机会丨牛熊眼
2021-05-25,延长续驶里程！比亚迪公开能量回收专利,延长续驶里程！比亚迪公开能量回收专利
2021-05-25,比亚迪公开“车辆及其能量回收方法”专利 可延长续驶里程,比亚迪公开“车辆及其能量回收方法”专利 可延长续驶里程
2021-05-25,化学制品-轮胎点评：美国终裁落地 符合预期影响有限,化学制品-轮胎点评：美国终裁落地 符合预期影响有限
2021-05-25,“2021智通财经夏季投资策略会”于杭州顺利举办！,“2021智通财经夏季投资策略会”于杭州顺利举办！
2021-05-25,钠电池折射锂价上涨对下游的压力，供需紧张涨价持续——锂电池行业点评报告,钠电池折射锂价上涨对下游的压力，供需紧张涨价持续——锂电池行业点评报告
2021-05-25,新能源汽车行业策略报告：碳中和大势已定 电动化进程加速,新能源汽车行业策略报告：碳中和大势已定 电动化进程加速
2021-05-25,电力设备与新能源行业：电动车车型驱动锂电供不应求全面超预期 光伏和工控龙头强者恒强,电力设备与新能源行业：电动车车型驱动锂电供不应求全面超预期 光伏和工控龙头强者恒强
2021-05-25,华友钴业(603799)：收购巴莫科技布局正极 加码镍湿法冶炼项目 产业链一体化再完善,华友钴业(603799)：收购巴莫科技布局正极 加码镍湿法冶炼项目 产业链一体化再完善
2021-05-25,比亚迪(002594.SZ)股东融捷投资控股质押166.67万股及解除质押237万股,比亚迪(002594.SZ)股东融捷投资控股质押166.67万股及解除质押237万股
2021-05-25,机械设备行业研究周报：电动汽车电池热管理中的机械机会,机械设备行业研究周报：电动汽车电池热管理中的机械机会
2021-05-25,汽车行业周报第16期：上汽乘用车海外销量上升 阿维塔科技携手华为,汽车行业周报第16期：上汽乘用车海外销量上升 阿维塔科技携手华为
2021-05-25,试驾宋 PLUS DM-i，彻底被这套超级混动洗了脑,试驾宋 PLUS DM-i，彻底被这套超级混动洗了脑
2021-05-25,国产汽车芯片欲解芯片荒 但难跨认证壁垒,国产汽车芯片欲解芯片荒 但难跨认证壁垒
2021-05-25,汽车芯片“慌” 价格上涨10到20倍,汽车芯片“慌” 价格上涨10到20倍
2021-05-25,逾60家公司拟“A拆A”，母公司盈利能力或是成败关键,逾60家公司拟“A拆A”，母公司盈利能力或是成败关键
2021-05-25,碳达峰、碳中和引领，储能产业步入战略机遇期,碳达峰、碳中和引领，储能产业步入战略机遇期
2021-05-25,融资余额两周增长近300亿元，医药生物等三大板块最吸金,融资余额两周增长近300亿元，医药生物等三大板块最吸金
2021-05-25,新能源积分交易价格最高涨9倍 造车新势力卖分创收 传统车企买分增亏 亏损,新能源积分交易价格最高涨9倍 造车新势力卖分创收 传统车企买分增亏 亏损
2021-05-25,环比下跌 66%，特斯拉四月份“上险量”明显下降,环比下跌 66%，特斯拉四月份“上险量”明显下降
2021-05-25,掉队的比亚迪辜负了这个造车新时代,掉队的比亚迪辜负了这个造车新时代
2021-05-25,A股融资融券日报：两融余额增加58.06亿元（5月24日）,A股融资融券日报：两融余额增加58.06亿元（5月24日）
2021-05-25,汽车行业2021年下半年投资策略：智能化浪潮来临，关注三条主线,汽车行业2021年下半年投资策略：智能化浪潮来临，关注三条主线
2021-05-25,钠离子电池又成热点，动力电池板块为何概念频出？,钠离子电池又成热点，动力电池板块为何概念频出？
2021-05-25,麋鹿测试、制动性能树操控安全标杆，解析比亚迪汉硬核安全,麋鹿测试、制动性能树操控安全标杆，解析比亚迪汉硬核安全
2021-05-25,比亚迪缺芯之谜？自称不缺芯片，外资汽车供应商却称被委托采购芯片,比亚迪缺芯之谜？自称不缺芯片，外资汽车供应商却称被委托采购芯片
2021-05-26,广东区域股市周报：总市值涨1516亿 比亚迪市值增长505.88亿,广东区域股市周报：总市值涨1516亿 比亚迪市值增长505.88亿
2021-05-26,阿里造车终于落地，智己 L7 预售 40.88 万起，干的过比亚迪？,阿里造车终于落地，智己 L7 预售 40.88 万起，干的过比亚迪？
2021-05-26,推动制造业高质量发展｜促进创新链产业链耦合 璧山打造现代制造业产业体系,推动制造业高质量发展｜促进创新链产业链耦合 璧山打造现代制造业产业体系
2021-05-26,3000亿巨头闪崩20%！比亚迪电子却一度狂飙超20%，发生了什么？ 连续下跌,3000亿巨头闪崩20%！比亚迪电子却一度狂飙超20%，发生了什么？ 连续下跌
2021-05-26,进军电子烟？比亚迪电子：代工为主，无独立上市计划,进军电子烟？比亚迪电子：代工为主，无独立上市计划
2021-05-26,雪球副总裁刘江涛：“深挖价值”时代正加速到来,雪球副总裁刘江涛：“深挖价值”时代正加速到来
2021-05-26,电子烟概念股大跌！官方报告质疑安全性，比亚迪入局抢食、思摩尔股价闪崩 连续下跌,电子烟概念股大跌！官方报告质疑安全性，比亚迪入局抢食、思摩尔股价闪崩 连续下跌
2021-05-26,晚间要闻2021年5月26日星期三,晚间要闻2021年5月26日星期三
2021-05-26,北向资金连续三日抢筹A股超300亿，贵州茅台再获净买入超11亿元,北向资金连续三日抢筹A股超300亿，贵州茅台再获净买入超11亿元
2021-05-26,3000亿巨头闪崩20%！比亚迪电子却一度狂飙超20%，发生了什么？,3000亿巨头闪崩20%！比亚迪电子却一度狂飙超20%，发生了什么？
2021-05-26,宜安科技(300328)：研发升级：镁铝合金、液态金属、医用镁材齐发力,宜安科技(300328)：研发升级：镁铝合金、液态金属、医用镁材齐发力
2021-05-26,比亚迪关联公司被环保部门处罚 关联方问题,比亚迪关联公司被环保部门处罚 关联方问题
2021-05-26,精密制造领跑者,精密制造领跑者
2021-05-26,12 万多 SUV 的配置堪比 30 万合资车？更牛的是它的全新发动机！,12 万多 SUV 的配置堪比 30 万合资车？更牛的是它的全新发动机！
2021-05-26,观驾 | 比亚迪销量担当用上DM-i技术之后,观驾 | 比亚迪销量担当用上DM-i技术之后
2021-05-26,A股融资融券日报：两融余额增加26.93亿元（5月25日）,A股融资融券日报：两融余额增加26.93亿元（5月25日）
2021-05-26,比亚迪：已交付西班牙最大纯电动巴士订单,比亚迪：已交付西班牙最大纯电动巴士订单
2021-05-26,汽车股大幅走强，长城汽车长超8%,汽车股大幅走强，长城汽车长超8%
2021-05-26,盘前情报丨重磅！内蒙古出手打击虚拟货币“挖矿”，29家相关上市公司梳理好了（名单）,盘前情报丨重磅！内蒙古出手打击虚拟货币“挖矿”，29家相关上市公司梳理好了（名单）
2021-05-26,顶流私募出手，新材料龙头逼近新高,顶流私募出手，新材料龙头逼近新高
2021-05-26,印度尼西亚首批30台比亚迪纯电动大巴于杭州工厂下线,印度尼西亚首批30台比亚迪纯电动大巴于杭州工厂下线
2021-05-26,宁德时代的烦恼：王座之下并不安稳,宁德时代的烦恼：王座之下并不安稳
2021-05-26,比亚迪重上60天线 可留意购15066/沽23861、牛64636/熊53954,比亚迪重上60天线 可留意购15066/沽23861、牛64636/熊53954
2021-05-26,汽车行业21年新能源汽车数据：21年4月总体销量稳定 特斯拉与自主品牌分化明显,汽车行业21年新能源汽车数据：21年4月总体销量稳定 特斯拉与自主品牌分化明显
2021-05-26,特斯拉等将自建电池厂，或对宁德时代造成致命冲击！钠电池能否撑住万亿市值？,特斯拉等将自建电池厂，或对宁德时代造成致命冲击！钠电池能否撑住万亿市值？
2021-05-27,天齐锂业：公司客户以锂电池正极材料厂商为主，公司有客户已进入特斯拉、宝马、比亚迪等新能源汽车厂商的供应链,天齐锂业：公司客户以锂电池正极材料厂商为主，公司有客户已进入特斯拉、宝马、比亚迪等新能源汽车厂商的供应链
2021-05-27,引领高质量发展·聚焦深市业绩说明会丨储能前景受关注 业绩说明会直击新能源行业热点,引领高质量发展·聚焦深市业绩说明会丨储能前景受关注 业绩说明会直击新能源行业热点
2021-05-27,比亚迪做电子烟？这家给华为小米手机代工的企业要靠什么都做生存,比亚迪做电子烟？这家给华为小米手机代工的企业要靠什么都做生存
2021-05-27,深度*行业*汽车行业月报：4月汽车销量快速增长 新能源产销再创纪录,深度*行业*汽车行业月报：4月汽车销量快速增长 新能源产销再创纪录
2021-05-27,和胜股份(002824)：动力电池托盘龙头 技术变革中成长潜力巨大,和胜股份(002824)：动力电池托盘龙头 技术变革中成长潜力巨大
2021-05-27,“千亿市值俱乐部”成员增至149家，这些行业成“摇篮”,“千亿市值俱乐部”成员增至149家，这些行业成“摇篮”
2021-05-27,北向资金四日抢筹A股近500亿，格力电器净买超7亿,北向资金四日抢筹A股近500亿，格力电器净买超7亿
2021-05-27,内饰焕新 比亚迪2021款唐EV佩刀而来,内饰焕新 比亚迪2021款唐EV佩刀而来
2021-05-27,今日再迎外资配置重要时点！北向资金连续三日净买入327亿元，增持这些股,今日再迎外资配置重要时点！北向资金连续三日净买入327亿元，增持这些股
2021-05-27,打破技术壁垒，长城、传祺等齐推“真 · 省油” HEV 车型,打破技术壁垒，长城、传祺等齐推“真 · 省油” HEV 车型
2021-05-27,北向资金动向盘点：重手净买91亿，茅台占12.5%,北向资金动向盘点：重手净买91亿，茅台占12.5%
2021-05-27,港股盘前必读：网易拟分拆网易云音乐在港交所主板上市,港股盘前必读：网易拟分拆网易云音乐在港交所主板上市
2021-05-27,盘前情报丨国常会连续三次点名“大宗商品”，电子烟利空突袭,盘前情报丨国常会连续三次点名“大宗商品”，电子烟利空突袭
2021-05-27,全球缺芯，比亚迪能否在危局中赢得市场？,全球缺芯，比亚迪能否在危局中赢得市场？
2021-05-27,法系首款豪华电动车神操作：高配特斯拉的价格，5年前比亚迪的续航,法系首款豪华电动车神操作：高配特斯拉的价格，5年前比亚迪的续航
2021-05-27,比亚迪：在多个业务领域与华为有所合作,比亚迪：在多个业务领域与华为有所合作
2021-05-27,A股融资融券日报：两融余额增加50.37亿元（5月26日）,A股融资融券日报：两融余额增加50.37亿元（5月26日）
2021-05-28,比亚迪：董事夏佐全拟减持不超过1200万股A股 拟减持股份,比亚迪：董事夏佐全拟减持不超过1200万股A股 拟减持股份
2021-05-28,比亚迪董事夏佐拟减持公司股票：套现近21亿 拟减持股份,比亚迪董事夏佐拟减持公司股票：套现近21亿 拟减持股份
2021-05-28,财华聚焦|新能源汽车：老车主的牢骚 VS 新工厂的狂欢,财华聚焦|新能源汽车：老车主的牢骚 VS 新工厂的狂欢
2021-05-28,公告精选：顺丰控股拟分拆子公司同城实业赴港上市；比亚迪董事计划减持,公告精选：顺丰控股拟分拆子公司同城实业赴港上市；比亚迪董事计划减持
2021-05-28,比亚迪：子公司比亚迪半导体主营业务为功率半导体、智能控制IC、智能传感器及光电半导体的研发、生产及销售,比亚迪：子公司比亚迪半导体主营业务为功率半导体、智能控制IC、智能传感器及光电半导体的研发、生产及销售
2021-05-28,比亚迪：搭载公司DM-i超级混动的车型自面世以来广受市场关注及好评，目前各车型订单饱满，公司将综合协调资源进行产品交付,比亚迪：搭载公司DM-i超级混动的车型自面世以来广受市场关注及好评，目前各车型订单饱满，公司将综合协调资源进行产品交付
2021-05-28,新能源板块全线暴涨，还能上车吗？,新能源板块全线暴涨，还能上车吗？
2021-05-28,比亚迪：公司持股3.31%董事夏佐拟减持公司不超1200万股A股 拟减持股份,比亚迪：公司持股3.31%董事夏佐拟减持公司不超1200万股A股 拟减持股份
2021-05-28,锂电设备行业点评：美国补贴政策持续超预期 宁德时代密集招标双重利好设备商,锂电设备行业点评：美国补贴政策持续超预期 宁德时代密集招标双重利好设备商
2021-05-28,港股风向标 | 这只牙科股一周涨20%！里昂力挺舜宇，生物制药股活跃,港股风向标 | 这只牙科股一周涨20%！里昂力挺舜宇，生物制药股活跃
2021-05-28,奇瑞去年净利暴跌98%？高端车销量不如吉利，新能源卖不过长城 盈利能力下降,奇瑞去年净利暴跌98%？高端车销量不如吉利，新能源卖不过长城 盈利能力下降
2021-05-28,科技创新引领公交电动化变革 比亚迪北欧屡获大单,科技创新引领公交电动化变革 比亚迪北欧屡获大单
2021-05-28,探秘比亚迪“黑科技”实验室 严苛标准筑就安全防线,探秘比亚迪“黑科技”实验室 严苛标准筑就安全防线
2021-05-28,百万比亚迪：从新能源汽车的先行者到领跑者,百万比亚迪：从新能源汽车的先行者到领跑者
2021-05-28,储能产业加速发展期，相关概念股受关注,储能产业加速发展期，相关概念股受关注
2021-05-28,A股融资融券日报：两融余额增加73.28亿元（5月27日）,A股融资融券日报：两融余额增加73.28亿元（5月27日）
2021-05-28,比亚迪进军电子烟 1季度净利难撑5077亿市值,比亚迪进军电子烟 1季度净利难撑5077亿市值
2021-05-28,比亚迪再搞“副业”进军电子烟 一季度净利2.37亿难撑5077亿市值,比亚迪再搞“副业”进军电子烟 一季度净利2.37亿难撑5077亿市值
2021-05-28,试唐 DM-i，如何用一台车满足多种胃口？,试唐 DM-i，如何用一台车满足多种胃口？
2021-05-28,汽车行业投资策略：一文看透汽车景气现状,汽车行业投资策略：一文看透汽车景气现状
2021-05-29,中国的“雷尔法”要来了？比亚迪王朝上新 夏信息曝光,中国的“雷尔法”要来了？比亚迪王朝上新 夏信息曝光
2021-05-29,【东吴电新】4月装机电量点评：装机量同比大增环比维稳，增长趋势不变,【东吴电新】4月装机电量点评：装机量同比大增环比维稳，增长趋势不变
2021-05-29,电动车将是未来之趋，中国品牌却逆势选择研发内燃机？,电动车将是未来之趋，中国品牌却逆势选择研发内燃机？
2021-05-29,1 个「碳积分」3000 元，新造车如何瓜分 100 亿「碳市场」,1 个「碳积分」3000 元，新造车如何瓜分 100 亿「碳市场」
2021-05-29,猝不及防，新能源汽车龙头抛大额减持计划！23股拟减持比例超总股本5%，11股拟减持超10亿 拟减持股份,猝不及防，新能源汽车龙头抛大额减持计划！23股拟减持比例超总股本5%，11股拟减持超10亿 拟减持股份
2021-05-29,股民炸锅！4800亿巨头一创始人突然要套现20亿，狂赚30000倍 减持股份,股民炸锅！4800亿巨头一创始人突然要套现20亿，狂赚30000倍 减持股份
2021-05-29,4800亿巨头一创始人突然要套现20亿 狂赚30000倍！更有暴涨450%大牛股突遭清仓减持 减持股份,4800亿巨头一创始人突然要套现20亿 狂赚30000倍！更有暴涨450%大牛股突遭清仓减持 减持股份
2021-05-29,华为智能汽车产业研究与投资机会分析,华为智能汽车产业研究与投资机会分析
2021-05-29,犀牛财经早报：万物新生递交招股书赴美上市 美团王兴回应监管调查,犀牛财经早报：万物新生递交招股书赴美上市 美团王兴回应监管调查
2021-05-29,电气设备行业重大事项点评：2020年“双积分”《年度报告》小结,电气设备行业重大事项点评：2020年“双积分”《年度报告》小结
2021-05-29,还藏着大招？比亚迪三款新车曝光，低端高端全都有,还藏着大招？比亚迪三款新车曝光，低端高端全都有
2021-05-30,比亚迪北欧再获大单：赢得瑞典公交运营商79台纯电动巴士订单,比亚迪北欧再获大单：赢得瑞典公交运营商79台纯电动巴士订单
2021-05-30,2020汽车行业：洗牌加速 仅有长城、东风等营收双增 新能源汽车火爆,2020汽车行业：洗牌加速 仅有长城、东风等营收双增 新能源汽车火爆
2021-05-30,汽车行业周报：理想Q1营收超预期 换“芯”助力产品升级,汽车行业周报：理想Q1营收超预期 换“芯”助力产品升级
2021-05-30,5月241股披露减持计划 派林生物等27股股东拟清仓式减持 拟减持股份,5月241股披露减持计划 派林生物等27股股东拟清仓式减持 拟减持股份
2021-05-30,创始人爆赚60000倍，突然宣布减持22亿！5000亿新能源巨头利空压顶，48万股东慌了！明天股价会暴跌吗？ 减持股份,创始人爆赚60000倍，突然宣布减持22亿！5000亿新能源巨头利空压顶，48万股东慌了！明天股价会暴跌吗？ 减持股份
2021-05-30,油耗低至 2.9L，这又是什么神仙技术？,油耗低至 2.9L，这又是什么神仙技术？
2021-05-30,特斯拉「倒下」的这一个月，并没有哪个对手追赶上来,特斯拉「倒下」的这一个月，并没有哪个对手追赶上来
2021-05-30,大消费行业2021年6月金股推荐,大消费行业2021年6月金股推荐
2021-05-31,电力设备与新能源行业2021年电动车中期策略：爆款平台车型驱动 锂电供不应求全面超预期,电力设备与新能源行业2021年电动车中期策略：爆款平台车型驱动 锂电供不应求全面超预期
2021-05-31,滴滴定制车型这么前卫，普通用户也想买？,滴滴定制车型这么前卫，普通用户也想买？
2021-05-31,汽车代工成趋势，车企变身“工具人”？,汽车代工成趋势，车企变身“工具人”？
2021-05-31,创业板首家！宁德时代市值破万亿 等于比亚迪+长城+上汽之和,创业板首家！宁德时代市值破万亿 等于比亚迪+长城+上汽之和
2021-05-31,财华盘点|“千亿市值”新能源概念股大汇总！总有“一款”适合你？,财华盘点|“千亿市值”新能源概念股大汇总！总有“一款”适合你？
2021-05-31,电气设备新能源行业周报：美国电动车政策和锂电中游超预期、锂电龙头全面受益,电气设备新能源行业周报：美国电动车政策和锂电中游超预期、锂电龙头全面受益
2021-05-31,比亚迪遭多位核心股东持续减持：夏佐全将套现超20亿 减持股份,比亚迪遭多位核心股东持续减持：夏佐全将套现超20亿 减持股份
2021-05-31,【查理·芒格最新发言（下）】别一味追求多元化投资；不建议投资比特币；很喜欢比亚迪；十分欣赏中国经济管理,【查理·芒格最新发言（下）】别一味追求多元化投资；不建议投资比特币；很喜欢比亚迪；十分欣赏中国经济管理
2021-05-31,比亚迪董事拟减持1200万股 2020年已减持11次 拟减持股份,比亚迪董事拟减持1200万股 2020年已减持11次 拟减持股份
2021-05-31,和胜股份(002824)深度研究报告：大股东拟增持 新能源电池盒龙头加速起飞,和胜股份(002824)深度研究报告：大股东拟增持 新能源电池盒龙头加速起飞
2021-05-31,比亚迪：创始人减持用于个人资金需求 与公司中长期价值无关|公司问答,比亚迪：创始人减持用于个人资金需求 与公司中长期价值无关|公司问答
2021-05-31,比亚迪：比亚迪半导体拟公开发行并在创业板上市,比亚迪：比亚迪半导体拟公开发行并在创业板上市
2021-05-31,市值破万亿的宁德时代 正在成为一家投资公司,市值破万亿的宁德时代 正在成为一家投资公司
2021-05-31,比亚迪一股东套现21亿元，狂赚6万倍！ 减持股份,比亚迪一股东套现21亿元，狂赚6万倍！ 减持股份
2021-05-31,30万投资变成200亿！比亚迪创始人之一夏佐全套现逾21亿元，承诺后续三年不再减持 减持股份,30万投资变成200亿！比亚迪创始人之一夏佐全套现逾21亿元，承诺后续三年不再减持 减持股份
2021-05-31,比亚迪董事26年暴赚30000倍！和他一样厉害的还有这几位丨C位,比亚迪董事26年暴赚30000倍！和他一样厉害的还有这几位丨C位
2021-05-31,新进重仓股接连翻倍，邓晓峰是如何做到的？,新进重仓股接连翻倍，邓晓峰是如何做到的？
2021-05-31,对制造业来说，消费降级同样蕴藏着巨大的商机,对制造业来说，消费降级同样蕴藏着巨大的商机
2021-05-31,比亚迪：本公司控股子公司比亚迪半导体拟向社会公众首次公开发行人民币普通股股票并于发行完成后在深交所创业板上市,比亚迪：本公司控股子公司比亚迪半导体拟向社会公众首次公开发行人民币普通股股票并于发行完成后在深交所创业板上市
2021-05-31,日系车“加电”补短板，欲用“木桶原理”撬动新能源车市,日系车“加电”补短板，欲用“木桶原理”撬动新能源车市
2021-05-31,华菱空降第一，开沃、北奔争前二,华菱空降第一，开沃、北奔争前二
2021-05-31,刚刚，见证历史！创业板首家万亿市值公司诞生，创始人本月初曾问鼎香港首富,刚刚，见证历史！创业板首家万亿市值公司诞生，创始人本月初曾问鼎香港首富
2021-05-31,复古设计风格，松散 SS SUMMER 上市售 28.8 万元,复古设计风格，松散 SS SUMMER 上市售 28.8 万元
2021-05-31,汽车和汽车零部件行业周报：美国拟加码电动车补贴 电动化提速,汽车和汽车零部件行业周报：美国拟加码电动车补贴 电动化提速
2021-05-31,一笔投资26年5万倍，中国最牛天使可能是他,一笔投资26年5万倍，中国最牛天使可能是他
2021-05-31,本周股市三大猜想及应对策略,本周股市三大猜想及应对策略
2021-05-31,比亚迪百亿电池项目将落户长春 一汽红旗电池订单已出货,比亚迪百亿电池项目将落户长春 一汽红旗电池订单已出货
2021-05-31,A股融资融券日报：两融余额增加33.03亿元（5月28日）,A股融资融券日报：两融余额增加33.03亿元（5月28日）
2021-05-31,拟遭董事减持，比亚迪低开3.5%,拟遭董事减持，比亚迪低开3.5%
2021-05-31,【行情】汽车整车板块开盘下挫，北汽蓝谷跌超5%，比亚迪、小康股份、海马汽车、长城汽车跟跌,【行情】汽车整车板块开盘下挫，北汽蓝谷跌超5%，比亚迪、小康股份、海马汽车、长城汽车跟跌
2021-05-31,创始股东拟大笔减持1200万股 比亚迪开盘重挫 拟减持股份,创始股东拟大笔减持1200万股 比亚迪开盘重挫 拟减持股份
2021-05-31,【电新*曾朵红】4月装机电量点评：装机量同比大增环比维稳，增长趋势不变,【电新*曾朵红】4月装机电量点评：装机量同比大增环比维稳，增长趋势不变
2021-05-31,车市月观察丨自主轿车：主动放弃和全面冲击,车市月观察丨自主轿车：主动放弃和全面冲击
2021-05-31,宁德时代市值破万万亿背后，巨头的荣光与隐忧,宁德时代市值破万万亿背后，巨头的荣光与隐忧
2021-05-31,董事拟减持套现逾20亿元，比亚迪大跌超4% 拟减持股份,董事拟减持套现逾20亿元，比亚迪大跌超4% 拟减持股份
2021-05-31,特斯拉4月销量锐减27% 比亚迪与之差距缩小到400辆 盈利能力下降,特斯拉4月销量锐减27% 比亚迪与之差距缩小到400辆 盈利能力下降
2021-05-31,新能源汽车行业周报：美参议院小组拟提升电动车税收抵免额度,新能源汽车行业周报：美参议院小组拟提升电动车税收抵免额度
2021-05-31,宁德时代市值破万亿：加速产能扩张与对外投资撑起“电池帝国”,宁德时代市值破万亿：加速产能扩张与对外投资撑起“电池帝国”
2021-05-31,助力粤港澳大湾区发展 中信银行打出支持实体经济“组合拳”,助力粤港澳大湾区发展 中信银行打出支持实体经济“组合拳”
2021-05-31,比亚迪创始股东拟减持套现21亿元，股价跌2.85% 拟减持股份,比亚迪创始股东拟减持套现21亿元，股价跌2.85% 拟减持股份
2021-05-31,重庆4月车市格局突变：特斯拉跌落“神坛” ，比亚迪“称王”,重庆4月车市格局突变：特斯拉跌落“神坛” ，比亚迪“称王”
2021-05-31,协同布局大湾区 中信银行创新模式“互补”,协同布局大湾区 中信银行创新模式“互补”
2021-06-01,解密 DM-i 超级混动，亏电油耗仅 3.8L/ 百公里的秘诀,解密 DM-i 超级混动，亏电油耗仅 3.8L/ 百公里的秘诀
2021-06-01,6月做多不停歇？美团两日飙升3000亿 股神爱股涨疯了,6月做多不停歇？美团两日飙升3000亿 股神爱股涨疯了
2021-06-01,大众T1复古造型比亚迪动力系统！松散汽车正式上市,大众T1复古造型比亚迪动力系统！松散汽车正式上市
2021-06-01,2021 年 5 月风云榜 - 品牌篇：特斯拉、大众、长安前三，比亚迪、福特升,2021 年 5 月风云榜 - 品牌篇：特斯拉、大众、长安前三，比亚迪、福特升
2021-06-01,汽车行业周观点：美国将推出电车税收减免新法案 关注电动车产业链,汽车行业周观点：美国将推出电车税收减免新法案 关注电动车产业链
2021-06-01,金融产品交易量跟踪报告第26期,金融产品交易量跟踪报告第26期
2021-06-01,A股资金流向（6月1日）：周期股重获资金青睐，券商龙头遭抛售,A股资金流向（6月1日）：周期股重获资金青睐，券商龙头遭抛售
2021-06-01,宁德时代：万亿市值下的转身,宁德时代：万亿市值下的转身
2021-06-01,主力资金：新能源汽车龙头受主力热捧 抢筹近17亿元,主力资金：新能源汽车龙头受主力热捧 抢筹近17亿元
2021-06-01,宁德时代超LG能源，今年前四月全球动力电池份额占比32.5%,宁德时代超LG能源，今年前四月全球动力电池份额占比32.5%
2021-06-01,重磅！【东吴电新】爆款平台车型驱动，锂电供不应求全面超预期——2021年电动车中期策略,重磅！【东吴电新】爆款平台车型驱动，锂电供不应求全面超预期——2021年电动车中期策略
2021-06-01,另外，该公司的一些股东近期也在抛售所持有的股份。,另外，该公司的一些股东近期也在抛售所持有的股份。
2021-06-01,解决行驶模式切换问题 比亚迪公开无人驾驶列车相关专利,解决行驶模式切换问题 比亚迪公开无人驾驶列车相关专利
2021-06-01,电力设备与新能源产业链核心数据跟踪日报,电力设备与新能源产业链核心数据跟踪日报
2021-06-01,北向资金今年净买入额已超去年全年，东方雨虹再获净买入超7亿元,北向资金今年净买入额已超去年全年，东方雨虹再获净买入超7亿元
2021-06-01,【首创电子】半导体产业链最全的公司即将上市,【首创电子】半导体产业链最全的公司即将上市
2021-06-01,新进重仓股接连翻倍，邓晓峰是如何做到的？,新进重仓股接连翻倍，邓晓峰是如何做到的？
2021-06-01,从30万到200亿！比亚迪联合创始人一个减持计划 透露暴富路径,从30万到200亿！比亚迪联合创始人一个减持计划 透露暴富路径
2021-06-01,港A两地汽车股集体走强：比亚迪涨超6%，恒大汽车涨超7%,港A两地汽车股集体走强：比亚迪涨超6%，恒大汽车涨超7%
2021-06-01,A股万亿科技股时代，终于来了,A股万亿科技股时代，终于来了
2021-06-01,前5月IPO累计募资达1821.25亿元，巨无霸三峡能源成今年以来“募资王”,前5月IPO累计募资达1821.25亿元，巨无霸三峡能源成今年以来“募资王”
2021-06-01,日系车企尚未在 中国新能源车市场站稳脚跟,日系车企尚未在 中国新能源车市场站稳脚跟
2021-06-01,宁德时代市值今天突破万亿！还值得投资吗？,宁德时代市值今天突破万亿！还值得投资吗？
2021-06-01,A股融资融券日报：两融余额增加114.99亿元（5月31日）,A股融资融券日报：两融余额增加114.99亿元（5月31日）
2021-06-01,新能源汽车产业链集体大涨，宁德时代突破万亿市值！,新能源汽车产业链集体大涨，宁德时代突破万亿市值！
2021-06-01,新能源市场格局突变特斯拉“坠落”比亚迪“称王”,新能源市场格局突变特斯拉“坠落”比亚迪“称王”
2021-06-01,东吴证券：德方纳米（300769.SZ）铁锂赛道龙头企业，首予“买入”评级,东吴证券：德方纳米（300769.SZ）铁锂赛道龙头企业，首予“买入”评级
2021-06-01,复盘长城汽车“中年危机”的破局之路,复盘长城汽车“中年危机”的破局之路
2021-06-01,苹果板块逆市拉升，比亚迪、立讯精密、歌尔、长电、信维通信走强,苹果板块逆市拉升，比亚迪、立讯精密、歌尔、长电、信维通信走强
2021-06-01,华为汽车概念午前走高，小康股份大涨6%,华为汽车概念午前走高，小康股份大涨6%
2021-06-01,20年加加减减，杉杉股份的未来在哪？,20年加加减减，杉杉股份的未来在哪？
2021-06-01,板块异动丨汽车股走高，五菱汽车拉升逾8%比亚迪涨5%,板块异动丨汽车股走高，五菱汽车拉升逾8%比亚迪涨5%
2021-06-01,被“芯片慌”催热的新兴芯片市场,被“芯片慌”催热的新兴芯片市场
2021-06-01,10000亿“一哥”又出手！3.6万股民嗨了,10000亿“一哥”又出手！3.6万股民嗨了
2021-06-02,5月汽车公司市值榜 | 特斯拉市值约蒸发一个通用汽车 宁德时代成新万亿巨头 连续下跌,5月汽车公司市值榜 | 特斯拉市值约蒸发一个通用汽车 宁德时代成新万亿巨头 连续下跌
2021-06-02,顶配80万元！比亚迪豪华车曝光 今年发布,顶配80万元！比亚迪豪华车曝光 今年发布
2021-06-02,50-80万！比亚迪高端品牌真来了：高管发话,50-80万！比亚迪高端品牌真来了：高管发话
2021-06-02,花旗：升今年中国新能源车销售预期至252万部看好比亚迪、蔚来等,花旗：升今年中国新能源车销售预期至252万部看好比亚迪、蔚来等
2021-06-02,比亚迪秦PLUS EV最低6.18折！天猫618汽车补贴大促 50多品牌让利,比亚迪秦PLUS EV最低6.18折！天猫618汽车补贴大促 50多品牌让利
2021-06-02,中国品牌四大天王晒成绩单 你愿意支持国产车吗？,中国品牌四大天王晒成绩单 你愿意支持国产车吗？
2021-06-02,花旗：中国新能源车销售预期超250万辆 看好比亚迪、蔚来等,花旗：中国新能源车销售预期超250万辆 看好比亚迪、蔚来等
2021-06-02,中信银行全方位支持粤港澳大湾区建设 集团协同优势打造金融“倍增器”,中信银行全方位支持粤港澳大湾区建设 集团协同优势打造金融“倍增器”
2021-06-02,中保研汽车零整比指数发布！奔驰C级最高零件能买8辆车 比亚迪最低,中保研汽车零整比指数发布！奔驰C级最高零件能买8辆车 比亚迪最低
2021-06-02,汽车行业6月投资策略：拥抱电动智能下的增量环节机遇,汽车行业6月投资策略：拥抱电动智能下的增量环节机遇
2021-06-02,中国汽车流通协会：2021年4月新能源乘用车区域市场分析,中国汽车流通协会：2021年4月新能源乘用车区域市场分析
2021-06-02,5月汽车类上市公司市值榜：特斯拉蒸发超800亿美元 宁德时代迈入万亿阵营 连续下跌,5月汽车类上市公司市值榜：特斯拉蒸发超800亿美元 宁德时代迈入万亿阵营 连续下跌
2021-06-02,造车新势力的新融资时代,造车新势力的新融资时代
2021-06-02,大行评级丨蔚来至少上涨50%？花旗建议逢低买入,大行评级丨蔚来至少上涨50%？花旗建议逢低买入
2021-06-02,竞争50万+市场 比亚迪高端品牌年内发布,竞争50万+市场 比亚迪高端品牌年内发布
2021-06-02,北向资金今日净卖出20.14亿元，恒瑞医药净卖出额创历史新高,北向资金今日净卖出20.14亿元，恒瑞医药净卖出额创历史新高
2021-06-02,全球第一！宁德时代前4月动力电池市场份额占比高达32.5%,全球第一！宁德时代前4月动力电池市场份额占比高达32.5%
2021-06-02,7月1日起实施的排放召回新规将对车企有何影响,7月1日起实施的排放召回新规将对车企有何影响
2021-06-02,主力资金热捧这只龙头股！抢筹近17亿,主力资金热捧这只龙头股！抢筹近17亿
2021-06-02,10 万元超火国产家轿实测曝光，跑得快还刹得住，赞！,10 万元超火国产家轿实测曝光，跑得快还刹得住，赞！
2021-06-02,宋清辉：清仓式减持负面影响巨大 意味着股东对公司未来信心不足 减持股份,宋清辉：清仓式减持负面影响巨大 意味着股东对公司未来信心不足 减持股份
2021-06-02,【德方纳米*曾朵红】深度：铁锂重启航，龙头蓄势待发,【德方纳米*曾朵红】深度：铁锂重启航，龙头蓄势待发
2021-06-02,【中原汽车】汽车行业深度分析：2020年报及2021一季报总结,【中原汽车】汽车行业深度分析：2020年报及2021一季报总结
2021-06-02,A股早报2021年6月2日星期三,A股早报2021年6月2日星期三
2021-06-02,【东吴晨报0602】【策略】【行业】零售【个股】先导智能、德方纳米,【东吴晨报0602】【策略】【行业】零售【个股】先导智能、德方纳米
2021-06-02,EV晨报 | 5月蔚来交付量同比增长95.3%，小鹏激增483%；宝马旗舰纯电SUV iX线上首发；比亚迪最新规划曝光,EV晨报 | 5月蔚来交付量同比增长95.3%，小鹏激增483%；宝马旗舰纯电SUV iX线上首发；比亚迪最新规划曝光
2021-06-02,新能源又要飚？电动车卖爆了！利好消息不断！新能源大潮加速赶来,新能源又要飚？电动车卖爆了！利好消息不断！新能源大潮加速赶来
2021-06-02,汽车行业周报：新能源积分交易规模达25.9亿元 未来将持续助推新能源车产销增长,汽车行业周报：新能源积分交易规模达25.9亿元 未来将持续助推新能源车产销增长
2021-06-02,续航超 300 公里，每公里 6 分钱 + 绿牌，电池保 8 年，代步神器就属它,续航超 300 公里，每公里 6 分钱 + 绿牌，电池保 8 年，代步神器就属它
2021-06-02,国内动力电池TOP10企业前5月扩产项目盘点,国内动力电池TOP10企业前5月扩产项目盘点
2021-06-02,比亚迪EA1最快三季度上市：e平台3.0打造、搭载全新LOGO,比亚迪EA1最快三季度上市：e平台3.0打造、搭载全新LOGO
2021-06-02,奕东电子大客户相继流失 内控问题层出不穷,奕东电子大客户相继流失 内控问题层出不穷
2021-06-02,A股融资融券日报：两融余额增加83.42亿元（6月1日）,A股融资融券日报：两融余额增加83.42亿元（6月1日）
2021-06-03,新能源行业动态点评：5月销量出炉 造车新势力延续高增长,新能源行业动态点评：5月销量出炉 造车新势力延续高增长
2021-06-03,数万亿市场规模，它是智能手机后最强风口 这些巨头又重金杀入，能否弯道超车？,数万亿市场规模，它是智能手机后最强风口 这些巨头又重金杀入，能否弯道超车？
2021-06-03,星源材质(300568)深度研究报告：产能扩张加快 业绩拐点已至,星源材质(300568)深度研究报告：产能扩张加快 业绩拐点已至
2021-06-03,特斯拉门口卖货？网传宁德时代上海新建电池工厂 官方回应,特斯拉门口卖货？网传宁德时代上海新建电池工厂 官方回应
2021-06-03,比亚迪大股东夏佐：26年前拿30万救王传福 如今回报超50000倍,比亚迪大股东夏佐：26年前拿30万救王传福 如今回报超50000倍
2021-06-03,未来商业-物流产业市值榜｜5月“三超多强”格局显现，海晨股份从领涨到领跌，物流科技普涨,未来商业-物流产业市值榜｜5月“三超多强”格局显现，海晨股份从领涨到领跌，物流科技普涨
2021-06-03,2021年中国新能源汽车产销现状、细分市场及竞争格局分析 2020年产销量将近140万辆,2021年中国新能源汽车产销现状、细分市场及竞争格局分析 2020年产销量将近140万辆
2021-06-03,【趣点】谈谈造车这件事儿,【趣点】谈谈造车这件事儿
2021-06-03,协同优势：中信银行如何为企业提供一揽子金融服务？,协同优势：中信银行如何为企业提供一揽子金融服务？
2021-06-03,超捷股份：目前，产品主要为应用于新能源汽车的座椅、电控逆变器与电机、汽车底盘焊接、动力总成系统，终端客户主要为大众、比亚迪、上汽、通用、特斯拉、长城、蔚来等,超捷股份：目前，产品主要为应用于新能源汽车的座椅、电控逆变器与电机、汽车底盘焊接、动力总成系统，终端客户主要为大众、比亚迪、上汽、通用、特斯拉、长城、蔚来等
2021-06-03,比亚迪：公司搭载 DM-i 超级混动系统的车型上市后获得市场广泛认可，公司将充分协调资源，以确保交付按计划顺利进行,比亚迪：公司搭载 DM-i 超级混动系统的车型上市后获得市场广泛认可，公司将充分协调资源，以确保交付按计划顺利进行
2021-06-03,智能驾驶系列：智能汽车时代 功率半导体的发展新机遇,智能驾驶系列：智能汽车时代 功率半导体的发展新机遇
2021-06-03,亚太股份：在智能驾驶领域，公司和比亚迪目前暂无合作,亚太股份：在智能驾驶领域，公司和比亚迪目前暂无合作
2021-06-03,A股融资融券日报：两融余额减少24.47亿元（6月2日）,A股融资融券日报：两融余额减少24.47亿元（6月2日）
2021-06-03,比亚迪高端品牌筹建中 或主攻50万市场,比亚迪高端品牌筹建中 或主攻50万市场
2021-06-03,国信证券：国内汽车行业经历了2年以上调整，底部逐步确立,国信证券：国内汽车行业经历了2年以上调整，底部逐步确立
2021-06-03,奥普特(688686)：卡位优势赛道 持续扩张的本土机器视觉龙头,奥普特(688686)：卡位优势赛道 持续扩张的本土机器视觉龙头
2021-06-03,Build Your Dreams ？比亚迪高端品牌车型售价 50 万元起,Build Your Dreams ？比亚迪高端品牌车型售价 50 万元起
2021-06-03,全球 4 月榜：特斯拉环比暴跌 71%，大众首进前三，Top5 只有比亚迪环比上升 连续下跌,全球 4 月榜：特斯拉环比暴跌 71%，大众首进前三，Top5 只有比亚迪环比上升 连续下跌
2021-06-04,孚能科技经营危局：惨遭三大客户抛弃，销量暴跌业绩巨亏，江湖地位岌岌可危 盈利能力下降,孚能科技经营危局：惨遭三大客户抛弃，销量暴跌业绩巨亏，江湖地位岌岌可危 盈利能力下降
2021-06-04,A股资金流向（6月4日）：面板、光伏龙头持续遭资金抛售,A股资金流向（6月4日）：面板、光伏龙头持续遭资金抛售
2021-06-04,比亚迪DM-i超级混动车型订单破10万：销量有望超过特斯拉,比亚迪DM-i超级混动车型订单破10万：销量有望超过特斯拉
2021-06-04,天风证券：“18亚迪01”持有人会议审议通过提前兑付议案,天风证券：“18亚迪01”持有人会议审议通过提前兑付议案
2021-06-04,新能源行业月报：5月造车新势力销量出色 特斯拉继续下滑 盈利能力下降,新能源行业月报：5月造车新势力销量出色 特斯拉继续下滑 盈利能力下降
2021-06-04,北水减持小米12亿，抛售美团9亿；南水加仓茅台、比亚迪 减持股份,北水减持小米12亿，抛售美团9亿；南水加仓茅台、比亚迪 减持股份
2021-06-04,比亚迪：6月新能源车销量将超过特斯拉，年内登顶全球销冠,比亚迪：6月新能源车销量将超过特斯拉，年内登顶全球销冠
2021-06-04,比亚迪创始股东今年轮番减持，30万入股的夏佐全26年后套现超21亿 减持股份,比亚迪创始股东今年轮番减持，30万入股的夏佐全26年后套现超21亿 减持股份
2021-06-04,日韩围攻+技术迭代+成本难题 宁德时代如何守擂万亿元市值？,日韩围攻+技术迭代+成本难题 宁德时代如何守擂万亿元市值？
2021-06-04,北向资金今日净买入30.67亿元，贵州茅台净买入近5亿元,北向资金今日净买入30.67亿元，贵州茅台净买入近5亿元
2021-06-04,比亚迪：重庆云巴已开通运营,比亚迪：重庆云巴已开通运营
2021-06-04,比亚迪(002594.SZ)股东融捷投资控股解除质押503万股,比亚迪(002594.SZ)股东融捷投资控股解除质押503万股
2021-06-04,动力电池指数涨超5%，宁德时代、比亚迪、亿纬锂能全线上扬,动力电池指数涨超5%，宁德时代、比亚迪、亿纬锂能全线上扬
2021-06-04,动力电池全线上扬，宁德时代、比亚迪、亿纬锂能走强,动力电池全线上扬，宁德时代、比亚迪、亿纬锂能走强
2021-06-04,2021 SNEC比亚迪光伏放重磅消息！抓紧机遇发展HJT，未来2-3年内跟上行业发展！,2021 SNEC比亚迪光伏放重磅消息！抓紧机遇发展HJT，未来2-3年内跟上行业发展！
2021-06-04,新途再起 逐光而行——比亚迪太阳能耀动2021 SNEC展,新途再起 逐光而行——比亚迪太阳能耀动2021 SNEC展
2021-06-04,资本追逐 智能汽车企业解锁四大突围路径,资本追逐 智能汽车企业解锁四大突围路径
2021-06-04,翔丰华上市即变脸业绩双降 两大客户贡献86%营收 盈利能力下降,翔丰华上市即变脸业绩双降 两大客户贡献86%营收 盈利能力下降
2021-06-04,万亿的宁德时代，还能上车吗？,万亿的宁德时代，还能上车吗？
2021-06-04,A股融资融券日报：两融余额减少4.5亿元（6月3日）,A股融资融券日报：两融余额减少4.5亿元（6月3日）
2021-06-04,早评：沪指低开0.52% 煤炭板块领跌,早评：沪指低开0.52% 煤炭板块领跌
2021-06-04,汽车行业-车灯行业跟踪专题之四：LED加速渗透，电动智能驱动车灯技术升级,汽车行业-车灯行业跟踪专题之四：LED加速渗透，电动智能驱动车灯技术升级
2021-06-04,苹果概念股普遍下滑，比亚迪、立讯、工业富联、京东方、蓝思、歌尔集体走低,苹果概念股普遍下滑，比亚迪、立讯、工业富联、京东方、蓝思、歌尔集体走低
2021-06-04,比亚迪：秦plus DM-i车型订单充足，正按计划交付,比亚迪：秦plus DM-i车型订单充足，正按计划交付
2021-06-04,汽车与零配件行业跟踪报告：华为发布HARMONYOS+2 登上车机系统,汽车与零配件行业跟踪报告：华为发布HARMONYOS+2 登上车机系统
2021-06-05,华为助力德兴铜矿建设智慧矿山，华为发布全场景智能光储解决方案 | 36氪数字化创新指南0607,华为助力德兴铜矿建设智慧矿山，华为发布全场景智能光储解决方案 | 36氪数字化创新指南0607
2021-06-05,宁德时代，拒绝“躺平”,宁德时代，拒绝“躺平”
2021-06-05,基金5月业绩大翻身投资者持有还是赎回？,基金5月业绩大翻身投资者持有还是赎回？
2021-06-05,宋 PLUS DM-i：经济适用男的快乐星球,宋 PLUS DM-i：经济适用男的快乐星球
2021-06-05,双创50ETF值得入手么？,双创50ETF值得入手么？
2021-06-06,比亚迪半导体拟公开发行股票：年净利润仅0.32亿 半导体器件与国际领先水平有差距,比亚迪半导体拟公开发行股票：年净利润仅0.32亿 半导体器件与国际领先水平有差距
2021-06-06,比亚迪背后最大赢家！救王传福暴赚5万倍，带出全球顶尖中国制造,比亚迪背后最大赢家！救王传福暴赚5万倍，带出全球顶尖中国制造
2021-06-06,汽车价值大洗牌，保值该买燃油车还是新能源车？,汽车价值大洗牌，保值该买燃油车还是新能源车？
2021-06-06,比亚迪背后最大赢家！救王传福暴赚2万倍，带出全球顶尖中国制造,比亚迪背后最大赢家！救王传福暴赚2万倍，带出全球顶尖中国制造
2021-06-06,电气设备行业周报：5月造车新势力格局生变 SNEC2021盛大开幕,电气设备行业周报：5月造车新势力格局生变 SNEC2021盛大开幕
2021-06-06,接近完美？1分钟解读比亚迪EHS超级混动,接近完美？1分钟解读比亚迪EHS超级混动
2021-06-06,比亚迪在洛杉矶推出纯电动校车：续航里程250公里,比亚迪在洛杉矶推出纯电动校车：续航里程250公里
2021-06-07,电力设备新能源行业周报：六氟价格持续新高 N型电池应用加速,电力设备新能源行业周报：六氟价格持续新高 N型电池应用加速
2021-06-07,“腹中空”的ARCFOX根本穿不上“豪华”这件外衣,“腹中空”的ARCFOX根本穿不上“豪华”这件外衣
2021-06-07,北向资金净卖出额创近一个月新高，宁德时代遭大幅抛售超14亿元,北向资金净卖出额创近一个月新高，宁德时代遭大幅抛售超14亿元
2021-06-07,上下承压 造车新势力第二梯队今年无法突破或面临出局,上下承压 造车新势力第二梯队今年无法突破或面临出局
2021-06-07,苹果造车欲用中国电池，前提是在美国建厂？比亚迪、宁德时代正与其谈判,苹果造车欲用中国电池，前提是在美国建厂？比亚迪、宁德时代正与其谈判
2021-06-07,比亚迪：5月新能源汽车产量31908辆，销量32800辆,比亚迪：5月新能源汽车产量31908辆，销量32800辆
2021-06-07,比亚迪：1-5月累计销售汽车195674辆，同比增56.66%,比亚迪：1-5月累计销售汽车195674辆，同比增56.66%
2021-06-07,比亚迪：5月新能源汽车销量为32800辆,比亚迪：5月新能源汽车销量为32800辆
2021-06-07,比亚迪：前5月新能源汽车销量同比增长143.41%,比亚迪：前5月新能源汽车销量同比增长143.41%
2021-06-07,比亚迪(002594.SZ)：5月新能源汽车销量3.28万辆 同比增长189.62%,比亚迪(002594.SZ)：5月新能源汽车销量3.28万辆 同比增长189.62%
2021-06-07,晚间重要公告2021年6月7日星期一,晚间重要公告2021年6月7日星期一
2021-06-07,比亚迪首批100台唐EV电动汽车正式发运挪威,比亚迪首批100台唐EV电动汽车正式发运挪威
2021-06-07,比亚迪首批唐EV今日起航发运挪威,比亚迪首批唐EV今日起航发运挪威
2021-06-07,比亚迪、长安汽车等车企5月新能源汽车销量大增,比亚迪、长安汽车等车企5月新能源汽车销量大增
2021-06-07,彻底颠覆燃油车！比亚迪5月销量出炉 DM-i暴涨超458%,彻底颠覆燃油车！比亚迪5月销量出炉 DM-i暴涨超458%
2021-06-07,彻底颠覆燃油车！比亚迪5月销量出炉 DM-i暴涨超350%,彻底颠覆燃油车！比亚迪5月销量出炉 DM-i暴涨超350%
2021-06-07,电池板块投资：十五问十五答,电池板块投资：十五问十五答
2021-06-07,格隆汇港股聚焦(06.07)︱比亚迪5月汽车总销量同比增长57%；恒大单日斥资3.36亿港元回购股份,格隆汇港股聚焦(06.07)︱比亚迪5月汽车总销量同比增长57%；恒大单日斥资3.36亿港元回购股份
2021-06-07,汽车行业周报：汽车芯片短缺有望于7月份开始缓解,汽车行业周报：汽车芯片短缺有望于7月份开始缓解
2021-06-07,比亚迪全新电网级储能产品亮相首届生态博览会,比亚迪全新电网级储能产品亮相首届生态博览会
2021-06-07,业内：比亚迪等股份加入蓝筹 短线或获利回吐 |亚太市场,业内：比亚迪等股份加入蓝筹 短线或获利回吐 |亚太市场
2021-06-07,比亚迪(002594.SZ)前5月汽车销量19.57万辆 同比增长56.66%,比亚迪(002594.SZ)前5月汽车销量19.57万辆 同比增长56.66%
2021-06-07,汽车行业周报：宁德、华为引领“电动智能”主线,汽车行业周报：宁德、华为引领“电动智能”主线
2021-06-07,电气设备行业周报：磷酸铁锂助力中高端市场 SNEC展N型未来可期,电气设备行业周报：磷酸铁锂助力中高端市场 SNEC展N型未来可期
2021-06-07,预计8月交付 比亚迪新能源车发往挪威,预计8月交付 比亚迪新能源车发往挪威
2021-06-07,车市高增长放慢了脚步 中国品牌表现却依旧强势,车市高增长放慢了脚步 中国品牌表现却依旧强势
2021-06-07,汉车型销量破8万助推 比亚迪单车均价直追大众,汉车型销量破8万助推 比亚迪单车均价直追大众
2021-06-07,蔚来汽车21Q1业绩点评：毛利率环比上升 宣布进军挪威市场,蔚来汽车21Q1业绩点评：毛利率环比上升 宣布进军挪威市场
2021-06-07,A股融资融券日报：两融余额减少27.87亿元（6月4日）,A股融资融券日报：两融余额减少27.87亿元（6月4日）
2021-06-07,全球热销TOP10车型配套电池“解析”,全球热销TOP10车型配套电池“解析”
2021-06-07,安信国际 | 比亚迪(1211.HK)：厚积薄发，技术创新驱动成长,安信国际 | 比亚迪(1211.HK)：厚积薄发，技术创新驱动成长
2021-06-07,安信国际：维持比亚迪股份(01211)“买入”评级 目标价300港元,安信国际：维持比亚迪股份(01211)“买入”评级 目标价300港元
2021-06-07,大众、上汽攻势凶猛，新能源车企还能淡定应对么？,大众、上汽攻势凶猛，新能源车企还能淡定应对么？
2021-06-07,比亚迪（002594）深度：比亚迪乘用车的布局演变与战术分析,比亚迪（002594）深度：比亚迪乘用车的布局演变与战术分析
2021-06-07,异动直击|汽车股集体上涨，吉利汽车、比亚迪涨近4%,异动直击|汽车股集体上涨，吉利汽车、比亚迪涨近4%
2021-06-07,从瓦特到比特：汽车半导体扬帆起航,从瓦特到比特：汽车半导体扬帆起航
2021-06-07,动力电池生产商中航锂电计划明年IPO,动力电池生产商中航锂电计划明年IPO
2021-06-07,比亚迪在湘潭成立新公司,比亚迪在湘潭成立新公司
2021-06-07,销量不好存在感低，合资电动车就未必打不赢“蔚小理”,销量不好存在感低，合资电动车就未必打不赢“蔚小理”
2021-06-07,川财研究所晨报,川财研究所晨报
2021-06-07,国信证券：比亚迪（002594.SZ）新品供给+政策支持，强势车型相继发力，维持“增持”评级,国信证券：比亚迪（002594.SZ）新品供给+政策支持，强势车型相继发力，维持“增持”评级
2021-06-07,汽车行业第22周周报：造车新势力销量日盛 新能源车产业链有望继续受追捧,汽车行业第22周周报：造车新势力销量日盛 新能源车产业链有望继续受追捧
2021-06-07,电力设备及新能源行业周报：造车新势力表现出色 未来有望继续提升市占率,电力设备及新能源行业周报：造车新势力表现出色 未来有望继续提升市占率
2021-06-07,干货！2021年中国动力电池行业龙头企业——宁德时代：凭什么撑起亿万市值？,干货！2021年中国动力电池行业龙头企业——宁德时代：凭什么撑起亿万市值？
2021-06-08,新能源汽车专题之三：量价齐升 磷酸铁锂前驱体迈入景气拐点,新能源汽车专题之三：量价齐升 磷酸铁锂前驱体迈入景气拐点
2021-06-08,汽车A股港股集体拉升：比亚迪涨6%，东风汽车涨5%,汽车A股港股集体拉升：比亚迪涨6%，东风汽车涨5%
2021-06-08,国际化战略提速 比亚迪首批唐EV正式发运挪威,国际化战略提速 比亚迪首批唐EV正式发运挪威
2021-06-08,上汽集团合资车拖累销售复苏迟缓股权划转意欲何为? 资产异常,上汽集团合资车拖累销售复苏迟缓股权划转意欲何为? 资产异常
2021-06-08,财联社6月8日讯，乘联会数据显示，5月份，特斯拉中国批发销量33463辆，比亚迪新能源乘用车32131辆、上汽通用五菱新能源乘用车27757辆、上汽乘用车11049辆。,财联社6月8日讯，乘联会数据显示，5月份，特斯拉中国批发销量33463辆，比亚迪新能源乘用车32131辆、上汽通用五菱新能源乘用车27757辆、上汽乘用车11049辆。
2021-06-08,一个硬件没有，库克在憋什么大招？机构解读苹果开发者大会,一个硬件没有，库克在憋什么大招？机构解读苹果开发者大会
2021-06-08,比亚迪5月销量创新高：新能源暴涨198.8% 汉累计销量突破8.4万辆,比亚迪5月销量创新高：新能源暴涨198.8% 汉累计销量突破8.4万辆
2021-06-08,乘联会：中国5月份广义乘用车零售销量同比增加1.1%,乘联会：中国5月份广义乘用车零售销量同比增加1.1%
2021-06-08,三花转债：热管理系统全球龙头,三花转债：热管理系统全球龙头
2021-06-08,收评：恒指跌0.02% 有色金属板块下挫比亚迪逆势涨超6%,收评：恒指跌0.02% 有色金属板块下挫比亚迪逆势涨超6%
2021-06-08,消息称苹果倾向于使用成本更低的磷酸铁锂电池,消息称苹果倾向于使用成本更低的磷酸铁锂电池
2021-06-08,消息称苹果汽车看上比亚迪、宁德时代电池：股价双双拉涨,消息称苹果汽车看上比亚迪、宁德时代电池：股价双双拉涨
2021-06-08,A股资金流向（6月8日）：白酒股巨量杀跌，资金大幅出逃,A股资金流向（6月8日）：白酒股巨量杀跌，资金大幅出逃
2021-06-08,再捐1200万元防疫物资 比亚迪硬核助力深圳全市抗疫,再捐1200万元防疫物资 比亚迪硬核助力深圳全市抗疫
2021-06-08,进军欧洲！比亚迪唐EV出海挪威：售价约46万,进军欧洲！比亚迪唐EV出海挪威：售价约46万
2021-06-08,苹果汽车电池曝光：看上比亚迪了,苹果汽车电池曝光：看上比亚迪了
2021-06-08,消息人士：苹果正与比亚迪宁德时代洽谈电动汽车电池供应事宜,消息人士：苹果正与比亚迪宁德时代洽谈电动汽车电池供应事宜
2021-06-08,比亚迪销量数据亮眼中信证券：继续重点推荐,比亚迪销量数据亮眼中信证券：继续重点推荐
2021-06-08,比亚迪汉5月热销8214辆，累计销量超8.4万辆,比亚迪汉5月热销8214辆，累计销量超8.4万辆
2021-06-08,乘联会：5月新能源乘用车批发销量达19.6万辆 特斯拉超3.3万辆,乘联会：5月新能源乘用车批发销量达19.6万辆 特斯拉超3.3万辆
2021-06-08,快讯 | 比亚迪宁德时代或为苹果电车供应电池,快讯 | 比亚迪宁德时代或为苹果电车供应电池
2021-06-08,白酒股突现翻脸式跌停！药茅、油茅大跌，基金经理晒学历,白酒股突现翻脸式跌停！药茅、油茅大跌，基金经理晒学历
2021-06-08,5月新能源乘用车零售销量达18.5万辆，五菱、比亚迪、特斯拉分列前三,5月新能源乘用车零售销量达18.5万辆，五菱、比亚迪、特斯拉分列前三
2021-06-08,传苹果寻找电池供应商，宁德时代与比亚迪“花落谁家”？,传苹果寻找电池供应商，宁德时代与比亚迪“花落谁家”？
2021-06-08,诺德股份拟募资不超22.88亿加码主业 锂电铜箔国内市占率超35%,诺德股份拟募资不超22.88亿加码主业 锂电铜箔国内市占率超35%
2021-06-08,比亚迪大涨5.03%，换手率3.39%,比亚迪大涨5.03%，换手率3.39%
2021-06-08,龙蟒佰利上调钛白粉价格，建筑光伏迎机遇丨明日主题前瞻,龙蟒佰利上调钛白粉价格，建筑光伏迎机遇丨明日主题前瞻
2021-06-08,自动驾驶火爆 促进自动驾驶级别芯片市场火爆,自动驾驶火爆 促进自动驾驶级别芯片市场火爆
2021-06-08,【ETF日报】市场冲高回落，汽车、军工逆市起舞,【ETF日报】市场冲高回落，汽车、军工逆市起舞
2021-06-08,美股高开，标普500指数距历史高位仅一步之遥,美股高开，标普500指数距历史高位仅一步之遥
2021-06-08,负面挡不住特斯拉中国！月批发销量 3.3 万辆，重回冠军，出口过万,负面挡不住特斯拉中国！月批发销量 3.3 万辆，重回冠军，出口过万
2021-06-08,传闻再起！苹果电动车看上这两家国产电池？丨C位,传闻再起！苹果电动车看上这两家国产电池？丨C位
2021-06-08,苹果与宁德时代、比亚迪磋商电池事宜｜第一财经汽车日评,苹果与宁德时代、比亚迪磋商电池事宜｜第一财经汽车日评
2021-06-08,国内车企五月产销数据出炉 汽车板块整体走强,国内车企五月产销数据出炉 汽车板块整体走强
2021-06-08,特斯拉中国销量“过山车”：继4月暴跌后，5月激增29%,特斯拉中国销量“过山车”：继4月暴跌后，5月激增29%
2021-06-08,乘联会：前五月乘用车零售超830万辆，同比增近四成,乘联会：前五月乘用车零售超830万辆，同比增近四成
2021-06-08,比亚迪：股东融捷投资控股质押250万股,比亚迪：股东融捷投资控股质押250万股
2021-06-08,新能源汽车进入高位增长稳定期：乘联会调高全年销量目标至240万辆,新能源汽车进入高位增长稳定期：乘联会调高全年销量目标至240万辆
2021-06-08,智通港股研报精读(06.08) | 看好新能源汽车、航运和物业管理龙头股,智通港股研报精读(06.08) | 看好新能源汽车、航运和物业管理龙头股
2021-06-08,中信证券：比亚迪5月销量符合预期 港股A股均维持“买入”评级,中信证券：比亚迪5月销量符合预期 港股A股均维持“买入”评级
2021-06-08,资金复盘 | 南下资金抛售小米、美团，追买比亚迪,资金复盘 | 南下资金抛售小米、美团，追买比亚迪
2021-06-08,新能源行业动态点评：欧洲七国5月新能源汽车销量达14.17万辆,新能源行业动态点评：欧洲七国5月新能源汽车销量达14.17万辆
2021-06-08,2021年上半年中国汽车工业协会经济运行会议在北京召开,2021年上半年中国汽车工业协会经济运行会议在北京召开
2021-06-08,牛熊日报丨比亚迪购证迎大涨！汇丰：留意小米购证机会,牛熊日报丨比亚迪购证迎大涨！汇丰：留意小米购证机会
2021-06-08,拟加码磷酸铁产能至10万吨/年 安纳达再度涨停,拟加码磷酸铁产能至10万吨/年 安纳达再度涨停
2021-06-08,涨停复盘 | 指数弱势震荡 新能源产业链多股涨停,涨停复盘 | 指数弱势震荡 新能源产业链多股涨停
2021-06-08,开启欧洲版图 比亚迪首批唐 EV 启航挪威,开启欧洲版图 比亚迪首批唐 EV 启航挪威
2021-06-08,比亚迪：5月汉销量8214辆，累计销量突破8.4万辆，持续领跑中国品牌中大型轿车市场,比亚迪：5月汉销量8214辆，累计销量突破8.4万辆，持续领跑中国品牌中大型轿车市场
2021-06-08,港股异动 | 比亚迪股份(01211)午后拉升逾6% 传苹果与比亚迪及宁德时代磋商供应电池的协议,港股异动 | 比亚迪股份(01211)午后拉升逾6% 传苹果与比亚迪及宁德时代磋商供应电池的协议
2021-06-08,同比增长45.49% 比亚迪5月份售4.63万辆,同比增长45.49% 比亚迪5月份售4.63万辆
2021-06-08,比亚迪拉升涨超7%,比亚迪拉升涨超7%
2021-06-08,比亚迪AH股齐涨5月新能源汽车销量同比增长189.62%,比亚迪AH股齐涨5月新能源汽车销量同比增长189.62%
2021-06-08,快讯：汽车股早盘活跃 比亚迪涨逾6%,快讯：汽车股早盘活跃 比亚迪涨逾6%
2021-06-08,汽车股早盘集体走强 比亚迪涨超5%,汽车股早盘集体走强 比亚迪涨超5%
2021-06-08,动力电池板块强劲复苏，比亚迪领涨,动力电池板块强劲复苏，比亚迪领涨
2021-06-08,磷酸铁锂板块高开高走，安纳达三连板,磷酸铁锂板块高开高走，安纳达三连板
2021-06-08,大摩：下调比亚迪A和H股评级至低配 面临盈利不确定性 投资评级恶化,大摩：下调比亚迪A和H股评级至低配 面临盈利不确定性 投资评级恶化
2021-06-08,港股焦点:比亚迪(01211.HK)5月新能源汽车销量同比升近1.9倍,港股焦点:比亚迪(01211.HK)5月新能源汽车销量同比升近1.9倍
2021-06-08,【华创汽车】比亚迪：DM-i混动加速替换燃油,【华创汽车】比亚迪：DM-i混动加速替换燃油
2021-06-08,比亚迪插电式混动新车5月销量破万,比亚迪插电式混动新车5月销量破万
2021-06-08,【安信汽车】比亚迪：5月销量数据亮眼，高增长仍将持续,【安信汽车】比亚迪：5月销量数据亮眼，高增长仍将持续
2021-06-08,大摩下调比亚迪A和H股评级至低配 然后大举买入1000万港元 投资评级恶化,大摩下调比亚迪A和H股评级至低配 然后大举买入1000万港元 投资评级恶化
2021-06-08,A股早报2021年6月8日星期二,A股早报2021年6月8日星期二
2021-06-08,"比亚迪5月共计销售46,295辆新车，较去年同期增长45.49%","比亚迪5月共计销售46,295辆新车，较去年同期增长45.49%"
2021-06-08,汽车股午后异动拉升 比亚迪大涨8%,汽车股午后异动拉升 比亚迪大涨8%
2021-06-08,智通港股早知道︱(6月8日)全球芯片短缺加剧关注相关企业，比亚迪股份(01211)5月新能源汽车销量增长189.62%,智通港股早知道︱(6月8日)全球芯片短缺加剧关注相关企业，比亚迪股份(01211)5月新能源汽车销量增长189.62%
2021-06-08,新造车抢占购物中心,新造车抢占购物中心
2021-06-08,盘前必读丨证券交易印花税税率仍是千分之一 比亚迪前5月新能车销量同比增143%,盘前必读丨证券交易印花税税率仍是千分之一 比亚迪前5月新能车销量同比增143%
2021-06-08,每日信息速递,每日信息速递
2021-06-08,上市公司正负面新闻2021年6月8日星期二,上市公司正负面新闻2021年6月8日星期二
2021-06-08,摩根士丹利将比亚迪H股评级下调至低配 投资评级恶化,摩根士丹利将比亚迪H股评级下调至低配 投资评级恶化
2021-06-08,诺德股份拟募资22.88亿元 抢滩极薄锂电铜箔市场,诺德股份拟募资22.88亿元 抢滩极薄锂电铜箔市场
2021-06-08,丰田规避芯片危机 国内主机厂的启示录,丰田规避芯片危机 国内主机厂的启示录
2021-06-08,两市百元股数量达159只，科创板股票占38.36%,两市百元股数量达159只，科创板股票占38.36%
2021-06-08,诺德股份(600110)：拟对控股股东定向增发23亿 助力估值修复,诺德股份(600110)：拟对控股股东定向增发23亿 助力估值修复
2021-06-08,A股融资融券日报：两融余额增加70.11亿元（6月7日）,A股融资融券日报：两融余额增加70.11亿元（6月7日）
2021-06-08,5月新能车销量数据亮眼 比亚迪大涨超6%,5月新能车销量数据亮眼 比亚迪大涨超6%
2021-06-08,比亚迪首5月新能源汽车累计销量11.32万辆，同比增长143.41%,比亚迪首5月新能源汽车累计销量11.32万辆，同比增长143.41%
2021-06-08,或为苹果电动汽车项目供应电池 比亚迪涨逾6%,或为苹果电动汽车项目供应电池 比亚迪涨逾6%
2021-06-08,中信证券：比亚迪5月销量符合预期，电动车景气持续向上，继续重点推荐,中信证券：比亚迪5月销量符合预期，电动车景气持续向上，继续重点推荐
2021-06-08,传与苹果磋商电动车项目 宁德时代午后翻红 比亚迪大涨5%,传与苹果磋商电动车项目 宁德时代午后翻红 比亚迪大涨5%
2021-06-08,苹果与宁德时代和比亚迪磋商为其电动汽车项目供应电池的协议,苹果与宁德时代和比亚迪磋商为其电动汽车项目供应电池的协议
2021-06-08,市场消息：苹果与宁德时代和比亚迪磋商为其电动汽车项目供应电池的协议,市场消息：苹果与宁德时代和比亚迪磋商为其电动汽车项目供应电池的协议
2021-06-08,竞争比亚迪DM-i？长安蓝鲸iDD混动系统将发布：还预设了欧7升级路径,竞争比亚迪DM-i？长安蓝鲸iDD混动系统将发布：还预设了欧7升级路径
2021-06-08,比亚迪今年5月份销售纯电动汽车18711辆 同比增长126.03%,比亚迪今年5月份销售纯电动汽车18711辆 同比增长126.03%
2021-06-08,中国整车、重点零部件企业及部分经销商上市企业5月市值生态榜,中国整车、重点零部件企业及部分经销商上市企业5月市值生态榜
2021-06-08,安信证券：比亚迪（002594.SZ）5月销量同比增长45.49%，目标价220元，维持“买入-A”评级,安信证券：比亚迪（002594.SZ）5月销量同比增长45.49%，目标价220元，维持“买入-A”评级
2021-06-08,宁德时代、比亚迪短线拉升1%,宁德时代、比亚迪短线拉升1%
2021-06-08,比亚迪首批唐EV今日启航挪威 售价59.99万克朗,比亚迪首批唐EV今日启航挪威 售价59.99万克朗
2021-06-08,汽车板块走强，比亚迪(002594.SZ)涨超6%，5月销售数据出色,汽车板块走强，比亚迪(002594.SZ)涨超6%，5月销售数据出色
2021-06-08,比亚迪涨超4% 前5个月汽车产销量分别同比增61%及56%,比亚迪涨超4% 前5个月汽车产销量分别同比增61%及56%
2021-06-08,同比增长45.3% 比亚迪5月全系售45176辆,同比增长45.3% 比亚迪5月全系售45176辆
2021-06-08,【港股通】比亚迪首5月销量约19.57万辆 按年增56.66%,【港股通】比亚迪首5月销量约19.57万辆 按年增56.66%
2021-06-08,比亚迪成立新公司 经营范围含电动车销售,比亚迪成立新公司 经营范围含电动车销售
2021-06-08,外媒：苹果就电动汽车电池供应在与宁德时代和比亚迪磋商,外媒：苹果就电动汽车电池供应在与宁德时代和比亚迪磋商
2021-06-08,比亚迪大涨5.07% 股价再次站上200元,比亚迪大涨5.07% 股价再次站上200元
2021-06-08,汽车周报：新能源5月表现亮眼 坚定看好汽车板块,汽车周报：新能源5月表现亮眼 坚定看好汽车板块
2021-06-08,小米造车再加码：自动驾驶招聘岗位增加，传全新人才招聘计划待披露,小米造车再加码：自动驾驶招聘岗位增加，传全新人才招聘计划待披露
2021-06-08,苹果概念股局部活跃，立讯精密、工业富联、苏州固锝、东山精密等走强,苹果概念股局部活跃，立讯精密、工业富联、苏州固锝、东山精密等走强
2021-06-09,牛熊日报丨蒙牛购证集体拉升！小摩：可留意乳业股购证,牛熊日报丨蒙牛购证集体拉升！小摩：可留意乳业股购证
2021-06-09,【繁微另类数据】基于移动大数据的上市公司金融活动指数的选股应用,【繁微另类数据】基于移动大数据的上市公司金融活动指数的选股应用
2021-06-09,5月新能源汽车销量榜：MINI EV霸榜 Model Y香过Model 3,5月新能源汽车销量榜：MINI EV霸榜 Model Y香过Model 3
2021-06-09,比亚迪5月销量再创新高 新能源汽车增长198.8%,比亚迪5月销量再创新高 新能源汽车增长198.8%
2021-06-09,动力电池暗战下的生死竞速,动力电池暗战下的生死竞速
2021-06-09,5月新能源车销量：传统车企仍是老大，比亚迪称要垄断下半年销冠,5月新能源车销量：传统车企仍是老大，比亚迪称要垄断下半年销冠
2021-06-09,乘联会：5月新能源汽车销量稳增，2021年预测销量调高至240万辆,乘联会：5月新能源汽车销量稳增，2021年预测销量调高至240万辆
2021-06-09,华安证券：比亚迪（002594.SZ）5月销量同比增长45%，进入车型强周期，维持“买入”评级,华安证券：比亚迪（002594.SZ）5月销量同比增长45%，进入车型强周期，维持“买入”评级
2021-06-09,苹果电动汽车要中国电池？比亚迪、宁德时代或成其供应商 | 一只热股,苹果电动汽车要中国电池？比亚迪、宁德时代或成其供应商 | 一只热股
2021-06-09,【券商聚焦】招银维持比亚迪股份买入评级 料短期内将跑赢同业,【券商聚焦】招银维持比亚迪股份买入评级 料短期内将跑赢同业
2021-06-09,比亚迪力守5天线 两手准备可留意牛68369/熊61425、57994,比亚迪力守5天线 两手准备可留意牛68369/熊61425、57994
2021-06-09,特斯拉5月销量迷局：积压订单交付致环比上升，月度净订单已下降 盈利能力下降,特斯拉5月销量迷局：积压订单交付致环比上升，月度净订单已下降 盈利能力下降
2021-06-09,汽车及零部件行业：5月零售表现稳健 新能源及自主亮眼,汽车及零部件行业：5月零售表现稳健 新能源及自主亮眼
2021-06-09,比亚迪(002594)：销量表现靓丽 DMI销量稳步爬坡,比亚迪(002594)：销量表现靓丽 DMI销量稳步爬坡
2021-06-09,王传福谈未来三个风口：碳中和下的太阳能和储电桩、电动车、电动车下的半导体,王传福谈未来三个风口：碳中和下的太阳能和储电桩、电动车、电动车下的半导体
2021-06-09,五月车企十强销量榜上 东风日产惊现两个两位数下滑 盈利能力下降,五月车企十强销量榜上 东风日产惊现两个两位数下滑 盈利能力下降
2021-06-09,车市月观察丨5月车市：通用和日产“跳水” 特斯拉回光返照？,车市月观察丨5月车市：通用和日产“跳水” 特斯拉回光返照？
2021-06-09,比亚迪王传福：华为的手机，我们造的,比亚迪王传福：华为的手机，我们造的
2021-06-09,特斯拉重夺新能源车销量榜首，上汽通用五菱跌至第三 盈利能力下降,特斯拉重夺新能源车销量榜首，上汽通用五菱跌至第三 盈利能力下降
2021-06-09,王传福：补贴退坡对新能源汽车市场影响已很小，要靠产品打动消费者,王传福：补贴退坡对新能源汽车市场影响已很小，要靠产品打动消费者
2021-06-09,比亚迪董事长王传福：企业家要有的四点精神,比亚迪董事长王传福：企业家要有的四点精神
2021-06-09,王传福：电池电机电控都能做，全球也就是比亚迪,王传福：电池电机电控都能做，全球也就是比亚迪
2021-06-09,长汽转债投资简析：积极拥抱变化的传统车龙头 建议积极申购,长汽转债投资简析：积极拥抱变化的传统车龙头 建议积极申购
2021-06-09,48股获买入评级 最新:永高股份,48股获买入评级 最新:永高股份
2021-06-09,比亚迪董事长王传福：比亚迪进入电动车时，我们的股价掉了40%,比亚迪董事长王传福：比亚迪进入电动车时，我们的股价掉了40%
2021-06-09,王传福：我的财富自由不是问题了，想为国家做些分忧解难的事情,王传福：我的财富自由不是问题了，想为国家做些分忧解难的事情
2021-06-09,2021亚布力年会丨王传福分享比亚迪的商业故事,2021亚布力年会丨王传福分享比亚迪的商业故事
2021-06-09,乘联会：2021年5月新能源汽车销量162.6万辆 同比增长1.1%,乘联会：2021年5月新能源汽车销量162.6万辆 同比增长1.1%
2021-06-09,苹果造车电池大单 花落这两家中国公司？,苹果造车电池大单 花落这两家中国公司？
2021-06-09,焦点个股丨比亚迪登上高考卷！单月销量飙涨199%，下半场靠什么？,焦点个股丨比亚迪登上高考卷！单月销量飙涨199%，下半场靠什么？
2021-06-09,王传福狠夸“刀片电池”：从此“自燃”就从新能源车的字典里删除了,王传福狠夸“刀片电池”：从此“自燃”就从新能源车的字典里删除了
2021-06-09,5月车企销量榜：特斯拉重返第一，上汽通用五菱不敌比亚迪跌至第三 盈利能力下降,5月车企销量榜：特斯拉重返第一，上汽通用五菱不敌比亚迪跌至第三 盈利能力下降
2021-06-09,A股前十大有了新经济公司，宁德时代会是下一个茅台吗？|甲子光年,A股前十大有了新经济公司，宁德时代会是下一个茅台吗？|甲子光年
2021-06-09,电池变局：磷酸铁锂超越三元，比亚迪能否逆袭宁德时代,电池变局：磷酸铁锂超越三元，比亚迪能否逆袭宁德时代
2021-06-09,比亚迪(002594)2021年5月销量点评：5月销量符合预期 电动景气持续向上,比亚迪(002594)2021年5月销量点评：5月销量符合预期 电动景气持续向上
2021-06-09,25股获券商买入评级，宇通客车目标涨幅达64.30%,25股获券商买入评级，宇通客车目标涨幅达64.30%
2021-06-09,小K播早报！5月新能源汽车销量同增177.2%传苹果正与宁德时代、比亚迪洽谈,小K播早报！5月新能源汽车销量同增177.2%传苹果正与宁德时代、比亚迪洽谈
2021-06-09,每日理财观察：A股新增投资者连续15月破百万,每日理财观察：A股新增投资者连续15月破百万
2021-06-09,锂精矿涨价动力充足 相关公司值得关注,锂精矿涨价动力充足 相关公司值得关注
2021-06-09,销量大增板块强势 新能源汽车智能化提速,销量大增板块强势 新能源汽车智能化提速
2021-06-09,港股盘前必读：“金融科技2025”策略公布，世界银行上调经济增长预期,港股盘前必读：“金融科技2025”策略公布，世界银行上调经济增长预期
2021-06-09,左手电动车、右手储能，磷酸铁锂万亿市场稳了？,左手电动车、右手储能，磷酸铁锂万亿市场稳了？
2021-06-09,比亚迪首批100台唐EV正式发运挪威,比亚迪首批100台唐EV正式发运挪威
2021-06-09,白酒股“醉倒”拖累大盘，活跃资金挖掘新热点,白酒股“醉倒”拖累大盘，活跃资金挖掘新热点
2021-06-09,欧美股市收盘涨跌不一，斗鱼收涨近13%,欧美股市收盘涨跌不一，斗鱼收涨近13%
2021-06-09,美国三大股指收盘涨跌互现，斗鱼涨近13%,美国三大股指收盘涨跌互现，斗鱼涨近13%
2021-06-09,苹果与宁德时代及比亚迪谈判电池供应事宜,苹果与宁德时代及比亚迪谈判电池供应事宜
2021-06-09,艾德证券：5月新能源汽车销量大增，股价纷纷上涨，股票行情有望重启？,艾德证券：5月新能源汽车销量大增，股价纷纷上涨，股票行情有望重启？
2021-06-09,国内乘用车前5个月零售销量超836万辆 乘联会调高新能源车全年预期至240万辆,国内乘用车前5个月零售销量超836万辆 乘联会调高新能源车全年预期至240万辆
2021-06-09,A股早报2021年6月9日星期三,A股早报2021年6月9日星期三
2021-06-09,比亚迪陆港两地上涨 花旗称公司5月新能源车销量好于预期,比亚迪陆港两地上涨 花旗称公司5月新能源车销量好于预期
2021-06-09,5月车市零售平稳 新能源有望冲击全年240万辆,5月车市零售平稳 新能源有望冲击全年240万辆
2021-06-09,A股融资融券日报：两融余额减少16.2亿元（6月8日）,A股融资融券日报：两融余额减少16.2亿元（6月8日）
2021-06-09,比亚迪入选高考文综试卷！唯一一家掌握“三电”核心技术,比亚迪入选高考文综试卷！唯一一家掌握“三电”核心技术
2021-06-09,从新技术到新装备，青海清洁能源产业发展亮点纷呈,从新技术到新装备，青海清洁能源产业发展亮点纷呈
2021-06-09,比亚迪（01211）新能源汽车五月份销量再创新高 DM-i超级混动掀起消费热潮,比亚迪（01211）新能源汽车五月份销量再创新高 DM-i超级混动掀起消费热潮
2021-06-09,半年总投资超2400亿，宁德时代们疯了吗？,半年总投资超2400亿，宁德时代们疯了吗？
2021-06-09,比亚迪新能源汽车5月销售31681辆,比亚迪新能源汽车5月销售31681辆
2021-06-09,南钢100mm厚船用高止裂韧度钢板全国首发！丨钢铁财经资讯速览,南钢100mm厚船用高止裂韧度钢板全国首发！丨钢铁财经资讯速览
2021-06-09,比亚迪5月销量创新高！新能源暴涨近两倍,比亚迪5月销量创新高！新能源暴涨近两倍
2021-06-09,汽车行业点评报告：5月行业产批符合预期 新能源表现靓丽,汽车行业点评报告：5月行业产批符合预期 新能源表现靓丽
2021-06-09,承载一代人的回忆，点评仍在售的“长命”国产车,承载一代人的回忆，点评仍在售的“长命”国产车
2021-06-09,新能源车卖爆了，销量大超预期！苹果造车曝“绯闻”,新能源车卖爆了，销量大超预期！苹果造车曝“绯闻”
2021-06-09,比亚迪卖 80 万 中国品牌冲高端再掀波澜,比亚迪卖 80 万 中国品牌冲高端再掀波澜
2021-06-09,晨会聚焦210609重点关注培育钻石行业、再生铝行业、元宇宙专题、机械行业,晨会聚焦210609重点关注培育钻石行业、再生铝行业、元宇宙专题、机械行业
2021-06-09,比亚迪首批100辆唐EV已正式发往挪威 预计Q3向客户交付,比亚迪首批100辆唐EV已正式发往挪威 预计Q3向客户交付
2021-06-09,比亚迪5月销量出炉，新能源汽车卖疯了！,比亚迪5月销量出炉，新能源汽车卖疯了！
2021-06-10,王传福：华为手机90%金属框比亚迪造,王传福：华为手机90%金属框比亚迪造
2021-06-10,深入联手华为实锤！比亚迪开放招聘“鸿蒙开发工程师”岗位,深入联手华为实锤！比亚迪开放招聘“鸿蒙开发工程师”岗位
2021-06-10,比亚迪5月销量成绩单值得吉利、长城认真学习,比亚迪5月销量成绩单值得吉利、长城认真学习
2021-06-10,[公司]万丰奥威：与蔚来、小鹏、比亚迪、恒大新能源汽车等合作,[公司]万丰奥威：与蔚来、小鹏、比亚迪、恒大新能源汽车等合作
2021-06-10,A股资金流向（6月10日）：资金撤离白酒股，转投新能源龙头,A股资金流向（6月10日）：资金撤离白酒股，转投新能源龙头
2021-06-10,A股收盘综述：上证指数涨0.54%，宁德时代再创新高、软件股批量涨停,A股收盘综述：上证指数涨0.54%，宁德时代再创新高、软件股批量涨停
2021-06-10,王传福自信回应比亚迪被写入高考题：“三电”都能做 目前全球只有比亚迪,王传福自信回应比亚迪被写入高考题：“三电”都能做 目前全球只有比亚迪
2021-06-10,比亚迪王传福谈小米造车：亏钱事小，浪费3年事大,比亚迪王传福谈小米造车：亏钱事小，浪费3年事大
2021-06-10,比亚迪王传福：让无车家庭第一台车购买纯电动是很困难的,比亚迪王传福：让无车家庭第一台车购买纯电动是很困难的
2021-06-10,Model Y首夺亚军 评5月新能源汽车销量,Model Y首夺亚军 评5月新能源汽车销量
2021-06-10,再过几年燃油车会彻底消失吗？别打鸡血 厂商用脚投票了,再过几年燃油车会彻底消失吗？别打鸡血 厂商用脚投票了
2021-06-10,玲珑轮胎(601966)：“6+6”战略调整为“7+5”战略 国内第六大生产基地落地陕西铜川,玲珑轮胎(601966)：“6+6”战略调整为“7+5”战略 国内第六大生产基地落地陕西铜川
2021-06-10,5月车型销量榜：特斯拉明增暗降，比亚迪DM-i初露锋芒 盈利能力下降,5月车型销量榜：特斯拉明增暗降，比亚迪DM-i初露锋芒 盈利能力下降
2021-06-10,香港恒生指数收平：比亚迪领涨恒指成分股 海底捞股价创10个月新低 连续下跌,香港恒生指数收平：比亚迪领涨恒指成分股 海底捞股价创10个月新低 连续下跌
2021-06-10,数据解盘|今日北向资金合计净流入94.86亿元 软件服务板块主力资金净流入超40亿元,数据解盘|今日北向资金合计净流入94.86亿元 软件服务板块主力资金净流入超40亿元
2021-06-10,北向资金连续3日净买入，隆基股份获大幅净买入超21亿元,北向资金连续3日净买入，隆基股份获大幅净买入超21亿元
2021-06-10,高考文综试题里的“民族品牌汽车制造商” 原来就是比亚迪,高考文综试题里的“民族品牌汽车制造商” 原来就是比亚迪
2021-06-10,比亚迪：2017年面向合格投资者公开发行公司债券（第一期）2021年付息,比亚迪：2017年面向合格投资者公开发行公司债券（第一期）2021年付息
2021-06-10,港股恒指7连跌再微挫3点，航运股神勇中远海控飈升11%,港股恒指7连跌再微挫3点，航运股神勇中远海控飈升11%
2021-06-10,比亚迪王传福：插电混动解决家庭的第一部车 纯电动适合当第二辆车,比亚迪王传福：插电混动解决家庭的第一部车 纯电动适合当第二辆车
2021-06-10,车市抢先看│5月份新能源购车意向降温,车市抢先看│5月份新能源购车意向降温
2021-06-10,A股总市值增8000亿，却有投资者赚指数不赚钱？,A股总市值增8000亿，却有投资者赚指数不赚钱？
2021-06-10,【机构风向标】20股获多家机构“买入”评级，10股看涨空间超20%,【机构风向标】20股获多家机构“买入”评级，10股看涨空间超20%
2021-06-10,牛熊日报丨比亚迪购证集体拉升！瑞信：留意小米轮证机会,牛熊日报丨比亚迪购证集体拉升！瑞信：留意小米轮证机会
2021-06-10,比亚迪王传福谈巨头跨界造车：别浪费时间,比亚迪王传福谈巨头跨界造车：别浪费时间
2021-06-10,沪指横盘11天后再次突破3600点A股震荡上行趋势有望延续,沪指横盘11天后再次突破3600点A股震荡上行趋势有望延续
2021-06-10,华为手机比亚迪造？王传福发言冲上热搜！还提及雷军造车,华为手机比亚迪造？王传福发言冲上热搜！还提及雷军造车
2021-06-10,解密DM-i超级混动亏电油耗仅3.8L/百公里的秘诀,解密DM-i超级混动亏电油耗仅3.8L/百公里的秘诀
2021-06-10,自主新能源车5月渗透率高A0级以下车型仍为市场主体,自主新能源车5月渗透率高A0级以下车型仍为市场主体
2021-06-10,比亚迪股份涨近7% 消息称正与苹果磋商汽车电池供应,比亚迪股份涨近7% 消息称正与苹果磋商汽车电池供应
2021-06-10,意外！比亚迪荣登高考试卷：官方回应来了,意外！比亚迪荣登高考试卷：官方回应来了
2021-06-10,亚布力论坛：听王传福讲述比亚迪的坚守与梦想,亚布力论坛：听王传福讲述比亚迪的坚守与梦想
2021-06-10,不负等待？下半年新能源重磅新车抢先知,不负等待？下半年新能源重磅新车抢先知
2021-06-10,比亚迪走进高考试卷！王传福：我们最不怕竞争 直接把对手甩出两条街,比亚迪走进高考试卷！王传福：我们最不怕竞争 直接把对手甩出两条街
2021-06-10,现货紧张 订车至少需要一个月,现货紧张 订车至少需要一个月
2021-06-10,实探：缺芯潮下4S店提车难，订车至少需要一个月,实探：缺芯潮下4S店提车难，订车至少需要一个月
2021-06-10,投资比亚迪，要看三个共识,投资比亚迪，要看三个共识
2021-06-10,【东吴晨报0610】【宏观】【行业】汽车、机械,【东吴晨报0610】【宏观】【行业】汽车、机械
2021-06-10,竞逐资本市场 电池企业排队IPO,竞逐资本市场 电池企业排队IPO
2021-06-10,A股融资融券日报：两融余额减少2.5亿元（6月9日）,A股融资融券日报：两融余额减少2.5亿元（6月9日）
2021-06-10,66只主题基金收益率狂飙10%！新能源车“王者归来”,66只主题基金收益率狂飙10%！新能源车“王者归来”
2021-06-10,“华为手机，大部分我们造的！”王传福：华为金属框90%为比亚迪造,“华为手机，大部分我们造的！”王传福：华为金属框90%为比亚迪造
2021-06-10,5月份车市零售平稳 高档品牌表现持续走高,5月份车市零售平稳 高档品牌表现持续走高
2021-06-10,"【特约大V】郭家耀：料短期大市缺乏突破能力 续于28,500至29,500点水平上落","【特约大V】郭家耀：料短期大市缺乏突破能力 续于28,500至29,500点水平上落"
2021-06-10,北向资金增持伊利股份超10亿元 减持这些行业和个股（名单） 减持股份,北向资金增持伊利股份超10亿元 减持这些行业和个股（名单） 减持股份
2021-06-10,晨会聚焦210610重点关注固定收益专题,晨会聚焦210610重点关注固定收益专题
2021-06-10,比亚迪王传福谈小米雷军造车：若方向错了会浪费钱和时间,比亚迪王传福谈小米雷军造车：若方向错了会浪费钱和时间
2021-06-10,中保研公布9款车型碰撞结果，比亚迪两款车型耐撞性与维修经济性指数均较差,中保研公布9款车型碰撞结果，比亚迪两款车型耐撞性与维修经济性指数均较差
2021-06-10,近3900亿元解禁来临：宁德时代市值波动，业务站上十字路口 解禁,近3900亿元解禁来临：宁德时代市值波动，业务站上十字路口 解禁
2021-06-10,中保研公布 9 款车型碰撞结果，奔驰 A 级表现“出乎意料”,中保研公布 9 款车型碰撞结果，奔驰 A 级表现“出乎意料”
2021-06-10,A股午盘综述：上证指数涨0.82%，宁德时代再创新高、中远海控封板,A股午盘综述：上证指数涨0.82%，宁德时代再创新高、中远海控封板
2021-06-10,比亚迪王传福：中国不能从石油被卡脖子，变成电池被卡脖子,比亚迪王传福：中国不能从石油被卡脖子，变成电池被卡脖子
2021-06-10,板块异动丨新能源产业链高景气 汽车整车板块持续拉升,板块异动丨新能源产业链高景气 汽车整车板块持续拉升
2021-06-10,宁德时代、比亚迪大幅走高 消息称正与苹果磋商汽车电池供应,宁德时代、比亚迪大幅走高 消息称正与苹果磋商汽车电池供应
2021-06-10,电气设备行业-5月国内造车新势力销量点评：一线销量平稳 二线风头正盛,电气设备行业-5月国内造车新势力销量点评：一线销量平稳 二线风头正盛
2021-06-10,汽车股盘中崛起，海马汽车3日2板,汽车股盘中崛起，海马汽车3日2板
2021-06-10,汽车板块集体走强 比亚迪涨近6%,汽车板块集体走强 比亚迪涨近6%
2021-06-10,比亚迪、宁德时代并驾齐驱，动力电池板块强力拉升,比亚迪、宁德时代并驾齐驱，动力电池板块强力拉升
2021-06-10,特斯拉重夺新能源车销量榜首 相关概念股飙涨丨牛熊眼,特斯拉重夺新能源车销量榜首 相关概念股飙涨丨牛熊眼
2021-06-10,比亚迪DM-i车型热销 福达股份新能源车配套业务发展迅速,比亚迪DM-i车型热销 福达股份新能源车配套业务发展迅速
2021-06-10,入选高考文综试题，比亚迪官方回应来了,入选高考文综试题，比亚迪官方回应来了
2021-06-10,大型劝退现场？比亚迪董事长王传福劝雷军别造车,大型劝退现场？比亚迪董事长王传福劝雷军别造车
2021-06-11,北向资金今日净卖出30.32亿元，白酒股遭大幅抛售,北向资金今日净卖出30.32亿元，白酒股遭大幅抛售
2021-06-11,中国新能源汽车的出海突击战,中国新能源汽车的出海突击战
2021-06-11,比亚迪王传福评小米造车：赔 50 亿不算啥！别浪费了 3 年时间,比亚迪王传福评小米造车：赔 50 亿不算啥！别浪费了 3 年时间
2021-06-11,比亚迪(002594)：DM-I车型放量初现 新能源占比持续提升,比亚迪(002594)：DM-I车型放量初现 新能源占比持续提升
2021-06-11,新能源拖后腿 5月份主流合资品牌市占率创新低,新能源拖后腿 5月份主流合资品牌市占率创新低
2021-06-11,汽车日报：年薪无上限！新能源汽车新发职位激增103% 无人驾驶人才年薪百万美元？,汽车日报：年薪无上限！新能源汽车新发职位激增103% 无人驾驶人才年薪百万美元？
2021-06-11,比亚迪化身“甲企业”现身高考，看DiLink如何引领智能互联,比亚迪化身“甲企业”现身高考，看DiLink如何引领智能互联
2021-06-11,A股资金流向（6月11日）：新能源、疫苗龙头获资金回流,A股资金流向（6月11日）：新能源、疫苗龙头获资金回流
2021-06-11,钜派研究院：如何通过财报分析抓住新能源汽车龙头公司？,钜派研究院：如何通过财报分析抓住新能源汽车龙头公司？
2021-06-11,抢占欧洲市场“制高点”中国新能源车企加速海外出口,抢占欧洲市场“制高点”中国新能源车企加速海外出口
2021-06-11,德邦证券：玲珑轮胎（601966.SH）“7+5”战略优化全球布局，维持“买入”评级,德邦证券：玲珑轮胎（601966.SH）“7+5”战略优化全球布局，维持“买入”评级
2021-06-11,入选全国高考题的企业甲现身 给出参考答案,入选全国高考题的企业甲现身 给出参考答案
2021-06-11,金融街下午茶2021年6月11日星期五,金融街下午茶2021年6月11日星期五
2021-06-11,锂电设备行业点评：LG新能源启动上市&亿纬加速扩产 锂电设备稀缺性显现,锂电设备行业点评：LG新能源启动上市&亿纬加速扩产 锂电设备稀缺性显现
2021-06-11,牛熊日报丨美团牛证狂拉120%！瑞信：留意比亚迪轮证,牛熊日报丨美团牛证狂拉120%！瑞信：留意比亚迪轮证
2021-06-11,工信部发布新一批新能源汽车推广应用推荐车型等目录,工信部发布新一批新能源汽车推广应用推荐车型等目录
2021-06-11,主力资金：主力紧急抢筹两只白马股 买入资金超17亿元,主力资金：主力紧急抢筹两只白马股 买入资金超17亿元
2021-06-11,工信部发布新一批撤销《免征车辆购置税的新能源汽车车型目录》车型名单,工信部发布新一批撤销《免征车辆购置税的新能源汽车车型目录》车型名单
2021-06-11,5月新能源销量：自主狂欢，合资迷路,5月新能源销量：自主狂欢，合资迷路
2021-06-11,工信部发布新一批《道路机动车辆生产企业及产品》、新能源汽车推广应用推荐车型等目录公告，吉利、比亚迪等在列,工信部发布新一批《道路机动车辆生产企业及产品》、新能源汽车推广应用推荐车型等目录公告，吉利、比亚迪等在列
2021-06-11,上海、浙江、海南：A股“炒地图”行情又来了 下一个会是谁？,上海、浙江、海南：A股“炒地图”行情又来了 下一个会是谁？
2021-06-11,E周新势力 | 广汽埃安5月交付10395辆，同比增154%；小鹏汽车下半年会在新的领域推出一款交通工具；全新一代雷克萨斯NX 6月12日全球首发,E周新势力 | 广汽埃安5月交付10395辆，同比增154%；小鹏汽车下半年会在新的领域推出一款交通工具；全新一代雷克萨斯NX 6月12日全球首发
2021-06-11,怒涨6500亿！这28万小散赚翻,怒涨6500亿！这28万小散赚翻
2021-06-11,"""妻管严""买车竟然能赚私房钱 这辆混动车堪比理财产品","""妻管严""买车竟然能赚私房钱 这辆混动车堪比理财产品"
2021-06-11,崔东树：5月新能源乘用车销量达20万辆增2倍，保持高增长趋势,崔东树：5月新能源乘用车销量达20万辆增2倍，保持高增长趋势
2021-06-11,【市场观潮】中航锂电上市在望，电池四杰，笑傲江湖,【市场观潮】中航锂电上市在望，电池四杰，笑傲江湖
2021-06-11,王传福的“破圈”时刻,王传福的“破圈”时刻
2021-06-11,一周主力资金|比亚迪获净流入超25亿元,一周主力资金|比亚迪获净流入超25亿元
2021-06-11,玲珑轮胎(601966)：国内第六个基地定址陕西铜川 “7+5”战略优化全球布局,玲珑轮胎(601966)：国内第六个基地定址陕西铜川 “7+5”战略优化全球布局
2021-06-11,王传福劝小米别造车，雷军却夜会魏建军，比亚迪和长城谁会帮小米造车？,王传福劝小米别造车，雷军却夜会魏建军，比亚迪和长城谁会帮小米造车？
2021-06-11,什么信号？尾盘3分钟，超级热门股被砸懵！鸿蒙概念引爆，龙头飙涨395%，滞涨绩优的高增长科技股名单来了,什么信号？尾盘3分钟，超级热门股被砸懵！鸿蒙概念引爆，龙头飙涨395%，滞涨绩优的高增长科技股名单来了
2021-06-11,玲珑轮胎(601966)：陕西基地落地 践行2030中长期发展目标,玲珑轮胎(601966)：陕西基地落地 践行2030中长期发展目标
2021-06-11,A股收盘综述：创业板指连涨5周，宁德时代引领升势,A股收盘综述：创业板指连涨5周，宁德时代引领升势
2021-06-11,王传福：“华为手机大部分我们造的”6000亿比亚迪竟是全球第二大手机代工厂？,王传福：“华为手机大部分我们造的”6000亿比亚迪竟是全球第二大手机代工厂？
2021-06-11,王传福谈小米造车：亏50亿是小事，时间成本是大事 亏损,王传福谈小米造车：亏50亿是小事，时间成本是大事 亏损
2021-06-11,“华为手机，大部分我们造的”！王传福语出惊人，6000亿车企巨头竟是全球第二大手机代工厂？,“华为手机，大部分我们造的”！王传福语出惊人，6000亿车企巨头竟是全球第二大手机代工厂？
2021-06-11,5 月新能源销量公布，宏光 MINIEV 夺销冠，特斯拉 Model Y 破万台大关,5 月新能源销量公布，宏光 MINIEV 夺销冠，特斯拉 Model Y 破万台大关
2021-06-11,自主品牌的强势崛起，让合资品牌感到压力了吗？,自主品牌的强势崛起，让合资品牌感到压力了吗？
2021-06-11,长城汽车5月份销量同比增6.2% 增速放缓因缺芯影响 盈利能力下降,长城汽车5月份销量同比增6.2% 增速放缓因缺芯影响 盈利能力下降
2021-06-11,29家车企5月销量一览：芯片短缺影响面扩大，多车企表现下滑 盈利能力下降,29家车企5月销量一览：芯片短缺影响面扩大，多车企表现下滑 盈利能力下降
2021-06-11,商圈争夺战 特斯拉的追随者谁会胜利？,商圈争夺战 特斯拉的追随者谁会胜利？
2021-06-11,“理工男”比亚迪董事长王传福上热搜！称“华为手机大部分是我们造的”，还调侃了雷军造车,“理工男”比亚迪董事长王传福上热搜！称“华为手机大部分是我们造的”，还调侃了雷军造车
2021-06-11,财经早报：全国理财规模大曝光达25万亿 鸿蒙概念热度空前(附股),财经早报：全国理财规模大曝光达25万亿 鸿蒙概念热度空前(附股)
2021-06-11,新兴产业2021年度中期投资策略：智能加速度,新兴产业2021年度中期投资策略：智能加速度
2021-06-11,EV晨报 | Model S Plaid版将于北京时间6月11日交付；蔚来汽车第二家工厂明年三季度投产；比亚迪王传福喊话小米雷军,EV晨报 | Model S Plaid版将于北京时间6月11日交付；蔚来汽车第二家工厂明年三季度投产；比亚迪王传福喊话小米雷军
2021-06-11,比亚迪：华为手机大部分是我们造的，劝雷军放弃造车,比亚迪：华为手机大部分是我们造的，劝雷军放弃造车
2021-06-11,北向资金动向盘点：净买入68亿元，电力新能源占46.6%,北向资金动向盘点：净买入68亿元，电力新能源占46.6%
2021-06-11,5月乘用车销量点评：自主跑赢行业 新能源延续高景气,5月乘用车销量点评：自主跑赢行业 新能源延续高景气
2021-06-11,晨会聚焦210611重点关注涂鸦智能的关键问题解析,晨会聚焦210611重点关注涂鸦智能的关键问题解析
2021-06-11,A股早报2021年6月11日星期五,A股早报2021年6月11日星期五
2021-06-11,A股融资融券日报：两融余额增加67.59亿元（6月10日）,A股融资融券日报：两融余额增加67.59亿元（6月10日）
2021-06-11,近20省出台新政策支持，储能行业拐点将至！,近20省出台新政策支持，储能行业拐点将至！
2021-06-11,汽车板块午后回暖比亚迪、长城汽车涨超5%,汽车板块午后回暖比亚迪、长城汽车涨超5%
2021-06-11,【行情】汽车整车板块午后回暖，小康股份涨近7%，比亚迪、长城汽车双双涨超5%，广汽集团、长安汽车跟涨,【行情】汽车整车板块午后回暖，小康股份涨近7%，比亚迪、长城汽车双双涨超5%，广汽集团、长安汽车跟涨
2021-06-11,大摩一周内同时看空比亚迪和宁德时代 新能源汽车行业风控提高？,大摩一周内同时看空比亚迪和宁德时代 新能源汽车行业风控提高？
2021-06-11,5月车型销量榜：Model Y首夺亚军 奔奔E-Star反超汉EV跻身前五,5月车型销量榜：Model Y首夺亚军 奔奔E-Star反超汉EV跻身前五
2021-06-11,百元股数量达163只，一日增加5只,百元股数量达163只，一日增加5只
2021-06-11,比亚迪写入高考题？王传福霸气回应！股价1个月涨50%,比亚迪写入高考题？王传福霸气回应！股价1个月涨50%
2021-06-11,A股午盘综述：上证指数跌0.25%，洋河跌停压制白酒、宁德时代再创新高,A股午盘综述：上证指数跌0.25%，洋河跌停压制白酒、宁德时代再创新高
2021-06-11,被写入高考题 华为手机的制造者 热度不断的比亚迪这是要奔向万亿的节奏？,被写入高考题 华为手机的制造者 热度不断的比亚迪这是要奔向万亿的节奏？
2021-06-11,新能源车月度数据点评：广汽埃安销量首度破万 MODEL3销量持续下滑 盈利能力下降,新能源车月度数据点评：广汽埃安销量首度破万 MODEL3销量持续下滑 盈利能力下降
2021-06-11,新能源汽车指数创多年新高，欣旺达、亿纬锂能、恩捷股份、比亚迪、长城汽车齐涨,新能源汽车指数创多年新高，欣旺达、亿纬锂能、恩捷股份、比亚迪、长城汽车齐涨
2021-06-11,新造车抢占购物中心：边补作业，边抢地盘,新造车抢占购物中心：边补作业，边抢地盘
2021-06-11,比亚迪：重庆璧山云巴项目的顺利落地有望加速公司轨道交通业务的拓展,比亚迪：重庆璧山云巴项目的顺利落地有望加速公司轨道交通业务的拓展
2021-06-11,科技日报：滴滴正式递交IPO招股书 阿里进军无人卡车货运,科技日报：滴滴正式递交IPO招股书 阿里进军无人卡车货运
2021-06-11,比亚迪被写入高考题？王传福霸气回应！股价1个月大涨50%网友：满分送车,比亚迪被写入高考题？王传福霸气回应！股价1个月大涨50%网友：满分送车
2021-06-11,福达股份：比亚迪DM-i车型曲轴订单大增,福达股份：比亚迪DM-i车型曲轴订单大增
2021-06-12,哈弗混动即将全面落地？长城牵手宁德保十年“粮草”,哈弗混动即将全面落地？长城牵手宁德保十年“粮草”
2021-06-12,【东吴电新】电动车5月销量点评：环比回升符合预期，自主车企及特斯拉表现亮眼,【东吴电新】电动车5月销量点评：环比回升符合预期，自主车企及特斯拉表现亮眼
2021-06-12,从车展看重庆新能源汽车 ③ | 赛基建：新工厂、换电站、检测机构……一大波项目纷至沓来,从车展看重庆新能源汽车 ③ | 赛基建：新工厂、换电站、检测机构……一大波项目纷至沓来
2021-06-12,5 月新能源保值率报告发布，保时捷 Panamera 新能源轻松登顶，三年高达 87.2%,5 月新能源保值率报告发布，保时捷 Panamera 新能源轻松登顶，三年高达 87.2%
2021-06-12,王传福劝雷军放弃造车,王传福劝雷军放弃造车
2021-06-12,比亚迪2020年度股东大会之见闻,比亚迪2020年度股东大会之见闻
2021-06-12,毛利不高 但制造业让国家工业更安全！王传福：比亚迪24天成全球最大口罩厂,毛利不高 但制造业让国家工业更安全！王传福：比亚迪24天成全球最大口罩厂
2021-06-12,比亚迪坚持使用磷酸铁锂电池！王传福：中国不能被卡钴、镍脖子,比亚迪坚持使用磷酸铁锂电池！王传福：中国不能被卡钴、镍脖子
2021-06-12,A股“炒地图”行情！上海浙江海南…下一个是谁？,A股“炒地图”行情！上海浙江海南…下一个是谁？
2021-06-12,小K播早报！上交所：科创公司应持续披露科创属性相关事项中国LED企业胜诉美国专利侵权案,小K播早报！上交所：科创公司应持续披露科创属性相关事项中国LED企业胜诉美国专利侵权案
2021-06-12,它是史上最省油、还最好开的中国车？,它是史上最省油、还最好开的中国车？
2021-06-12,销量持续向好！主力大手笔加仓新能源汽车机构看好这些个股,销量持续向好！主力大手笔加仓新能源汽车机构看好这些个股
2021-06-12,新能源板块行业信息点评：电动车景气度持续提升 渗透率达11.4%,新能源板块行业信息点评：电动车景气度持续提升 渗透率达11.4%
2021-06-13,王传福：中国品牌技术已全面超越，2030年新能源车占比有望达到70%,王传福：中国品牌技术已全面超越，2030年新能源车占比有望达到70%
2021-06-13,星榜｜500亿营收撑起万亿市值，“创业板一哥”宁德时代“光环”还能戴多久？,星榜｜500亿营收撑起万亿市值，“创业板一哥”宁德时代“光环”还能戴多久？
2021-06-13,E周看点丨网传蔚来正筹划推出新品牌，中航锂电计划明年IPO,E周看点丨网传蔚来正筹划推出新品牌，中航锂电计划明年IPO
2021-06-13,比亚迪董事长王传福称比亚迪小米正洽淡造车项目,比亚迪董事长王传福称比亚迪小米正洽淡造车项目
2021-06-13,王传福：劝雷军别造车是误读 正和小米洽谈造车合作,王传福：劝雷军别造车是误读 正和小米洽谈造车合作
2021-06-13,5月我国新能源汽车产销均达21.7万辆 动力电池装车量9.8GWh,5月我国新能源汽车产销均达21.7万辆 动力电池装车量9.8GWh
2021-06-13,新能源车周报：蔚来、理想、小鹏5月电动车销量同比高增,新能源车周报：蔚来、理想、小鹏5月电动车销量同比高增
2021-06-13,快讯 | 比亚迪董事长王传福称比亚迪小米正洽淡造车项目,快讯 | 比亚迪董事长王传福称比亚迪小米正洽淡造车项目
2021-06-13,北上资金最新调仓名单出炉，这些股被连续7周猛烈扫货,北上资金最新调仓名单出炉，这些股被连续7周猛烈扫货
2021-06-13,5178点6周年，个股剧烈分化，茅台涨890%称王,5178点6周年，个股剧烈分化，茅台涨890%称王
2021-06-13,王传福：比亚迪的坚持终于迎来了春天,王传福：比亚迪的坚持终于迎来了春天
2021-06-13,四个月仅卖出 1517 辆！奔驰比亚迪都救不活：几十亿打水漂,四个月仅卖出 1517 辆！奔驰比亚迪都救不活：几十亿打水漂
2021-06-13,奔驰比亚迪都救不活！前四月腾势品牌仅售出1517辆,奔驰比亚迪都救不活！前四月腾势品牌仅售出1517辆
2021-06-13,北向资金大调仓！减仓万亿“电池茅”超10亿（名单）,北向资金大调仓！减仓万亿“电池茅”超10亿（名单）
2021-06-13,E周见|滴滴递交招股书/比亚迪启航挪威,E周见|滴滴递交招股书/比亚迪启航挪威
2021-06-13,“七座车”在“三胎”的风口上浪不起来,“七座车”在“三胎”的风口上浪不起来
2021-06-13,电气设备行业重大事项点评：国内第三大动力电池厂,电气设备行业重大事项点评：国内第三大动力电池厂
2021-06-14,兴业证券：国内电车渗透率升至12%，创历史新高,兴业证券：国内电车渗透率升至12%，创历史新高
2021-06-14,大批明星经理旗下基金创新高,大批明星经理旗下基金创新高
2021-06-14,王传福澄清“劝小米别造车”，尹同跃提议“再学丰田100年”,王传福澄清“劝小米别造车”，尹同跃提议“再学丰田100年”
2021-06-14,比亚迪正与小米洽谈汽车领域合作｜第一财经汽车日评,比亚迪正与小米洽谈汽车领域合作｜第一财经汽车日评
2021-06-14,【安信电新】 新能源车观察系列95：继续刷新当月销量记录，中国电车的黄金时代,【安信电新】 新能源车观察系列95：继续刷新当月销量记录，中国电车的黄金时代
2021-06-14,小米造车选定比亚迪？王传福：正在洽谈一些项目,小米造车选定比亚迪？王传福：正在洽谈一些项目
2021-06-14,中信建投：市场波澜不惊，成长为矛金融为盾,中信建投：市场波澜不惊，成长为矛金融为盾
2021-06-14,这是一个新信号 磷酸铁锂产量占比已超三元电池,这是一个新信号 磷酸铁锂产量占比已超三元电池
2021-06-14,新能源车继续刷新当月销量记录，中国电动车迎来黄金时代,新能源车继续刷新当月销量记录，中国电动车迎来黄金时代
2021-06-14,比亚迪王传福：新能源车替代燃油车的大势已定,比亚迪王传福：新能源车替代燃油车的大势已定
2021-06-14,中国电车的黄金时代：5月销售再创新高，SUV市场遇鲶鱼效应,中国电车的黄金时代：5月销售再创新高，SUV市场遇鲶鱼效应
2021-06-14,比亚迪王传福：通过超级混动DM-i加速新能源车对燃油车的替代,比亚迪王传福：通过超级混动DM-i加速新能源车对燃油车的替代
2021-06-14,比亚迪董事长王传福：中国市场新能源车占比有望在2030年达到70%,比亚迪董事长王传福：中国市场新能源车占比有望在2030年达到70%
2021-06-14,多价位段新能源轿车推荐 中国品牌统治市场？,多价位段新能源轿车推荐 中国品牌统治市场？
2021-06-14,“强混”版PHEV，将是中国车企抢夺合资蛋糕的又一利器 | 唐言柳语,“强混”版PHEV，将是中国车企抢夺合资蛋糕的又一利器 | 唐言柳语
2021-06-14,又火了！王传福发声：国产新能源车品牌技术已全面超越合资！新能源车在中国市场占比有望达到70%...紧急辟谣：没劝雷军别造车！,又火了！王传福发声：国产新能源车品牌技术已全面超越合资！新能源车在中国市场占比有望达到70%...紧急辟谣：没劝雷军别造车！
2021-06-14,比亚迪王传福：国产新能源车品牌技术已全面超越合资,比亚迪王传福：国产新能源车品牌技术已全面超越合资
2021-06-14,比亚迪董事长紧急澄清：劝雷军别造车是误读！还放出一个大利好,比亚迪董事长紧急澄清：劝雷军别造车是误读！还放出一个大利好
2021-06-14,王传福和欧阳明高，到底谁在“王婆卖瓜”,王传福和欧阳明高，到底谁在“王婆卖瓜”
2021-06-14,陆家嘴财经早餐2021年6月14日星期一,陆家嘴财经早餐2021年6月14日星期一
2021-06-14,变局与超越 车企们如何应对下一时代？,变局与超越 车企们如何应对下一时代？
2021-06-14,王传福：比亚迪小米正洽淡造车项目，劝雷军别造车是误读,王传福：比亚迪小米正洽淡造车项目，劝雷军别造车是误读
2021-06-14,国内电车渗透率升至12%，创历史新高 | 兴证电新 · 国内电车点评（孙帅、朱玥）,国内电车渗透率升至12%，创历史新高 | 兴证电新 · 国内电车点评（孙帅、朱玥）
2021-06-14,“东方底特律”五年变迁：汽车产业全面转型，重庆加速驶向新能源,“东方底特律”五年变迁：汽车产业全面转型，重庆加速驶向新能源
2021-06-14,先后入资特斯拉和比亚迪，丰田却掉队了,先后入资特斯拉和比亚迪，丰田却掉队了
2021-06-14,这是汽车行业的“觉醒年代”？,这是汽车行业的“觉醒年代”？
2021-06-14,本周操盘攻略：大牛股解禁、美联储将议息,本周操盘攻略：大牛股解禁、美联储将议息
2021-06-15,机械行业周报：5月挖机销量符合市场预期 出口持续高增长,机械行业周报：5月挖机销量符合市场预期 出口持续高增长
2021-06-15,力合科创：深圳下属公司有为华为部分产品提供检测服务,力合科创：深圳下属公司有为华为部分产品提供检测服务
2021-06-15,比亚迪汉DM-i申报：1.5T+电机插电式混动系统,比亚迪汉DM-i申报：1.5T+电机插电式混动系统
2021-06-15,终于来到中国，上汽大众ID.3获工信部公示,终于来到中国，上汽大众ID.3获工信部公示
2021-06-15,和君资本副总经理南春雨：如果公司质量很好又不值钱，说明行业天花板就是这样了,和君资本副总经理南春雨：如果公司质量很好又不值钱，说明行业天花板就是这样了
2021-06-15,小米造车行动进行时！计划招募大量自动驾驶人才,小米造车行动进行时！计划招募大量自动驾驶人才
2021-06-15,与比亚迪洽谈合作 急招自动驾驶人才 小米造车提速？,与比亚迪洽谈合作 急招自动驾驶人才 小米造车提速？
2021-06-15,【方正电新｜周观点】锂电5月磷酸铁锂产量占比超60%，广东海风政策好于预期,【方正电新｜周观点】锂电5月磷酸铁锂产量占比超60%，广东海风政策好于预期
2021-06-15,市场要闻 | 比亚迪半导体被分拆至创业板上市，估值达102亿,市场要闻 | 比亚迪半导体被分拆至创业板上市，估值达102亿
2021-06-15,[公司]柏科新材：在汽车领域最大的用户是比亚迪,[公司]柏科新材：在汽车领域最大的用户是比亚迪
2021-06-15,比亚迪海豚申报图曝光，多种配色可选,比亚迪海豚申报图曝光，多种配色可选
2021-06-15,成长的曲率：供给创造需求下的电动车消费崛起,成长的曲率：供给创造需求下的电动车消费崛起
2021-06-15,新能源汽车行业专题报告-新能源汽车及锂电系列之七：5月电池装机／电动车销量保持高增速,新能源汽车行业专题报告-新能源汽车及锂电系列之七：5月电池装机／电动车销量保持高增速
2021-06-15,恒指弱势震荡收跌0.71%，特步国际冲高回落涨逾20%,恒指弱势震荡收跌0.71%，特步国际冲高回落涨逾20%
2021-06-15,造车新势力向左 OEM厂商向右 车企代工未来怎么走？,造车新势力向左 OEM厂商向右 车企代工未来怎么走？
2021-06-15,牛熊日报丨比亚迪购证大涨150％，与小米洽谈造车,牛熊日报丨比亚迪购证大涨150％，与小米洽谈造车
2021-06-15,造车再提速？小米“急”招自动驾驶人才,造车再提速？小米“急”招自动驾驶人才
2021-06-15,港股收盘：吉利、比亚迪领涨恒指成分股 中金料港股下半年相对平淡,港股收盘：吉利、比亚迪领涨恒指成分股 中金料港股下半年相对平淡
2021-06-15,不光代工大量小米手机，还将支持雷军造车？“理工男”比亚迪董事长王传福再发声,不光代工大量小米手机，还将支持雷军造车？“理工男”比亚迪董事长王传福再发声
2021-06-15,36只新基金本周齐发！从发行名单里看增量资金去向,36只新基金本周齐发！从发行名单里看增量资金去向
2021-06-15,王传福辟谣劝退雷军造车 小米若要代工生产 比亚迪能否合作？,王传福辟谣劝退雷军造车 小米若要代工生产 比亚迪能否合作？
2021-06-15,王传福辟谣：没劝雷军别造车；滴滴递交上市申请；字节跳动或进军汽车行业 | 每周撩车,王传福辟谣：没劝雷军别造车；滴滴递交上市申请；字节跳动或进军汽车行业 | 每周撩车
2021-06-15,比亚迪电子(00285)与比亚迪(01211)订立建造服务框架协议,比亚迪电子(00285)与比亚迪(01211)订立建造服务框架协议
2021-06-15,比亚迪：员工持股计划存续期届满终止 股权激励异常,比亚迪：员工持股计划存续期届满终止 股权激励异常
2021-06-15,加速替代燃油车 比亚迪王传福细数DM-i三大优势,加速替代燃油车 比亚迪王传福细数DM-i三大优势
2021-06-15,一口气反弹60%！6100亿元市值“车茅”回来了，最火的鸿蒙概念股尾盘跳水,一口气反弹60%！6100亿元市值“车茅”回来了，最火的鸿蒙概念股尾盘跳水
2021-06-15,正在洽谈合作 比亚迪王传福谈小米造车,正在洽谈合作 比亚迪王传福谈小米造车
2021-06-15,资金复盘 | 南下资金甩卖腾讯、小米均超6亿，加仓比亚迪,资金复盘 | 南下资金甩卖腾讯、小米均超6亿，加仓比亚迪
2021-06-15,颠覆燃油车！比亚迪汉DM-i申报：最低油耗仅0.8L,颠覆燃油车！比亚迪汉DM-i申报：最低油耗仅0.8L
2021-06-15,港股波幅近500点恒指收市挫0.7%，特步国际神勇逆市创新高,港股波幅近500点恒指收市挫0.7%，特步国际神勇逆市创新高
2021-06-15,北向资金今日净卖出逾51亿元，药明康德、紫金矿业净卖出额均创新高,北向资金今日净卖出逾51亿元，药明康德、紫金矿业净卖出额均创新高
2021-06-15,这回不再是王朝命名了，比亚迪最新电动车被曝申报图,这回不再是王朝命名了，比亚迪最新电动车被曝申报图
2021-06-15,涨停复盘 | 两市近3000股下跌 华为带飞虚拟现实概念,涨停复盘 | 两市近3000股下跌 华为带飞虚拟现实概念
2021-06-15,调查|卖电动车不如卖燃油车？传统汽车经销商渠道“消极怠工”,调查|卖电动车不如卖燃油车？传统汽车经销商渠道“消极怠工”
2021-06-15,小米造车落户北京？官网多个岗位招聘信息透露工作地点,小米造车落户北京？官网多个岗位招聘信息透露工作地点
2021-06-15,润灵环球评级创始人王学柱：汽车公司有ESG意识和能力建设，但还不够,润灵环球评级创始人王学柱：汽车公司有ESG意识和能力建设，但还不够
2021-06-15,比亚迪(002594)股票行情 没劝雷军别造车!,比亚迪(002594)股票行情 没劝雷军别造车!
2021-06-15,最新动力电池装机量分析：中航锂电冲进前三，蜂巢能源跌落前十,最新动力电池装机量分析：中航锂电冲进前三，蜂巢能源跌落前十
2021-06-15,融资客青睐8股，世茂股份买入占比高达54.84%,融资客青睐8股，世茂股份买入占比高达54.84%
2021-06-15,股市动态 | 财经早资讯：端午假期国内游收入近三百亿；比亚迪正与小米洽谈造车,股市动态 | 财经早资讯：端午假期国内游收入近三百亿；比亚迪正与小米洽谈造车
2021-06-15,A股融资融券日报：两融余额减少57.15亿元（6月14日）,A股融资融券日报：两融余额减少57.15亿元（6月14日）
2021-06-15,A股早报2021年6月15日星期二,A股早报2021年6月15日星期二
2021-06-15,每日理财观察：7万亿理财市场重磅新规落地,每日理财观察：7万亿理财市场重磅新规落地
2021-06-15,汽车周报：行业复苏确认 建议加大配置,汽车周报：行业复苏确认 建议加大配置
2021-06-15,比亚迪：公司将积极协调各方资源，加速相关车型交付,比亚迪：公司将积极协调各方资源，加速相关车型交付
2021-06-15,31股获券商买入评级，奇安信-U目标涨幅达88.65%,31股获券商买入评级，奇安信-U目标涨幅达88.65%
2021-06-15,富途早报 | 通胀预期创8年新高！传奇交易员：将全仓买入抗通胀资产,富途早报 | 通胀预期创8年新高！传奇交易员：将全仓买入抗通胀资产
2021-06-15,2021年电新行业周报6月第2期：5月国内新能源车渗透率创新高 LG能源解决方案韩国申请上市,2021年电新行业周报6月第2期：5月国内新能源车渗透率创新高 LG能源解决方案韩国申请上市
2021-06-15,比亚迪王传福大胆预测：2030年新能源汽车在中国渗透率可达70%,比亚迪王传福大胆预测：2030年新能源汽车在中国渗透率可达70%
2021-06-15,【汽车人】自建电池产能，还是优先保供？,【汽车人】自建电池产能，还是优先保供？
2021-06-15,陆家嘴财经早餐2021年6月15日星期二,陆家嘴财经早餐2021年6月15日星期二
2021-06-15,【浙商电新|邓伟】5月国内新能源车渗透率达到10.2%，创历史新高-新能源汽车及锂电系列之七,【浙商电新|邓伟】5月国内新能源车渗透率达到10.2%，创历史新高-新能源汽车及锂电系列之七
2021-06-15,比亚迪王传福：我们在努力改变，中国人看不起自主品牌的毛病要改,比亚迪王传福：我们在努力改变，中国人看不起自主品牌的毛病要改
2021-06-15,汽车｜5月销量符合预期，汽车板块配置机会到来,汽车｜5月销量符合预期，汽车板块配置机会到来
2021-06-15,汽车股高开高走，比亚迪涨幅迅速扩大至4%,汽车股高开高走，比亚迪涨幅迅速扩大至4%
2021-06-15,王传福紧急辟谣：没劝雷军别造车 他还透露了一个消息,王传福紧急辟谣：没劝雷军别造车 他还透露了一个消息
2021-06-15,比亚迪AH股齐拉升王传福称正与小米洽淡造车项目,比亚迪AH股齐拉升王传福称正与小米洽淡造车项目
2021-06-15,比亚迪正和小米洽在汽车领域洽谈合作！,比亚迪正和小米洽在汽车领域洽谈合作！
2021-06-15,A股午盘综述：上证指数下跌0.9%；金融、资源股全线走低,A股午盘综述：上证指数下跌0.9%；金融、资源股全线走低
2021-06-15,王传福辟谣“劝雷军不要造车”：正与小米洽谈汽车项目合作,王传福辟谣“劝雷军不要造车”：正与小米洽谈汽车项目合作
2021-06-15,比亚迪小米合作造车？王传福：正与小米洽谈汽车项目,比亚迪小米合作造车？王传福：正与小米洽谈汽车项目
2021-06-15,比亚迪：厂家不会收取任何服务费用,比亚迪：厂家不会收取任何服务费用
2021-06-15,丰田 比亚迪混动谁更省？保险怎么买便宜？｜有问必答,丰田 比亚迪混动谁更省？保险怎么买便宜？｜有问必答
2021-06-15,牛熊异动丨比亚迪牛证拉升25%，与小米洽谈汽车业务合作,牛熊异动丨比亚迪牛证拉升25%，与小米洽谈汽车业务合作
2021-06-15,全新LOGO上车！比亚迪海豚申报：e平台3.0打造,全新LOGO上车！比亚迪海豚申报：e平台3.0打造
2021-06-15,港股初段大幅波动转升为跌，特步国际(01368.HK)逆市创历史新高,港股初段大幅波动转升为跌，特步国际(01368.HK)逆市创历史新高
2021-06-15,【异动股】比亚迪(01211.HK)弹3.5%，料内地新能源汽车渗透率达70%,【异动股】比亚迪(01211.HK)弹3.5%，料内地新能源汽车渗透率达70%
2021-06-15,汽车板块开盘逆势上涨,汽车板块开盘逆势上涨
2021-06-15,长城“主力军”哈弗攻向混动，宁德供应十年“粮草”,长城“主力军”哈弗攻向混动，宁德供应十年“粮草”
2021-06-15,是售价门槛高达50万，比亚迪的高端车型意味着什么？,是售价门槛高达50万，比亚迪的高端车型意味着什么？
2021-06-15,港股异动 | 比亚迪股份(01211)涨超4% 王传福称比亚迪正与小米(01810)洽淡造车项目,港股异动 | 比亚迪股份(01211)涨超4% 王传福称比亚迪正与小米(01810)洽淡造车项目
2021-06-15,王传福称国产新能源车品牌技术已全面超越合资！短板是品牌认知度，消费者观念也没转变,王传福称国产新能源车品牌技术已全面超越合资！短板是品牌认知度，消费者观念也没转变
2021-06-15,电气设备行业周报：电动车数据超预期 光伏政策更市场化,电气设备行业周报：电动车数据超预期 光伏政策更市场化
2021-06-16,急招自动驾驶人才！小米造车引来这些猜想,急招自动驾驶人才！小米造车引来这些猜想
2021-06-16,港股收盘：恒指收跌约0.7% 比亚迪领跌成分股 时代天使首日大涨130%,港股收盘：恒指收跌约0.7% 比亚迪领跌成分股 时代天使首日大涨130%
2021-06-16,A股资金流向（6月16日）：资金大幅撤离新能源产业链龙头,A股资金流向（6月16日）：资金大幅撤离新能源产业链龙头
2021-06-16,小米造车提速，急招20个自动驾驶工程师岗，将与比亚迪合作,小米造车提速，急招20个自动驾驶工程师岗，将与比亚迪合作
2021-06-16,东吴证券--电气设备新能源行业周报：锂电龙头大单不断中报预计靓丽、光伏电价政策超预期【行业研究】,东吴证券--电气设备新能源行业周报：锂电龙头大单不断中报预计靓丽、光伏电价政策超预期【行业研究】
2021-06-16,野村：5月车市因芯片短缺而放缓，料芯片因素将持续影响6月销售,野村：5月车市因芯片短缺而放缓，料芯片因素将持续影响6月销售
2021-06-16,A股收盘综述：新能源产业链批量跌停，创业板指下挫逾4%,A股收盘综述：新能源产业链批量跌停，创业板指下挫逾4%
2021-06-16,2021年5月新能源车销量点评：中欧新能车渗透率创新高 LFP产量近三年来首超三元,2021年5月新能源车销量点评：中欧新能车渗透率创新高 LFP产量近三年来首超三元
2021-06-16,当升科技(300073)：扩产行稳致远 寻求高质量发展,当升科技(300073)：扩产行稳致远 寻求高质量发展
2021-06-16,比亚迪DM-i对手！长安蓝鲸iDD混动正式发布 馈电油耗5L,比亚迪DM-i对手！长安蓝鲸iDD混动正式发布 馈电油耗5L
2021-06-16,杭可科技(688006)：锂电后段设备领跑者 动力赛道再驰骋,杭可科技(688006)：锂电后段设备领跑者 动力赛道再驰骋
2021-06-16,A股3连阴锂电板块重挫，北上资金却开始惜售,A股3连阴锂电板块重挫，北上资金却开始惜售
2021-06-16,安信证券--电力设备行业分析：继续刷新当月销量纪录，中国电车的黄金时代【行业研究】,安信证券--电力设备行业分析：继续刷新当月销量纪录，中国电车的黄金时代【行业研究】
2021-06-16,牛熊日报丨汽车股大力回调，比亚迪沽证暴涨逾200%,牛熊日报丨汽车股大力回调，比亚迪沽证暴涨逾200%
2021-06-16,比亚迪(002594.SZ)股东吕向阳质押167万股,比亚迪(002594.SZ)股东吕向阳质押167万股
2021-06-16,北向资金今日小幅净卖出4.05亿元，白酒股集体遭抛售,北向资金今日小幅净卖出4.05亿元，白酒股集体遭抛售
2021-06-16,北向资金今日净买入比亚迪2.57亿元,北向资金今日净买入比亚迪2.57亿元
2021-06-16,6万亿赛道突发跌停潮，光伏有色全线大跌，什么情况,6万亿赛道突发跌停潮，光伏有色全线大跌，什么情况
2021-06-16,小米到底和哪家整车厂合作？雷军在犹豫什么？,小米到底和哪家整车厂合作？雷军在犹豫什么？
2021-06-16,暴跌原因揭秘 黑周四会否有更惨烈一幕？,暴跌原因揭秘 黑周四会否有更惨烈一幕？
2021-06-16,比亚迪：股东大会表决通过分拆比亚迪半导体至创业板上市,比亚迪：股东大会表决通过分拆比亚迪半导体至创业板上市
2021-06-16,比亚迪股份：比亚迪股份有限公司于近日收到公司持股5%以上的股东吕向阳先生函告，获悉其将所持有本公司的部分股份办理质押手续,比亚迪股份：比亚迪股份有限公司于近日收到公司持股5%以上的股东吕向阳先生函告，获悉其将所持有本公司的部分股份办理质押手续
2021-06-16,每经18点|方便老年人就医，国家卫健委推出十项举措；14连板东鹏饮料再提示股价波动风险；青海海西州茫崖市发生5.8级地震,每经18点|方便老年人就医，国家卫健委推出十项举措；14连板东鹏饮料再提示股价波动风险；青海海西州茫崖市发生5.8级地震
2021-06-16,比亚迪分拆比亚迪半导体创业板上市获股东大会表决通过,比亚迪分拆比亚迪半导体创业板上市获股东大会表决通过
2021-06-16,深化协同融合 中信银行在下一盘大棋,深化协同融合 中信银行在下一盘大棋
2021-06-16,北向资金连续第3日净流出，抛售贵州茅台逾6亿元,北向资金连续第3日净流出，抛售贵州茅台逾6亿元
2021-06-16,急招20个岗位！小米造车再曝“三个信号”,急招20个岗位！小米造车再曝“三个信号”
2021-06-16,跌成“葱油饼”！86亿北向资金撤离A股，比亚迪市值一天蒸发610亿 连续下跌,跌成“葱油饼”！86亿北向资金撤离A股，比亚迪市值一天蒸发610亿 连续下跌
2021-06-16,河钢邯钢镀锌汽车O5板供货十余家汽车主机厂,河钢邯钢镀锌汽车O5板供货十余家汽车主机厂
2021-06-16,小米牌汽车“着急”了？官网大规模招聘岗曝光最新动向 比亚迪或成最大赢家,小米牌汽车“着急”了？官网大规模招聘岗曝光最新动向 比亚迪或成最大赢家
2021-06-16,发生了什么？创业板大跌，2000亿锂电双巨头跌停,发生了什么？创业板大跌，2000亿锂电双巨头跌停
2021-06-16,“双碳”风起，中国新能源车企几家能进“百万辆俱乐部”？,“双碳”风起，中国新能源车企几家能进“百万辆俱乐部”？
2021-06-16,比亚迪大跌5.21%，成交额67.58亿元 连续下跌,比亚迪大跌5.21%，成交额67.58亿元 连续下跌
2021-06-16,小米牌汽车快了？大规模“急聘”透露最新动向，造车研发总部或落地北京？,小米牌汽车快了？大规模“急聘”透露最新动向，造车研发总部或落地北京？
2021-06-16,中国电动汽车领导者预测2030年新能源汽车将主导市场,中国电动汽车领导者预测2030年新能源汽车将主导市场
2021-06-16,市场回暖发行提速，新基金主打差异化竞争策略,市场回暖发行提速，新基金主打差异化竞争策略
2021-06-16,磷酸铁锂逆袭？动力电池5月装车9.8GWh,磷酸铁锂逆袭？动力电池5月装车9.8GWh
2021-06-16,晨报0616 | 环保事件点评、乘用车行业策略、航空行业投资策略,晨报0616 | 环保事件点评、乘用车行业策略、航空行业投资策略
2021-06-16,小米造车落户北京？官方“急”招大量自动驾驶人才,小米造车落户北京？官方“急”招大量自动驾驶人才
2021-06-16,【中原锂电池】行业月报：销量倍增且环比回升，板块持续关注,【中原锂电池】行业月报：销量倍增且环比回升，板块持续关注
2021-06-16,和小米合作造车 比亚迪股价创近四个月新高,和小米合作造车 比亚迪股价创近四个月新高
2021-06-16,小米再度加码自动驾驶 产业链站上风口,小米再度加码自动驾驶 产业链站上风口
2021-06-16,汽车行业2021半年度投资策略报告：复苏再起航 电动智能加速,汽车行业2021半年度投资策略报告：复苏再起航 电动智能加速
2021-06-16,广州开发区国企120亿投宝能新能源 杭可科技解除与宁德时代4.8亿元合同,广州开发区国企120亿投宝能新能源 杭可科技解除与宁德时代4.8亿元合同
2021-06-16,科技企业纷纷跨界造车 这家“果链龙头”瞄准新能源车了！,科技企业纷纷跨界造车 这家“果链龙头”瞄准新能源车了！
2021-06-16,川财证券--锂电储能专题深度报告之三：储能何时爆发？“光伏+储能”经济性时点测算【行业研究】,川财证券--锂电储能专题深度报告之三：储能何时爆发？“光伏+储能”经济性时点测算【行业研究】
2021-06-16,比亚迪宋PLUS DM-p申报图曝光,比亚迪宋PLUS DM-p申报图曝光
2021-06-16,比亚迪海豚实车首发,比亚迪海豚实车首发
2021-06-16,港股盘前必读：时代天使有望成为港股2018年以来最大“肉签”,港股盘前必读：时代天使有望成为港股2018年以来最大“肉签”
2021-06-16,汽车周报：科技推动产业升级 看好核心自主品牌,汽车周报：科技推动产业升级 看好核心自主品牌
2021-06-16,乘联会：5月狭义乘用车零售量达162.3万辆 同比增1%,乘联会：5月狭义乘用车零售量达162.3万辆 同比增1%
2021-06-16,A股融资融券日报：两融余额增加53.09亿元（6月15日）,A股融资融券日报：两融余额增加53.09亿元（6月15日）
2021-06-16,燃油MPV的终结者！比亚迪宋MAX DM-i申报：亏电油耗4.4L,燃油MPV的终结者！比亚迪宋MAX DM-i申报：亏电油耗4.4L
2021-06-16,A股午盘综述：新能源板块集体遭遇杀跌,A股午盘综述：新能源板块集体遭遇杀跌
2021-06-16,特斯拉概念股集体重挫 机构：推荐三条主线丨牛熊眼,特斯拉概念股集体重挫 机构：推荐三条主线丨牛熊眼
2021-06-16,首席周观点：光伏产业柳暗花明景气重启 海风地补落地确定性夯实,首席周观点：光伏产业柳暗花明景气重启 海风地补落地确定性夯实
2021-06-16,汽车行业周报：5月新能源加速渗透 乘用车补库在即,汽车行业周报：5月新能源加速渗透 乘用车补库在即
2021-06-16,又一超级城市入局新能源汽车，更多资本涌入战场,又一超级城市入局新能源汽车，更多资本涌入战场
2021-06-16,5月车市继续回暖：自主品牌成绩亮眼 新能源车增速加快,5月车市继续回暖：自主品牌成绩亮眼 新能源车增速加快
2021-06-16,你看好百度造车吗？姗姗来迟，蓄势多年，却赶了个晚集,你看好百度造车吗？姗姗来迟，蓄势多年，却赶了个晚集
2021-06-16,【新能源车投资日报】国内电车渗透率升至12%创新高，未来十年我国汽车工业或将诞生全球性的伟大企业,【新能源车投资日报】国内电车渗透率升至12%创新高，未来十年我国汽车工业或将诞生全球性的伟大企业
2021-06-16,A股苹果供应商集体去越南印度开厂！真相是这样的,A股苹果供应商集体去越南印度开厂！真相是这样的
2021-06-16,深圳新能源车销量屡创新高,深圳新能源车销量屡创新高
2021-06-16,开源证券--汽车行业周报：乘联会预计新能源乘用车2021年销量240万辆【行业研究】,开源证券--汽车行业周报：乘联会预计新能源乘用车2021年销量240万辆【行业研究】
2021-06-17,华众车载：2020年以来获得新增新能源汽车零部件订单15亿元,华众车载：2020年以来获得新增新能源汽车零部件订单15亿元
2021-06-17,比亚迪今日反包涨停，深股通净买入1.13亿元,比亚迪今日反包涨停，深股通净买入1.13亿元
2021-06-17,比亚迪涨停外资大举买入并卖出,比亚迪涨停外资大举买入并卖出
2021-06-17,近一年最高涨幅100%！魔幻的新能源基金还能上车吗？,近一年最高涨幅100%！魔幻的新能源基金还能上车吗？
2021-06-17,财联社6月17日讯，比亚迪今日涨停，深股通买入7.37亿元并卖出6.24亿元，广发证券上海东方路买入1.85亿元。,财联社6月17日讯，比亚迪今日涨停，深股通买入7.37亿元并卖出6.24亿元，广发证券上海东方路买入1.85亿元。
2021-06-17,比亚迪涨停 深股通净买入1.13亿元,比亚迪涨停 深股通净买入1.13亿元
2021-06-17,牛熊日报丨比亚迪迎大反弹，高盛购证暴涨近300%！,牛熊日报丨比亚迪迎大反弹，高盛购证暴涨近300%！
2021-06-17,LG能源推进企业估值工作将宁德时代、比亚迪等定为参照企业,LG能源推进企业估值工作将宁德时代、比亚迪等定为参照企业
2021-06-17,搭上半导体“东风”，比亚迪时隔273天再现涨停,搭上半导体“东风”，比亚迪时隔273天再现涨停
2021-06-17,港股主要指数反弹 南下资金净卖出8.3亿,港股主要指数反弹 南下资金净卖出8.3亿
2021-06-17,A股资金流向（6月17日）：芯片板块疯狂“吸金”，龙头股获抢筹,A股资金流向（6月17日）：芯片板块疯狂“吸金”，龙头股获抢筹
2021-06-17,华安证券：比亚迪（002594.SZ）车型布局日趋完善，混动纯电双发力，维持“买入”评级,华安证券：比亚迪（002594.SZ）车型布局日趋完善，混动纯电双发力，维持“买入”评级
2021-06-17,比亚迪半导体拟创业板上市，红杉资本、小米参股,比亚迪半导体拟创业板上市，红杉资本、小米参股
2021-06-17,比亚迪涨停 成交额114.19亿元,比亚迪涨停 成交额114.19亿元
2021-06-17,世纪华通：公司已形“网络游戏+汽车零部件”的双主业格局,世纪华通：公司已形“网络游戏+汽车零部件”的双主业格局
2021-06-17,比亚迪龙虎榜数据（6月17日）,比亚迪龙虎榜数据（6月17日）
2021-06-17,磷酸铁锂开始打赢“翻身仗”！,磷酸铁锂开始打赢“翻身仗”！
2021-06-17,比亚迪单车均价超13.5万 新能源车5月销量同比增超198%,比亚迪单车均价超13.5万 新能源车5月销量同比增超198%
2021-06-17,比亚迪半导体将正式分拆上市！,比亚迪半导体将正式分拆上市！
2021-06-17,城轨建设规划四年未新批一市，中小城市轨交建设出路在哪里？,城轨建设规划四年未新批一市，中小城市轨交建设出路在哪里？
2021-06-17,比亚迪e网新车搭载“海豚”标识曝光 今年第四季度推出高端品牌 冲击50万~80万元市场,比亚迪e网新车搭载“海豚”标识曝光 今年第四季度推出高端品牌 冲击50万~80万元市场
2021-06-17,云海金属(002182)公司研究首次覆盖报告：业绩稳健增长 轻量化机遇促发展,云海金属(002182)公司研究首次覆盖报告：业绩稳健增长 轻量化机遇促发展
2021-06-17,17.66万起 汉DM-i疑似售价配置曝光！比亚迪官方回应,17.66万起 汉DM-i疑似售价配置曝光！比亚迪官方回应
2021-06-17,5月动力电池装机量环比再度回升，LFP份额持续增长——锂电池月度数据点评,5月动力电池装机量环比再度回升，LFP份额持续增长——锂电池月度数据点评
2021-06-17,网曝比亚迪汉DM-i价格、配置已出炉，官方辟谣,网曝比亚迪汉DM-i价格、配置已出炉，官方辟谣
2021-06-17,看完比亚迪的市场数据，你还觉得国产车等于低端车吗？,看完比亚迪的市场数据，你还觉得国产车等于低端车吗？
2021-06-17,宁德时代、比亚迪等神仙打架 公募明星锁定新能源板块调研细分赛道龙头 诉讼纠纷,宁德时代、比亚迪等神仙打架 公募明星锁定新能源板块调研细分赛道龙头 诉讼纠纷
2021-06-17,比亚迪半导体分拆至创业板上市：估值超百亿，2020年归母净利润仅0.59亿元,比亚迪半导体分拆至创业板上市：估值超百亿，2020年归母净利润仅0.59亿元
2021-06-17,芯片类科技股强劲拉升 科创板创10个月来最大涨幅,芯片类科技股强劲拉升 科创板创10个月来最大涨幅
2021-06-17,国产丰田柯斯达氢燃料电池车申报！比亚迪电池,国产丰田柯斯达氢燃料电池车申报！比亚迪电池
2021-06-17,【半导体投资日报】芯片板块涨停潮，蔡嵩松登上热搜，诺安成长该不该止盈？比亚迪分拆半导体上市，股价涨停,【半导体投资日报】芯片板块涨停潮，蔡嵩松登上热搜，诺安成长该不该止盈？比亚迪分拆半导体上市，股价涨停
2021-06-17,分拆比亚迪半导体至创业板获临时股东大会通过，比亚迪今日涨停,分拆比亚迪半导体至创业板获临时股东大会通过，比亚迪今日涨停
2021-06-17,5月车云榜：特斯拉强势反弹，华为赋能的赛力斯仍未爆发,5月车云榜：特斯拉强势反弹，华为赋能的赛力斯仍未爆发
2021-06-17,雾化技术的「实用性创新」，下一个行业风向标？,雾化技术的「实用性创新」，下一个行业风向标？
2021-06-17,比亚迪中标英国最大纯电动巴士订单,比亚迪中标英国最大纯电动巴士订单
2021-06-17,华安证券维持比亚迪买入评级，比亚迪深度（二）：车型布局日趋完善，混动纯电双发力,华安证券维持比亚迪买入评级，比亚迪深度（二）：车型布局日趋完善，混动纯电双发力
2021-06-17,焦点个股丨分拆以外，布局完善的比亚迪还干了些什么？,焦点个股丨分拆以外，布局完善的比亚迪还干了些什么？
2021-06-17,自主品牌高端化成效显着 比亚迪单车均价将达15.17万元,自主品牌高端化成效显着 比亚迪单车均价将达15.17万元
2021-06-17,北向资金今日净买入15.94亿元，芯片、消费电子股获资金大幅抢筹,北向资金今日净买入15.94亿元，芯片、消费电子股获资金大幅抢筹
2021-06-17,新能源汽车中高端市场表现亮眼，中国品牌是否迎来了窗口突破期？,新能源汽车中高端市场表现亮眼，中国品牌是否迎来了窗口突破期？
2021-06-17,泰和新材：公司已与宁德时代，比亚迪，特斯拉建立联系，部分企业已有小批量应用,泰和新材：公司已与宁德时代，比亚迪，特斯拉建立联系，部分企业已有小批量应用
2021-06-17,"5000亿巨头放大招！拆分""芯片""子公司IPO","5000亿巨头放大招！拆分""芯片""子公司IPO"
2021-06-17,比亚迪放大招！分拆半导体子公司至创业板上市,比亚迪放大招！分拆半导体子公司至创业板上市
2021-06-17,操盘必读｜神舟十二号载人飞船今日发射！智飞生物一新药获批准上市，美联储意外放鹰美股杀跌黄金白银大跳水,操盘必读｜神舟十二号载人飞船今日发射！智飞生物一新药获批准上市，美联储意外放鹰美股杀跌黄金白银大跳水
2021-06-17,电池格局生变 王传福将扳回一局？,电池格局生变 王传福将扳回一局？
2021-06-17,磷酸铁锂电池产量超过三元电池 两种技术路线将互为补充共同发展,磷酸铁锂电池产量超过三元电池 两种技术路线将互为补充共同发展
2021-06-17,品牌高端化显成效，比亚迪单车均价领衔破10万,品牌高端化显成效，比亚迪单车均价领衔破10万
2021-06-17,A股融资融券日报：两融余额减少69.57亿元（6月16日）,A股融资融券日报：两融余额减少69.57亿元（6月16日）
2021-06-17,北向资金动向盘点：大额减持白酒，加仓银行,北向资金动向盘点：大额减持白酒，加仓银行
2021-06-17,磷酸铁锂“赢了”？或许还为时尚早,磷酸铁锂“赢了”？或许还为时尚早
2021-06-17,中信证券：站在当前时点，明确看好汽车板块的投资机会，建议超配,中信证券：站在当前时点，明确看好汽车板块的投资机会，建议超配
2021-06-17,每日理财观察：美联储按兵不动，点阵图暗示或提前加息,每日理财观察：美联储按兵不动，点阵图暗示或提前加息
2021-06-17,5月上险量排行：Model Y环比暴涨首夺亚军 欧拉黑猫“腰斩”跌出前十,5月上险量排行：Model Y环比暴涨首夺亚军 欧拉黑猫“腰斩”跌出前十
2021-06-17,港股盘前必读：顺丰拟分拆顺丰同城赴港上市,港股盘前必读：顺丰拟分拆顺丰同城赴港上市
2021-06-17,北向资金增持银行、减持白酒，贵州茅台遭抛售6.75亿元 减持股份,北向资金增持银行、减持白酒，贵州茅台遭抛售6.75亿元 减持股份
2021-06-17,【民生证券研究院】晨会纪要20210617,【民生证券研究院】晨会纪要20210617
2021-06-17,比亚迪首台跨国运营纯电动巴士交付,比亚迪首台跨国运营纯电动巴士交付
2021-06-17,“急”招人才+投资技术 小米“造车梦”引猜想,“急”招人才+投资技术 小米“造车梦”引猜想
2021-06-17,技术+管理双提升 福达股份智能制造持续升级,技术+管理双提升 福达股份智能制造持续升级
2021-06-17,数据解放生产力——琰究摩托车数据系列（2021年5月）【华西汽车 崔琰团队】,数据解放生产力——琰究摩托车数据系列（2021年5月）【华西汽车 崔琰团队】
2021-06-17,解密DM-i超级混动 亏电油耗仅3.8L,解密DM-i超级混动 亏电油耗仅3.8L
2021-06-17,智通港股开市掘金(06.17) | 比亚迪（01211）拆分“芯片”子公司IPO，恒指反弹看金融,智通港股开市掘金(06.17) | 比亚迪（01211）拆分“芯片”子公司IPO，恒指反弹看金融
2021-06-17,分拆比亚迪半导体上市获股东大会通过 比亚迪盘中大涨逾6%,分拆比亚迪半导体上市获股东大会通过 比亚迪盘中大涨逾6%
2021-06-17,汉领衔！比亚迪单车均价将高达15.17万元：向上走上快车道,汉领衔！比亚迪单车均价将高达15.17万元：向上走上快车道
2021-06-17,比亚迪(01211.HK)拟分拆比亚迪半导体于深交所创业板上市股价午间涨6.21%,比亚迪(01211.HK)拟分拆比亚迪半导体于深交所创业板上市股价午间涨6.21%
2021-06-17,5月国产新能源乘用车上险量同比增长近170%，特斯拉(TSLA.US)逆天暴涨升至第三,5月国产新能源乘用车上险量同比增长近170%，特斯拉(TSLA.US)逆天暴涨升至第三
2021-06-17,比亚迪在互动易回复热点问题,比亚迪在互动易回复热点问题
2021-06-17,5000亿巨头加速拆分芯片子公司上市！,5000亿巨头加速拆分芯片子公司上市！
2021-06-17,A股午盘综述：科技股全线发力，二、三线白酒再度爆发,A股午盘综述：科技股全线发力，二、三线白酒再度爆发
2021-06-17,锂电池概念反弹走高，比亚迪涨逾7%，宁德时代等拉升,锂电池概念反弹走高，比亚迪涨逾7%，宁德时代等拉升
2021-06-17,宁德时代天量解禁：17倍浮盈诱惑强烈，机构分歧大,宁德时代天量解禁：17倍浮盈诱惑强烈，机构分歧大
2021-06-17,【行情】A股锂电股集体回暖，西藏城投反包涨停，璞泰来大涨7%，藏格控股、比亚迪、西藏矿业、容百科技、盛新锂能、融捷股份等个股均涨逾3%,【行情】A股锂电股集体回暖，西藏城投反包涨停，璞泰来大涨7%，藏格控股、比亚迪、西藏矿业、容百科技、盛新锂能、融捷股份等个股均涨逾3%
2021-06-17,解盘：超百亿资金流入，海运、白酒、IGBT、半导体领涨,解盘：超百亿资金流入，海运、白酒、IGBT、半导体领涨
2021-06-17,比亚迪(002594)股票行情 5000亿巨头放大招!,比亚迪(002594)股票行情 5000亿巨头放大招!
2021-06-17,牛熊异动丨比亚迪牛证拉升44%，通过比亚迪半导体分拆上市方案,牛熊异动丨比亚迪牛证拉升44%，通过比亚迪半导体分拆上市方案
2021-06-17,为什么越来越多的消费者，愿意花更多钱为比亚迪买单？,为什么越来越多的消费者，愿意花更多钱为比亚迪买单？
2021-06-17,【5月乘用车量-库-价深度】芯片影响尚存，新能源+出口靓丽,【5月乘用车量-库-价深度】芯片影响尚存，新能源+出口靓丽
2021-06-17,比亚迪董事长王传福：为什么要发展电动车,比亚迪董事长王传福：为什么要发展电动车
2021-06-17,异动直击|汽车股走高，比亚迪涨超6%，吉利涨近4%,异动直击|汽车股走高，比亚迪涨超6%，吉利涨近4%
2021-06-17,电子行业简评报告：半导体大会聚焦“缺芯” 开启新成长周期成为共识,电子行业简评报告：半导体大会聚焦“缺芯” 开启新成长周期成为共识
2021-06-17,奥特佳：公司与比亚迪公司有业务合作,奥特佳：公司与比亚迪公司有业务合作
2021-06-17,汽车行业月报：芯片影响尚存 新能源+出口靓丽,汽车行业月报：芯片影响尚存 新能源+出口靓丽
2021-06-18,4只ETF齐上市：一半追捧新能源车 有基民提前上车一个多月就赚超25%,4只ETF齐上市：一半追捧新能源车 有基民提前上车一个多月就赚超25%
2021-06-18,生物医药行业：战“疫”追踪：新冠疫情下 我国生物医药产业能否迎来突破性发展？,生物医药行业：战“疫”追踪：新冠疫情下 我国生物医药产业能否迎来突破性发展？
2021-06-18,比亚迪今日大宗交易成交4万股，成交价250.0元溢价2.04%,比亚迪今日大宗交易成交4万股，成交价250.0元溢价2.04%
2021-06-18,牛熊日报丨比亚迪购证大涨160%！瑞信：留意美团、快手轮证,牛熊日报丨比亚迪购证大涨160%！瑞信：留意美团、快手轮证
2021-06-18,A股资金流向（6月18日）：新能源车龙头获抢筹，白酒股遭抛售,A股资金流向（6月18日）：新能源车龙头获抢筹，白酒股遭抛售
2021-06-18,A股收盘综述：沪弱深强态势明显，新能源产业链强势反包,A股收盘综述：沪弱深强态势明显，新能源产业链强势反包
2021-06-18,国内车企“碳中和”目标悬空“倒逼”仍未开始？,国内车企“碳中和”目标悬空“倒逼”仍未开始？
2021-06-18,消费市场迎新格局，滞涨、绩优细分龙头名单奉上,消费市场迎新格局，滞涨、绩优细分龙头名单奉上
2021-06-18,"比亚迪现2笔大宗交易 共成交1,000.00万元","比亚迪现2笔大宗交易 共成交1,000.00万元"
2021-06-18,车市高增长放慢了脚步 中国品牌表现却依旧强势,车市高增长放慢了脚步 中国品牌表现却依旧强势
2021-06-18,《晏会厅》12期｜王传福：比亚迪是提前站在了风口,《晏会厅》12期｜王传福：比亚迪是提前站在了风口
2021-06-18,北向资金本周累计净卖出50亿元，药明康德、宁德时代连续4日遭抛售,北向资金本周累计净卖出50亿元，药明康德、宁德时代连续4日遭抛售
2021-06-18,美股盘前全知道|对冲基金传奇人物泰珀仍看好美股，美联储逆回购规模创记录高位,美股盘前全知道|对冲基金传奇人物泰珀仍看好美股，美联储逆回购规模创记录高位
2021-06-18,智通每日大行研报丨安踏体育(02020)发盈喜!获大行一致唱好 交银国际指中远海控(01919)Q2-Q3有望实现强劲盈利,智通每日大行研报丨安踏体育(02020)发盈喜!获大行一致唱好 交银国际指中远海控(01919)Q2-Q3有望实现强劲盈利
2021-06-18,【SMM分析】5月新能源汽车上险环增6.68%，特斯拉双雄销量回暖,【SMM分析】5月新能源汽车上险环增6.68%，特斯拉双雄销量回暖
2021-06-18,大行评级丨花旗列五大理由唱多比亚迪！投行集体上调安踏目标价,大行评级丨花旗列五大理由唱多比亚迪！投行集体上调安踏目标价
2021-06-18,这个板块大爆发，竟和一场火灾有关,这个板块大爆发，竟和一场火灾有关
2021-06-18,深度*行业*汽车行业月报：5月产销小幅下降 关注芯片缓解后的补库存行情,深度*行业*汽车行业月报：5月产销小幅下降 关注芯片缓解后的补库存行情
2021-06-18,比亚迪（01211）：单车均价将达15.17万元，新能源车高端化“破壁之师”,比亚迪（01211）：单车均价将达15.17万元，新能源车高端化“破壁之师”
2021-06-18,股价一月狂涨7成！花旗银行：维持比亚迪“买入”评级,股价一月狂涨7成！花旗银行：维持比亚迪“买入”评级
2021-06-18,多重利好下新能源汽车概念狂飙，一起看看主力都买了哪些股？,多重利好下新能源汽车概念狂飙，一起看看主力都买了哪些股？
2021-06-18,股价一月狂涨 7 成赚翻！投行看多比亚迪 给出五大理由,股价一月狂涨 7 成赚翻！投行看多比亚迪 给出五大理由
2021-06-18,比亚迪半导体将被拆分上市 股价搭上顺风车,比亚迪半导体将被拆分上市 股价搭上顺风车
2021-06-18,港A两市汽车股继续走强 比亚迪(1211.HK)涨超5%,港A两市汽车股继续走强 比亚迪(1211.HK)涨超5%
2021-06-18,机构、股东、高管争相买入这些业绩暴增股,机构、股东、高管争相买入这些业绩暴增股
2021-06-18,【港股通】比亚迪股份(01211)午后升幅扩大 花旗认为是时候吸纳比亚迪,【港股通】比亚迪股份(01211)午后升幅扩大 花旗认为是时候吸纳比亚迪
2021-06-18,隆基、比亚迪、阳光电源等19家企业上榜！2021中国最具创新力企业榜单发布！,隆基、比亚迪、阳光电源等19家企业上榜！2021中国最具创新力企业榜单发布！
2021-06-18,花旗：五大理由看好比亚迪股份(01211) 吁“买入” 目标价287港元,花旗：五大理由看好比亚迪股份(01211) 吁“买入” 目标价287港元
2021-06-18,第三代半导体领涨：投资火热产业链扩产潮涌,第三代半导体领涨：投资火热产业链扩产潮涌
2021-06-18,科技题材发威，杠杆资金猛加仓，看低估值超跌股名单,科技题材发威，杠杆资金猛加仓，看低估值超跌股名单
2021-06-18,5月上险量榜：特斯拉逆天暴涨 欧拉惨遭“腰斩”,5月上险量榜：特斯拉逆天暴涨 欧拉惨遭“腰斩”
2021-06-18,板块异动 | 汽车股午后集体拉升 长城汽车、比亚迪涨超5%,板块异动 | 汽车股午后集体拉升 长城汽车、比亚迪涨超5%
2021-06-18,磷酸铁锂电池开启反超三元之路！,磷酸铁锂电池开启反超三元之路！
2021-06-18,2021年5月汽车销量总结：缺芯负面冲击下5月乘用车批发销量承压 新能源乘用车渗透率12.4%创新高,2021年5月汽车销量总结：缺芯负面冲击下5月乘用车批发销量承压 新能源乘用车渗透率12.4%创新高
2021-06-18,A股融资融券日报：两融余额增加62.26亿元（6月17日）,A股融资融券日报：两融余额增加62.26亿元（6月17日）
2021-06-18,A股早报2021年6月18日星期五,A股早报2021年6月18日星期五
2021-06-18,安信国际 | 比亚迪(1211.HK)：厚积薄发，技术创新驱动成长,安信国际 | 比亚迪(1211.HK)：厚积薄发，技术创新驱动成长
2021-06-18,市场认可度不断增长 比亚迪品牌价值快速提升,市场认可度不断增长 比亚迪品牌价值快速提升
2021-06-18,【行情】A股汽车整车板块延续昨日涨势，比亚迪涨3.19%，小康股份涨超2%，长城汽车、海马汽车涨超1%,【行情】A股汽车整车板块延续昨日涨势，比亚迪涨3.19%，小康股份涨超2%，长城汽车、海马汽车涨超1%
2021-06-18,再添195台！比亚迪英国纯电动公交订单突破1000台,再添195台！比亚迪英国纯电动公交订单突破1000台
2021-06-18,新能源板块快速拉升，天赐材料涨超5%,新能源板块快速拉升，天赐材料涨超5%
2021-06-18,120亿暂解宝能新能源“资金饥渴”，仍存品牌、量产等短板,120亿暂解宝能新能源“资金饥渴”，仍存品牌、量产等短板
2021-06-18,产业研究周报：锂电池月度数据点评：5月动力电池装机量环比再度回升 LFP份额持续增长,产业研究周报：锂电池月度数据点评：5月动力电池装机量环比再度回升 LFP份额持续增长
2021-06-18,花旗：吁吸纳比亚迪(1211.HK)指具五大看好理由,花旗：吁吸纳比亚迪(1211.HK)指具五大看好理由
2021-06-18,【行情】盐湖提锂板块午后拉升，比亚迪涨超5%，西藏矿业、赣锋锂业、西藏城投、蓝晓科技等跟涨,【行情】盐湖提锂板块午后拉升，比亚迪涨超5%，西藏矿业、赣锋锂业、西藏城投、蓝晓科技等跟涨
2021-06-18,调整就是机会！4只ETF齐上市，一半追捧新能源车，有基民提前上车一个多月就赚超20%,调整就是机会！4只ETF齐上市，一半追捧新能源车，有基民提前上车一个多月就赚超20%
2021-06-18,网曝汉DM-i补贴后售价不足17万元 比亚迪：为不实信息,网曝汉DM-i补贴后售价不足17万元 比亚迪：为不实信息
2021-06-18,机构抢筹东鹏饮料 游资打板比亚迪｜龙虎榜,机构抢筹东鹏饮料 游资打板比亚迪｜龙虎榜
2021-06-18,茅台突然大跌900亿！又一千亿巨头诞生，发生了什么,茅台突然大跌900亿！又一千亿巨头诞生，发生了什么
2021-06-18,5月造车新势力上险量榜：哪吒V跻身前三 赛力斯SF5首入榜,5月造车新势力上险量榜：哪吒V跻身前三 赛力斯SF5首入榜
2021-06-18,A股午盘综述：芯片板块保持热度，金融、周期股持续下探,A股午盘综述：芯片板块保持热度，金融、周期股持续下探
2021-06-18,小米突击入股奕东电子疑似关联交易，董事长邓玉泉履历成谜,小米突击入股奕东电子疑似关联交易，董事长邓玉泉履历成谜
2021-06-18,奕东电子引入客户基金遭发审委质疑 疑与小米有利益输送问题,奕东电子引入客户基金遭发审委质疑 疑与小米有利益输送问题
2021-06-18,买买买：新造车掀巨浪，车企投资跨入野蛮时代,买买买：新造车掀巨浪，车企投资跨入野蛮时代
2021-06-19,这家A股公司代工荣耀新款手机！投资者追寻荣耀产业链受益股,这家A股公司代工荣耀新款手机！投资者追寻荣耀产业链受益股
2021-06-19,超级播报：小米要和比亚迪联合造车吗,超级播报：小米要和比亚迪联合造车吗
2021-06-19,全新 LOGO 上车！比亚迪海豚内饰首曝：从未见过的设计,全新 LOGO 上车！比亚迪海豚内饰首曝：从未见过的设计
2021-06-19,好看好开又安全，空间够用技术成熟，女神的元气座驾！,好看好开又安全，空间够用技术成熟，女神的元气座驾！
2021-06-19,全新e平台3.0打造！比亚迪海豚曝光：简洁实用主义,全新e平台3.0打造！比亚迪海豚曝光：简洁实用主义
2021-06-19,因为DM-i超级混动技术，比亚迪增添了今年从燃油车手中多抢3%市场份额的信心,因为DM-i超级混动技术，比亚迪增添了今年从燃油车手中多抢3%市场份额的信心
2021-06-19,比亚迪高管：出口国外的车按键也带中文,比亚迪高管：出口国外的车按键也带中文
2021-06-19,广东区域股市周报：比亚迪市值增长846.36亿 挤进板块市值前3强,广东区域股市周报：比亚迪市值增长846.36亿 挤进板块市值前3强
2021-06-19,比唐便宜的宋 PLUS，全系 185 马力，大师级设计，12 万不比合资 SUV 差,比唐便宜的宋 PLUS，全系 185 马力，大师级设计，12 万不比合资 SUV 差
2021-06-19,迷茫期的一张投资明牌,迷茫期的一张投资明牌
2021-06-19,5月新能源车依旧表现亮眼，产业链高景气延续,5月新能源车依旧表现亮眼，产业链高景气延续
2021-06-19,还刷单？深圳顶级大卖家接连遭遇当头棒喝丨一周电商大事,还刷单？深圳顶级大卖家接连遭遇当头棒喝丨一周电商大事
2021-06-20,上周南向资金净流出近20亿元，新经济股遭抛售,上周南向资金净流出近20亿元，新经济股遭抛售
2021-06-20,车市周观察丨高端电动市场迎传统“豪门”，王传福喊话雷军,车市周观察丨高端电动市场迎传统“豪门”，王传福喊话雷军
2021-06-20,汽车业“芯片荒”会持续吗？盲目扩大产能或致芯片过剩,汽车业“芯片荒”会持续吗？盲目扩大产能或致芯片过剩
2021-06-20,设计小清新 网传比亚迪EA1内饰谍照,设计小清新 网传比亚迪EA1内饰谍照
2021-06-20,汽车行业新车前瞻(第345批新车申报跟踪)：合资与自主发力 轩逸E-POWER登场,汽车行业新车前瞻(第345批新车申报跟踪)：合资与自主发力 轩逸E-POWER登场
2021-06-20,汉车型销量破8万助推 比亚迪单车均价直追大众,汉车型销量破8万助推 比亚迪单车均价直追大众
2021-06-20,机械设备行业跟踪周报：锂电半导体设备稀缺性已现 刀具龙头涨价行业持续高景气,机械设备行业跟踪周报：锂电半导体设备稀缺性已现 刀具龙头涨价行业持续高景气
2021-06-20,汽车行业周报：长安汽车发布蓝鲸IDD混动系统 电气化提速,汽车行业周报：长安汽车发布蓝鲸IDD混动系统 电气化提速
2021-06-20,电力设备新能源周观察：电动车中游景气向上 硅料产业链博弈或将结束,电力设备新能源周观察：电动车中游景气向上 硅料产业链博弈或将结束
2021-06-20,比亚迪李云飞：新能源汽车核心在中国,比亚迪李云飞：新能源汽车核心在中国
2021-06-20,无车之谈：比亚迪的“电池格局”与王传福的“方向论”,无车之谈：比亚迪的“电池格局”与王传福的“方向论”
2021-06-20,汽车行业周报：百度APOLLO MOON无人车成本低至48万,汽车行业周报：百度APOLLO MOON无人车成本低至48万
2021-06-20,一周热点|岚图FREE上市售价31.36-33.36万；比亚迪汉DM-i申报图曝光；极氪品牌发布两个月后停止接单,一周热点|岚图FREE上市售价31.36-33.36万；比亚迪汉DM-i申报图曝光；极氪品牌发布两个月后停止接单
2021-06-21,新能源格局未定，他们会是下一个宁德时代？,新能源格局未定，他们会是下一个宁德时代？
2021-06-21,崔东树：1-4月乘用车电池需求同比增长231%，4月磷酸铁锂电池占比达53%,崔东树：1-4月乘用车电池需求同比增长231%，4月磷酸铁锂电池占比达53%
2021-06-21,策略周报：把握科技大牛市,策略周报：把握科技大牛市
2021-06-21,宏观数据向好，新能源车、航空等多个行业上市公司数据报喜,宏观数据向好，新能源车、航空等多个行业上市公司数据报喜
2021-06-21,财经大V@鳄鱼十三:新能源车关注中报短期不及预期的票 看好比亚迪 盈利能力下降,财经大V@鳄鱼十三:新能源车关注中报短期不及预期的票 看好比亚迪 盈利能力下降
2021-06-21,北向资金连续2日净卖出，继续抛售医药生物和白酒股,北向资金连续2日净卖出，继续抛售医药生物和白酒股
2021-06-21,王传福澄清“劝雷军别造车”；科大讯飞暴雷；滴滴赴美上市···,王传福澄清“劝雷军别造车”；科大讯飞暴雷；滴滴赴美上市···
2021-06-21,比亚迪半导体发涨价函：7月1日执行,比亚迪半导体发涨价函：7月1日执行
2021-06-21,新能源周报丨机构称特斯拉现抄底良机！吉利“极星”估值或超百亿美元,新能源周报丨机构称特斯拉现抄底良机！吉利“极星”估值或超百亿美元
2021-06-21,汽车行业周报：汽车板块新一轮行情启动,汽车行业周报：汽车板块新一轮行情启动
2021-06-21,合资 7 座 SUV 不到 24 万，还买什么比亚迪？,合资 7 座 SUV 不到 24 万，还买什么比亚迪？
2021-06-21,新品牌要卖到80万，做豪华车，比亚迪有戏吗？,新品牌要卖到80万，做豪华车，比亚迪有戏吗？
2021-06-21,干货！2021年中国动力锂电池行业企业对比：宁德时代VS比亚迪 谁是“锂电之王”？,干货！2021年中国动力锂电池行业企业对比：宁德时代VS比亚迪 谁是“锂电之王”？
2021-06-21,“铲子”商人宁德时代还能“火”多久？,“铲子”商人宁德时代还能“火”多久？
2021-06-21,“刷机”又火了，整车 OTA 哪家强？,“刷机”又火了，整车 OTA 哪家强？
2021-06-21,2021年5月TOP30轿车销量投诉量对应点评,2021年5月TOP30轿车销量投诉量对应点评
2021-06-21,科技股有望引领恒指突破震荡区间,科技股有望引领恒指突破震荡区间
2021-06-21,安信国际晨报：货币政策扰动，逢低布局中资核心资产,安信国际晨报：货币政策扰动，逢低布局中资核心资产
2021-06-21,A股融资融券日报：两融余额增加35.34亿元（6月18日）,A股融资融券日报：两融余额增加35.34亿元（6月18日）
2021-06-21,汽车行业周报：6月累计批发同比-21% 看好自主崛起,汽车行业周报：6月累计批发同比-21% 看好自主崛起
2021-06-21,【智能电动汽车6月策略】重视数据安全，看好自主崛起,【智能电动汽车6月策略】重视数据安全，看好自主崛起
2021-06-21,品牌评价机构：比亚迪最强 吉利最有价值,品牌评价机构：比亚迪最强 吉利最有价值
2021-06-21,【行情】汽车整车板块开盘走弱，海马汽车跌近4%，长城汽车、北汽蓝谷、比亚迪跟跌,【行情】汽车整车板块开盘走弱，海马汽车跌近4%，长城汽车、北汽蓝谷、比亚迪跟跌
2021-06-21,车市月观察 丨5月自主轿车：吉利继续受困 比亚迪领涨,车市月观察 丨5月自主轿车：吉利继续受困 比亚迪领涨
2021-06-21,A股早报2021年6月21日星期一,A股早报2021年6月21日星期一
2021-06-22,汽车产业“重归”朝阳产业 中国车企吹响智能网联号角,汽车产业“重归”朝阳产业 中国车企吹响智能网联号角
2021-06-22,比亚迪纯电新车EA1定名“海豚”，车型灵感来源于海洋,比亚迪纯电新车EA1定名“海豚”，车型灵感来源于海洋
2021-06-22,A股：口子窖、比亚迪，等11股公布重大消息,A股：口子窖、比亚迪，等11股公布重大消息
2021-06-22,车标变了！比亚迪海豚官宣：全新平台续航1000公里,车标变了！比亚迪海豚官宣：全新平台续航1000公里
2021-06-22,新能源车龙头股票有哪些？新能源汽车板块龙头股票一览,新能源车龙头股票有哪些？新能源汽车板块龙头股票一览
2021-06-22,汽车股集体狂欢，这两大子板块获机构力挺（附股）丨牛熊眼,汽车股集体狂欢，这两大子板块获机构力挺（附股）丨牛熊眼
2021-06-22,刘彦初：弗迪电池混动应用技术发展方向,刘彦初：弗迪电池混动应用技术发展方向
2021-06-22,A股资金流向（6月22日）：周期股获资金回流，科技题材龙头遭抛售,A股资金流向（6月22日）：周期股获资金回流，科技题材龙头遭抛售
2021-06-22,比亚迪：公司搭载DM-i超级混动系统的车型上市后获得市场广泛认可,比亚迪：公司搭载DM-i超级混动系统的车型上市后获得市场广泛认可
2021-06-22,汽车和汽车零部件行业周报：行业被动补库 板块震荡 个股分化,汽车和汽车零部件行业周报：行业被动补库 板块震荡 个股分化
2021-06-22,万亿宁德时代估值争议：外资券商看衰股价腰斩内资唱多，市占率已遭比亚迪蚕食,万亿宁德时代估值争议：外资券商看衰股价腰斩内资唱多，市占率已遭比亚迪蚕食
2021-06-22,【IPO前哨】锂电检测喜添新丁，瑞能股份市占率待提升,【IPO前哨】锂电检测喜添新丁，瑞能股份市占率待提升
2021-06-22,【趣点】谈谈造车这件事儿,【趣点】谈谈造车这件事儿
2021-06-22,比亚迪EA1定名海豚 年轻萌动、搭刀片电池,比亚迪EA1定名海豚 年轻萌动、搭刀片电池
2021-06-22,合资外资市场地位不保？比亚迪引领中国汽车高端化之路,合资外资市场地位不保？比亚迪引领中国汽车高端化之路
2021-06-22,5月国内SUV市场销量TOP10：哈弗H6高居榜首,5月国内SUV市场销量TOP10：哈弗H6高居榜首
2021-06-22,比亚迪单价10年增长2.5倍 用技术反攻合资外资市场,比亚迪单价10年增长2.5倍 用技术反攻合资外资市场
2021-06-22,采用新车标 比亚迪全新车型将于6月22日亮相,采用新车标 比亚迪全新车型将于6月22日亮相
2021-06-22,比亚迪半导体发涨价函，涨幅高达5%,比亚迪半导体发涨价函，涨幅高达5%
2021-06-22,揭秘将要分拆上市的比亚迪半导体,揭秘将要分拆上市的比亚迪半导体
2021-06-22,合资外资市场地位不保？比亚迪单车均价追平大众,合资外资市场地位不保？比亚迪单车均价追平大众
2021-06-22,汽车行业周报：车企加速推出纯电车型 转型步伐积极推进,汽车行业周报：车企加速推出纯电车型 转型步伐积极推进
2021-06-22,新能源汽车行业2021年中期策略：重塑供需结构 演绎三大趋势,新能源汽车行业2021年中期策略：重塑供需结构 演绎三大趋势
2021-06-22,5月SUV销量TOP10：自主抢下前三名，宝马X3再次入榜,5月SUV销量TOP10：自主抢下前三名，宝马X3再次入榜
2021-06-22,A股融资融券日报：两融余额增加72.39亿元（6月21日）,A股融资融券日报：两融余额增加72.39亿元（6月21日）
2021-06-22,比亚迪等22股获融资净买入超亿元,比亚迪等22股获融资净买入超亿元
2021-06-22,机构资金最近入驻这些股,机构资金最近入驻这些股
2021-06-22,单车均价将高达15.17万 比亚迪走上快车道,单车均价将高达15.17万 比亚迪走上快车道
2021-06-22,汽车行业简评报告：机构上调全年销售预测 智能低碳是主旋律,汽车行业简评报告：机构上调全年销售预测 智能低碳是主旋律
2021-06-22,单车均价追平大众 “技术控”比亚迪显真章,单车均价追平大众 “技术控”比亚迪显真章
2021-06-22,汽车行业周报：《纯电动乘用车技术条件》公开征求意见 低速电动车规范管理驶入“快车道”,汽车行业周报：《纯电动乘用车技术条件》公开征求意见 低速电动车规范管理驶入“快车道”
2021-06-23,国家叫停新建大型梯次利用储能项目 比亚迪、宁德时代等将获益？,国家叫停新建大型梯次利用储能项目 比亚迪、宁德时代等将获益？
2021-06-23,盯紧这些电池股黑马！,盯紧这些电池股黑马！
2021-06-23,缺芯给中国汽车业上了一课！,缺芯给中国汽车业上了一课！
2021-06-23,"财联社6月23日讯，据《日本经济新闻》报道，中国汽车制造商比亚迪计划扩大其电动巴士在日本的销量，目标是到2030年使销量从当前的50辆增加到4,000辆左右。","财联社6月23日讯，据《日本经济新闻》报道，中国汽车制造商比亚迪计划扩大其电动巴士在日本的销量，目标是到2030年使销量从当前的50辆增加到4,000辆左右。"
2021-06-23,比亚迪拟扩大其在日本的电动巴士销量,比亚迪拟扩大其在日本的电动巴士销量
2021-06-23,比亚迪计划扩大其电动巴士在日本的销量,比亚迪计划扩大其电动巴士在日本的销量
2021-06-23,2021年5月乘用车销量数据库,2021年5月乘用车销量数据库
2021-06-23,一文读懂新能源汽车产业竞争格局：比亚迪一骑绝尘,一文读懂新能源汽车产业竞争格局：比亚迪一骑绝尘
2021-06-23,功率半导体人人对标英飞凌 谁是真龙头？,功率半导体人人对标英飞凌 谁是真龙头？
2021-06-23,金融街下午茶2021年6月23日星期三,金融街下午茶2021年6月23日星期三
2021-06-23,汽车股持续强势，游资积极买卖，如何把握下半年行业投资机会？,汽车股持续强势，游资积极买卖，如何把握下半年行业投资机会？
2021-06-23,华为、隆基、通威等44家能源企业上榜！总价值57387.45亿！2021年中国500最具价值品牌发布！,华为、隆基、通威等44家能源企业上榜！总价值57387.45亿！2021年中国500最具价值品牌发布！
2021-06-23,朗姿股份股东清仓式减持引满屏质疑 合规减持的预期管理也不可忽视 减持股份,朗姿股份股东清仓式减持引满屏质疑 合规减持的预期管理也不可忽视 减持股份
2021-06-23,新能源档案揭秘（29） 上汽大众 ID.6 X,新能源档案揭秘（29） 上汽大众 ID.6 X
2021-06-23,【东吴电新】美国政策有望超预期，下半年订单指引超预期——电动车2021年5月专题报告,【东吴电新】美国政策有望超预期，下半年订单指引超预期——电动车2021年5月专题报告
2021-06-23,车市月观察丨5月MPV市场：复苏季 品质大于性价比,车市月观察丨5月MPV市场：复苏季 品质大于性价比
2021-06-23,比亚迪如何“凤凰涅盘”，成为新能源汽车的王者,比亚迪如何“凤凰涅盘”，成为新能源汽车的王者
2021-06-23,ARK每日追踪 | 加仓平安好医生和京东物流！减仓比亚迪ADR,ARK每日追踪 | 加仓平安好医生和京东物流！减仓比亚迪ADR
2021-06-23,新能源、环保领域碳中和动态追踪(十五)：《新型储能项目管理规范》征求意见 促进新型储能有序、安全、健康发展,新能源、环保领域碳中和动态追踪(十五)：《新型储能项目管理规范》征求意见 促进新型储能有序、安全、健康发展
2021-06-23,汽车行业动态点评：蒸蒸日上 全球新能源车趋势向好,汽车行业动态点评：蒸蒸日上 全球新能源车趋势向好
2021-06-23,车标换了！比亚迪全新车型命名“海豚”,车标换了！比亚迪全新车型命名“海豚”
2021-06-23,A股融资融券日报：两融余额增加83.31亿元（6月22日）,A股融资融券日报：两融余额增加83.31亿元（6月22日）
2021-06-23,凯中精密：公司与比亚迪有着长期合作伙伴关系,凯中精密：公司与比亚迪有着长期合作伙伴关系
2021-06-23,五日龙虎榜追踪 机构抢筹这45股,五日龙虎榜追踪 机构抢筹这45股
2021-06-23,技术为王、创新为本，比亚迪成为新能源头部车企！,技术为王、创新为本，比亚迪成为新能源头部车企！
2021-06-23,【机会挖掘】能源局提出不得新建大型动力电池梯次利用储能项目 或利好储能项目已持有者,【机会挖掘】能源局提出不得新建大型动力电池梯次利用储能项目 或利好储能项目已持有者
2021-06-23,预见2021：《2021年中国新能源汽车产业全景图谱》(附市场现状、竞争格局和发展趋势等),预见2021：《2021年中国新能源汽车产业全景图谱》(附市场现状、竞争格局和发展趋势等)
2021-06-23,“复仇之战”？磷酸铁锂“杀”回来了,“复仇之战”？磷酸铁锂“杀”回来了
2021-06-23,5月汽车行业销量点评：销量YOY-3.1% 新能源汽车销量稳步增长,5月汽车行业销量点评：销量YOY-3.1% 新能源汽车销量稳步增长
2021-06-23,2021年汽车行业中期策略：大国制造跟随行业复苏强势崛起,2021年汽车行业中期策略：大国制造跟随行业复苏强势崛起
2021-06-23,比亚迪：集团推出的纯电动大巴和纯电动出租车已在全球超过300个城市成功运营,比亚迪：集团推出的纯电动大巴和纯电动出租车已在全球超过300个城市成功运营
2021-06-23,中企优势有助弥合全球汽车业供需缺口,中企优势有助弥合全球汽车业供需缺口
2021-06-23,比亚迪获列车专利授权,比亚迪获列车专利授权
2021-06-23,新造车风头出尽，车企投资跨入野蛮时代,新造车风头出尽，车企投资跨入野蛮时代
2021-06-23,Ark基金卖出比亚迪ADR、买入平安好医生和京东物流股票,Ark基金卖出比亚迪ADR、买入平安好医生和京东物流股票
2021-06-23,扬杰科技(300373)：优化产品结构 加强研发投入,扬杰科技(300373)：优化产品结构 加强研发投入
2021-06-24,川藏铁路拉林段通车 他们谱写为国开路壮丽人生,川藏铁路拉林段通车 他们谱写为国开路壮丽人生
2021-06-24,停产燃油车？比亚迪回应：目前没有此计划 市场和消费者有需求 经营问题,停产燃油车？比亚迪回应：目前没有此计划 市场和消费者有需求 经营问题
2021-06-24,车市月观察丨5月新能源车：比亚迪掌握最大主动权,车市月观察丨5月新能源车：比亚迪掌握最大主动权
2021-06-24,回天新材：公司与比亚迪合作进展顺利,回天新材：公司与比亚迪合作进展顺利
2021-06-24,【每日收评】成交超270亿！三峡能源全天巨震两市回调创业板指跌1.2%,【每日收评】成交超270亿！三峡能源全天巨震两市回调创业板指跌1.2%
2021-06-24,传祺 GS8 搭载丰田混动、新 CS55 PLUS、红旗 E-QM5,传祺 GS8 搭载丰田混动、新 CS55 PLUS、红旗 E-QM5
2021-06-24,新能源汽车数据点评系列之九：21年5月新能源乘用车渗透率连续第3个月超10%,新能源汽车数据点评系列之九：21年5月新能源乘用车渗透率连续第3个月超10%
2021-06-24,汽车行业2021年5月汽车数据解读&投资展望：新能源汽车销量持续向好 芯片短缺影响持续,汽车行业2021年5月汽车数据解读&投资展望：新能源汽车销量持续向好 芯片短缺影响持续
2021-06-24,比亚迪交流纪要：刀片电池不断替代装车,比亚迪交流纪要：刀片电池不断替代装车
2021-06-24,陕西造车，铜川“分羹”？,陕西造车，铜川“分羹”？
2021-06-24,新能源汽车行业周报：比亚迪DM-I销量浅析,新能源汽车行业周报：比亚迪DM-I销量浅析
2021-06-24,28 个交易日暴涨 70%，还有机会上比亚迪的车吗？,28 个交易日暴涨 70%，还有机会上比亚迪的车吗？
2021-06-24,电气设备行业终端产销：国内渗透率创新高 美国传统车企发力,电气设备行业终端产销：国内渗透率创新高 美国传统车企发力
2021-06-24,ARK每日追踪 | 继续加仓平安好医生约97.4万股，比亚迪ADR再遭减持 减持股份,ARK每日追踪 | 继续加仓平安好医生约97.4万股，比亚迪ADR再遭减持 减持股份
2021-06-24,港股收盘：恒生指数全天震荡 恒大系反弹 恒大汽车涨超9%,港股收盘：恒生指数全天震荡 恒大系反弹 恒大汽车涨超9%
2021-06-24,比亚迪VS上汽集团，谁能夺得新能源汽车“王座”？,比亚迪VS上汽集团，谁能夺得新能源汽车“王座”？
2021-06-24,广汽埃安加大电动车攻势，比亚迪否认停产燃油车丨第一财经汽车日评 经营问题,广汽埃安加大电动车攻势，比亚迪否认停产燃油车丨第一财经汽车日评 经营问题
2021-06-24,5分钟上演“天地板”，10分钟成交额超百亿，这只次新股波动剧烈,5分钟上演“天地板”，10分钟成交额超百亿，这只次新股波动剧烈
2021-06-24,e 平台 3.0 首款新车，比亚迪海豚要干嘛？,e 平台 3.0 首款新车，比亚迪海豚要干嘛？
2021-06-24,【大行点评】大和：比亚迪业务增长强上调目标至276元|头条金融网,【大行点评】大和：比亚迪业务增长强上调目标至276元|头条金融网
2021-06-24,中国品牌在技术上全面超越合资，为何还被看不起？,中国品牌在技术上全面超越合资，为何还被看不起？
2021-06-24,深南电路(002916)点评：投资60亿封装基板新项目 加速IC材料国产化,深南电路(002916)点评：投资60亿封装基板新项目 加速IC材料国产化
2021-06-24,奕东电子IPO有玄机：客户小米竟成股东 客户比亚迪却隐退,奕东电子IPO有玄机：客户小米竟成股东 客户比亚迪却隐退
2021-06-24,A股融资融券日报：两融余额增加57.06亿元（6月23日）,A股融资融券日报：两融余额增加57.06亿元（6月23日）
2021-06-24,五洋停车：目前公司与新能源汽车厂商签订合作的只有特斯拉,五洋停车：目前公司与新能源汽车厂商签订合作的只有特斯拉
2021-06-24,5月产量骤增317%、占比超六成 磷酸铁锂电池耀眼的逆袭,5月产量骤增317%、占比超六成 磷酸铁锂电池耀眼的逆袭
2021-06-24,“这国产车太棒了！多少钱我现在就买”“对不起，不卖！”,“这国产车太棒了！多少钱我现在就买”“对不起，不卖！”
2021-06-24,ARK基金买入平安好医生，卖出比亚迪。,ARK基金买入平安好医生，卖出比亚迪。
2021-06-24,凤凰网携手比亚迪汽车探访川藏铁路拉林段，致敬为国开路者,凤凰网携手比亚迪汽车探访川藏铁路拉林段，致敬为国开路者
2021-06-24,比亚迪回应停产燃油车：目前没有此计划 经营问题,比亚迪回应停产燃油车：目前没有此计划 经营问题
2021-06-24,比亚迪回应停产燃油车：目前没有此计划,比亚迪回应停产燃油车：目前没有此计划
2021-06-24,干货！2021年新能源汽车行业企业对比：比亚迪VS上汽集团 谁是中国“新能源汽车之王”？,干货！2021年新能源汽车行业企业对比：比亚迪VS上汽集团 谁是中国“新能源汽车之王”？
2021-06-24,比亚迪于天水成立销售新公司，注册资本100万,比亚迪于天水成立销售新公司，注册资本100万
2021-06-24,网传：比亚迪燃油车规划已经停止 最快明年全面被新能源车替代,网传：比亚迪燃油车规划已经停止 最快明年全面被新能源车替代
2021-06-24,再次触碰7000亿市值，比亚迪会是下一个茅台吗？,再次触碰7000亿市值，比亚迪会是下一个茅台吗？
2021-06-25,川财研究所晨报,川财研究所晨报
2021-06-25,比亚迪回应停产燃油车：目前没有此计划 经营问题,比亚迪回应停产燃油车：目前没有此计划 经营问题
2021-06-25,大行评级|大和：上调比亚迪(1211.HK)每股盈利预测重申买入评级,大行评级|大和：上调比亚迪(1211.HK)每股盈利预测重申买入评级
2021-06-25,苏奥传感：公司目前没有和奥迪直接的业务往来,苏奥传感：公司目前没有和奥迪直接的业务往来
2021-06-25,新能源汽车行业投资手册系列报告(三)：站在黄金十年的起点 从看跌到翻多 趁短期估值消化的间隙 享受长期基本面成长的红利,新能源汽车行业投资手册系列报告(三)：站在黄金十年的起点 从看跌到翻多 趁短期估值消化的间隙 享受长期基本面成长的红利
2021-06-25,搭载车型密集上线 混动技术将迎来大发展！,搭载车型密集上线 混动技术将迎来大发展！
2021-06-25,A股资金流向（6月25日）：各行业龙头重获资金青睐，短线热门股被抛售,A股资金流向（6月25日）：各行业龙头重获资金青睐，短线热门股被抛售
2021-06-25,扩产DM-i混动系统 比亚迪补齐产能短板,扩产DM-i混动系统 比亚迪补齐产能短板
2021-06-25,港股一线｜招股价不超过每股180港元，率先美港双重上市 小鹏汽车明确“造车+软件”战略,港股一线｜招股价不超过每股180港元，率先美港双重上市 小鹏汽车明确“造车+软件”战略
2021-06-25,北向资金本周爆买A股超200亿，连续加码金融股,北向资金本周爆买A股超200亿，连续加码金融股
2021-06-25,新能源车销量火爆，二手车却不受欢迎？,新能源车销量火爆，二手车却不受欢迎？
2021-06-25,消息称大陆汽车厂商拟效仿比亚迪研发车规级功率半导体,消息称大陆汽车厂商拟效仿比亚迪研发车规级功率半导体
2021-06-25,广东区域股市周报：3亿融资买入亿纬锂能 北讯退跌34.34%跌幅第一,广东区域股市周报：3亿融资买入亿纬锂能 北讯退跌34.34%跌幅第一
2021-06-25,再投20亿扩产DM-i动力总成比亚迪急补超混车型产能短板,再投20亿扩产DM-i动力总成比亚迪急补超混车型产能短板
2021-06-25,电报|投资20亿元比亚迪在太原新增年产50万套DM-i动力总成生产线,电报|投资20亿元比亚迪在太原新增年产50万套DM-i动力总成生产线
2021-06-25,【券商聚焦】大和升比亚迪股份(01211)目标价19% 上调未来三年汽车销量预测,【券商聚焦】大和升比亚迪股份(01211)目标价19% 上调未来三年汽车销量预测
2021-06-25,蔚来：悄然潜入碳化硅技术应用牌局,蔚来：悄然潜入碳化硅技术应用牌局
2021-06-25,盈趣科技：公司已与小鹏汽车建立合作，已进入蔚来供应链体系,盈趣科技：公司已与小鹏汽车建立合作，已进入蔚来供应链体系
2021-06-25,大和：升比亚迪(01211)目标价至19%至276港元 重申买入评级,大和：升比亚迪(01211)目标价至19%至276港元 重申买入评级
2021-06-25,5月份全球粗钢产量为1.744亿吨丨钢铁财经资讯速览,5月份全球粗钢产量为1.744亿吨丨钢铁财经资讯速览
2021-06-25,融资客青睐6股，迪普科技买入占比高达43.72%,融资客青睐6股，迪普科技买入占比高达43.72%
2021-06-25,A股融资融券日报：两融余额增加11.6亿元（6月24日）,A股融资融券日报：两融余额增加11.6亿元（6月24日）
2021-06-25,常铝股份：重庆工厂6月中旬已进入试生产，墨西哥工厂开工时间尚未确定,常铝股份：重庆工厂6月中旬已进入试生产，墨西哥工厂开工时间尚未确定
2021-06-25,北向资金动向盘点：个股增减持“神经分裂”,北向资金动向盘点：个股增减持“神经分裂”
2021-06-25,刀片电池加速“出鞘”！,刀片电池加速“出鞘”！
2021-06-25,上市公司“觅宝”新三板 参与新三板定增的上市公司或关联企业达12家,上市公司“觅宝”新三板 参与新三板定增的上市公司或关联企业达12家
2021-06-25,油耗不输日系 国产混动技术要崛起了？,油耗不输日系 国产混动技术要崛起了？
2021-06-25,大和：比亚迪重申买入评级 目标价升19%至276港元,大和：比亚迪重申买入评级 目标价升19%至276港元
2021-06-26,碳中和周报|发改委要求报送碳捕集项目上海环交所明确碳排放权交易事项,碳中和周报|发改委要求报送碳捕集项目上海环交所明确碳排放权交易事项
2021-06-26,这台家轿颜值到位，性价比高还有溜背，9 万出头就能买！,这台家轿颜值到位，性价比高还有溜背，9 万出头就能买！
2021-06-26,突发！特斯拉将召回29万辆进口、国产Model3/Y，因车辆可能自动加速…最新回应来了 产品问题,突发！特斯拉将召回29万辆进口、国产Model3/Y，因车辆可能自动加速…最新回应来了 产品问题
2021-06-26,比亚迪建新基地 扩充DM-i混动系统产能,比亚迪建新基地 扩充DM-i混动系统产能
2021-06-26,新造车生死竞速：得电池者得天下,新造车生死竞速：得电池者得天下
2021-06-26,比亚迪海豚，欢迎来到“动物王国”,比亚迪海豚，欢迎来到“动物王国”
2021-06-27,首席消费官周报：前程无忧拟私有化 瓜子二手车向人人车致歉,首席消费官周报：前程无忧拟私有化 瓜子二手车向人人车致歉
2021-06-27,都在炒芯片，到底什么芯片最缺，机会又在哪里？,都在炒芯片，到底什么芯片最缺，机会又在哪里？
2021-06-28,山东威达：公司换电站业务是公司的重点培育新项目,山东威达：公司换电站业务是公司的重点培育新项目
2021-06-28,【主力资金】主力紧急抢筹两大白马股，买入资金超20亿元,【主力资金】主力紧急抢筹两大白马股，买入资金超20亿元
2021-06-28,“业界良心”杨东这次错了？宁德时代涨超500元 隆基比亚迪逼近历史新高,“业界良心”杨东这次错了？宁德时代涨超500元 隆基比亚迪逼近历史新高
2021-06-28,机械设备行业周报：多类芯片新需求叠加 半导体设备供不应求,机械设备行业周报：多类芯片新需求叠加 半导体设备供不应求
2021-06-28,汽车行业周报：小鹏计划香港上市 电动智能竞争加剧,汽车行业周报：小鹏计划香港上市 电动智能竞争加剧
2021-06-28,扩大产能规模，湖南裕能拟170亿元投建磷酸铁和磷酸铁锂项目,扩大产能规模，湖南裕能拟170亿元投建磷酸铁和磷酸铁锂项目
2021-06-28,主力紧急抢筹复星医药和比亚迪 买入资金超20亿元,主力紧急抢筹复星医药和比亚迪 买入资金超20亿元
2021-06-28,"比亚迪现1笔大宗交易 共成交5,268.26万元","比亚迪现1笔大宗交易 共成交5,268.26万元"
2021-06-28,2021年中国新能源汽车行业市场竞争格局分析 比亚迪龙头效应开始显现【组图】,2021年中国新能源汽车行业市场竞争格局分析 比亚迪龙头效应开始显现【组图】
2021-06-28,容百科技(688005)：国内三元正极龙头 高镍化趋势下市占率有望提升,容百科技(688005)：国内三元正极龙头 高镍化趋势下市占率有望提升
2021-06-28,A股资金流向（6月28日）：短线热门股遭资金抛售,A股资金流向（6月28日）：短线热门股遭资金抛售
2021-06-28,比亚迪的技术已经让“两田”都要佩服了,比亚迪的技术已经让“两田”都要佩服了
2021-06-28,汽车行业周报：关注Q2业绩超预期机会,汽车行业周报：关注Q2业绩超预期机会
2021-06-28,比亚迪侧目！华虹高功率车规级IGBT量产：新能源车里的核心“CPU”,比亚迪侧目！华虹高功率车规级IGBT量产：新能源车里的核心“CPU”
2021-06-28,纯电动车的悲哀,纯电动车的悲哀
2021-06-28,A股融资融券日报：两融余额增加18.39亿元（6月25日）,A股融资融券日报：两融余额增加18.39亿元（6月25日）
2021-06-28,渤海证券给予比亚迪增持评级：产品矩阵持续完善，新能源汽车龙头未来可期,渤海证券给予比亚迪增持评级：产品矩阵持续完善，新能源汽车龙头未来可期
2021-06-28,中国汽车产业：铸造自主汽车品牌“新”高度,中国汽车产业：铸造自主汽车品牌“新”高度
2021-06-28,“探秘”第34届电动车大会 前沿科技助力智慧出行,“探秘”第34届电动车大会 前沿科技助力智慧出行
2021-06-28,渤海证券：比亚迪（002594.SZ）新能源汽车龙头，产品矩阵持续完善，首予“增持”评级,渤海证券：比亚迪（002594.SZ）新能源汽车龙头，产品矩阵持续完善，首予“增持”评级
2021-06-28,长城造了动物园，比亚迪要开海洋馆？,长城造了动物园，比亚迪要开海洋馆？
2021-06-28,动力电池变局：磷酸铁锂凭什么扳回一局,动力电池变局：磷酸铁锂凭什么扳回一局
2021-06-28,比亚迪(002594)：产品矩阵持续完善 新能源汽车龙头未来可期,比亚迪(002594)：产品矩阵持续完善 新能源汽车龙头未来可期
2021-06-28,顺丰、京东、吉利、福耀、长城……那些跨界光伏的业外巨头们！,顺丰、京东、吉利、福耀、长城……那些跨界光伏的业外巨头们！
2021-06-29,宁德时代与特斯拉签订4年大单，市值1.18万亿成深市一哥，万亿市值何以为继？,宁德时代与特斯拉签订4年大单，市值1.18万亿成深市一哥，万亿市值何以为继？
2021-06-29,牛熊日报丨恒指期结日收跌，熊证上演单日翻倍行情！,牛熊日报丨恒指期结日收跌，熊证上演单日翻倍行情！
2021-06-29,美的开始“躺赢”了,美的开始“躺赢”了
2021-06-29,大消费行业2021年7月金股推荐,大消费行业2021年7月金股推荐
2021-06-29,锂电池三元正极行业深度研究：高镍趋势下的行业集中度提升,锂电池三元正极行业深度研究：高镍趋势下的行业集中度提升
2021-06-29,“锂电茅”登上深市一哥宝座，市值再创新高，主力资金却悄悄撤退？,“锂电茅”登上深市一哥宝座，市值再创新高，主力资金却悄悄撤退？
2021-06-29,动力电池的三国演义：韩企偷师 中企超车,动力电池的三国演义：韩企偷师 中企超车
2021-06-29,A股持续“万亿”成交，比亚迪人气最高，华测检测等八只个股被外资买爆,A股持续“万亿”成交，比亚迪人气最高，华测检测等八只个股被外资买爆
2021-06-29,资金流向分析,资金流向分析
2021-06-29,新能源智造助沈阳车市行稳致远,新能源智造助沈阳车市行稳致远
2021-06-29,汽车芯片重大进展，机构：最糟糕时刻已过去！,汽车芯片重大进展，机构：最糟糕时刻已过去！
2021-06-29,深市变天？“锂电茅”登上一哥宝座，科技正在崛起？,深市变天？“锂电茅”登上一哥宝座，科技正在崛起？
2021-06-29,"地平线上市""风动""，融资频频，它会成为中国第二个""宁德时代""？","地平线上市""风动""，融资频频，它会成为中国第二个""宁德时代""？"
2021-06-29,"""锂电茅""登上一哥宝座，科技股行情火热，外资却在撤退","""锂电茅""登上一哥宝座，科技股行情火热，外资却在撤退"
2021-06-29,比“伊利”“比亚迪”更会赚钱英科医疗全年利润83亿登顶行业第一,比“伊利”“比亚迪”更会赚钱英科医疗全年利润83亿登顶行业第一
2021-06-29,立足行业景气度，融资数据显趋势性投资特征,立足行业景气度，融资数据显趋势性投资特征
2021-06-29,汽车和汽车零部件行业周报：小鹏汽车赴港上市 行业即将进入被动补库,汽车和汽车零部件行业周报：小鹏汽车赴港上市 行业即将进入被动补库
2021-06-29,18万股民沸腾了！万亿创业板一哥突发大利好,18万股民沸腾了！万亿创业板一哥突发大利好
2021-06-29,2021福布斯中国最佳雇主榜：比亚迪获最受大学生关注雇主,2021福布斯中国最佳雇主榜：比亚迪获最受大学生关注雇主
2021-06-29,现象级“爆款”！深扒比亚迪 DM-i 的魔力所在,现象级“爆款”！深扒比亚迪 DM-i 的魔力所在
2021-06-29,A股融资融券日报：两融余额增加94.84亿元（6月28日）,A股融资融券日报：两融余额增加94.84亿元（6月28日）
2021-06-29,比亚迪等24股获融资净买入超亿元,比亚迪等24股获融资净买入超亿元
2021-06-29,A股早报2021年6月29日星期二,A股早报2021年6月29日星期二
2021-06-29,破天荒大面积召回 28 万辆车，特斯拉在舆论危机中越陷越深？ 产品问题,破天荒大面积召回 28 万辆车，特斯拉在舆论危机中越陷越深？ 产品问题
2021-06-29,中国车企真的成长了？,中国车企真的成长了？
2021-06-29,电力设备新能源行业周观察：电动与智能共振中游景气向上 1-5月户用光伏装机超预期,电力设备新能源行业周观察：电动与智能共振中游景气向上 1-5月户用光伏装机超预期
2021-06-29,【1211】比亚迪分拆半导体深交所上市获受理|头条金融网,【1211】比亚迪分拆半导体深交所上市获受理|头条金融网
2021-06-29,看空宁德时代！美国知名投行被“打脸” 投资评级恶化,看空宁德时代！美国知名投行被“打脸” 投资评级恶化
2021-06-29,【新能源车投资日报】宁德时代为特斯拉供货至2025年 长城汽车定目标：新能源车销量5年欲增55倍？,【新能源车投资日报】宁德时代为特斯拉供货至2025年 长城汽车定目标：新能源车销量5年欲增55倍？
2021-06-30,“半导体热”下 比亚迪拟拆分比亚迪半导体至深交所上市并获受理,“半导体热”下 比亚迪拟拆分比亚迪半导体至深交所上市并获受理
2021-06-30,比亚迪(002594.SZ)：比亚迪半导体创业板IPO申请获深交所受理,比亚迪(002594.SZ)：比亚迪半导体创业板IPO申请获深交所受理
2021-06-30,7月1日起广东省旧车换新更优惠 比亚迪多款车型入榜,7月1日起广东省旧车换新更优惠 比亚迪多款车型入榜
2021-06-30,比亚迪：比亚迪半导体创业板IPO申请获深交所受理,比亚迪：比亚迪半导体创业板IPO申请获深交所受理
2021-06-30,比亚迪A股午后转涨,比亚迪A股午后转涨
2021-06-30,比亚迪36个交易日股价涨超七成！拆分子公司上市获受理,比亚迪36个交易日股价涨超七成！拆分子公司上市获受理
2021-06-30,注入安全基因，比亚迪汉全系安全标配不打折,注入安全基因，比亚迪汉全系安全标配不打折
2021-06-30,比亚迪旗下半导体公司创业板上市获受理 目标成为新型半导体供应商,比亚迪旗下半导体公司创业板上市获受理 目标成为新型半导体供应商
2021-06-30,A股资金流向（6月30日）：低位芯片龙头股获青睐,A股资金流向（6月30日）：低位芯片龙头股获青睐
2021-06-30,和胜股份(002824)：股权激励彰显发展信心 电池箱龙头高增长可期,和胜股份(002824)：股权激励彰显发展信心 电池箱龙头高增长可期
2021-06-30,和讯SGI公司|比亚迪SGI指数“平平无奇”?大好青年为何偏爱“躺平”？,和讯SGI公司|比亚迪SGI指数“平平无奇”?大好青年为何偏爱“躺平”？
2021-06-30,国内有追兵、海外有堵截 被包围的宁德时代将如何出招？,国内有追兵、海外有堵截 被包围的宁德时代将如何出招？
2021-06-30,上汽集团遭股东痛批！市值不到比亚迪40% 只花钱不挣钱,上汽集团遭股东痛批！市值不到比亚迪40% 只花钱不挣钱
2021-06-30,比亚迪Q3净利跌近28％，股东锐减6万户，创始人“套现” 盈利能力下降,比亚迪Q3净利跌近28％，股东锐减6万户，创始人“套现” 盈利能力下降
2021-06-30,比亚迪拟分拆半导体子公司创业板上市获深交所受理,比亚迪拟分拆半导体子公司创业板上市获深交所受理
2021-06-30,2021中国汽车动力技术大会在京开幕 混合动力成发展重点,2021中国汽车动力技术大会在京开幕 混合动力成发展重点
2021-06-30,比亚迪公司在香港交易所的披露文件指出，深圳证券交易所已核对并受理比亚迪半导,比亚迪公司在香港交易所的披露文件指出，深圳证券交易所已核对并受理比亚迪半导
2021-06-30,小鹏回港上市欲筹20亿美金，烧钱之路还能走多远？,小鹏回港上市欲筹20亿美金，烧钱之路还能走多远？
2021-06-30,午间公告2021年6月30日星期三,午间公告2021年6月30日星期三
2021-06-30,比亚迪(002594.SZ)分拆比亚迪半导体至创业板上市申请获深交所受理,比亚迪(002594.SZ)分拆比亚迪半导体至创业板上市申请获深交所受理
2021-06-30,宁德时代登上深市一哥宝座:主力资金却悄悄撤退？高处不胜寒的C位能坐多久？,宁德时代登上深市一哥宝座:主力资金却悄悄撤退？高处不胜寒的C位能坐多久？
2021-06-30,汽车芯片荒下半年有望缓解 概念股大幅跑赢市场,汽车芯片荒下半年有望缓解 概念股大幅跑赢市场
2021-06-30,比亚迪DM-i、长安蓝鲸iDD等接连发布，自主品牌“混”好了？,比亚迪DM-i、长安蓝鲸iDD等接连发布，自主品牌“混”好了？
2021-06-30,暴涨！明星基金经理紧急调研来了,暴涨！明星基金经理紧急调研来了
2021-06-30,A股融资融券日报：两融余额增加21.38亿元（6月29日）,A股融资融券日报：两融余额增加21.38亿元（6月29日）
2021-06-30,汉唐精英荟 | 中国奥运健儿刘浩、孙梦雅正式成为比亚迪车主,汉唐精英荟 | 中国奥运健儿刘浩、孙梦雅正式成为比亚迪车主
2021-06-30,科创板锂电池材料大军一日添两员大将！长远锂科与厦钨新能IPO获准注册,科创板锂电池材料大军一日添两员大将！长远锂科与厦钨新能IPO获准注册
2021-06-30,过去、现在、未来，比亚迪叉车给你最想要的物流搬运解决方案,过去、现在、未来，比亚迪叉车给你最想要的物流搬运解决方案
2021-06-30,碳中和系列报告之汽车行业：拥抱新能源 助力碳中和,碳中和系列报告之汽车行业：拥抱新能源 助力碳中和
2021-06-30,科创板锂电池材料大军一日添两员大将！长远锂科与厦钨新能IPO获批,科创板锂电池材料大军一日添两员大将！长远锂科与厦钨新能IPO获批
2021-06-30,5月电机榜：特斯拉环比暴涨逾96% 超越比亚迪重返第一,5月电机榜：特斯拉环比暴涨逾96% 超越比亚迪重返第一
2021-06-30,比亚迪在深交所公告，比亚迪股份有限公司拟分拆所属子公司比亚迪半导体股份有限公司至深圳证券交易所创业板上市,比亚迪在深交所公告，比亚迪股份有限公司拟分拆所属子公司比亚迪半导体股份有限公司至深圳证券交易所创业板上市
2021-06-30,比亚迪：深交所受理比亚迪半导体的首次公开发行股票并在创业板上市的申请,比亚迪：深交所受理比亚迪半导体的首次公开发行股票并在创业板上市的申请
2021-06-30,比亚迪：公司分拆比亚迪半导体文件齐备 深交所决定予以受理,比亚迪：公司分拆比亚迪半导体文件齐备 深交所决定予以受理
2021-06-30,新能源行业动态点评：长城汽车发布2025年战略目标,新能源行业动态点评：长城汽车发布2025年战略目标
2021-07-01,湘潭电化：宁德时代、比亚迪均为湖南裕能的股东,湘潭电化：宁德时代、比亚迪均为湖南裕能的股东
2021-07-01,续航达400公里！比亚迪全新纯电动大巴首次交付芬兰,续航达400公里！比亚迪全新纯电动大巴首次交付芬兰
2021-07-01,全新LOGO上车！比亚迪海豚内饰效果图曝光 从未见过的设计,全新LOGO上车！比亚迪海豚内饰效果图曝光 从未见过的设计
2021-07-01,比亚迪纯电动大巴芬兰上线 零排放出行撬动“千湖之国”,比亚迪纯电动大巴芬兰上线 零排放出行撬动“千湖之国”
2021-07-01,2021年中国新能源汽车区域市场格局及发展前景分析 深圳市新能源汽车发展前景较好,2021年中国新能源汽车区域市场格局及发展前景分析 深圳市新能源汽车发展前景较好
2021-07-01,A股资金流向（7月1日）：银行、地产获资金回流,A股资金流向（7月1日）：银行、地产获资金回流
2021-07-01,6500亿元新能源巨头放大招！分拆子公司上市获受理，发力芯片风口,6500亿元新能源巨头放大招！分拆子公司上市获受理，发力芯片风口
2021-07-01,车芯第一股要来？比亚迪半导体“光速”获受理,车芯第一股要来？比亚迪半导体“光速”获受理
2021-07-01,汽车行业2021年中期投资策略：自主品牌崛起 新能源汽车市场前景广阔,汽车行业2021年中期投资策略：自主品牌崛起 新能源汽车市场前景广阔
2021-07-01,新能源板块行业信息点评：全球动力电池集中度持续提升 达94%,新能源板块行业信息点评：全球动力电池集中度持续提升 达94%
2021-07-01,上汽集团股东表示不满，市值只有比亚迪四成，相比新势力存也在差距,上汽集团股东表示不满，市值只有比亚迪四成，相比新势力存也在差距
2021-07-01,21深度丨比亚迪半导体分拆奔赴创业板获受理：拟募资27亿,21深度丨比亚迪半导体分拆奔赴创业板获受理：拟募资27亿
2021-07-01,21深度丨比亚迪半导体分拆奔赴科创板获受理：拟募资27亿 过半收入仰仗集团,21深度丨比亚迪半导体分拆奔赴科创板获受理：拟募资27亿 过半收入仰仗集团
2021-07-01,主力资金：大资金突然出逃3只热门股 卖出资金超58亿元,主力资金：大资金突然出逃3只热门股 卖出资金超58亿元
2021-07-01,尴尬了：上汽董事长回应市值只有比亚迪四成无奈,尴尬了：上汽董事长回应市值只有比亚迪四成无奈
2021-07-01,宁德时代“登顶”背后：动力电池行业热度高涨，市场竞争或将白热化,宁德时代“登顶”背后：动力电池行业热度高涨，市场竞争或将白热化
2021-07-01,上汽董事长回应市值只有比亚迪四成 ：和新势力相比BBA也存在差距,上汽董事长回应市值只有比亚迪四成 ：和新势力相比BBA也存在差距
2021-07-01,比亚迪海豚内饰设计效果图曝光，充满海洋元素,比亚迪海豚内饰设计效果图曝光，充满海洋元素
2021-07-01,比亚迪半导体上市申请获受理，估值超100亿！,比亚迪半导体上市申请获受理，估值超100亿！
2021-07-01,子公司将上市，比亚迪和宁德时代谁能坐上汽车A股头把交椅？,子公司将上市，比亚迪和宁德时代谁能坐上汽车A股头把交椅？
2021-07-01,中国汽车流通协会：2021年5月份新能源乘用车销量17.8万辆，环比增长6.7%,中国汽车流通协会：2021年5月份新能源乘用车销量17.8万辆，环比增长6.7%
2021-07-01,安信研究|晨会在线20210701,安信研究|晨会在线20210701
2021-07-01,重磅！两锂电企业同时IPO获批！,重磅！两锂电企业同时IPO获批！
2021-07-01,智能驾驶｜华为HMS：助力生态打造，加速智能升级,智能驾驶｜华为HMS：助力生态打造，加速智能升级
2021-07-01,中国开启“大国大城”新时代：崛起23座万亿GDP城市,中国开启“大国大城”新时代：崛起23座万亿GDP城市
2021-07-01,A股融资融券日报：两融余额增加47.82亿元（6月30日）,A股融资融券日报：两融余额增加47.82亿元（6月30日）
2021-07-01,市值被比亚迪教做人！上汽陈虹：和新势力相比 BBA也存在差距,市值被比亚迪教做人！上汽陈虹：和新势力相比 BBA也存在差距
2021-07-01,外资大幅增持华测检测等八只个股,外资大幅增持华测检测等八只个股
2021-07-01,一直稳健务实的长城汽车为什么突然“放卫星”？,一直稳健务实的长城汽车为什么突然“放卫星”？
2021-07-01,热点解读！全球锂电池巨头布局固态电池 固态电池产业化进程加快,热点解读！全球锂电池巨头布局固态电池 固态电池产业化进程加快
2021-07-01,上汽也逃不过转型的“真香定律”,上汽也逃不过转型的“真香定律”
2021-07-01,为什么说秦PLUS EV是一款值得推荐的电动车,为什么说秦PLUS EV是一款值得推荐的电动车
2021-07-01,电力设备及新能源行业周报：比亚迪即将停售燃油车 全球电动化进程提速 业务变化,电力设备及新能源行业周报：比亚迪即将停售燃油车 全球电动化进程提速 业务变化
2021-07-01,比亚迪元Pro上市 补贴后售7.98-9.98万元,比亚迪元Pro上市 补贴后售7.98-9.98万元
2021-07-01,利元亨IPO：锂电设备领先制造商 龙头合作模式推进企业高速增长,利元亨IPO：锂电设备领先制造商 龙头合作模式推进企业高速增长
2021-07-02,首个公开拒绝华为自动驾驶的车企出现！上汽董事长：我怕失去灵魂,首个公开拒绝华为自动驾驶的车企出现！上汽董事长：我怕失去灵魂
2021-07-02,6月汽车股：宁德时代登顶深市一哥比亚迪猛追市值涨超2000亿,6月汽车股：宁德时代登顶深市一哥比亚迪猛追市值涨超2000亿
2021-07-02,【预见】股价连创新高，法拉电子（600563.SH）有何制胜法宝？,【预见】股价连创新高，法拉电子（600563.SH）有何制胜法宝？
2021-07-02,争夺小米汽车的暗战已打响 武汉西安各有多大胜算？,争夺小米汽车的暗战已打响 武汉西安各有多大胜算？
2021-07-02,同益股份：公司向比亚迪销售PC+GF、PC、PPE、ABS等工程塑料,同益股份：公司向比亚迪销售PC+GF、PC、PPE、ABS等工程塑料
2021-07-02,比亚迪半导体IPO进入倒计时：对内实施期权激励计划，对外加快客户开发,比亚迪半导体IPO进入倒计时：对内实施期权激励计划，对外加快客户开发
2021-07-02,环球股市全日总结：7月2日,环球股市全日总结：7月2日
2021-07-02,中信证券亮马组合半月报：结构性调整中继续布局成长制造,中信证券亮马组合半月报：结构性调整中继续布局成长制造
2021-07-02,搭载车型密集上线 混动技术将迎来大发展,搭载车型密集上线 混动技术将迎来大发展
2021-07-02,比亚迪分拆半导体子公司上市获深交所受理 资本看重“明分实合”,比亚迪分拆半导体子公司上市获深交所受理 资本看重“明分实合”
2021-07-02,A股资金流向（7月2日）：小金属板块获资金入驻，权重股多被抛售,A股资金流向（7月2日）：小金属板块获资金入驻，权重股多被抛售
2021-07-02,【1211】比亚迪上半年汽车销量增55.5%|头条金融网,【1211】比亚迪上半年汽车销量增55.5%|头条金融网
2021-07-02,安全续航两不误，长城汽车推出“大禹电池”,安全续航两不误，长城汽车推出“大禹电池”
2021-07-02,比亚迪股价一度下跌6.5%，为6月16日以来最大跌幅。 连续下跌,比亚迪股价一度下跌6.5%，为6月16日以来最大跌幅。 连续下跌
2021-07-02,比亚迪元 Plus 谍照 车身尺寸或全面升级,比亚迪元 Plus 谍照 车身尺寸或全面升级
2021-07-02,“新四化”加速人才流动，2021上半年车企人事变动近百起,“新四化”加速人才流动，2021上半年车企人事变动近百起
2021-07-02,上汽股价低迷遭股东痛批！董事长：奔驰宝马不如造车新势力,上汽股价低迷遭股东痛批！董事长：奔驰宝马不如造车新势力
2021-07-02,新款 03 长这样、元 Pro 新增车型、五菱“征途”,新款 03 长这样、元 Pro 新增车型、五菱“征途”
2021-07-02,前五月全球Top 20电动车品牌榜：比亚迪击败宝马，日产被挤出榜单,前五月全球Top 20电动车品牌榜：比亚迪击败宝马，日产被挤出榜单
2021-07-02,A股融资融券日报：两融余额减少101.12亿元（7月1日）,A股融资融券日报：两融余额减少101.12亿元（7月1日）
2021-07-02,比亚迪投建太原基地 混合动力或成下一个风口,比亚迪投建太原基地 混合动力或成下一个风口
2021-07-02,半导体分拆上市，估值已过百亿！比亚迪发力新赛道？,半导体分拆上市，估值已过百亿！比亚迪发力新赛道？
2021-07-02,策略月报：6月产业资本减持额上升 减持股份,策略月报：6月产业资本减持额上升 减持股份
2021-07-02,"前5月全球电动车销量:比亚迪超宝马,日产跌出榜单 盈利能力下降","前5月全球电动车销量:比亚迪超宝马,日产跌出榜单 盈利能力下降"
2021-07-02,北欧新能源版图再扩充，比亚迪纯电动大巴芬兰上线,北欧新能源版图再扩充，比亚迪纯电动大巴芬兰上线
2021-07-02,195台！比亚迪中标英国最大纯电动巴士订单,195台！比亚迪中标英国最大纯电动巴士订单
2021-07-02,【行情】港股比亚迪跌近7%，为6月16日以来最大跌幅 连续下跌,【行情】港股比亚迪跌近7%，为6月16日以来最大跌幅 连续下跌
2021-07-03,销量是比亚迪的 13 倍，市值却不及 40%，上汽如何回答股东的灵魂拷问？,销量是比亚迪的 13 倍，市值却不及 40%，上汽如何回答股东的灵魂拷问？
2021-07-03,市值跌破净资产的上汽，凭什么嫌弃华为？ 连续下跌,市值跌破净资产的上汽，凭什么嫌弃华为？ 连续下跌
2021-07-03,2021年中国新能源汽车行业市场竞争格局分析 特斯拉或将在中国延续辉煌,2021年中国新能源汽车行业市场竞争格局分析 特斯拉或将在中国延续辉煌
2021-07-03,中保研终于拿比亚迪汉碰撞了！电动车如何不被撞燃？,中保研终于拿比亚迪汉碰撞了！电动车如何不被撞燃？
2021-07-03,比亚迪半导体拟创业板上市募资27亿：最大客户是比亚迪 红杉小米都是股东,比亚迪半导体拟创业板上市募资27亿：最大客户是比亚迪 红杉小米都是股东
2021-07-03,魏建军的 400 万辆小目标，道出了新能源车行业即将到来的严重“内卷”？,魏建军的 400 万辆小目标，道出了新能源车行业即将到来的严重“内卷”？
2021-07-03,星源材质(300568)深度系列报告：蛰伏已过 湿法隔膜柳暗花明,星源材质(300568)深度系列报告：蛰伏已过 湿法隔膜柳暗花明
2021-07-04,比亚迪将展示全新纯电动双层巴士等新品,比亚迪将展示全新纯电动双层巴士等新品
2021-07-04,周观点 | 新势力销量创新高 电动智能变革加速【华西汽车 崔琰团队】,周观点 | 新势力销量创新高 电动智能变革加速【华西汽车 崔琰团队】
2021-07-04,崔东树：2021年1-5月世界新能源乘用车销量186万台，中国新能源乘用车占51%,崔东树：2021年1-5月世界新能源乘用车销量186万台，中国新能源乘用车占51%
2021-07-04,汽车行业周报：特斯拉2021Q2交付量超20万辆,汽车行业周报：特斯拉2021Q2交付量超20万辆
2021-07-05,5月全球新能源：比亚迪击败宝马重回前四,5月全球新能源：比亚迪击败宝马重回前四
2021-07-05,比亚迪：上半年新能源汽车累计销量同比增长155%,比亚迪：上半年新能源汽车累计销量同比增长155%
2021-07-05,比亚迪：6月合计产量51152辆，本年累计产量25.39万辆，同比增长60.12%,比亚迪：6月合计产量51152辆，本年累计产量25.39万辆，同比增长60.12%
2021-07-05,大行评级 | 比亚迪获机构上调38%目标价！天风首次建议买入奈雪,大行评级 | 比亚迪获机构上调38%目标价！天风首次建议买入奈雪
2021-07-05,大股东痛批上汽像中了魔咒 董事长陈虹尴尬回应奔驰宝马也是这样,大股东痛批上汽像中了魔咒 董事长陈虹尴尬回应奔驰宝马也是这样
2021-07-05,全球硅料供需关系梳理：2022年第二季度起硅料价格或快速回落,全球硅料供需关系梳理：2022年第二季度起硅料价格或快速回落
2021-07-05,"乘用车半年盘点：上汽集团跌超10%垫底如何才能不失""灵魂""?","乘用车半年盘点：上汽集团跌超10%垫底如何才能不失""灵魂""?"
2021-07-05,车辆座椅发现疑似“水银”物质 理想汽车回应,车辆座椅发现疑似“水银”物质 理想汽车回应
2021-07-05,比亚迪：上半年新能源汽车销量同比增154.76%,比亚迪：上半年新能源汽车销量同比增154.76%
2021-07-05,比亚迪半导体IPO倒计时！还没上市，净利润就逐年下滑，公司却说以后还可能接着降！ 盈利能力下降,比亚迪半导体IPO倒计时！还没上市，净利润就逐年下滑，公司却说以后还可能接着降！ 盈利能力下降
2021-07-05,比亚迪：本公司2021年6月新能源汽车动力电池及储能电池装机总量约为2.777GWh，本年累计装机总量约为12.707GWh,比亚迪：本公司2021年6月新能源汽车动力电池及储能电池装机总量约为2.777GWh，本年累计装机总量约为12.707GWh
2021-07-05,比亚迪上半年新能源车销量同比增154.76% 市场景气度持续升温,比亚迪上半年新能源车销量同比增154.76% 市场景气度持续升温
2021-07-05,比亚迪：上半年新能源汽车销量同比增长154.76%,比亚迪：上半年新能源汽车销量同比增长154.76%
2021-07-05,比亚迪：本年累计新能源汽车销量15.46万辆,比亚迪：本年累计新能源汽车销量15.46万辆
2021-07-05,比亚迪(002594.SZ)前6月汽车销量24.67万辆 同比增长55.51%,比亚迪(002594.SZ)前6月汽车销量24.67万辆 同比增长55.51%
2021-07-05,全球新能源汽车销量新榜出炉，这家中国品牌超过了宝马,全球新能源汽车销量新榜出炉，这家中国品牌超过了宝马
2021-07-05,比亚迪(002594.SZ)：6月新能源汽车销量41366辆同比增长192.03%,比亚迪(002594.SZ)：6月新能源汽车销量41366辆同比增长192.03%
2021-07-05,汽车行业2021年中报前瞻：迈过Q2 缺芯困难时刻 大国制造跟随行业复苏强势崛起,汽车行业2021年中报前瞻：迈过Q2 缺芯困难时刻 大国制造跟随行业复苏强势崛起
2021-07-05,比亚迪：6月总销量约5.1万辆，同比增加51.27%,比亚迪：6月总销量约5.1万辆，同比增加51.27%
2021-07-05,7月6日上市公司重要公告集锦：中国中免上半年净利同比增长484.12%,7月6日上市公司重要公告集锦：中国中免上半年净利同比增长484.12%
2021-07-05,比亚迪：上半年累计销量24.67万辆同比增长55.51%,比亚迪：上半年累计销量24.67万辆同比增长55.51%
2021-07-05,新能源的车能不能上？,新能源的车能不能上？
2021-07-05,比亚迪：公司2021年6月新能源汽车销量4.14万辆，去年同期1.42万辆,比亚迪：公司2021年6月新能源汽车销量4.14万辆，去年同期1.42万辆
2021-07-05,工信部345批公告：重磅车型琳琅满目，电动化进程有望加速【安信汽车】,工信部345批公告：重磅车型琳琅满目，电动化进程有望加速【安信汽车】
2021-07-05,格隆汇港股聚焦(07.05)︱比亚迪上半年新能源车销量同比增154.76%；融创中国上半年销售额达3207.6亿元,格隆汇港股聚焦(07.05)︱比亚迪上半年新能源车销量同比增154.76%；融创中国上半年销售额达3207.6亿元
2021-07-05,恒生指数收跌0.59%报28143点 蓝筹股吉利汽车(00175)涨5.36%,恒生指数收跌0.59%报28143点 蓝筹股吉利汽车(00175)涨5.36%
2021-07-05,盐湖提锂拐点已至，产业链业绩待释放,盐湖提锂拐点已至，产业链业绩待释放
2021-07-05,群众不买账，一汽 - 大众电动车转战出行市场,群众不买账，一汽 - 大众电动车转战出行市场
2021-07-05,下一个高收益领域在哪里,下一个高收益领域在哪里
2021-07-05,2021年中报即将来袭！机构提前聚焦三大热门行业,2021年中报即将来袭！机构提前聚焦三大热门行业
2021-07-05,A股融资融券日报：两融余额减少58.92亿元（7月2日）,A股融资融券日报：两融余额减少58.92亿元（7月2日）
2021-07-05,松下与特斯拉只是想换一种活法,松下与特斯拉只是想换一种活法
2021-07-05,电气设备行业周报：中游排产维持高景气 电动车大行情延续,电气设备行业周报：中游排产维持高景气 电动车大行情延续
2021-07-05,【AH互动】比亚迪(01211)AH齐低开高走 拟分拆比亚迪半导体创业板上市获受理,【AH互动】比亚迪(01211)AH齐低开高走 拟分拆比亚迪半导体创业板上市获受理
2021-07-05,比亚迪在芬兰交付43台15米纯电动大巴,比亚迪在芬兰交付43台15米纯电动大巴
2021-07-05,板块异动 | 汽车股普涨 东风集团涨9%比亚迪涨5%,板块异动 | 汽车股普涨 东风集团涨9%比亚迪涨5%
2021-07-05,汽车股全线走高东风集团涨超8% 中信：汽车配置性价比高,汽车股全线走高东风集团涨超8% 中信：汽车配置性价比高
2021-07-05,比亚迪：目前搭载DM-i超级混动系统的车型同样订单充足,比亚迪：目前搭载DM-i超级混动系统的车型同样订单充足
2021-07-05,A股早报2021年7月5日星期一,A股早报2021年7月5日星期一
2021-07-05,大行评级|麦格理：上调比亚迪(1211.HK)目标价至265港元评级“跑赢大市”,大行评级|麦格理：上调比亚迪(1211.HK)目标价至265港元评级“跑赢大市”
2021-07-05,共筑“芯”产业 中国车企迎机遇与挑战,共筑“芯”产业 中国车企迎机遇与挑战
2021-07-05,A股资金流向（7月5日）：资金大幅流入锂电上游行业,A股资金流向（7月5日）：资金大幅流入锂电上游行业
2021-07-05,比亚迪：目前公司长续航版本的DM-i超级混动车型已支持快充,比亚迪：目前公司长续航版本的DM-i超级混动车型已支持快充
2021-07-05,小鹏能成为港股“车茅”吗？,小鹏能成为港股“车茅”吗？
2021-07-05,【申港电新|周观点】全球硅料供需关系梳理,【申港电新|周观点】全球硅料供需关系梳理
2021-07-05,主力动向｜91股主力买入超亿元！赣锋锂业、天齐锂业、北方稀土、比亚迪、华友钴业位居前五！,主力动向｜91股主力买入超亿元！赣锋锂业、天齐锂业、北方稀土、比亚迪、华友钴业位居前五！
2021-07-05,比亚迪在东莞成立新公司 经营范围含汽车租赁,比亚迪在东莞成立新公司 经营范围含汽车租赁
2021-07-05,新能源汽车行业周报：长城汽车推进四大战略 转型布局积极,新能源汽车行业周报：长城汽车推进四大战略 转型布局积极
2021-07-05,汽车行业周报：7月排产向好 超配汽车板块,汽车行业周报：7月排产向好 超配汽车板块
2021-07-05,受库存压力大压制 4月价格指数环比微涨,受库存压力大压制 4月价格指数环比微涨
2021-07-05,比亚迪：公司搭载DM-i超级混动的车型目前订单充足,比亚迪：公司搭载DM-i超级混动的车型目前订单充足
2021-07-06,A股收盘综述：上证指数探底回弹小幅录跌，CRO指数再挫7%,A股收盘综述：上证指数探底回弹小幅录跌，CRO指数再挫7%
2021-07-06,华西证券：比亚迪(002594.SZ)DM-i加速兑现，向全面新能源化进发，维持“增持”评级,华西证券：比亚迪(002594.SZ)DM-i加速兑现，向全面新能源化进发，维持“增持”评级
2021-07-06,汽车行业周报：长城发布2025战略 领跑智能电动赛道,汽车行业周报：长城发布2025战略 领跑智能电动赛道
2021-07-06,比亚迪 | 6月：DM-i加速兑现 向全面新能源化进发【华西汽车 崔琰团队】,比亚迪 | 6月：DM-i加速兑现 向全面新能源化进发【华西汽车 崔琰团队】
2021-07-06,安信证券：比亚迪6月新能源汽车销量创历史新高 2021年净利润预增47.5%,安信证券：比亚迪6月新能源汽车销量创历史新高 2021年净利润预增47.5%
2021-07-06,华西证券维持比亚迪增持评级：DM-i加速兑现向全面新能源化进发,华西证券维持比亚迪增持评级：DM-i加速兑现向全面新能源化进发
2021-07-06,汽车股受压走低 比亚迪(01211)转跌4.7% 中汽协料6月汽车销量同比跌16.3% 盈利能力下降,汽车股受压走低 比亚迪(01211)转跌4.7% 中汽协料6月汽车销量同比跌16.3% 盈利能力下降
2021-07-06,比亚迪(002594)：DM-I快速爬坡 新能源汽车销量创历史新高,比亚迪(002594)：DM-I快速爬坡 新能源汽车销量创历史新高
2021-07-06,比亚迪6月销量新能源占比超八成 DM插电式混动车销售超两万辆,比亚迪6月销量新能源占比超八成 DM插电式混动车销售超两万辆
2021-07-06,锂矿指数跌超1%，比亚迪直线跳水,锂矿指数跌超1%，比亚迪直线跳水
2021-07-06,官宣！华为MatePad 11平板今晚发布，概念股提前起飞,官宣！华为MatePad 11平板今晚发布，概念股提前起飞
2021-07-06,官宣！华为MatePad 11平板今晚发布，概念股提前起飞；上半年A股IPO数量翻番，“影子股”起舞！,官宣！华为MatePad 11平板今晚发布，概念股提前起飞；上半年A股IPO数量翻番，“影子股”起舞！
2021-07-06,DM-i超级混动成了 同比暴涨超500%！比亚迪6月销量大爆发,DM-i超级混动成了 同比暴涨超500%！比亚迪6月销量大爆发
2021-07-06,比亚迪半年销量：新能源汽车占比超61%，月销量超特斯拉有望？,比亚迪半年销量：新能源汽车占比超61%，月销量超特斯拉有望？
2021-07-06,销售业绩不佳比亚迪A股、港股双双下跌 盈利能力下降,销售业绩不佳比亚迪A股、港股双双下跌 盈利能力下降
2021-07-06,比亚迪6月全系销售49765辆，同比增长52.5%,比亚迪6月全系销售49765辆，同比增长52.5%
2021-07-06,新能源储能行业研究：碳中和至，储能风起,新能源储能行业研究：碳中和至，储能风起
2021-07-06,利元亨(688499)：从消费锂电到动力锂电 发展驶入快车道,利元亨(688499)：从消费锂电到动力锂电 发展驶入快车道
2021-07-06,全球“缺芯”，90家半导体企业拟A股IPO，国家大基金、比亚迪、高瓴、高毅等纷纷入局,全球“缺芯”，90家半导体企业拟A股IPO，国家大基金、比亚迪、高瓴、高毅等纷纷入局
2021-07-06,比亚迪(002594)：6月销量再创新高 DMI汹涌而来,比亚迪(002594)：6月销量再创新高 DMI汹涌而来
2021-07-06,比亚迪新能源车销量超大众集团，全球前十榜单中国品牌占三席,比亚迪新能源车销量超大众集团，全球前十榜单中国品牌占三席
2021-07-06,中鼎股份获比亚迪轻量化总成产品2.82亿元订单 近期密集切入新能源车供应链,中鼎股份获比亚迪轻量化总成产品2.82亿元订单 近期密集切入新能源车供应链
2021-07-06,滴滴心中有鬼？上汽蜜汁自信？,滴滴心中有鬼？上汽蜜汁自信？
2021-07-06,比亚迪6月销售纯电动汽车逾2万辆 上半年销售新能源汽车逾15万辆,比亚迪6月销售纯电动汽车逾2万辆 上半年销售新能源汽车逾15万辆
2021-07-06,比亚迪(002594)2021年6月销量点评：符合预期 DM-I混动交付加速,比亚迪(002594)2021年6月销量点评：符合预期 DM-I混动交付加速
2021-07-06,大跌！锂价回调，锂资源股为何集体狂欢？,大跌！锂价回调，锂资源股为何集体狂欢？
2021-07-06,【华创汽车】比亚迪：DM-i混动交付加速,【华创汽车】比亚迪：DM-i混动交付加速
2021-07-06,比亚迪 6 月销量大涨，新能源车型创历史新高,比亚迪 6 月销量大涨，新能源车型创历史新高
2021-07-06,北向资金今日小幅净卖出0.6亿元，士兰微、中国中免、比亚迪等净卖出超3亿元,北向资金今日小幅净卖出0.6亿元，士兰微、中国中免、比亚迪等净卖出超3亿元
2021-07-06,港股收盘：恒指一度跌破28000点 连续五天收跌 海底捞逆市创一个月新高 连续下跌,港股收盘：恒指一度跌破28000点 连续五天收跌 海底捞逆市创一个月新高 连续下跌
2021-07-06,中鼎股份：子公司成为比亚迪新能源平台项目批量供应商,中鼎股份：子公司成为比亚迪新能源平台项目批量供应商
2021-07-06,艾德证券：比亚迪股票，比亚迪秦PLUS6月销量创新高，正蓄势待发？,艾德证券：比亚迪股票，比亚迪秦PLUS6月销量创新高，正蓄势待发？
2021-07-06,中汽协：比亚迪6月份销量同比增超50%,中汽协：比亚迪6月份销量同比增超50%
2021-07-06,比亚迪6月产销快报出炉！混动纯电双发力 6月销量同增154%,比亚迪6月产销快报出炉！混动纯电双发力 6月销量同增154%
2021-07-06,解盘：权重拖累大盘，纯碱、华为鸿蒙、盐湖提锂略涨,解盘：权重拖累大盘，纯碱、华为鸿蒙、盐湖提锂略涨
2021-07-06,比亚迪6月销量两极分化严重，2个突破，1个大跌！|见智研究所 盈利能力下降,比亚迪6月销量两极分化严重，2个突破，1个大跌！|见智研究所 盈利能力下降
2021-07-06,汽车行业周报：6月前四周汽车市场零售量同比下降5% 看好下半年汽车行业景气度提升,汽车行业周报：6月前四周汽车市场零售量同比下降5% 看好下半年汽车行业景气度提升
2021-07-06,比亚迪：6月新能源汽车销量创历史新高：新纪录、新起点【安信汽车】,比亚迪：6月新能源汽车销量创历史新高：新纪录、新起点【安信汽车】
2021-07-06,汽车“财”之道·要闻汇总【7月6日】,汽车“财”之道·要闻汇总【7月6日】
2021-07-06,A股融资融券日报：两融余额增加81.53亿元（7月5日）,A股融资融券日报：两融余额增加81.53亿元（7月5日）
2021-07-06,A股早报2021年7月6日星期二,A股早报2021年7月6日星期二
2021-07-06,比亚迪纯电大巴开启“千湖之国”新市场,比亚迪纯电大巴开启“千湖之国”新市场
2021-07-06,花旗：比亚迪6月新能源车销量强劲行业仍处重估早期阶段,花旗：比亚迪6月新能源车销量强劲行业仍处重估早期阶段
2021-07-06,彻底爆了！7000亿巨头“卖到断货”，排名已超宝马，产业链接着“舞”?,彻底爆了！7000亿巨头“卖到断货”，排名已超宝马，产业链接着“舞”?
2021-07-06,港股盘前必读：南向资金大幅净卖出108.67亿港元创4个月最大净卖出,港股盘前必读：南向资金大幅净卖出108.67亿港元创4个月最大净卖出
2021-07-06,比亚迪6月插电式混动新车销量首破2万，1-6月累计同比增长超407%,比亚迪6月插电式混动新车销量首破2万，1-6月累计同比增长超407%
2021-07-06,A股回暖！北向资金小跑入场，两大板块成“吸金王”,A股回暖！北向资金小跑入场，两大板块成“吸金王”
2021-07-06,【汽车-徐慧雄】工信部345批《公告》：重磅车型琳琅满目，电动化进程有望加速,【汽车-徐慧雄】工信部345批《公告》：重磅车型琳琅满目，电动化进程有望加速
2021-07-06,比亚迪(01211.HK)6月汽车销量增51%,比亚迪(01211.HK)6月汽车销量增51%
2021-07-06,拥抱“碳中和”，车企再也不能等了,拥抱“碳中和”，车企再也不能等了
2021-07-06,比亚迪6月新能源乘用车销量创历史新高,比亚迪6月新能源乘用车销量创历史新高
2021-07-06,比亚迪2021年上半年新能源汽车累计销量15.46万辆，同比增长1.5倍,比亚迪2021年上半年新能源汽车累计销量15.46万辆，同比增长1.5倍
2021-07-06,汽车行业简评报告：造车新势力6月交付高增长 今年有望单月破万,汽车行业简评报告：造车新势力6月交付高增长 今年有望单月破万
2021-07-06,9个交易日收获4个20厘米华自科技“搭车”宁德时代,9个交易日收获4个20厘米华自科技“搭车”宁德时代
2021-07-06,"6500亿巨头比亚迪""卖到断货""，车主逼问何时交货产业链接着""舞""?","6500亿巨头比亚迪""卖到断货""，车主逼问何时交货产业链接着""舞""?"
2021-07-06,比亚迪(002594.SZ)涨近4%6月新能源车销量强劲,比亚迪(002594.SZ)涨近4%6月新能源车销量强劲
2021-07-06,终于摆脱“比4万”！比亚迪上半年新能源车销量创历史新高,终于摆脱“比4万”！比亚迪上半年新能源车销量创历史新高
2021-07-06,比亚迪(002594)：DM-I销量环比提升 新能源创历史新高,比亚迪(002594)：DM-I销量环比提升 新能源创历史新高
2021-07-06,6月汽车公司市值榜 | 超7成企业市值“飘红”，*ST众泰成最“牛”股，宁德时代继续冲高,6月汽车公司市值榜 | 超7成企业市值“飘红”，*ST众泰成最“牛”股，宁德时代继续冲高
2021-07-06,安信证券：比亚迪(002594.SZ)6月新能源汽车销量创历史新高 目标价290元,安信证券：比亚迪(002594.SZ)6月新能源汽车销量创历史新高 目标价290元
2021-07-06,DM-i威力巨大比亚迪成中国新能源领袖！股价被疯狂看多,DM-i威力巨大比亚迪成中国新能源领袖！股价被疯狂看多
2021-07-06,比亚迪领跑中国新能源车市 股价被各大行疯狂看多,比亚迪领跑中国新能源车市 股价被各大行疯狂看多
2021-07-06,比亚迪上半年新能源车销售15.46万辆 动力及储能电池装机约12.71GWh,比亚迪上半年新能源车销售15.46万辆 动力及储能电池装机约12.71GWh
2021-07-06,资金流向分析,资金流向分析
2021-07-06,先进制造行业2021年7月投资策略：七月防守为主 布局估值和增长匹配的中小市值标的,先进制造行业2021年7月投资策略：七月防守为主 布局估值和增长匹配的中小市值标的
2021-07-06,新能源抢眼 比亚迪6月销量同比增52.5%,新能源抢眼 比亚迪6月销量同比增52.5%
2021-07-06,6月份比亚迪插电式混动新车销量首破2万,6月份比亚迪插电式混动新车销量首破2万
2021-07-06,宁德时代、比亚迪齐头并进，动力电池指数涨超2%再创新高,宁德时代、比亚迪齐头并进，动力电池指数涨超2%再创新高
2021-07-06,"比亚迪6月新能源销量41,366辆 占总销量81%","比亚迪6月新能源销量41,366辆 占总销量81%"
2021-07-06,【行情】汽车整车板块短线拉升，比亚迪涨超4%，江淮汽车、长安汽车、长城汽车跟涨,【行情】汽车整车板块短线拉升，比亚迪涨超4%，江淮汽车、长安汽车、长城汽车跟涨
2021-07-06,比亚迪 DM-i、长安 IDD、长城 DHT... 国产混动系统都“混”得怎么样,比亚迪 DM-i、长安 IDD、长城 DHT... 国产混动系统都“混”得怎么样
2021-07-06,"同比增长52.5% 比亚迪6月销量达49,765台","同比增长52.5% 比亚迪6月销量达49,765台"
2021-07-07,攻坚电动车燃烧爆炸世界难题，比亚迪广汽技术有潜力,攻坚电动车燃烧爆炸世界难题，比亚迪广汽技术有潜力
2021-07-07,国产芯片再崛起，比亚迪半导体拆分上市，估值已过百亿|IPO见闻,国产芯片再崛起，比亚迪半导体拆分上市，估值已过百亿|IPO见闻
2021-07-07,2.82亿！中鼎股份获比亚迪新能源平台项目批量订单,2.82亿！中鼎股份获比亚迪新能源平台项目批量订单
2021-07-07,6月汽车公司市值榜 | 特斯拉领涨国际车企，*ST众泰成最“牛”股，宁德时代继续冲高,6月汽车公司市值榜 | 特斯拉领涨国际车企，*ST众泰成最“牛”股，宁德时代继续冲高
2021-07-07,巴菲特为什么“落后”了？,巴菲特为什么“落后”了？
2021-07-07,半年汽车股涨跌榜「股价篇」：吉利、长城、比亚迪竟不敌众泰,半年汽车股涨跌榜「股价篇」：吉利、长城、比亚迪竟不敌众泰
2021-07-07,国家要培育动力电池回收骨干企业 宁德时代、星云股份等公司值得关注,国家要培育动力电池回收骨干企业 宁德时代、星云股份等公司值得关注
2021-07-07,极氪、比亚迪、威马…这些国产新能源车“家门口”都能买到！,极氪、比亚迪、威马…这些国产新能源车“家门口”都能买到！
2021-07-07,6月新能源车销量不到比亚迪五分之一 吉利汽车怎么掉队了？,6月新能源车销量不到比亚迪五分之一 吉利汽车怎么掉队了？
2021-07-07,容百科技(688005)事件点评：股权激励志存高远 正极龙头腾飞在即,容百科技(688005)事件点评：股权激励志存高远 正极龙头腾飞在即
2021-07-07,这一赛道太火爆！90家企业拟A股IPO 大基金 比亚迪纷纷入局丨一份观察,这一赛道太火爆！90家企业拟A股IPO 大基金 比亚迪纷纷入局丨一份观察
2021-07-07,北特科技(603009)：汽车零部件细分龙头 业绩困境反转,北特科技(603009)：汽车零部件细分龙头 业绩困境反转
2021-07-07,DM-i车型全面爆发 比亚迪6月销量再创新高,DM-i车型全面爆发 比亚迪6月销量再创新高
2021-07-07,深圳新能源车消费市场表现强劲,深圳新能源车消费市场表现强劲
2021-07-07,中鼎股份发布公告 子公司中鼎减震成比亚迪批量供应商,中鼎股份发布公告 子公司中鼎减震成比亚迪批量供应商
2021-07-07,城市轨道交通政策收紧 各地回应云轨项目“向何处去”,城市轨道交通政策收紧 各地回应云轨项目“向何处去”
2021-07-07,北向资金今日净买入43.72亿元，新能源产业链获外资疯狂抢筹,北向资金今日净买入43.72亿元，新能源产业链获外资疯狂抢筹
2021-07-07,燃油车被取代是好事？,燃油车被取代是好事？
2021-07-07,分拆上市、销量新高，比亚迪能否“百花齐放”？,分拆上市、销量新高，比亚迪能否“百花齐放”？
2021-07-07,动力电池回收再发利好！比亚迪、格林美早已布局，概念股半年涨超40%,动力电池回收再发利好！比亚迪、格林美早已布局，概念股半年涨超40%
2021-07-07,比亚迪6月新能源车型销量40116辆，汉上市一年累计92787辆,比亚迪6月新能源车型销量40116辆，汉上市一年累计92787辆
2021-07-07,比亚迪上半年新能源车 销量同比增154.76%,比亚迪上半年新能源车 销量同比增154.76%
2021-07-07,突然爆发！这条赛道1天狂飙1000亿，受啥刺激？,突然爆发！这条赛道1天狂飙1000亿，受啥刺激？
2021-07-07,中芯国际：目前集成电路芯片制造供不应求,中芯国际：目前集成电路芯片制造供不应求
2021-07-07,汽车远程升级哪家强：比亚迪、小鹏最勤快，哈弗H6雷声大雨点小,汽车远程升级哪家强：比亚迪、小鹏最勤快，哈弗H6雷声大雨点小
2021-07-07,锂电池概念人气爆棚！股价创新高，融捷股份（002192.SZ）上演“否极泰来”,锂电池概念人气爆棚！股价创新高，融捷股份（002192.SZ）上演“否极泰来”
2021-07-07,消费者“提车难” 比亚迪DM-i或遇产能问题,消费者“提车难” 比亚迪DM-i或遇产能问题
2021-07-07,城市轨道交通政策收紧，各地回应云轨项目“向何处去”,城市轨道交通政策收紧，各地回应云轨项目“向何处去”
2021-07-07,混动全家桶 比亚迪三款新车个顶个硬实力 爆款已锁定,混动全家桶 比亚迪三款新车个顶个硬实力 爆款已锁定
2021-07-07,逃离宁德时代，二线动力电池厂商迎来最好的突围机会,逃离宁德时代，二线动力电池厂商迎来最好的突围机会
2021-07-07,“蔚小理”销量总和不敌比亚迪，小鹏汽车驶入港股发起新攻势,“蔚小理”销量总和不敌比亚迪，小鹏汽车驶入港股发起新攻势
2021-07-07,吉利6月电车销量占比仅7.5%，想追上比亚迪先解决这2个问题|见智研究所,吉利6月电车销量占比仅7.5%，想追上比亚迪先解决这2个问题|见智研究所
2021-07-07,港股车企市值大比拼：比亚迪遥遥领先，小鹏汽车超国产车一哥吉利,港股车企市值大比拼：比亚迪遥遥领先，小鹏汽车超国产车一哥吉利
2021-07-07,巨头滴滴被下架，私家车市场销量会迎来大爆发吗？,巨头滴滴被下架，私家车市场销量会迎来大爆发吗？
2021-07-07,6月新能源销量超4万辆，比亚迪上半年收官创新高,6月新能源销量超4万辆，比亚迪上半年收官创新高
2021-07-07,1 公里不到 3 毛钱，内置 14.6 英寸大屏，家用选这几款错不了！,1 公里不到 3 毛钱，内置 14.6 英寸大屏，家用选这几款错不了！
2021-07-07,比亚迪汉6月销量8386辆 累计销量突破9.2万辆,比亚迪汉6月销量8386辆 累计销量突破9.2万辆
2021-07-07,43股获券商买入评级，四川路桥目标涨幅达82.28%,43股获券商买入评级，四川路桥目标涨幅达82.28%
2021-07-07,财经早报：中报业绩披露迎密集期 近千只新基金争抢渠道档期,财经早报：中报业绩披露迎密集期 近千只新基金争抢渠道档期
2021-07-07,新能源汽车民营自主品牌群雄并起,新能源汽车民营自主品牌群雄并起
2021-07-07,A股融资融券日报：两融余额减少3.13亿元（7月6日）,A股融资融券日报：两融余额减少3.13亿元（7月6日）
2021-07-07,【汽车- 徐慧雄】比亚迪：6月新能源汽车销量创历史新高：新纪录、新起点,【汽车- 徐慧雄】比亚迪：6月新能源汽车销量创历史新高：新纪录、新起点
2021-07-07,上半年比亚迪销量稳居新能源车企前三,上半年比亚迪销量稳居新能源车企前三
2021-07-07,【SMM金属早参】美元上涨 金属普跌 国际油价高位回落*中办国办首次严打证券违法,【SMM金属早参】美元上涨 金属普跌 国际油价高位回落*中办国办首次严打证券违法
2021-07-07,4.13 万辆！史上最好记录，比亚迪开启加速模式,4.13 万辆！史上最好记录，比亚迪开启加速模式
2021-07-07,财信证券晨会20210707,财信证券晨会20210707
2021-07-07,【有声早报】华龙证券7月7日财经早报,【有声早报】华龙证券7月7日财经早报
2021-07-07,滴滴要凉，说好的造车还有戏吗？,滴滴要凉，说好的造车还有戏吗？
2021-07-07,7月7日操盘必读：影响股市利好与利空消息,7月7日操盘必读：影响股市利好与利空消息
2021-07-07,财联社7月7日早报（周三）,财联社7月7日早报（周三）
2021-07-07,全球5月榜：特斯拉继续领跑，比亚迪超越上汽通用五菱首夺亚军,全球5月榜：特斯拉继续领跑，比亚迪超越上汽通用五菱首夺亚军
2021-07-07,比亚迪汉累计销量突破9.2万辆：领跑中国品牌中大型轿车市场,比亚迪汉累计销量突破9.2万辆：领跑中国品牌中大型轿车市场
2021-07-07,研究所晨报,研究所晨报
2021-07-07,比亚迪6月销量：燃油让位 DM唱绝对主角,比亚迪6月销量：燃油让位 DM唱绝对主角
2021-07-07,20家车企半年销量8大现象：芯片限制产能、年度目标达标出现危机,20家车企半年销量8大现象：芯片限制产能、年度目标达标出现危机
2021-07-07,比亚迪：公司本年1-6月新能源汽车累计销量为154579辆,比亚迪：公司本年1-6月新能源汽车累计销量为154579辆
2021-07-07,机构强推买入六股成摇钱树,机构强推买入六股成摇钱树
2021-07-07,企业集体发力，我国动力电池出口前景可观,企业集体发力，我国动力电池出口前景可观
2021-07-07,90家半导体企业拟A股IPO，国家大基金、比亚迪、高瓴等纷纷入局,90家半导体企业拟A股IPO，国家大基金、比亚迪、高瓴等纷纷入局
2021-07-07,时代变了，自主技术反哺合资车，还有什么理由不支持“中国制造”？,时代变了，自主技术反哺合资车，还有什么理由不支持“中国制造”？
2021-07-07,比亚迪：比亚迪半导体分拆上市后，财务状况和盈利能力仍将反映在比亚迪股份的合并报表中,比亚迪：比亚迪半导体分拆上市后，财务状况和盈利能力仍将反映在比亚迪股份的合并报表中
2021-07-07,华创证券：维持比亚迪股份(01211)目标价322.8港元 6月销量维持高景气 DM-i产能加速释放,华创证券：维持比亚迪股份(01211)目标价322.8港元 6月销量维持高景气 DM-i产能加速释放
2021-07-07,比亚迪汉上市后累计销量突破9.2万辆,比亚迪汉上市后累计销量突破9.2万辆
2021-07-07,A股异动丨中鼎股份(000887.SZ)涨逾5%获比亚迪轻量化总成产品2.82亿元订单,A股异动丨中鼎股份(000887.SZ)涨逾5%获比亚迪轻量化总成产品2.82亿元订单
2021-07-07,汽车“财”之道·要闻汇总【7月7日】,汽车“财”之道·要闻汇总【7月7日】
2021-07-07,"混动能否成为自主品牌挑战外资品牌的""进阶跳板""","混动能否成为自主品牌挑战外资品牌的""进阶跳板"""
2021-07-08,6月电动车销量环比大增，各大车企“期中考”分数如何？|见智研究所,6月电动车销量环比大增，各大车企“期中考”分数如何？|见智研究所
2021-07-08,【兴证海外汽车】2021中期策略：短期关注芯片短缺改善，长期布局结构性机会,【兴证海外汽车】2021中期策略：短期关注芯片短缺改善，长期布局结构性机会
2021-07-08,兴证海外汽车2021中期策略：短期关注芯片短缺改善（附股）,兴证海外汽车2021中期策略：短期关注芯片短缺改善（附股）
2021-07-08,乘联会：前6月全国乘用车零售超994万辆，同比增28.9%,乘联会：前6月全国乘用车零售超994万辆，同比增28.9%
2021-07-08,财联社7月8日讯，据乘联会消息，6月新能源乘用车零售销量达到22.3万辆，同比增长169.9%，环比5月增长19.2%。零售销量突破万辆的企业有比亚迪40317辆、上汽通用五菱31285辆、特斯拉中国,财联社7月8日讯，据乘联会消息，6月新能源乘用车零售销量达到22.3万辆，同比增长169.9%，环比5月增长19.2%。零售销量突破万辆的企业有比亚迪40317辆、上汽通用五菱31285辆、特斯拉中国
2021-07-08,乘联会：6月中国乘用车市场零售同比降5.1% 8月批发市场有望强势上升,乘联会：6月中国乘用车市场零售同比降5.1% 8月批发市场有望强势上升
2021-07-08,乘联会：中国6月份广义乘用车零售销量同比减少5.3% 盈利能力下降,乘联会：中国6月份广义乘用车零售销量同比减少5.3% 盈利能力下降
2021-07-08,北向资金今日净卖出17.01亿元，4000亿海运巨头中远海控遭净卖出5亿元,北向资金今日净卖出17.01亿元，4000亿海运巨头中远海控遭净卖出5亿元
2021-07-08,新能源车异军突起了 也别把燃油车当空气,新能源车异军突起了 也别把燃油车当空气
2021-07-08,乘联会：6月新能源乘用车批发销量达22.7万辆 比亚迪突破4万辆,乘联会：6月新能源乘用车批发销量达22.7万辆 比亚迪突破4万辆
2021-07-08,【东吴电新】5月销量环比稳步向上，美国市场大超预期——海外电动车销量点评,【东吴电新】5月销量环比稳步向上，美国市场大超预期——海外电动车销量点评
2021-07-08,特斯拉6月在华交付量不敌比亚迪，全国新能源车保有量超过600万辆｜第一财经汽车日评,特斯拉6月在华交付量不敌比亚迪，全国新能源车保有量超过600万辆｜第一财经汽车日评
2021-07-08,比亚迪元Pro涉嫌价格欺诈 引消费者集体不满,比亚迪元Pro涉嫌价格欺诈 引消费者集体不满
2021-07-08,上半年车企市值分析：比亚迪、长城市值一年增4倍，四大汽车集团掉队,上半年车企市值分析：比亚迪、长城市值一年增4倍，四大汽车集团掉队
2021-07-08,乘联会：6月特斯拉批发销量为3.3万辆，不及比亚迪,乘联会：6月特斯拉批发销量为3.3万辆，不及比亚迪
2021-07-08,比亚迪问鼎6月中国市场新能源乘用车销量冠军,比亚迪问鼎6月中国市场新能源乘用车销量冠军
2021-07-08,燃油车被取代是好事？,燃油车被取代是好事？
2021-07-08,40116辆！比亚迪问鼎6月新能源乘用车销量冠军：超五菱、特斯拉,40116辆！比亚迪问鼎6月新能源乘用车销量冠军：超五菱、特斯拉
2021-07-08,上半年新能源汽车销售破百万辆，专家预计全年或好于预测年度销量,上半年新能源汽车销售破百万辆，专家预计全年或好于预测年度销量
2021-07-08,新能源车批发零售上半年双超百万辆，乘联会：下半年热度持续,新能源车批发零售上半年双超百万辆，乘联会：下半年热度持续
2021-07-08,新能源销售乐观，有望再创新高,新能源销售乐观，有望再创新高
2021-07-08,以史为鉴，恒生科技最高回撤超30%可以抄底了吗？,以史为鉴，恒生科技最高回撤超30%可以抄底了吗？
2021-07-08,东吴证券：5月海外电动车销量环比稳步向上，美国市场大超预期,东吴证券：5月海外电动车销量环比稳步向上，美国市场大超预期
2021-07-08,从未见过的设计！比亚迪海豚内饰官图公布：全新LOGO,从未见过的设计！比亚迪海豚内饰官图公布：全新LOGO
2021-07-08,“技术已全面超越合资”，王传福称自主新能源品牌将主导市场！迎接黄金十年，一大硬伤尚待攻坚,“技术已全面超越合资”，王传福称自主新能源品牌将主导市场！迎接黄金十年，一大硬伤尚待攻坚
2021-07-08,华为轮值董事长胡厚崑：人工智能正处于从“有形”到“无形”的关键时间点,华为轮值董事长胡厚崑：人工智能正处于从“有形”到“无形”的关键时间点
2021-07-08,小鹏汽车驶入港股 新能源车企开启新一轮竞赛,小鹏汽车驶入港股 新能源车企开启新一轮竞赛
2021-07-08,滴滴出行 App 下架，这三款“滴滴定制网约车”你都坐过吗？,滴滴出行 App 下架，这三款“滴滴定制网约车”你都坐过吗？
2021-07-08,全新设计风格 比亚迪海豚内饰官图发布,全新设计风格 比亚迪海豚内饰官图发布
2021-07-08,智能汽车产业城市争夺战，深圳掉队了？,智能汽车产业城市争夺战，深圳掉队了？
2021-07-08,6月汽车股市值榜：超七成“飘红” *ST众泰成最“牛”股,6月汽车股市值榜：超七成“飘红” *ST众泰成最“牛”股
2021-07-08,中鼎股份获比亚迪2.82亿订单 发力新能源成多家车企供应商,中鼎股份获比亚迪2.82亿订单 发力新能源成多家车企供应商
2021-07-08,EV晨报 | 全国新能源车保有量达603万辆；小鹏汽车登陆联交所；华为与大众达成专利许可协议,EV晨报 | 全国新能源车保有量达603万辆；小鹏汽车登陆联交所；华为与大众达成专利许可协议
2021-07-08,国轩高科(002074.SZ)：铁锂龙头迎业绩拐点，进入新的向上周期,国轩高科(002074.SZ)：铁锂龙头迎业绩拐点，进入新的向上周期
2021-07-08,配刀而来，比亚迪瞄准消费痛点,配刀而来，比亚迪瞄准消费痛点
2021-07-08,A股融资融券日报：两融余额增加101.08亿元（7月7日）,A股融资融券日报：两融余额增加101.08亿元（7月7日）
2021-07-08,狂砸52亿！千亿白马股又有大动作，股民嗨了：一字板,狂砸52亿！千亿白马股又有大动作，股民嗨了：一字板
2021-07-08,坚守比亚迪19年之后，李录两天套现24亿 减持股份,坚守比亚迪19年之后，李录两天套现24亿 减持股份
2021-07-08,造车成“超级烧钱游戏”，投资人：坑太多，玩不起！,造车成“超级烧钱游戏”，投资人：坑太多，玩不起！
2021-07-08,烧钱太疯狂？造车吓退投资人,烧钱太疯狂？造车吓退投资人
2021-07-08,比亚迪于南昌成立新公司，经营范围含二手车经销等,比亚迪于南昌成立新公司，经营范围含二手车经销等
2021-07-08,AutoX抢占无人驾驶技术高地，创始人肖健雄：不计成本只考虑安全,AutoX抢占无人驾驶技术高地，创始人肖健雄：不计成本只考虑安全
2021-07-08,新能源车什么时候暴跌？,新能源车什么时候暴跌？
2021-07-08,从滴滴下架事件中，我们找到了新造车2.0时代的三个“天坑”,从滴滴下架事件中，我们找到了新造车2.0时代的三个“天坑”
2021-07-08,中国高端豪华车成了！比亚迪汉将迎10万辆下线,中国高端豪华车成了！比亚迪汉将迎10万辆下线
2021-07-08,比亚迪等26股获融资净买入超亿元,比亚迪等26股获融资净买入超亿元
2021-07-08,90家半导体企业拟IPO 巨头纷纷入局抢占赛道,90家半导体企业拟IPO 巨头纷纷入局抢占赛道
2021-07-09,比亚迪汉EV新增华为HiCar功能，可通过OTA升级,比亚迪汉EV新增华为HiCar功能，可通过OTA升级
2021-07-09,比亚迪：股东夏佐全减持955万股，减持数量过半 减持股份,比亚迪：股东夏佐全减持955万股，减持数量过半 减持股份
2021-07-09,首次突破4万辆！看比亚迪如何创历史新高？,首次突破4万辆！看比亚迪如何创历史新高？
2021-07-09,汽车指数ETF上市就玩高抛：结果两个月大涨了21% 机构更是高位追涨进场,汽车指数ETF上市就玩高抛：结果两个月大涨了21% 机构更是高位追涨进场
2021-07-09,比亚迪：董事夏佐全减持954.827万股公司A股股份 减持股份,比亚迪：董事夏佐全减持954.827万股公司A股股份 减持股份
2021-07-09,比亚迪：董事夏佐全累计减持0.53%股份 减持股份,比亚迪：董事夏佐全累计减持0.53%股份 减持股份
2021-07-09,6月厂商销量排行榜：一汽大众霸榜 比亚迪暴涨“封神”,6月厂商销量排行榜：一汽大众霸榜 比亚迪暴涨“封神”
2021-07-09,合肥比亚迪有关合作项目将于8月底开工建设,合肥比亚迪有关合作项目将于8月底开工建设
2021-07-09,【华创汽车】芯片缓解预期已反映，3 季度精选α机会,【华创汽车】芯片缓解预期已反映，3 季度精选α机会
2021-07-09,DM-i彻底爆发！比亚迪销量排名创新高：暴涨50%,DM-i彻底爆发！比亚迪销量排名创新高：暴涨50%
2021-07-09,国内车企最新销量排行！比亚迪排名创新高DM-i大爆发,国内车企最新销量排行！比亚迪排名创新高DM-i大爆发
2021-07-09,仅哈弗 H6 销量破两万，途观 L 跌出前十，6 月份 SUV 销量排行榜出炉,仅哈弗 H6 销量破两万，途观 L 跌出前十，6 月份 SUV 销量排行榜出炉
2021-07-09,上半年产销双超百万，新能源汽车高景气度延续,上半年产销双超百万，新能源汽车高景气度延续
2021-07-09,A股资金流向（7月9日）：锂电上游材料龙头获资金重金押注,A股资金流向（7月9日）：锂电上游材料龙头获资金重金押注
2021-07-09,比亚迪、长城、广汽等频推“永不起火”电池 专家称不能保证100%安全,比亚迪、长城、广汽等频推“永不起火”电池 专家称不能保证100%安全
2021-07-09,半年大卖百万辆，新能源车彻底爆发！乘联会秘书长：今年240万辆目标还是太保守了,半年大卖百万辆，新能源车彻底爆发！乘联会秘书长：今年240万辆目标还是太保守了
2021-07-09,狂投15万亿！全球电池巨头开启轰炸模式，什么信号？,狂投15万亿！全球电池巨头开启轰炸模式，什么信号？
2021-07-09,新能源销量反超特斯拉，不“芯慌”的比亚迪能否高枕无忧,新能源销量反超特斯拉，不“芯慌”的比亚迪能否高枕无忧
2021-07-09,港股互联网标杆接连重挫，回撤30%可否抄底？,港股互联网标杆接连重挫，回撤30%可否抄底？
2021-07-09,EV晨报 | 27.6万元特斯拉Model Y标准续航版发布；6月新能源乘用车批发销量达22.7万辆；特斯拉上海超级工厂（一期）正式建设完毕,EV晨报 | 27.6万元特斯拉Model Y标准续航版发布；6月新能源乘用车批发销量达22.7万辆；特斯拉上海超级工厂（一期）正式建设完毕
2021-07-09,半年汽车股涨跌榜「市值篇」：宁德时代称雄，堪比 5 个上汽,半年汽车股涨跌榜「市值篇」：宁德时代称雄，堪比 5 个上汽
2021-07-09,电池名称个性化频出 主机厂们都在聚焦什么？,电池名称个性化频出 主机厂们都在聚焦什么？
2021-07-09,EV观察系列97：国产Model Y标续版上线，爆款潜质有望助燃消费热情【安信电新】,EV观察系列97：国产Model Y标续版上线，爆款潜质有望助燃消费热情【安信电新】
2021-07-09,比亚迪半导体分拆上市，争夺汽车智能化的钥匙,比亚迪半导体分拆上市，争夺汽车智能化的钥匙
2021-07-09,A股融资融券日报：两融余额增加46.58亿元（7月8日）,A股融资融券日报：两融余额增加46.58亿元（7月8日）
2021-07-09,比亚迪DiLink新增华为HiCar功能 可通过OTA升级,比亚迪DiLink新增华为HiCar功能 可通过OTA升级
2021-07-09,车牌还没来得及上，特斯拉又割了我7万,车牌还没来得及上，特斯拉又割了我7万
2021-07-09,年收14.4亿，比亚迪芯片巨兽将出笼，小米成为背后股东,年收14.4亿，比亚迪芯片巨兽将出笼，小米成为背后股东
2021-07-09,6月车企TOP10：比亚迪销量破4万问鼎冠军 江淮新能源跻身前五,6月车企TOP10：比亚迪销量破4万问鼎冠军 江淮新能源跻身前五
2021-07-09,东吴汽车：紧跟智能电动新趋势，重点车企自主表现良好,东吴汽车：紧跟智能电动新趋势，重点车企自主表现良好
2021-07-09,北向资金净流出1.13亿，20亿资金撤离中海远控、比亚迪，机构解读,北向资金净流出1.13亿，20亿资金撤离中海远控、比亚迪，机构解读
2021-07-09,中国银河维持汽车行业推荐评级：6月乘用车销量同比回落新能源车增速保持强势,中国银河维持汽车行业推荐评级：6月乘用车销量同比回落新能源车增速保持强势
2021-07-09,基民傻眼了！上市就玩高抛，结果两个月大涨了21%，机构更是高位追涨进场，券商高喊这个板块龙头还能涨,基民傻眼了！上市就玩高抛，结果两个月大涨了21%，机构更是高位追涨进场，券商高喊这个板块龙头还能涨
2021-07-09,乘联会：比亚迪6月新能源车零售超五菱,乘联会：比亚迪6月新能源车零售超五菱
2021-07-10,特斯拉举起价格“屠刀”周鸿祎为何点赞？,特斯拉举起价格“屠刀”周鸿祎为何点赞？
2021-07-10,新能源汽车电池荒来袭，全球动力电池缺口或将达40%,新能源汽车电池荒来袭，全球动力电池缺口或将达40%
2021-07-10,巨头正跟收废品的抢生意：新能源车“隐形”千亿生意,巨头正跟收废品的抢生意：新能源车“隐形”千亿生意
2021-07-10,一文读懂新能源产业链，看看其中有哪些机会？,一文读懂新能源产业链，看看其中有哪些机会？
2021-07-10,恩捷股份为何会成为电池隔膜巨头？,恩捷股份为何会成为电池隔膜巨头？
2021-07-10,新能源产业链详细梳理,新能源产业链详细梳理
2021-07-10,上汽拒绝“出让”灵魂 车企纷纷“兼职”投资人,上汽拒绝“出让”灵魂 车企纷纷“兼职”投资人
2021-07-10,续航达320公里！比亚迪纯电动大巴登陆南部非洲,续航达320公里！比亚迪纯电动大巴登陆南部非洲
2021-07-10,比亚迪：2021款唐DM强制保电功能OTA升级,比亚迪：2021款唐DM强制保电功能OTA升级
2021-07-10,电池巨头狂砸 15 万亿，新能源车全面大战正式开启！,电池巨头狂砸 15 万亿，新能源车全面大战正式开启！
2021-07-10,汽车行业6月产销“踩刹车”，芯片短缺惹的祸？,汽车行业6月产销“踩刹车”，芯片短缺惹的祸？
2021-07-10,比亚迪市值直奔万亿？这才是特斯拉的最强对手,比亚迪市值直奔万亿？这才是特斯拉的最强对手
2021-07-10,销量又破 8000 台！别再看特斯拉了，比亚迪汉才是闷声发大财,销量又破 8000 台！别再看特斯拉了，比亚迪汉才是闷声发大财
2021-07-10,2021 年国内厂商最新销量排名，上汽大众跌幅最大 盈利能力下降,2021 年国内厂商最新销量排名，上汽大众跌幅最大 盈利能力下降
2021-07-10,中国车企只会抄袭？如今中国车企免费送专利给世界！,中国车企只会抄袭？如今中国车企免费送专利给世界！
2021-07-10,6月车市稳中有升，这些轮胎需求高,6月车市稳中有升，这些轮胎需求高
2021-07-10,比亚迪登陆南部非洲，成首批正式运营的纯电动大巴,比亚迪登陆南部非洲，成首批正式运营的纯电动大巴
2021-07-10,本田、日产停售热销车型？大众、奥迪停产内燃机？真相原来是这样 业务变化,本田、日产停售热销车型？大众、奥迪停产内燃机？真相原来是这样 业务变化
2021-07-11,特斯拉(TSLA.US)6月在国内又卖疯!降价ModelY异常火爆导致官网崩溃?,特斯拉(TSLA.US)6月在国内又卖疯!降价ModelY异常火爆导致官网崩溃?
2021-07-11,全国新能源乘用车6月销23万增1.7倍,全国新能源乘用车6月销23万增1.7倍
2021-07-11,比亚迪坚持多年的核心技术太牛了 大厂们纷纷真香定律,比亚迪坚持多年的核心技术太牛了 大厂们纷纷真香定律
2021-07-11,EV观察系列98：H1超120万辆！跃迁的中国电车【安信电新】,EV观察系列98：H1超120万辆！跃迁的中国电车【安信电新】
2021-07-11,特斯拉 6 月在国内又卖疯！降价 Model Y 又把官网干崩？,特斯拉 6 月在国内又卖疯！降价 Model Y 又把官网干崩？
2021-07-11,6月新能源汽车销量公布！比亚迪5款车上榜成最大赢家 DM-i大卖,6月新能源汽车销量公布！比亚迪5款车上榜成最大赢家 DM-i大卖
2021-07-11,6 月新能源汽车榜单公布，比亚迪秦 DM-i 逼近 Model Y,6 月新能源汽车榜单公布，比亚迪秦 DM-i 逼近 Model Y
2021-07-12,特斯拉新车上的韭菜味,特斯拉新车上的韭菜味
2021-07-12,比亚迪将落户合肥，或将要“干大事”！,比亚迪将落户合肥，或将要“干大事”！
2021-07-12,A股资金流向（7月12日）：新能源产业链内部出现分歧,A股资金流向（7月12日）：新能源产业链内部出现分歧
2021-07-12,重仓金融的哭了，私募：千万不要对炒股的说一路平安,重仓金融的哭了，私募：千万不要对炒股的说一路平安
2021-07-12,乘联会：7月小鹏将推出一款小鹏G3的中期改款,乘联会：7月小鹏将推出一款小鹏G3的中期改款
2021-07-12,储能市场即将爆发！未来5年增长空间超10倍！,储能市场即将爆发！未来5年增长空间超10倍！
2021-07-12,机械设备行业：动力锂电池市场国内外竞争格局分析,机械设备行业：动力锂电池市场国内外竞争格局分析
2021-07-12,收评：港股恒指涨0.62% 比亚迪涨近8%腾讯一度跌超2%,收评：港股恒指涨0.62% 比亚迪涨近8%腾讯一度跌超2%
2021-07-12,北向资金今日净买入16.42亿元，新能源股表现分化,北向资金今日净买入16.42亿元，新能源股表现分化
2021-07-12,北向资金净买入16.42亿元 比亚迪获买入7.6亿居首,北向资金净买入16.42亿元 比亚迪获买入7.6亿居首
2021-07-12,港股反弹 比亚迪大涨丨港股收市,港股反弹 比亚迪大涨丨港股收市
2021-07-12,新能源车市期中考：比亚迪追赶特斯拉，蔚来力压宝马,新能源车市期中考：比亚迪追赶特斯拉，蔚来力压宝马
2021-07-12,"比亚迪现2笔大宗交易 共成交1,878.99万元","比亚迪现2笔大宗交易 共成交1,878.99万元"
2021-07-12,汽车行业月度销量点评：6月销量符合预期 最差时间已经过去,汽车行业月度销量点评：6月销量符合预期 最差时间已经过去
2021-07-12,比亚迪今日大宗交易成交3.21万股，成交价266.48元溢价0.0%,比亚迪今日大宗交易成交3.21万股，成交价266.48元溢价0.0%
2021-07-12,道氏技术(300409)：上半年净利润大幅增长 锂电“遗珠”迎拐点,道氏技术(300409)：上半年净利润大幅增长 锂电“遗珠”迎拐点
2021-07-12,汽车行业：全球新能源政策加码 上调销量预期,汽车行业：全球新能源政策加码 上调销量预期
2021-07-12,6月车型销量榜：自主SUV回暖，宏光MINI首获季军,6月车型销量榜：自主SUV回暖，宏光MINI首获季军
2021-07-12,特斯拉最担心的事发生了！6 月新能源车销量公布，谁才是真正赢家？,特斯拉最担心的事发生了！6 月新能源车销量公布，谁才是真正赢家？
2021-07-12,3年涨幅16倍，“风口之王”亿纬锂能投20亿扩产锂电寻找下一个风口？,3年涨幅16倍，“风口之王”亿纬锂能投20亿扩产锂电寻找下一个风口？
2021-07-12,“芯慌”考验中国车市上半场：乘用车TOP 5自主占四席,“芯慌”考验中国车市上半场：乘用车TOP 5自主占四席
2021-07-12,新能源汽车动力电池成隐患 “永不起火”电池真假难辨 产品问题,新能源汽车动力电池成隐患 “永不起火”电池真假难辨 产品问题
2021-07-12,2021第27周基金策略周报（新能源汽车产业链）,2021第27周基金策略周报（新能源汽车产业链）
2021-07-12,中航光电(002179)重大事项点评：拟募资扩充产能 盈利能力有望提升,中航光电(002179)重大事项点评：拟募资扩充产能 盈利能力有望提升
2021-07-12,比亚迪、长城销量暴涨超50%领跑上半年，上汽缺芯被扼咽喉,比亚迪、长城销量暴涨超50%领跑上半年，上汽缺芯被扼咽喉
2021-07-12,汽车行业周报：6月新能源超预期 自主品牌缺芯缓解,汽车行业周报：6月新能源超预期 自主品牌缺芯缓解
2021-07-12,汽车行业周报：6月新能源汽车销量表现亮眼,汽车行业周报：6月新能源汽车销量表现亮眼
2021-07-12,北向资金 | 合计净流入16.42亿元，比亚迪、东方财富、五粮液净买入居前,北向资金 | 合计净流入16.42亿元，比亚迪、东方财富、五粮液净买入居前
2021-07-12,东风布局IGBT 进口替代风潮已起,东风布局IGBT 进口替代风潮已起
2021-07-12,万亿行情启动！“电池荒”致缺口或达40%，相关概念股均创新高,万亿行情启动！“电池荒”致缺口或达40%，相关概念股均创新高
2021-07-12,创业板指直逼沪指！北向资金明显分化，增持比亚迪抛售隆基股份,创业板指直逼沪指！北向资金明显分化，增持比亚迪抛售隆基股份
2021-07-12,特斯拉Model Y狂降7万；李想再次回应水银事件；小鹏赴港二次上市｜ 每周撩车,特斯拉Model Y狂降7万；李想再次回应水银事件；小鹏赴港二次上市｜ 每周撩车
2021-07-12,周观点 | 6月新能源超预期 自主品牌缺芯缓解【华西汽车 崔琰团队】,周观点 | 6月新能源超预期 自主品牌缺芯缓解【华西汽车 崔琰团队】
2021-07-12,数据复盘｜比亚迪获主力资金大幅加仓 龙虎榜机构抢筹赣锋锂业等股,数据复盘｜比亚迪获主力资金大幅加仓 龙虎榜机构抢筹赣锋锂业等股
2021-07-12,强者恒强新能车(159806)盘中创历史新高领涨两市,强者恒强新能车(159806)盘中创历史新高领涨两市
2021-07-12,与合肥市商谈全面战略合作 比亚迪A股站上270元H股涨8%,与合肥市商谈全面战略合作 比亚迪A股站上270元H股涨8%
2021-07-12,车市周观察 | 比亚迪6月王者归来，极氪挑战针刺试验,车市周观察 | 比亚迪6月王者归来，极氪挑战针刺试验
2021-07-12,磷酸铁锂年需求或达千万吨？这些公司近一周被机构密集调研,磷酸铁锂年需求或达千万吨？这些公司近一周被机构密集调研
2021-07-12,【行情】A股汽车整车股继续走强，小康股份、江淮汽车双双涨停，长安汽车、比亚迪、中国重汽、江铃汽车等跟涨,【行情】A股汽车整车股继续走强，小康股份、江淮汽车双双涨停，长安汽车、比亚迪、中国重汽、江铃汽车等跟涨
2021-07-12,前沿调研：中国专利奖丰收的“深圳创新密码”,前沿调研：中国专利奖丰收的“深圳创新密码”
2021-07-12,宁德时代、比亚迪双双涨超3%，智能电动车ETF盘中价又叕创新高！,宁德时代、比亚迪双双涨超3%，智能电动车ETF盘中价又叕创新高！
2021-07-12,百公里油耗 1.3L！上市不久，月销过万，比亚迪新车背后的故事,百公里油耗 1.3L！上市不久，月销过万，比亚迪新车背后的故事
2021-07-12,干货！2021年中国新能源汽车龙头企业分析——比亚迪：布局两大系列、三大车型产品,干货！2021年中国新能源汽车龙头企业分析——比亚迪：布局两大系列、三大车型产品
2021-07-12,融资客青睐6股，江南水务买入占比高达39.86%,融资客青睐6股，江南水务买入占比高达39.86%
2021-07-12,汽车行业2021上半年七大“爆冷”事件,汽车行业2021上半年七大“爆冷”事件
2021-07-12,造车行业大变天：特斯拉跌倒，“三傻”吃饱,造车行业大变天：特斯拉跌倒，“三傻”吃饱
2021-07-12,中国专利金奖大户的“深圳密码”,中国专利金奖大户的“深圳密码”
2021-07-12,新能源汽车：优质供给推动需求旺盛 迎历史性投资契机,新能源汽车：优质供给推动需求旺盛 迎历史性投资契机
2021-07-12,真香！特斯拉又降价了，却苦了供应商,真香！特斯拉又降价了，却苦了供应商
2021-07-12,EV晨报 | 理想汽车第100家直营零售中心开业；比亚迪落户合肥；全国充电基础设施累计数为194.7万台,EV晨报 | 理想汽车第100家直营零售中心开业；比亚迪落户合肥；全国充电基础设施累计数为194.7万台
2021-07-12,比亚迪逼近涨停欲创历史新高 6月新能源车销量超预期,比亚迪逼近涨停欲创历史新高 6月新能源车销量超预期
2021-07-12,A股融资融券日报：两融余额增加20.08亿元（7月9日）,A股融资融券日报：两融余额增加20.08亿元（7月9日）
2021-07-12,【SMM快讯】汽车板块持续走高 小康股份涨停 比亚迪涨超8%,【SMM快讯】汽车板块持续走高 小康股份涨停 比亚迪涨超8%
2021-07-12,解盘：降准超预期，锂矿、网络安全、稀土、动力电池领涨,解盘：降准超预期，锂矿、网络安全、稀土、动力电池领涨
2021-07-12,谁能在这场马拉松比赛中笑到最后，就要看它们在接下来的表现了。,谁能在这场马拉松比赛中笑到最后，就要看它们在接下来的表现了。
2021-07-12,汽车行业周报：6月汽车产销同比下滑16.5%和12.4% 新能源车再创新高,汽车行业周报：6月汽车产销同比下滑16.5%和12.4% 新能源车再创新高
2021-07-12,6月在国内又卖疯!特斯拉降价ModelY异常火爆导致官网崩溃?,6月在国内又卖疯!特斯拉降价ModelY异常火爆导致官网崩溃?
2021-07-12,比亚迪：将基于需求进行长途自驾游车型相关布局,比亚迪：将基于需求进行长途自驾游车型相关布局
2021-07-12,比亚迪：公司新能源汽车动力电池为自产,比亚迪：公司新能源汽车动力电池为自产
2021-07-12,差5毛钱，比亚迪股价将创历史新高，还能涨吗？,差5毛钱，比亚迪股价将创历史新高，还能涨吗？
2021-07-12,汇丰：维持比亚迪买入评级，目标价升至350港元,汇丰：维持比亚迪买入评级，目标价升至350港元
2021-07-12,嗨翻了！半日成交8500亿，创业板攻克6年高点，A股热点全面开花…机构最新解读来了！,嗨翻了！半日成交8500亿，创业板攻克6年高点，A股热点全面开花…机构最新解读来了！
2021-07-12,对标比亚迪DM-i！广汽本田皓影锐·混动e+ 将上市 能挂绿牌,对标比亚迪DM-i！广汽本田皓影锐·混动e+ 将上市 能挂绿牌
2021-07-12,发生了什么？锂电有色医疗大涨 牛市旗手猛拉,发生了什么？锂电有色医疗大涨 牛市旗手猛拉
2021-07-12,创业板指狂涨4%，点位快追平上证指数,创业板指狂涨4%，点位快追平上证指数
2021-07-12,"发生了什么？创业板突然暴涨4%：锂电股疯涨,牛市旗手狂飙，更有千亿巨头轮番涨停！这50万股民却懵了，利空来袭股价跌停","发生了什么？创业板突然暴涨4%：锂电股疯涨,牛市旗手狂飙，更有千亿巨头轮番涨停！这50万股民却懵了，利空来袭股价跌停"
2021-07-12,乘联会公布6月份新能源车销量排行榜,乘联会公布6月份新能源车销量排行榜
2021-07-12,午评：港股恒指涨0.68% 比亚迪涨超8%腾讯跌近2%,午评：港股恒指涨0.68% 比亚迪涨超8%腾讯跌近2%
2021-07-13,欢迎来到战国时代：2021年上半年新能源汽车销量突破100万,欢迎来到战国时代：2021年上半年新能源汽车销量突破100万
2021-07-13,工信部发布新一期免征购置税新能源车型目录：比亚迪海豚等在列,工信部发布新一期免征购置税新能源车型目录：比亚迪海豚等在列
2021-07-13,汽车行业跟踪点评：6月自主品牌双位数增长 新能源车继续强势,汽车行业跟踪点评：6月自主品牌双位数增长 新能源车继续强势
2021-07-13,汽车行业6汽车产销分析：新能源车继续超预期 行业或补库在即,汽车行业6汽车产销分析：新能源车继续超预期 行业或补库在即
2021-07-13,卧龙电驱：公司已开始就某些商用车型与比亚迪进行合作,卧龙电驱：公司已开始就某些商用车型与比亚迪进行合作
2021-07-13,6月新能源销量：“围剿”特斯拉，比亚迪或成最大赢家？,6月新能源销量：“围剿”特斯拉，比亚迪或成最大赢家？
2021-07-13,下一个有望升温的有色金属，是它,下一个有望升温的有色金属，是它
2021-07-13,太平洋证券：维持利元亨(688499.SH)“买入”评级 动力电池行业进入爆发期,太平洋证券：维持利元亨(688499.SH)“买入”评级 动力电池行业进入爆发期
2021-07-13,安车检测：已取得与比亚迪、广汽、中国中车、武汉开沃、深圳开沃等厂商的合作,安车检测：已取得与比亚迪、广汽、中国中车、武汉开沃、深圳开沃等厂商的合作
2021-07-13,北向资金今日净买入25.8亿元，中兴通讯、山西汾酒净买入额均创新高,北向资金今日净买入25.8亿元，中兴通讯、山西汾酒净买入额均创新高
2021-07-13,“龙脸”！比亚迪元PLUS EV申报：全系刀片电池,“龙脸”！比亚迪元PLUS EV申报：全系刀片电池
2021-07-13,丰元股份：子公司丰元锂能已进入比亚迪供应商体系,丰元股份：子公司丰元锂能已进入比亚迪供应商体系
2021-07-13,北向资金净卖出比亚迪近6亿元，这些股获加仓,北向资金净卖出比亚迪近6亿元，这些股获加仓
2021-07-13,央行再次释放利好！北向资金持续净流入，比亚迪遭“一日游”,央行再次释放利好！北向资金持续净流入，比亚迪遭“一日游”
2021-07-13,北水净买入美团超10亿港元，加仓腾讯近8亿港元；南水净卖出比亚迪5.91亿元，创3个月最大净卖出,北水净买入美团超10亿港元，加仓腾讯近8亿港元；南水净卖出比亚迪5.91亿元，创3个月最大净卖出
2021-07-13,新能源车行业动态：新能源车终端需求持续旺盛 中游排产环比提升,新能源车行业动态：新能源车终端需求持续旺盛 中游排产环比提升
2021-07-13,从6月汽车产销数据窥探板块飙涨逻辑,从6月汽车产销数据窥探板块飙涨逻辑
2021-07-13,上半年汽车出口激增：欧洲新能源车市破局,上半年汽车出口激增：欧洲新能源车市破局
2021-07-13,龙颜大增！比亚迪唐EV换脸：全系刀片电池,龙颜大增！比亚迪唐EV换脸：全系刀片电池
2021-07-13,中鼎股份(000887)2021年半年报业绩预告点评：业绩超出预期 空悬订单充沛,中鼎股份(000887)2021年半年报业绩预告点评：业绩超出预期 空悬订单充沛
2021-07-13,南山铝业：2.1万吨高性能动力电池箔项目预计年底前建成投产,南山铝业：2.1万吨高性能动力电池箔项目预计年底前建成投产
2021-07-13,车企销量“期中考”结束之后，新能源们下半年会持续高光吗？,车企销量“期中考”结束之后，新能源们下半年会持续高光吗？
2021-07-13,花旗：比亚迪维持买入评级 目标价升至327港元,花旗：比亚迪维持买入评级 目标价升至327港元
2021-07-13,奥普特(688686)：业绩增速有望超七成 看好下游高景气及长期成长,奥普特(688686)：业绩增速有望超七成 看好下游高景气及长期成长
2021-07-13,独家|缺电池？何小鹏称从新闻中看到自己蹲点宁德时代,独家|缺电池？何小鹏称从新闻中看到自己蹲点宁德时代
2021-07-13,为什么自主混动系统都选择“本田方案”？,为什么自主混动系统都选择“本田方案”？
2021-07-13,比亚迪汉开启一周年OTA升级：新增华为HiCar功能,比亚迪汉开启一周年OTA升级：新增华为HiCar功能
2021-07-13,30家车企6月销量一览：传统车企表现分化，头部新势力集体飙高,30家车企6月销量一览：传统车企表现分化，头部新势力集体飙高
2021-07-13,罕见，融资客连续10周加仓，5股获净买入超20亿,罕见，融资客连续10周加仓，5股获净买入超20亿
2021-07-13,【银河汽车李泽晗/杨策】行业点评丨6月乘用车销量同比回落，新能源车增速保持强势,【银河汽车李泽晗/杨策】行业点评丨6月乘用车销量同比回落，新能源车增速保持强势
2021-07-13,这些股股价创历史新高，却遭北向资金抛售（名单）,这些股股价创历史新高，却遭北向资金抛售（名单）
2021-07-13,北向资金动向盘点：逢高净卖“电新”20.8亿,北向资金动向盘点：逢高净卖“电新”20.8亿
2021-07-13,【中原锂电池】锂电池行业月报：销量同比倍增且环比回升，板块持续关注,【中原锂电池】锂电池行业月报：销量同比倍增且环比回升，板块持续关注
2021-07-13,A股融资融券日报：两融余额增加117.16亿元（7月12日）,A股融资融券日报：两融余额增加117.16亿元（7月12日）
2021-07-13,A股早报2021年7月13日星期二,A股早报2021年7月13日星期二
2021-07-13,新能源半年考：比亚迪逆袭特斯拉，大众ID或被阻击,新能源半年考：比亚迪逆袭特斯拉，大众ID或被阻击
2021-07-13,比亚迪7月12日现2笔大宗交易,比亚迪7月12日现2笔大宗交易
2021-07-13,电力设备及新能源行业周报：6月销量达25.6万辆 上半年新能源车渗透率接近10%,电力设备及新能源行业周报：6月销量达25.6万辆 上半年新能源车渗透率接近10%
2021-07-13,大行评级|花旗：上调比亚迪(1211.HK)目标价至327港元评级“买入”,大行评级|花旗：上调比亚迪(1211.HK)目标价至327港元评级“买入”
2021-07-13,高澜股份：公司主要客户包括宁德时代、比亚迪、中航锂电等公司目前东莞硅翔订单饱和,高澜股份：公司主要客户包括宁德时代、比亚迪、中航锂电等公司目前东莞硅翔订单饱和
2021-07-13,深度*行业*新能源车产业链观察之先惠技术：订单快速增长 突破产能瓶颈打开成长空间,深度*行业*新能源车产业链观察之先惠技术：订单快速增长 突破产能瓶颈打开成长空间
2021-07-13,新能源汽车行业专题报告：新能源汽车及锂电系列之八 6月电池装机／电动车销量保持高增速,新能源汽车行业专题报告：新能源汽车及锂电系列之八 6月电池装机／电动车销量保持高增速
2021-07-13,比亚迪“智能售后软件”获批,比亚迪“智能售后软件”获批
2021-07-13,毅昌股份：比亚迪和北京新能源是公司的新能源客户,毅昌股份：比亚迪和北京新能源是公司的新能源客户
2021-07-13,“茅指数”躺赢策略失效，“宁组合”市场表现抢眼,“茅指数”躺赢策略失效，“宁组合”市场表现抢眼
2021-07-13,已复苏一段时间的中国车市 再度出现新的变化,已复苏一段时间的中国车市 再度出现新的变化
2021-07-13,风口都吹不动新能源货车,风口都吹不动新能源货车
2021-07-14,3只A股同时退市，8倍牛股闪崩，最强新能源熄火 连续下跌,3只A股同时退市，8倍牛股闪崩，最强新能源熄火 连续下跌
2021-07-14,6月车型TOP15：秦PLUS DM-i跻身榜单前五 宋DM首上榜,6月车型TOP15：秦PLUS DM-i跻身榜单前五 宋DM首上榜
2021-07-14,旁边五菱感到被冒犯！比亚迪唐一车拉走11名成年人,旁边五菱感到被冒犯！比亚迪唐一车拉走11名成年人
2021-07-14,千亿锂电龙头闪崩，平安恒瑞大跌！究竟什么情况？,千亿锂电龙头闪崩，平安恒瑞大跌！究竟什么情况？
2021-07-14,家族新LOGO！比亚迪海豚续航曝光：最长405km,家族新LOGO！比亚迪海豚续航曝光：最长405km
2021-07-14,【A股收盘综述】“银地保”普遍低迷，上证50指数再创年内新低,【A股收盘综述】“银地保”普遍低迷，上证50指数再创年内新低
2021-07-14,新能源跑太快，比亚迪燃油车要被兄弟逼出市场？,新能源跑太快，比亚迪燃油车要被兄弟逼出市场？
2021-07-14,恒指高开低走收跌0.63%，医药、手游股逆市走强,恒指高开低走收跌0.63%，医药、手游股逆市走强
2021-07-14,A股资金流向（7月14日）：新能源产业链集体退潮,A股资金流向（7月14日）：新能源产业链集体退潮
2021-07-14,港股收盘丨恒指跌0.63%比亚迪跌近6%,港股收盘丨恒指跌0.63%比亚迪跌近6%
2021-07-14,港股收盘：恒指收跌0.6% 比亚迪领跌恒指成分股 恒大汽车跌超8%,港股收盘：恒指收跌0.6% 比亚迪领跌恒指成分股 恒大汽车跌超8%
2021-07-14,合肥比亚迪汽车有限公司成立！注册资金10个亿,合肥比亚迪汽车有限公司成立！注册资金10个亿
2021-07-14,央行降准港股2连升再弹170点，比亚迪强势扬7.8％,央行降准港股2连升再弹170点，比亚迪强势扬7.8％
2021-07-14,对话比亚迪董秘李黔：打通核心技术的“任督二脉”，预计2023年推出搭载最新技术的高端车型,对话比亚迪董秘李黔：打通核心技术的“任督二脉”，预计2023年推出搭载最新技术的高端车型
2021-07-14,北向资金今日净卖出108.06亿元，宁德时代遭净卖出逾11亿元,北向资金今日净卖出108.06亿元，宁德时代遭净卖出逾11亿元
2021-07-14,第28批免车船税新能源车型目录发布 比亚迪宋MAX/玛奇朵PHEV等135款车型入选,第28批免车船税新能源车型目录发布 比亚迪宋MAX/玛奇朵PHEV等135款车型入选
2021-07-14,北向资金 | 合计净流出108.06亿元，宁德时代、比亚迪、恩捷股份、药明康德净卖出居前,北向资金 | 合计净流出108.06亿元，宁德时代、比亚迪、恩捷股份、药明康德净卖出居前
2021-07-14,北向资金净卖出108亿元，这些股获加仓,北向资金净卖出108亿元，这些股获加仓
2021-07-14,北水净卖出美团超12亿港元，加仓腾讯近5亿港元；南水净卖出额创近10个月新高，宁德时代、比亚迪遭抛售 减持股份,北水净卖出美团超12亿港元，加仓腾讯近5亿港元；南水净卖出额创近10个月新高，宁德时代、比亚迪遭抛售 减持股份
2021-07-14,A股“硬科技”当道！“银地保”成过去式？如何追逐风口基金？硬核选基！,A股“硬科技”当道！“银地保”成过去式？如何追逐风口基金？硬核选基！
2021-07-14,【主力资金】太意外，主力砸盘新能源汽车龙头超40亿元,【主力资金】太意外，主力砸盘新能源汽车龙头超40亿元
2021-07-14,【14日资金线路图】 “聪明钱”北向资金净流出超百亿，宁德时代、比亚迪等新能源股被大肆卖出，释放什么信号？,【14日资金线路图】 “聪明钱”北向资金净流出超百亿，宁德时代、比亚迪等新能源股被大肆卖出，释放什么信号？
2021-07-14,意大利赢了英格兰，磷酸铁锂超了三元,意大利赢了英格兰，磷酸铁锂超了三元
2021-07-14,与比亚迪、中国电信等牵手合作，自动驾驶头部企业蘑菇车联强在哪？,与比亚迪、中国电信等牵手合作，自动驾驶头部企业蘑菇车联强在哪？
2021-07-14,A股午盘综述：上证指数跌0.82%，市场现“喝酒吃药”行情,A股午盘综述：上证指数跌0.82%，市场现“喝酒吃药”行情
2021-07-14,“以旧换新”拉动人气 广州消费者换车欲望增强,“以旧换新”拉动人气 广州消费者换车欲望增强
2021-07-14,富途资讯7月14日消息，今日汽车股集体回调，其中比亚迪股价更是大幅下挫，该公司A、H股均一度跌超7%。 连续下跌,富途资讯7月14日消息，今日汽车股集体回调，其中比亚迪股价更是大幅下挫，该公司A、H股均一度跌超7%。 连续下跌
2021-07-14,比亚迪三大谎言：不缺芯片、刀片电池300多个核心专利、销量冠军,比亚迪三大谎言：不缺芯片、刀片电池300多个核心专利、销量冠军
2021-07-14,拜腾，你还是凉吧,拜腾，你还是凉吧
2021-07-14,乘用车市场国潮涌动，国产新能源车逆袭领跑,乘用车市场国潮涌动，国产新能源车逆袭领跑
2021-07-14,融资客连续十周加仓，30股融资净买入超10亿元,融资客连续十周加仓，30股融资净买入超10亿元
2021-07-14,"“芯慌”下的6月车市:销量同比下滑,新能源市场依旧火爆 盈利能力下降","“芯慌”下的6月车市:销量同比下滑,新能源市场依旧火爆 盈利能力下降"
2021-07-14,坚持货币政策自主性！成交量连续6日破万亿，创业板指首超沪指,坚持货币政策自主性！成交量连续6日破万亿，创业板指首超沪指
2021-07-14,北向资金抛售医药白酒，大幅卖出比亚迪（附股）,北向资金抛售医药白酒，大幅卖出比亚迪（附股）
2021-07-14,港股盘前必读：腾讯收购搜狗股权案已获无条件批准,港股盘前必读：腾讯收购搜狗股权案已获无条件批准
2021-07-14,北向资金动向盘点：连续净买入“通信”,北向资金动向盘点：连续净买入“通信”
2021-07-14,利元亨：公司已与宁德时代、比亚迪等建立了期稳定的合作关系,利元亨：公司已与宁德时代、比亚迪等建立了期稳定的合作关系
2021-07-14,盘前情报丨碳市场交易即将开启，关注五大投资机会（附股）,盘前情报丨碳市场交易即将开启，关注五大投资机会（附股）
2021-07-14,锂电材料拉升盈利丰元股份H1业绩预增最高603%,锂电材料拉升盈利丰元股份H1业绩预增最高603%
2021-07-14,中国品牌 6 月销量领跑车市，四大“黑马”强势突围！,中国品牌 6 月销量领跑车市，四大“黑马”强势突围！
2021-07-14,凭什么撼动C级豪华车格局 汉有话要说,凭什么撼动C级豪华车格局 汉有话要说
2021-07-14,新能源概念股集体爆发，喊岀“新能源泡沫论”的杨东最近在干啥？,新能源概念股集体爆发，喊岀“新能源泡沫论”的杨东最近在干啥？
2021-07-14,大众造香肠本田造飞机，汽车厂家除了会造车还会造啥,大众造香肠本田造飞机，汽车厂家除了会造车还会造啥
2021-07-14,【行情】A股汽车整车板块下挫，广汽集团跌超4%，中通客车、比亚迪、小康股份跟跌,【行情】A股汽车整车板块下挫，广汽集团跌超4%，中通客车、比亚迪、小康股份跟跌
2021-07-14,周期组联合会议：周期复兴：电话会议纪要,周期组联合会议：周期复兴：电话会议纪要
2021-07-14,乘联会：我国新能源车批发零售量半年度双破百万,乘联会：我国新能源车批发零售量半年度双破百万
2021-07-14,汽车整车板块大幅回落，中通客车跌超7%，比亚迪、小康股份、北汽蓝谷、长城汽,汽车整车板块大幅回落，中通客车跌超7%，比亚迪、小康股份、北汽蓝谷、长城汽
2021-07-14,从专利角度看思摩尔国际雾化技术的核心壁垒,从专利角度看思摩尔国际雾化技术的核心壁垒
2021-07-14,与宁德时代、比亚迪合作告吹！苹果造车坚持在美建厂：富士康有意 经营问题,与宁德时代、比亚迪合作告吹！苹果造车坚持在美建厂：富士康有意 经营问题
2021-07-14,比亚迪在合肥成立新公司 注册资本10亿元,比亚迪在合肥成立新公司 注册资本10亿元
2021-07-14,A股融资融券日报：两融余额增加47.95亿元（7月13日）,A股融资融券日报：两融余额增加47.95亿元（7月13日）
2021-07-14,6月新能源销量排行Top10丨欧拉黑猫回归宏光MINIEV连续10月冠销,6月新能源销量排行Top10丨欧拉黑猫回归宏光MINIEV连续10月冠销
2021-07-15,年中思考：车市期待怎样的下半场,年中思考：车市期待怎样的下半场
2021-07-15,大幅净卖出后124亿外资重新杀回A股，金融、白酒等大蓝筹获抢筹,大幅净卖出后124亿外资重新杀回A股，金融、白酒等大蓝筹获抢筹
2021-07-15,比亚迪(002594.SZ)股东吕向阳质押170万股,比亚迪(002594.SZ)股东吕向阳质押170万股
2021-07-15,7月15日两市散户抢筹的50只个股,7月15日两市散户抢筹的50只个股
2021-07-15,比亚迪今日大宗交易成交0.89万股，成交价236.4元溢价0.0%,比亚迪今日大宗交易成交0.89万股，成交价236.4元溢价0.0%
2021-07-15,快讯丨比亚迪在沈阳成立新公司,快讯丨比亚迪在沈阳成立新公司
2021-07-15,A股资金流向（7月15日）：白酒、金融获资金青睐，比亚迪连续遭大幅抛售,A股资金流向（7月15日）：白酒、金融获资金青睐，比亚迪连续遭大幅抛售
2021-07-15,大消费深度报告：经济半年报出炉 持续看好消费升级领域,大消费深度报告：经济半年报出炉 持续看好消费升级领域
2021-07-15,比亚迪现1笔大宗交易 共成交210.40万元,比亚迪现1笔大宗交易 共成交210.40万元
2021-07-15,主力连续两天出逃新能源汽车龙头比亚迪 抢筹光伏龙头隆基股份超16亿元,主力连续两天出逃新能源汽车龙头比亚迪 抢筹光伏龙头隆基股份超16亿元
2021-07-15,汽车行业周报：新势力销量创新高 电动智能变革加速,汽车行业周报：新势力销量创新高 电动智能变革加速
2021-07-15,【主力资金】主力连续两天出逃新能源汽车龙头，抢筹光伏龙头超16亿元,【主力资金】主力连续两天出逃新能源汽车龙头，抢筹光伏龙头超16亿元
2021-07-15,A股共发生173宗大宗交易成交36.54亿元（7月15日）,A股共发生173宗大宗交易成交36.54亿元（7月15日）
2021-07-15,计算机行业周报：积极关注鸿蒙及工业软件板块,计算机行业周报：积极关注鸿蒙及工业软件板块
2021-07-15,110股遭高管减持套现52.78亿元,110股遭高管减持套现52.78亿元
2021-07-15,汽车第27周周报：中报临近 关注业绩有望超预期企业,汽车第27周周报：中报临近 关注业绩有望超预期企业
2021-07-15,“大换血”！雷军斩获福布斯中国最佳CEO排行榜榜首，互联网大佬缺位，这个行业集体缺席,“大换血”！雷军斩获福布斯中国最佳CEO排行榜榜首，互联网大佬缺位，这个行业集体缺席
2021-07-15,【行业年度复盘系列】新能源汽车,【行业年度复盘系列】新能源汽车
2021-07-15,下一个十年，宁德时代还会有好日子吗？,下一个十年，宁德时代还会有好日子吗？
2021-07-15,2021年6月国内新能源车销量点评：终端销量稳步上升 新势力表现出色,2021年6月国内新能源车销量点评：终端销量稳步上升 新势力表现出色
2021-07-15,比亚迪与一汽集团合资投建电池项目,比亚迪与一汽集团合资投建电池项目
2021-07-15,多空鏖战、外资高位撤离、融资客持续抢筹 新能源板块未来怎么走？,多空鏖战、外资高位撤离、融资客持续抢筹 新能源板块未来怎么走？
2021-07-15,一汽集团与比亚迪签署新能源动力电池项目投资合作协议,一汽集团与比亚迪签署新能源动力电池项目投资合作协议
2021-07-15,车主称买比亚迪二手车不享受三包但遭反驳 厂家负责人李云飞怎么看,车主称买比亚迪二手车不享受三包但遭反驳 厂家负责人李云飞怎么看
2021-07-15,外资高位撤离，融资客持续抢筹，新能源股未来怎么走,外资高位撤离，融资客持续抢筹，新能源股未来怎么走
2021-07-15,李志林丨超高价股冷不防跳水，关注低价优质题材股,李志林丨超高价股冷不防跳水，关注低价优质题材股
2021-07-15,比亚迪两日蒸发近1000亿！山西汾酒创新高,比亚迪两日蒸发近1000亿！山西汾酒创新高
2021-07-15,新能源的狂欢,新能源的狂欢
2021-07-15,这些新车，简直丑瞎我的眼！,这些新车，简直丑瞎我的眼！
2021-07-15,大河有水小河满 新能源车热销后劲足,大河有水小河满 新能源车热销后劲足
2021-07-15,基金经理继续看好新能源板块,基金经理继续看好新能源板块
2021-07-15,2021年6月国内动力电池产量点评：环比再增 景气升温,2021年6月国内动力电池产量点评：环比再增 景气升温
2021-07-15,EV晨报｜比亚迪汉将于7月19日开启一周年OTA升级；舍弗勒二合一电驱动桥在太仓正式投产；特斯拉4680无极耳电池投产,EV晨报｜比亚迪汉将于7月19日开启一周年OTA升级；舍弗勒二合一电驱动桥在太仓正式投产；特斯拉4680无极耳电池投产
2021-07-15,港股盘前必读：小米智能工厂二期在北京市昌平区正式开工,港股盘前必读：小米智能工厂二期在北京市昌平区正式开工
2021-07-15,锂电上市公司千亿市值“俱乐部”,锂电上市公司千亿市值“俱乐部”
2021-07-15,北向资金动向盘点：百亿净卖，“金融、新能源”占一半,北向资金动向盘点：百亿净卖，“金融、新能源”占一半
2021-07-15,每日理财观察：央行全面降准今日落地,每日理财观察：央行全面降准今日落地
2021-07-15,增长近10倍！行业龙头上修业绩预报,增长近10倍！行业龙头上修业绩预报
2021-07-15,业务绑定行业巨头，锂电池产业链企业掀IPO热潮,业务绑定行业巨头，锂电池产业链企业掀IPO热潮
2021-07-15,A股融资融券日报：两融余额减少21.14亿元（7月14日）,A股融资融券日报：两融余额减少21.14亿元（7月14日）
2021-07-15,新能源车深度报告：电动化加速 拥抱大时代,新能源车深度报告：电动化加速 拥抱大时代
2021-07-15,发生了什么？比亚迪两日蒸发近1000亿！4500亿山西汾酒创新高，银行保险崛起…机构怎么看？,发生了什么？比亚迪两日蒸发近1000亿！4500亿山西汾酒创新高，银行保险崛起…机构怎么看？
2021-07-15,和胜股份(002824)：Q2业绩高增长 电池托盘有望量价齐升,和胜股份(002824)：Q2业绩高增长 电池托盘有望量价齐升
2021-07-15,比亚迪在沈阳成立新公司经营范围含电池销售等,比亚迪在沈阳成立新公司经营范围含电池销售等
2021-07-15,6月新能源乘用车渗透率达13.5%，车企表现精彩纷呈【安信汽车】,6月新能源乘用车渗透率达13.5%，车企表现精彩纷呈【安信汽车】
2021-07-15,【古天后日志】大户减持比亚迪暂时咪心急捞货|头条金融网 减持股份,【古天后日志】大户减持比亚迪暂时咪心急捞货|头条金融网 减持股份
2021-07-15,千亿产业迎来风口，高增长潜力股请收藏,千亿产业迎来风口，高增长潜力股请收藏
2021-07-15,一纸数据引发1800亿大跌？新能源仍是最强风口？,一纸数据引发1800亿大跌？新能源仍是最强风口？
2021-07-15,国内电车渗透率突破15%，景气度持续提升 | 兴证电新 · 国内电车点评（孙帅、朱玥）,国内电车渗透率突破15%，景气度持续提升 | 兴证电新 · 国内电车点评（孙帅、朱玥）
2021-07-15,什么信号？基金优等生纷纷限购，一赛道产品大爆发,什么信号？基金优等生纷纷限购，一赛道产品大爆发
2021-07-15,平安招行突然大涨700亿！A股风格要变天？,平安招行突然大涨700亿！A股风格要变天？
2021-07-16,A股收盘综述：创业板指跌近3%，动力电池题材深度调整,A股收盘综述：创业板指跌近3%，动力电池题材深度调整
2021-07-16,多氟多：与比亚迪、孚能科技等签订产品销售合同拟51.5亿元投建多项目,多氟多：与比亚迪、孚能科技等签订产品销售合同拟51.5亿元投建多项目
2021-07-16,与一汽合作 比亚迪动力电池项目将落户长春,与一汽合作 比亚迪动力电池项目将落户长春
2021-07-16,A股资金流向（7月16日）：新能源龙头连遭抛售，军工股获避险资金青睐,A股资金流向（7月16日）：新能源龙头连遭抛售，军工股获避险资金青睐
2021-07-16,“电池荒”下，动力电池二梯队能抢到宁德时代的蛋糕吗？,“电池荒”下，动力电池二梯队能抢到宁德时代的蛋糕吗？
2021-07-16,二季度基金持仓浮出水面，顶流基金经理亲自“踩点”这些公司（附名单）,二季度基金持仓浮出水面，顶流基金经理亲自“踩点”这些公司（附名单）
2021-07-16,【主力资金】啥情况？新能源汽车龙头被连续砸盘三天,【主力资金】啥情况？新能源汽车龙头被连续砸盘三天
2021-07-16,电气设备行业重大事项点评：大众与国轩合作落地 双方将合作开发铁锂标准化电芯,电气设备行业重大事项点评：大众与国轩合作落地 双方将合作开发铁锂标准化电芯
2021-07-16,6月新能源乘用车渗透率达13.5%，车企表现精彩纷呈【安信汽车】,6月新能源乘用车渗透率达13.5%，车企表现精彩纷呈【安信汽车】
2021-07-16,比亚迪突击入股、董事长“去了又回” 华盛锂电IPO故事多,比亚迪突击入股、董事长“去了又回” 华盛锂电IPO故事多
2021-07-16,晚间重要公告2021年7月16日星期五,晚间重要公告2021年7月16日星期五
2021-07-16,6月终端销量榜：理想首超蔚来 ID.4 Crozz暴涨,6月终端销量榜：理想首超蔚来 ID.4 Crozz暴涨
2021-07-16,电气设备行业：分布式光伏试点政策推进 铁锂电池助力爆款车型,电气设备行业：分布式光伏试点政策推进 铁锂电池助力爆款车型
2021-07-16,公告精选丨抢矿大战上演！赣锋锂业要约“买矿”；比亚迪、孚能科技采购碳酸锂,公告精选丨抢矿大战上演！赣锋锂业要约“买矿”；比亚迪、孚能科技采购碳酸锂
2021-07-16,一周主力资金丨大幅抛售汽车股超60亿元资金出逃比亚迪 股票卖空,一周主力资金丨大幅抛售汽车股超60亿元资金出逃比亚迪 股票卖空
2021-07-16,锂电池1天蒸发2500亿！调整开始了？老乡别走！4个月涨80%，新能源板块还能买买买吗？,锂电池1天蒸发2500亿！调整开始了？老乡别走！4个月涨80%，新能源板块还能买买买吗？
2021-07-16,多氟多(002407.SZ)：分别与比亚迪、孚能科技及Enchem签订产品销售合同,多氟多(002407.SZ)：分别与比亚迪、孚能科技及Enchem签订产品销售合同
2021-07-16,“海洋美学”的设计理念 比亚迪海豚内饰官图发布,“海洋美学”的设计理念 比亚迪海豚内饰官图发布
2021-07-16,数据解放生产力——琰究汽车数据系列（2021年6月）【华西汽车 崔琰团队】,数据解放生产力——琰究汽车数据系列（2021年6月）【华西汽车 崔琰团队】
2021-07-16,预计11-13万！比亚迪海豚官图公布：全新LOGO、刀片电池上车,预计11-13万！比亚迪海豚官图公布：全新LOGO、刀片电池上车
2021-07-16,车市“中考”发榜，超 8 成车企销量目标完成率不足 50%,车市“中考”发榜，超 8 成车企销量目标完成率不足 50%
2021-07-16,一句话点评 6 月中高级车：比亚迪汉打破三大纪录,一句话点评 6 月中高级车：比亚迪汉打破三大纪录
2021-07-16,外资减仓融资客加码，新能源板块现资金分歧,外资减仓融资客加码，新能源板块现资金分歧
2021-07-16,雷军拜访上汽，造车模式是出发点,雷军拜访上汽，造车模式是出发点
2021-07-16,比亚迪夺冠6月新能源乘用车销量榜,比亚迪夺冠6月新能源乘用车销量榜
2021-07-16,百公里油耗3.6升 比亚迪唐 DM-i极限节油挑战,百公里油耗3.6升 比亚迪唐 DM-i极限节油挑战
2021-07-16,汽车行业跟踪报告：“补库”如何影响汽车板块投资？,汽车行业跟踪报告：“补库”如何影响汽车板块投资？
2021-07-16,三花智控：比亚迪、蔚来等多家汽车制造商均为公司客户,三花智控：比亚迪、蔚来等多家汽车制造商均为公司客户
2021-07-16,A股融资融券日报：两融余额增加9.91亿元（7月15日）,A股融资融券日报：两融余额增加9.91亿元（7月15日）
2021-07-16,比亚迪携手一汽集团，合资投建新能源动力电池项目,比亚迪携手一汽集团，合资投建新能源动力电池项目
2021-07-16,比亚迪“失宠”？“巴菲特接班人”两日套现20亿 减持股份,比亚迪“失宠”？“巴菲特接班人”两日套现20亿 减持股份
2021-07-16,瑞能股份冲刺IPO：2020年营收净利下滑，业绩饱受大客户银隆拖累 盈利能力下降,瑞能股份冲刺IPO：2020年营收净利下滑，业绩饱受大客户银隆拖累 盈利能力下降
2021-07-16,计划与比亚迪联合研发汽车电池却遭拒绝？苹果的野心有多大？,计划与比亚迪联合研发汽车电池却遭拒绝？苹果的野心有多大？
2021-07-16,高盛：比亚迪维持买入评级 目标价微升至313港元,高盛：比亚迪维持买入评级 目标价微升至313港元
2021-07-16,中国电研(688128)：强检龙头起航 锂电设备趋势向好,中国电研(688128)：强检龙头起航 锂电设备趋势向好
2021-07-16,雷军登上榜首！福布斯2021中国最佳CEO榜单来了（附名单）,雷军登上榜首！福布斯2021中国最佳CEO榜单来了（附名单）
2021-07-16,15米纯电动巴士亮眼上新交付芬兰，比亚迪欧洲版图再扩充,15米纯电动巴士亮眼上新交付芬兰，比亚迪欧洲版图再扩充
2021-07-16,特斯拉在香港上线新版 Model 3 / 小米汽车招聘岗位增加 / 日本计划开展「飞行汽车」业务,特斯拉在香港上线新版 Model 3 / 小米汽车招聘岗位增加 / 日本计划开展「飞行汽车」业务
2021-07-17,上市公司正负面新闻2021年7月17日星期六,上市公司正负面新闻2021年7月17日星期六
2021-07-17,造车行业大变天,造车行业大变天
2021-07-17,北上资金调仓换股，抄底“最惨抱团股”,北上资金调仓换股，抄底“最惨抱团股”
2021-07-17,新能源车市“期中考”成绩出炉：销量增长近两倍，比亚迪们站上市值高位，下半场要看自主品牌？,新能源车市“期中考”成绩出炉：销量增长近两倍，比亚迪们站上市值高位，下半场要看自主品牌？
2021-07-17,工信部公布2020年度乘用车企积分情况,工信部公布2020年度乘用车企积分情况
2021-07-17,啥情况？新能源汽车龙头被砸盘、砸盘，又砸盘！,啥情况？新能源汽车龙头被砸盘、砸盘，又砸盘！
2021-07-17,板块分化加剧，周期股逆势走强,板块分化加剧，周期股逆势走强
2021-07-17,6 月新能源车：豪华、自主凶猛，合资“哑火”,6 月新能源车：豪华、自主凶猛，合资“哑火”
2021-07-18,【太平洋证券】龙蟠科技（603906）深度报告：国六车用尿素迎高增长，磷酸铁锂打开长期成长空间,【太平洋证券】龙蟠科技（603906）深度报告：国六车用尿素迎高增长，磷酸铁锂打开长期成长空间
2021-07-18,每经22点丨韩束宣布与吴亦凡解除一切合作；比亚迪：除“汉”车型外，全系纯电汽车都已换装刀片电池,每经22点丨韩束宣布与吴亦凡解除一切合作；比亚迪：除“汉”车型外，全系纯电汽车都已换装刀片电池
2021-07-18,新能源板块罕见急跌预示调整开始？北向资金已高位离场,新能源板块罕见急跌预示调整开始？北向资金已高位离场
2021-07-18,丰田“ GR ”卡罗拉要国产啦！只有 1.5L+ 三缸？,丰田“ GR ”卡罗拉要国产啦！只有 1.5L+ 三缸？
2021-07-18,晚间重要公告2021年7月18日星期日,晚间重要公告2021年7月18日星期日
2021-07-18,争议不断的动力电池暗战，究竟改变了什么？,争议不断的动力电池暗战，究竟改变了什么？
2021-07-18,双料冠军 比亚迪汉EV、汉DM均获国产品牌新能源中大型轿车1年保值率第一,双料冠军 比亚迪汉EV、汉DM均获国产品牌新能源中大型轿车1年保值率第一
2021-07-18,快讯 | 比亚迪市值蒸发1000亿 连续下跌,快讯 | 比亚迪市值蒸发1000亿 连续下跌
2021-07-18,六氟磷酸锂扩产潮起 天际股份子公司与比亚迪签订长协,六氟磷酸锂扩产潮起 天际股份子公司与比亚迪签订长协
2021-07-18,汽车行业：21年数据点评系列十五：乘用车终端需求稳步复苏 自主份额持续提升,汽车行业：21年数据点评系列十五：乘用车终端需求稳步复苏 自主份额持续提升
2021-07-18,比亚迪：全系纯电车系都已换装刀片电池，正积极扩张产能,比亚迪：全系纯电车系都已换装刀片电池，正积极扩张产能
2021-07-18,智能电动汽车7月策略：传统车企明显加速 看好自主崛起,智能电动汽车7月策略：传统车企明显加速 看好自主崛起
2021-07-18,机械设备行业跟踪周报：锂电光伏设备持续高景气 建议关注中报业绩亮眼的国产刀具龙头,机械设备行业跟踪周报：锂电光伏设备持续高景气 建议关注中报业绩亮眼的国产刀具龙头
2021-07-18,汽车行业周报：7月前两周累计批发同比-18% 看好自主崛起,汽车行业周报：7月前两周累计批发同比-18% 看好自主崛起
2021-07-18,“史上最内卷”的万亿赛道上，红杉、刘晓丹和小米押注的项目半年翻3倍,“史上最内卷”的万亿赛道上，红杉、刘晓丹和小米押注的项目半年翻3倍
2021-07-18,新能源尾盘大跳水！六大基金经理分析师紧急解盘,新能源尾盘大跳水！六大基金经理分析师紧急解盘
2021-07-18,曾超比亚迪成国内市值最高车企，市值三个月蒸发超七成 连续下跌,曾超比亚迪成国内市值最高车企，市值三个月蒸发超七成 连续下跌
2021-07-18,双环三问：行业地位如何？竞争优势在哪？市场空间有多大？,双环三问：行业地位如何？竞争优势在哪？市场空间有多大？
2021-07-19,福布斯中国专访比亚迪王传福：“市场如战场，竞争像打仗”,福布斯中国专访比亚迪王传福：“市场如战场，竞争像打仗”
2021-07-19,【公告抢先看】晚间公告：华夏幸福未能如期偿还债务本息合计732亿元、延安必康向比亚迪长期供应六氟磷酸锂,【公告抢先看】晚间公告：华夏幸福未能如期偿还债务本息合计732亿元、延安必康向比亚迪长期供应六氟磷酸锂
2021-07-19,7月19日上市公司晚间公告速递,7月19日上市公司晚间公告速递
2021-07-19,延安必康：子公司将向比亚迪供应链长期供应六氟磷酸锂,延安必康：子公司将向比亚迪供应链长期供应六氟磷酸锂
2021-07-19,“暴风雨”将至！锂电概念暴跌，美紧缩预期提升，致命打击高位股,“暴风雨”将至！锂电概念暴跌，美紧缩预期提升，致命打击高位股
2021-07-19,LG能源解决方案5月夺全球动力电池冠军,LG能源解决方案5月夺全球动力电池冠军
2021-07-19,龙虎榜：多氟多日换手率超20% 三机构合计卖出2.28亿,龙虎榜：多氟多日换手率超20% 三机构合计卖出2.28亿
2021-07-19,机械行业2021年中报业绩前瞻：业绩大幅改善 建议布局四大主线,机械行业2021年中报业绩前瞻：业绩大幅改善 建议布局四大主线
2021-07-19,多氟多拟51.5亿加码LiPF6等项目新签比亚迪等三家订单约1万吨,多氟多拟51.5亿加码LiPF6等项目新签比亚迪等三家订单约1万吨
2021-07-19,晚间公告｜7月19日这些公告有看头,晚间公告｜7月19日这些公告有看头
2021-07-19,押注磷酸铁锂 比亚迪新上市电动车全面搭载刀片电池：加速普及,押注磷酸铁锂 比亚迪新上市电动车全面搭载刀片电池：加速普及
2021-07-19,利好频传！寻找氢能源赛道的比亚迪,利好频传！寻找氢能源赛道的比亚迪
2021-07-19,7月20日上市公司重要公告集锦：华夏幸福累计未偿还债务本息合计732.2亿元 违约失信,7月20日上市公司重要公告集锦：华夏幸福累计未偿还债务本息合计732.2亿元 违约失信
2021-07-19,延安必康(002411.SZ)：与比亚迪供应链签署供应六氟磷酸锂的长期合作协议,延安必康(002411.SZ)：与比亚迪供应链签署供应六氟磷酸锂的长期合作协议
2021-07-19,2021年7月20日涨停板早知道：七大利好有望发酵,2021年7月20日涨停板早知道：七大利好有望发酵
2021-07-19,海豚，最惹人喜爱的比亚迪？,海豚，最惹人喜爱的比亚迪？
2021-07-19,顶流基金经理最新重仓股大曝光，狂买这些股！,顶流基金经理最新重仓股大曝光，狂买这些股！
2021-07-19,铁锂回归|200亿市值！深绑宁德时代，德方纳米渐成铁锂正极“隐形冠军”？,铁锂回归|200亿市值！深绑宁德时代，德方纳米渐成铁锂正极“隐形冠军”？
2021-07-19,比亚迪剥离出超百亿新巨头！王传福发话了,比亚迪剥离出超百亿新巨头！王传福发话了
2021-07-19,密集签订多笔六氟磷酸锂长单 比亚迪加快动力电池布局,密集签订多笔六氟磷酸锂长单 比亚迪加快动力电池布局
2021-07-19,公告精选：延安必康将向比亚迪长期供应六氟磷酸锂；厦门钨业上半年净利同比增193%,公告精选：延安必康将向比亚迪长期供应六氟磷酸锂；厦门钨业上半年净利同比增193%
2021-07-19,中国中冶(601618)：屋顶分布式光伏等约32个项目丰富 镍钴矿产资源价值待重估,中国中冶(601618)：屋顶分布式光伏等约32个项目丰富 镍钴矿产资源价值待重估
2021-07-19,公告精选：延安必康将向比亚迪长期供应六氟磷酸锂；读客文化提示风险,公告精选：延安必康将向比亚迪长期供应六氟磷酸锂；读客文化提示风险
2021-07-19,汽车行业周报：行业复苏逻辑不变 短期挖掘中报超预期,汽车行业周报：行业复苏逻辑不变 短期挖掘中报超预期
2021-07-19,公告精选丨连“吃”三跌停后，盐津铺子实控人等拟增持；新世界上半年业绩预增312倍,公告精选丨连“吃”三跌停后，盐津铺子实控人等拟增持；新世界上半年业绩预增312倍
2021-07-19,7月19日厦门钨业、安利股份等10家公司公告出现利好,7月19日厦门钨业、安利股份等10家公司公告出现利好
2021-07-19,深度*行业*机械设备行业周报机械设备行业周报：重视半导体量测设备赛道：上海精测交付首台OCD、REVIEW SEM设备,深度*行业*机械设备行业周报机械设备行业周报：重视半导体量测设备赛道：上海精测交付首台OCD、REVIEW SEM设备
2021-07-19,比亚迪汉一周年OTA升级：HUAWEIHiCar上线，今晚开始陆续推送,比亚迪汉一周年OTA升级：HUAWEIHiCar上线，今晚开始陆续推送
2021-07-19,车市周观察丨东风本田成年，奇瑞开启鲲鹏时代,车市周观察丨东风本田成年，奇瑞开启鲲鹏时代
2021-07-19,400亿锂电新军出大事，材料龙头狂发18条公告，什么情况？跨界扩产涌动，最火赛道继续舞？,400亿锂电新军出大事，材料龙头狂发18条公告，什么情况？跨界扩产涌动，最火赛道继续舞？
2021-07-19,刀片电池迎来高光时刻！比亚迪旗下全系纯电车系均已换装,刀片电池迎来高光时刻！比亚迪旗下全系纯电车系均已换装
2021-07-19,大型项目接连开工，储能行业进入发展快车道,大型项目接连开工，储能行业进入发展快车道
2021-07-19,什么情况？400亿锂电新军突发减持 还有材料龙头一晚发布18条公告 减持股份,什么情况？400亿锂电新军突发减持 还有材料龙头一晚发布18条公告 减持股份
2021-07-19,陆家嘴财经早餐2021年7月19日星期一,陆家嘴财经早餐2021年7月19日星期一
2021-07-19,史上最牛基金经理！身家384亿，旗下公司市值破千亿,史上最牛基金经理！身家384亿，旗下公司市值破千亿
2021-07-19,锂电新军孚能科技减持，多氟多突发18条公告，跨界扩产涌动,锂电新军孚能科技减持，多氟多突发18条公告，跨界扩产涌动
2021-07-19,400亿锂电新军出大事，材料龙头狂发18条公告,400亿锂电新军出大事，材料龙头狂发18条公告
2021-07-19,中兴通讯九度摘金腾讯会议抗疫有功 深企捧回12.5%的中国专利金奖,中兴通讯九度摘金腾讯会议抗疫有功 深企捧回12.5%的中国专利金奖
2021-07-19,两年赚超300%，赵诣等人赚嗨了！新能源后续怎么看,两年赚超300%，赵诣等人赚嗨了！新能源后续怎么看
2021-07-19,A股早报2021年7月19日星期一,A股早报2021年7月19日星期一
2021-07-19,比亚迪汉6月热销8386辆 累计突破9.2万辆,比亚迪汉6月热销8386辆 累计突破9.2万辆
2021-07-19,A股融资融券日报：两融余额减少42.07亿元（7月16日）,A股融资融券日报：两融余额减少42.07亿元（7月16日）
2021-07-19,孚能科技出大事、多氟多狂发18条公告！跨界扩产涌动 最火赛道继续舞？,孚能科技出大事、多氟多狂发18条公告！跨界扩产涌动 最火赛道继续舞？
2021-07-19,你不起火我不冒烟，动力电池也开始“内卷”？,你不起火我不冒烟，动力电池也开始“内卷”？
2021-07-19,"韩束宣布与吴亦凡解除合作；炸鸡掉地继续用？华莱士：涉事餐厅停业整顿；沃尔玛因开除16年工龄唐氏综合征员工被判赔1.25亿美元
经营问题","韩束宣布与吴亦凡解除合作；炸鸡掉地继续用？华莱士：涉事餐厅停业整顿；沃尔玛因开除16年工龄唐氏综合征员工被判赔1.25亿美元
经营问题"
2021-07-19,电动化、智能化、小型化……2021北京道展看客车未来走向,电动化、智能化、小型化……2021北京道展看客车未来走向
2021-07-19,汽车行业周报：电驱动桥一体化优势明显 国产化静待爆发,汽车行业周报：电驱动桥一体化优势明显 国产化静待爆发
2021-07-19,【汽车】汽车行业月报—芯片影响致6月汽车产销下降，Q3起有望逐步缓解,【汽车】汽车行业月报—芯片影响致6月汽车产销下降，Q3起有望逐步缓解
2021-07-19,威马汽车销量滑落至造车新势力第六，沈晖战略定位失误？,威马汽车销量滑落至造车新势力第六，沈晖战略定位失误？
2021-07-19,投资新能源动力电池 比亚迪牵手一汽,投资新能源动力电池 比亚迪牵手一汽
2021-07-19,泉峰汽车：氢能源汽车相关零件目前处于研发阶段，预计今年底或明年初量产,泉峰汽车：氢能源汽车相关零件目前处于研发阶段，预计今年底或明年初量产
2021-07-19,比亚迪百亿电池项目正式落户长春,比亚迪百亿电池项目正式落户长春
2021-07-19,29股上修中报业绩，8股增幅超7倍,29股上修中报业绩，8股增幅超7倍
2021-07-19,多氟多：与比亚迪等签订近1万吨六氟磷酸锂销售合同,多氟多：与比亚迪等签订近1万吨六氟磷酸锂销售合同
2021-07-19,【行情】汽车整车板块开盘走弱，长城汽车一度跌超7%，长安汽车、比亚迪、江铃汽车、上汽集团等跟跌,【行情】汽车整车板块开盘走弱，长城汽车一度跌超7%，长安汽车、比亚迪、江铃汽车、上汽集团等跟跌
2021-07-20,汽车行业简评报告：7月上旬产销同比压力仍大 逢低布局下半年供给改善大势,汽车行业简评报告：7月上旬产销同比压力仍大 逢低布局下半年供给改善大势
2021-07-20,延安必康 多氟多：与比亚迪签订的长单协议并无排它性丨公司问答,延安必康 多氟多：与比亚迪签订的长单协议并无排它性丨公司问答
2021-07-20,延安必康：与比亚迪长单协议至2023年 后期或将再续约丨公司问答,延安必康：与比亚迪长单协议至2023年 后期或将再续约丨公司问答
2021-07-20,市场激战 5月价格指数未能延续上涨态势,市场激战 5月价格指数未能延续上涨态势
2021-07-20,财华洞察|冰与火之歌：“宁组合”异军突起，“茅指数”还有救吗？,财华洞察|冰与火之歌：“宁组合”异军突起，“茅指数”还有救吗？
2021-07-20,动力电池增资扩产潮 警惕动力电池新一轮大干快上,动力电池增资扩产潮 警惕动力电池新一轮大干快上
2021-07-20,结语：新旧之争，方向为何？,结语：新旧之争，方向为何？
2021-07-20,道氏技术(300409)：借势而为 拐点已至,道氏技术(300409)：借势而为 拐点已至
2021-07-20,比亚迪：公司旗舰车型“汉”搭载刀片电池可以满足充电10分钟续航超100km的需求,比亚迪：公司旗舰车型“汉”搭载刀片电池可以满足充电10分钟续航超100km的需求
2021-07-20,比亚迪汉第100000辆新车下线，创中国品牌中大型轿车最快下线速度,比亚迪汉第100000辆新车下线，创中国品牌中大型轿车最快下线速度
2021-07-20,比亚迪：公司DM-i超级混动系统应用骁云-插混专用1.5L高效发动机,比亚迪：公司DM-i超级混动系统应用骁云-插混专用1.5L高效发动机
2021-07-20,锂电设备领军者，乘新能源之风扶摇直上—海目星（688559）深度报告,锂电设备领军者，乘新能源之风扶摇直上—海目星（688559）深度报告
2021-07-20,主力资金近5日加仓复星医药近15亿，大幅抛售比亚迪87亿,主力资金近5日加仓复星医药近15亿，大幅抛售比亚迪87亿
2021-07-20,比亚迪将支付近76亿！又两家材料企业签订长协单,比亚迪将支付近76亿！又两家材料企业签订长协单
2021-07-20,58同城优信拍发布《6月二手车流通报告》，北京为迁出量最大城市,58同城优信拍发布《6月二手车流通报告》，北京为迁出量最大城市
2021-07-20,明星基金经理最新投资大法曝光：傅鹏博重配半导体新能源 赵枫偏爱低估值,明星基金经理最新投资大法曝光：傅鹏博重配半导体新能源 赵枫偏爱低估值
2021-07-20,10大顶流基金经理二季度调仓动向曝光,10大顶流基金经理二季度调仓动向曝光
2021-07-20,说说科技大神冯明远和黄兴亮的基金二季报,说说科技大神冯明远和黄兴亮的基金二季报
2021-07-20,比亚迪汉第100000辆新车重磅下线,比亚迪汉第100000辆新车重磅下线
2021-07-20,电气设备行业周观点：新能源乘用车销量持续高增 光伏产业链价格连续回落,电气设备行业周观点：新能源乘用车销量持续高增 光伏产业链价格连续回落
2021-07-20,14天5板！搭上比亚迪，延安必康股价飙涨106%，财务造假已成往事？ 欺诈造假,14天5板！搭上比亚迪，延安必康股价飙涨106%，财务造假已成往事？ 欺诈造假
2021-07-20,联手华为、比亚迪，深圳冲刺“5G+车联网”,联手华为、比亚迪，深圳冲刺“5G+车联网”
2021-07-20,4天发布3笔大单，A股出现刀片电池朋友圈,4天发布3笔大单，A股出现刀片电池朋友圈
2021-07-20,上半年最赚钱基金中报大换仓，哪些板块最受宠？,上半年最赚钱基金中报大换仓，哪些板块最受宠？
2021-07-20,各车企公布 2025 年销量目标，一汽 650 万辆、广汽 300 万辆，谁更具底气？,各车企公布 2025 年销量目标，一汽 650 万辆、广汽 300 万辆，谁更具底气？
2021-07-20,复盘车市上半场：欣欣向荣的表象下潜藏暗涌,复盘车市上半场：欣欣向荣的表象下潜藏暗涌
2021-07-20,傅鹏博、赵枫、冯明远等顶流基金经理最新重仓股曝光,傅鹏博、赵枫、冯明远等顶流基金经理最新重仓股曝光
2021-07-20,比亚迪海外大受欢迎 首次中标“翡翠之国”纯电动巴士订单,比亚迪海外大受欢迎 首次中标“翡翠之国”纯电动巴士订单
2021-07-20,“未来出行”成汽车行业风向标 深圳走在前列,“未来出行”成汽车行业风向标 深圳走在前列
2021-07-20,基民气懵了！刚一上市就急着卖，结果这只基金2个月大涨了近50%，今天更是又有新基金来抬轿,基民气懵了！刚一上市就急着卖，结果这只基金2个月大涨了近50%，今天更是又有新基金来抬轿
2021-07-20,雷军的梦想与现实 小米造车不止是一个符号,雷军的梦想与现实 小米造车不止是一个符号
2021-07-20,长安、吉利、哈弗，谁才是中国品牌之王？,长安、吉利、哈弗，谁才是中国品牌之王？
2021-07-20,比亚迪新上市电动车 全面换装刀片电池,比亚迪新上市电动车 全面换装刀片电池
2021-07-20,密集签订多笔原材料长单，比亚迪加快动力电池布局,密集签订多笔原材料长单，比亚迪加快动力电池布局
2021-07-20,六氟磷酸锂需求旺盛，比亚迪与多家上市公司签订长协,六氟磷酸锂需求旺盛，比亚迪与多家上市公司签订长协
2021-07-20,股海导航 7月20日沪深股市公告提示,股海导航 7月20日沪深股市公告提示
2021-07-20,机械设备行业第29周周报：工程机械“十四五”发展规划出台 看好锂电设备需求空间,机械设备行业第29周周报：工程机械“十四五”发展规划出台 看好锂电设备需求空间
2021-07-20,汽车行业2021年6月汽车数据解读及投资展望：新能源汽车销量再创历史新高,汽车行业2021年6月汽车数据解读及投资展望：新能源汽车销量再创历史新高
2021-07-20,刘格菘仓位仍超90%、萧楠大幅增持银行股,刘格菘仓位仍超90%、萧楠大幅增持银行股
2021-07-20,北向资金动向盘点：重手买入“医药”，谨防“德尔塔”,北向资金动向盘点：重手买入“医药”，谨防“德尔塔”
2021-07-20,小K播早报！明微电子上半年净利同比增945%京仪装备拟科创板IPO,小K播早报！明微电子上半年净利同比增945%京仪装备拟科创板IPO
2021-07-20,A股融资融券日报：两融余额增加6.19亿元（7月19日）,A股融资融券日报：两融余额增加6.19亿元（7月19日）
2021-07-20,比亚迪汉一周年OTA升级：三大新功能华为HiCar来了,比亚迪汉一周年OTA升级：三大新功能华为HiCar来了
2021-07-20,【7.20锂电快讯】宁德时代5月装机量退居第二*天风证券称锂电设备转入卖方市场,【7.20锂电快讯】宁德时代5月装机量退居第二*天风证券称锂电设备转入卖方市场
2021-07-20,这7家上市公司有些利好消息,这7家上市公司有些利好消息
2021-07-20,解盘：上证50屡创新低，血液制品、储能、白酒、燃料电池领涨,解盘：上证50屡创新低，血液制品、储能、白酒、燃料电池领涨
2021-07-20,拼抢六氟磷酸锂,拼抢六氟磷酸锂
2021-07-20,干货！2021年中美新能源汽车行业龙头企业对比——美国特斯拉VS中国比亚迪,干货！2021年中美新能源汽车行业龙头企业对比——美国特斯拉VS中国比亚迪
2021-07-20,比亚迪宣布首次中标爱尔兰纯电动巴士订单，共200台,比亚迪宣布首次中标爱尔兰纯电动巴士订单，共200台
2021-07-20,A股午盘综述：股指缩量下跌，军工午前崛起,A股午盘综述：股指缩量下跌，军工午前崛起
2021-07-20,将向比亚迪长期供应六氟磷酸锂，延安必康13天5板,将向比亚迪长期供应六氟磷酸锂，延安必康13天5板
2021-07-20,比亚迪已锁定1万吨六氟磷酸锂供应，对应电池产能达80GWh,比亚迪已锁定1万吨六氟磷酸锂供应，对应电池产能达80GWh
2021-07-20,小K播早报！ 浙江省谋划布局未来产业 涉AI、区块链、第三代半导体等,小K播早报！ 浙江省谋划布局未来产业 涉AI、区块链、第三代半导体等
2021-07-20,川财研究制造产业链核心数据跟踪日报,川财研究制造产业链核心数据跟踪日报
2021-07-20,延安必康高开5%，子公司将向比亚迪供应链长期供应六氟磷酸锂,延安必康高开5%，子公司将向比亚迪供应链长期供应六氟磷酸锂
2021-07-20,三项重磅功能升级 比亚迪汉OTA升级正式开启,三项重磅功能升级 比亚迪汉OTA升级正式开启
2021-07-21,晶方科技(603005)：CIS先进封装龙头 受益万物互联机器视觉爆发,晶方科技(603005)：CIS先进封装龙头 受益万物互联机器视觉爆发
2021-07-21,巨头为何如此疯狂“扫货”六氟磷酸锂？,巨头为何如此疯狂“扫货”六氟磷酸锂？
2021-07-21,汽车行业周报：上海“十四五”万亿汽车产业目标 特斯拉光储充一体化充电站首秀,汽车行业周报：上海“十四五”万亿汽车产业目标 特斯拉光储充一体化充电站首秀
2021-07-21,港股收盘(7.21)|恒指收跌0.13% 中期纯利同比预增超2倍 长城汽车(02333)涨超16%破顶,港股收盘(7.21)|恒指收跌0.13% 中期纯利同比预增超2倍 长城汽车(02333)涨超16%破顶
2021-07-21,恒生指数收跌0.13%报27224点 比亚迪股份(01211)涨6.12%,恒生指数收跌0.13%报27224点 比亚迪股份(01211)涨6.12%
2021-07-21,就六氟磷酸钾供应事宜，比亚迪与多家公司达成合作,就六氟磷酸钾供应事宜，比亚迪与多家公司达成合作
2021-07-21,港股收评：恒指跌0.13%，汽车股逆势大涨,港股收评：恒指跌0.13%，汽车股逆势大涨
2021-07-21,龙颜初现！比亚迪元 PLUS预告图公布：e平台3.0打造、刀片电池,龙颜初现！比亚迪元 PLUS预告图公布：e平台3.0打造、刀片电池
2021-07-21,延安必康7月20日晚间公告，公司控股子公司九九久科技近日与比亚迪供应链签署《长期合作协议》。,延安必康7月20日晚间公告，公司控股子公司九九久科技近日与比亚迪供应链签署《长期合作协议》。
2021-07-21,电气设备行业简评报告：六氟再度成为产能瓶颈 光伏关注户用发展浪潮,电气设备行业简评报告：六氟再度成为产能瓶颈 光伏关注户用发展浪潮
2021-07-21,一年下线10万辆，比亚迪汉成为那条“鲶鱼”,一年下线10万辆，比亚迪汉成为那条“鲶鱼”
2021-07-21,刘彦春、葛兰、蔡嵩松、曲扬……又一批流量型明星基金经理二季报出炉，持仓到规模全面看,刘彦春、葛兰、蔡嵩松、曲扬……又一批流量型明星基金经理二季报出炉，持仓到规模全面看
2021-07-21,智通港股研报精读(07.21) | 看好新能源汽车龙头公司、汽车玻璃龙头股和有色金属龙头股,智通港股研报精读(07.21) | 看好新能源汽车龙头公司、汽车玻璃龙头股和有色金属龙头股
2021-07-21,2021年6月汽车销量总结：6月批售整体承压 新能源乘用车加速渗透,2021年6月汽车销量总结：6月批售整体承压 新能源乘用车加速渗透
2021-07-21,太疯狂！2500亿锂电大白马罕见涨停，竟是他们干的！,太疯狂！2500亿锂电大白马罕见涨停，竟是他们干的！
2021-07-21,比亚迪e平台3.0首款纯电SUV曝光，售价区间或在13万—16万元,比亚迪e平台3.0首款纯电SUV曝光，售价区间或在13万—16万元
2021-07-21,民德电子：子公司储能电池业务已与比亚迪等建立业务合作,民德电子：子公司储能电池业务已与比亚迪等建立业务合作
2021-07-21,动力电池“争霸赛”：宁德时代暂失第一，这家非上市公司后来居上？,动力电池“争霸赛”：宁德时代暂失第一，这家非上市公司后来居上？
2021-07-21,无论比亚迪是否承认 燃油车时代已走向尾声,无论比亚迪是否承认 燃油车时代已走向尾声
2021-07-21,电报|前海开源基金经理曲扬最新持仓：重配港股腾讯控股、比亚迪被增持,电报|前海开源基金经理曲扬最新持仓：重配港股腾讯控股、比亚迪被增持
2021-07-21,比亚迪元Plus预告：e平台3.0首款纯电SUV,比亚迪元Plus预告：e平台3.0首款纯电SUV
2021-07-21,宁德时代涨超4%，比亚迪涨超6%，智能电动车ETF大涨4%！,宁德时代涨超4%，比亚迪涨超6%，智能电动车ETF大涨4%！
2021-07-21,通威股份封住涨停，光伏板块继续拉升,通威股份封住涨停，光伏板块继续拉升
2021-07-21,港股异动 | 比亚迪股份(01211)午后涨超7% 比亚迪汉第100000辆新车下线,港股异动 | 比亚迪股份(01211)午后涨超7% 比亚迪汉第100000辆新车下线
2021-07-21,【AH互动】比亚迪股份(01211)AH股齐走高 比亚迪汉第十万辆新车下线,【AH互动】比亚迪股份(01211)AH股齐走高 比亚迪汉第十万辆新车下线
2021-07-21,在新能源浪花底下的真正大潮是混动,在新能源浪花底下的真正大潮是混动
2021-07-21,A股走出独立行情，十大顶流基金经理最新调仓动向出炉,A股走出独立行情，十大顶流基金经理最新调仓动向出炉
2021-07-21,北向资金动向盘点：继续买入医药，重回“新能源车”,北向资金动向盘点：继续买入医药，重回“新能源车”
2021-07-21,就是这个材料！遭比亚迪/宁德时代“疯抢”,就是这个材料！遭比亚迪/宁德时代“疯抢”
2021-07-21,上半年最赚钱基金中报大换仓，哪些板块最受宠？,上半年最赚钱基金中报大换仓，哪些板块最受宠？
2021-07-21,EV晨报 | 比亚迪汉第10万辆新车下线；2021世界智能网联汽车大会将在京举办；华为申请“AUTOWARE”商标,EV晨报 | 比亚迪汉第10万辆新车下线；2021世界智能网联汽车大会将在京举办；华为申请“AUTOWARE”商标
2021-07-21,A股融资融券日报：两融余额增加20.89亿元（7月20日）,A股融资融券日报：两融余额增加20.89亿元（7月20日）
2021-07-21,【行情】汽车整车板块开盘拉升，长城汽车涨超6%，海马汽车、比亚迪等跟随冲高，消息上，长城汽车上半年实现净利34.98亿元，同比增长205.19%,【行情】汽车整车板块开盘拉升，长城汽车涨超6%，海马汽车、比亚迪等跟随冲高，消息上，长城汽车上半年实现净利34.98亿元，同比增长205.19%
2021-07-21,造车新军——360和美的如何站稳脚跟？,造车新军——360和美的如何站稳脚跟？
2021-07-21,比亚迪持续扫货六氟磷酸锂，究竟下的什么棋？,比亚迪持续扫货六氟磷酸锂，究竟下的什么棋？
2021-07-21,比亚迪汉第10万辆新车下线 见证中国品牌和中国制造强势崛起,比亚迪汉第10万辆新车下线 见证中国品牌和中国制造强势崛起
2021-07-21,比亚迪疯狂抢购锂电池原材料！新能源汽车火热，六氟磷酸锂走俏,比亚迪疯狂抢购锂电池原材料！新能源汽车火热，六氟磷酸锂走俏
2021-07-21,港股异动丨比亚迪(1211.HK)涨逾5% 仅仅一年 比亚迪汉第十万辆下线,港股异动丨比亚迪(1211.HK)涨逾5% 仅仅一年 比亚迪汉第十万辆下线
2021-07-21,2021年第二季度汽车保值率排行榜 小鹏汽车独占两席,2021年第二季度汽车保值率排行榜 小鹏汽车独占两席
2021-07-21,重仓股大“换血”！顶流基金经理最新布局思路曝光,重仓股大“换血”！顶流基金经理最新布局思路曝光
2021-07-21,比亚迪驶入爱尔兰市场,比亚迪驶入爱尔兰市场
2021-07-21,六氟磷酸锂价格暴涨，比亚迪/宁德时代疯抢,六氟磷酸锂价格暴涨，比亚迪/宁德时代疯抢
2021-07-21,磷酸铁锂市场需求高速增长,磷酸铁锂市场需求高速增长
2021-07-21,提升份额、扩充产能、谋求上市，动力电池第二梯队演练“攻守道”,提升份额、扩充产能、谋求上市，动力电池第二梯队演练“攻守道”
2021-07-21,“芯荒”还未缓解 “电池荒”又来了！,“芯荒”还未缓解 “电池荒”又来了！
2021-07-22,比亚迪：是金子总会发光的,比亚迪：是金子总会发光的
2021-07-22,长安UNI系列轿车谍照曝光：有望搭蓝鲸混动 竞争比亚迪DM-i,长安UNI系列轿车谍照曝光：有望搭蓝鲸混动 竞争比亚迪DM-i
2021-07-22,新能源板块行业信息点评：6月三元材料、三元前驱体出口持续高增,新能源板块行业信息点评：6月三元材料、三元前驱体出口持续高增
2021-07-22,比亚迪海豚纯电新车五款配色公布，售价11-13万之间,比亚迪海豚纯电新车五款配色公布，售价11-13万之间
2021-07-22,年轻是主旋律 比亚迪海豚5种内外饰主题曝光,年轻是主旋律 比亚迪海豚5种内外饰主题曝光
2021-07-22,基金抱团50强出炉！顶流扎堆增持股曝光,基金抱团50强出炉！顶流扎堆增持股曝光
2021-07-22,驰援河南，车企在行动：目前为止累计捐赠超1.6亿！,驰援河南，车企在行动：目前为止累计捐赠超1.6亿！
2021-07-22,万顺新材：公司电池软包箔、电池正极铝箔可应用于电池,万顺新材：公司电池软包箔、电池正极铝箔可应用于电池
2021-07-22,国产车风云5年：30万的吉利比亚迪卖断货，蔚来平均售价超宝马奥迪,国产车风云5年：30万的吉利比亚迪卖断货，蔚来平均售价超宝马奥迪
2021-07-22,首款“双优安全认证”新能源轿车出炉，比亚迪汉荣获C-NCAP五星安全认证,首款“双优安全认证”新能源轿车出炉，比亚迪汉荣获C-NCAP五星安全认证
2021-07-22,注册制新股纵览：芳源股份：三元NCA 正极材料前驱体龙头,注册制新股纵览：芳源股份：三元NCA 正极材料前驱体龙头
2021-07-22,宁德时代装机量暂别第一，LG化学、比亚迪等对手崛起,宁德时代装机量暂别第一，LG化学、比亚迪等对手崛起
2021-07-22,A股资金流向（7月22日）：资金持续减仓白酒、医药等消费龙头,A股资金流向（7月22日）：资金持续减仓白酒、医药等消费龙头
2021-07-22,金融5年风云榜·上市公司50强：茅台yyds，比亚迪称雄大湾区,金融5年风云榜·上市公司50强：茅台yyds，比亚迪称雄大湾区
2021-07-22,比亚迪汉C-NCAP成绩公布：A柱稳如山 五星评级,比亚迪汉C-NCAP成绩公布：A柱稳如山 五星评级
2021-07-22,江淮汽车“躺平”还是“躺赢”？,江淮汽车“躺平”还是“躺赢”？
2021-07-22,郑州暴雨小区断电 比亚迪唐车主放电供邻居们充手机,郑州暴雨小区断电 比亚迪唐车主放电供邻居们充手机
2021-07-22,北向资金连续4日“买买买”累计加仓超160亿，歌尔股份净买入额创逾7个月新高,北向资金连续4日“买买买”累计加仓超160亿，歌尔股份净买入额创逾7个月新高
2021-07-22,河南暴雨车企捐款一览！比亚迪领衔 无特斯拉,河南暴雨车企捐款一览！比亚迪领衔 无特斯拉
2021-07-22,LFP装车量持续高增长，电池厂向上合作确保供应安全——锂电池月度数据点评,LFP装车量持续高增长，电池厂向上合作确保供应安全——锂电池月度数据点评
2021-07-22,家族新LOGO！比亚迪海豚发布5种配色 预计售价11-13万元,家族新LOGO！比亚迪海豚发布5种配色 预计售价11-13万元
2021-07-22,君迪研究：新能源新车智能化表现更优小鹏G3/蔚来ES6领先,君迪研究：新能源新车智能化表现更优小鹏G3/蔚来ES6领先
2021-07-22,全方位OTA升级，比亚迪汉实现“可持续进化”,全方位OTA升级，比亚迪汉实现“可持续进化”
2021-07-22,暴赚8700亿！二季度公募基金23万亿创新高,暴赚8700亿！二季度公募基金23万亿创新高
2021-07-22,TWh时代或提前到来！电池企业最近忙坏了,TWh时代或提前到来！电池企业最近忙坏了
2021-07-22,新能源车市半年销量破百万，车企放榜，谁笑谁哭？,新能源车市半年销量破百万，车企放榜，谁笑谁哭？
2021-07-22,产销双过千万自主品牌亮眼,产销双过千万自主品牌亮眼
2021-07-22,公募二季度重仓白酒医药新能源，明显增持新材料板块,公募二季度重仓白酒医药新能源，明显增持新材料板块
2021-07-22,上半年汽车产销量同比分别增长24.2%和25.6%,上半年汽车产销量同比分别增长24.2%和25.6%
2021-07-22,安信研究|晨会在线20210722,安信研究|晨会在线20210722
2021-07-22,近期车企大规模召回 新能源车板块亮眼背后存隐忧 产品问题,近期车企大规模召回 新能源车板块亮眼背后存隐忧 产品问题
2021-07-22,创纪录大赚近九千亿，公募基金二季报全透视！,创纪录大赚近九千亿，公募基金二季报全透视！
2021-07-22,彻底颠覆燃油车！比亚迪汉DM-i或3季度上市 续航有望达1000km,彻底颠覆燃油车！比亚迪汉DM-i或3季度上市 续航有望达1000km
2021-07-22,动力电池原材料市场发展分析,动力电池原材料市场发展分析
2021-07-22,基金重仓股变化折射时代变迁，宁德时代晋升为公募基金第二大重仓股,基金重仓股变化折射时代变迁，宁德时代晋升为公募基金第二大重仓股
2021-07-22,比亚迪e平台3.0，下一个百万销量的强力支撑,比亚迪e平台3.0，下一个百万销量的强力支撑
2021-07-22,比亚迪、宁德时代“抢占”六氟磷酸锂市场,比亚迪、宁德时代“抢占”六氟磷酸锂市场
2021-07-22,天奇股份：公司及子公司与比亚迪已有业务合作,天奇股份：公司及子公司与比亚迪已有业务合作
2021-07-22,银轮股份(002126)：新能源业务连年高增长 估值与盈利向上可期,银轮股份(002126)：新能源业务连年高增长 估值与盈利向上可期
2021-07-22,锂电池巨头创新高，滞涨绩优概念股请收藏,锂电池巨头创新高，滞涨绩优概念股请收藏
2021-07-22,未来锂电板块继续走高 可以关注赣锋锂业等锂电上游资源股,未来锂电板块继续走高 可以关注赣锋锂业等锂电上游资源股
2021-07-22,主要汽车公司中报前瞻：预计下半年优质整车和零部件均将迎来补库行情,主要汽车公司中报前瞻：预计下半年优质整车和零部件均将迎来补库行情
2021-07-22,比亚迪发布元PLUS预告图 售价预计13万元起,比亚迪发布元PLUS预告图 售价预计13万元起
2021-07-22,A股融资融券日报：两融余额增加100.15亿元（7月21日）,A股融资融券日报：两融余额增加100.15亿元（7月21日）
2021-07-22,36股获券商买入评级 老百姓目标涨幅达48.09%,36股获券商买入评级 老百姓目标涨幅达48.09%
2021-07-22,哪些新能源车型最受欢迎？6月十大城市终端销量榜告诉你,哪些新能源车型最受欢迎？6月十大城市终端销量榜告诉你
2021-07-23,A股收盘综述：上证指数、创业板指连续三周录升，长城、江淮等再创新高,A股收盘综述：上证指数、创业板指连续三周录升，长城、江淮等再创新高
2021-07-23,粤港澳大湾区多家企业承担社会责任 紧急捐款捐物驰援豫州,粤港澳大湾区多家企业承担社会责任 紧急捐款捐物驰援豫州
2021-07-23,比亚迪盘中逆势涨超5%，新能汽车(159824)盘中创历史新高,比亚迪盘中逆势涨超5%，新能汽车(159824)盘中创历史新高
2021-07-23,7月23日两市散户减持的50只个股 减持股份,7月23日两市散户减持的50只个股 减持股份
2021-07-23,南山铝业(600219)公司公告点评：汽车板产能再扩张 增长动能充足,南山铝业(600219)公司公告点评：汽车板产能再扩张 增长动能充足
2021-07-23,中熔电气：公司产品已供货应用于比亚迪刀片电池系统,中熔电气：公司产品已供货应用于比亚迪刀片电池系统
2021-07-23,【主力资金】尾盘大资金逆市杀入新能源车龙头，买入资金超2亿元,【主力资金】尾盘大资金逆市杀入新能源车龙头，买入资金超2亿元
2021-07-23,突发大风暴！新东方一度崩了50%，400亿灰飞烟灭,突发大风暴！新东方一度崩了50%，400亿灰飞烟灭
2021-07-23,A股资金流向（7月23日）：市场情绪低迷，白酒、医药股遭大幅抛售,A股资金流向（7月23日）：市场情绪低迷，白酒、医药股遭大幅抛售
2021-07-23,官宣100天，雷军视察了一圈，小米造车走到了哪步？,官宣100天，雷军视察了一圈，小米造车走到了哪步？
2021-07-23,金融街下午茶2021年7月23日星期五,金融街下午茶2021年7月23日星期五
2021-07-23,排名第一！比亚迪荣登“自主创新主体”“自主整车集团”“新能源汽车”榜首,排名第一！比亚迪荣登“自主创新主体”“自主整车集团”“新能源汽车”榜首
2021-07-23,还在担心六氟供给过剩？电解液大厂又双叒叕获锂电巨头长单|见智研究所,还在担心六氟供给过剩？电解液大厂又双叒叕获锂电巨头长单|见智研究所
2021-07-23,"突发大风暴！新东方一度崩了50%,400亿灰飞烟灭！好未来跌成""没未来"",发生了什么？证监会通报“叶飞案” ！比亚迪在河南火了","突发大风暴！新东方一度崩了50%,400亿灰飞烟灭！好未来跌成""没未来"",发生了什么？证监会通报“叶飞案” ！比亚迪在河南火了"
2021-07-23,FF汽车上市！上半年我国新能源汽车赛道吸金超827亿元，比亚迪第一,FF汽车上市！上半年我国新能源汽车赛道吸金超827亿元，比亚迪第一
2021-07-23,A股震荡下行超46亿外资暂时撤离，新能源产业链股遭大幅抛售,A股震荡下行超46亿外资暂时撤离，新能源产业链股遭大幅抛售
2021-07-23,长城汽车A股后复权股价再创新高提振汽车板块,长城汽车A股后复权股价再创新高提振汽车板块
2021-07-23,锂电池企业大举扩产 产业链上游频现大单,锂电池企业大举扩产 产业链上游频现大单
2021-07-23,A股融资融券日报：两融余额增加93.49亿元（7月22日）,A股融资融券日报：两融余额增加93.49亿元（7月22日）
2021-07-23,汽车行业：迎接智能化拐点时刻,汽车行业：迎接智能化拐点时刻
2021-07-23,再获巨头新订单！千亿锂电龙头迎大利好,再获巨头新订单！千亿锂电龙头迎大利好
2021-07-23,亿纬锂能：低配版的宁德时代？,亿纬锂能：低配版的宁德时代？
2021-07-23,车市三大趋势明显,车市三大趋势明显
2021-07-23,基金经理抱得更紧了！大幅提升创业板、科创板仓位,基金经理抱得更紧了！大幅提升创业板、科创板仓位
2021-07-23,漫谈比亚迪：当刀片电池遇上电动车,漫谈比亚迪：当刀片电池遇上电动车
2021-07-23,【AH互动】比亚迪(01211)逆市涨2.77% 机构料2025年全球新能源汽车渗透率有望接近20%,【AH互动】比亚迪(01211)逆市涨2.77% 机构料2025年全球新能源汽车渗透率有望接近20%
2021-07-23,金发科技：公司参股投资的花城创投未投资比亚迪,金发科技：公司参股投资的花城创投未投资比亚迪
2021-07-23,3大千亿白马重挫，锂电牛股跌13%！券商股却火了,3大千亿白马重挫，锂电牛股跌13%！券商股却火了
2021-07-23,广东区域股市周报：板块总市值跌265亿 海天味业挤进板块市值5强,广东区域股市周报：板块总市值跌265亿 海天味业挤进板块市值5强
2021-07-23,A股午盘综述：创业板指下挫1.8%，券商领衔周期股逆势走强,A股午盘综述：创业板指下挫1.8%，券商领衔周期股逆势走强
2021-07-23,车市月观察丨6月自主品牌：纯电动+出口 二线自主杀疯了,车市月观察丨6月自主品牌：纯电动+出口 二线自主杀疯了
2021-07-23,恒生指数午盘收跌0.99%报27448点 比亚迪(01211)逆市涨2.68%,恒生指数午盘收跌0.99%报27448点 比亚迪(01211)逆市涨2.68%
2021-07-24,实地探访六家河南A股企业：受灾复产情况各异，已有企业全员回岗,实地探访六家河南A股企业：受灾复产情况各异，已有企业全员回岗
2021-07-24,提供多种颜色 比亚迪海豚公布配色主题命名,提供多种颜色 比亚迪海豚公布配色主题命名
2021-07-24,中国铁塔能源与比亚迪、华为等签署合作,中国铁塔能源与比亚迪、华为等签署合作
2021-07-24,新能源占比再创新高 重庆6月销量达4万辆,新能源占比再创新高 重庆6月销量达4万辆
2021-07-24,决胜千“锂” 锂电产业烙上清晰“青海印”,决胜千“锂” 锂电产业烙上清晰“青海印”
2021-07-24,全球动力电池“争霸赛”最新战况：LG反超宁德时代问鼎冠军,全球动力电池“争霸赛”最新战况：LG反超宁德时代问鼎冠军
2021-07-24,新能源对半导体的拉动分为两个层次，关注12条主线,新能源对半导体的拉动分为两个层次，关注12条主线
2021-07-25,【明日主题前瞻】“十四五”发展规划呼之欲出，光伏或成碳中和绝对主力，这家公司拟与华为开展深度战略合作,【明日主题前瞻】“十四五”发展规划呼之欲出，光伏或成碳中和绝对主力，这家公司拟与华为开展深度战略合作
2021-07-25,签下比亚迪、孚能科技等大单，电解液巨头多氟多豪赌锂电市场斥资50亿元扩大产能,签下比亚迪、孚能科技等大单，电解液巨头多氟多豪赌锂电市场斥资50亿元扩大产能
2021-07-25,一周概念股：MOSFET涨价还会持续多久？引线框架订单交期逾半年,一周概念股：MOSFET涨价还会持续多久？引线框架订单交期逾半年
2021-07-25,万亿市值是不是泡沫，宁德时代登顶王座的无尽关卡,万亿市值是不是泡沫，宁德时代登顶王座的无尽关卡
2021-07-25,"明星基金经理投资风向已变？二季度早已布局这些""宁指数""标的","明星基金经理投资风向已变？二季度早已布局这些""宁指数""标的"
2021-07-25,机械设备行业跟踪周报：制造业持续复苏带动机器人行业回暖 建议关注景气度高涨的光伏锂电设备,机械设备行业跟踪周报：制造业持续复苏带动机器人行业回暖 建议关注景气度高涨的光伏锂电设备
2021-07-25,电气设备行业：《关于加快推动新型储能发展的指导意见》(征求意见稿)出台 新型储能春天到来,电气设备行业：《关于加快推动新型储能发展的指导意见》(征求意见稿)出台 新型储能春天到来
2021-07-25,"汉EV对撞极狐阿尔法S后竟起火 比亚迪官方回应：非权威,也不是国家及行业的标准 安全事故","汉EV对撞极狐阿尔法S后竟起火 比亚迪官方回应：非权威,也不是国家及行业的标准 安全事故"
2021-07-25,比亚迪回应“某媒体发布汉EV整车碰撞试验视频”：存在诸多疑点,比亚迪回应“某媒体发布汉EV整车碰撞试验视频”：存在诸多疑点
2021-07-25,比亚迪回应汉EV碰撞：专用冷却液被更换,比亚迪回应汉EV碰撞：专用冷却液被更换
2021-07-25,比亚迪回应汉EV碰撞后静置起火：媒体测试存在诸多疑点、将安排现场排查 安全事故,比亚迪回应汉EV碰撞后静置起火：媒体测试存在诸多疑点、将安排现场排查 安全事故
2021-07-25,刀片电池起火了？比亚迪汉EV高速对撞阿尔法S静置2天起火 产品问题,刀片电池起火了？比亚迪汉EV高速对撞阿尔法S静置2天起火 产品问题
2021-07-25,电气设备行业周报：新型储能政策正式落地 天赐和LG新能源签订长单,电气设备行业周报：新型储能政策正式落地 天赐和LG新能源签订长单
2021-07-26,比亚迪汉EV对撞阿尔法S为何两天后起火？比亚迪：冷却液被换 安全事故,比亚迪汉EV对撞阿尔法S为何两天后起火？比亚迪：冷却液被换 安全事故
2021-07-26,比亚迪回应媒体碰撞实验2天后起火：实验存诸多疑点 安全事故,比亚迪回应媒体碰撞实验2天后起火：实验存诸多疑点 安全事故
2021-07-26,汽车行业乘用车系列深度3：自主崛起：复盘、展望、重估,汽车行业乘用车系列深度3：自主崛起：复盘、展望、重估
2021-07-26,五星比亚迪汉EV碰撞测试不理想 自燃系冷却液被更换,五星比亚迪汉EV碰撞测试不理想 自燃系冷却液被更换
2021-07-26,投资新消费股又有新选择，一文看懂恒指公司新推两项重磅指数！,投资新消费股又有新选择，一文看懂恒指公司新推两项重磅指数！
2021-07-26,汉EV静置两天起火，比亚迪紧急回应：实验存诸多疑点 安全事故,汉EV静置两天起火，比亚迪紧急回应：实验存诸多疑点 安全事故
2021-07-26,宁德时代诉中航锂电：专利战？其实是一场攻防战,宁德时代诉中航锂电：专利战？其实是一场攻防战
2021-07-26,懂车帝：不存在与车企的商业合作 有权威机构提供技术支持,懂车帝：不存在与车企的商业合作 有权威机构提供技术支持
2021-07-26,媒体碰撞实验两天后起火，比亚迪紧急回应：冷却液被更换，实验存诸多疑点 安全事故,媒体碰撞实验两天后起火，比亚迪紧急回应：冷却液被更换，实验存诸多疑点 安全事故
2021-07-26,北上广深是鸡肋，河南才是票仓？传统势力电动车区域销量分析,北上广深是鸡肋，河南才是票仓？传统势力电动车区域销量分析
2021-07-26,“宁组合”受追捧，如何搭建“宁FOF”？,“宁组合”受追捧，如何搭建“宁FOF”？
2021-07-26,华盛锂电科创板IPO已问询：毛利率超过40% 比亚迪参股近2%,华盛锂电科创板IPO已问询：毛利率超过40% 比亚迪参股近2%
2021-07-26,比亚迪汉对撞北汽极狐阿尔法S，为车圈“野性消费”出一把力,比亚迪汉对撞北汽极狐阿尔法S，为车圈“野性消费”出一把力
2021-07-26,机械周报：海外+国内扩产加速 锂电设备景气度持续性高,机械周报：海外+国内扩产加速 锂电设备景气度持续性高
2021-07-26,中国铁塔与比亚迪、华为等签署协议，加快能源业务布局,中国铁塔与比亚迪、华为等签署协议，加快能源业务布局
2021-07-26,比亚迪元 PLUS 预告图曝光，颜值升级，定价多少才有吸引力？,比亚迪元 PLUS 预告图曝光，颜值升级，定价多少才有吸引力？
2021-07-26,汉EV碰撞起火，刀片电池「翻车」还是冷却液的「锅」？,汉EV碰撞起火，刀片电池「翻车」还是冷却液的「锅」？
2021-07-26,比亚迪汉EV与极狐阿尔法S碰撞2天后起火？比亚迪：该测试非主流、非权威 安全事故,比亚迪汉EV与极狐阿尔法S碰撞2天后起火？比亚迪：该测试非主流、非权威 安全事故
2021-07-26,【明日主题前瞻】扩产能追不上终端需求快速成长该IC关键部件供需不平衡状况可拉长看到2024年,【明日主题前瞻】扩产能追不上终端需求快速成长该IC关键部件供需不平衡状况可拉长看到2024年
2021-07-26,【安信中小盘】厦钨新能-次新股资讯0726,【安信中小盘】厦钨新能-次新股资讯0726
2021-07-26,比亚迪汉EV碰撞起火官方回应来了；宁德时代起诉中航锂电；特斯拉Model 3 、Model Y长续航版涨价 ｜每周撩车 诉讼纠纷,比亚迪汉EV碰撞起火官方回应来了；宁德时代起诉中航锂电；特斯拉Model 3 、Model Y长续航版涨价 ｜每周撩车 诉讼纠纷
2021-07-26,比亚迪回应：存诸多疑点，冷却液非原装,比亚迪回应：存诸多疑点，冷却液非原装
2021-07-26,广丰正式投产、一丰按计划推进丰田在华新能源布局“南北共进”,广丰正式投产、一丰按计划推进丰田在华新能源布局“南北共进”
2021-07-26,懂车帝回应比亚迪：不存在与车企的商业合作,懂车帝回应比亚迪：不存在与车企的商业合作
2021-07-26,风“豫”同“州” 上汽、比亚迪等上市公司驰援河南救灾,风“豫”同“州” 上汽、比亚迪等上市公司驰援河南救灾
2021-07-26,新能源汽车行业周报-商务部：做好全链条促进汽车消费,新能源汽车行业周报-商务部：做好全链条促进汽车消费
2021-07-26,汉EV碰撞后静置起火遭比亚迪质疑懂车帝：有权威背书 安全事故,汉EV碰撞后静置起火遭比亚迪质疑懂车帝：有权威背书 安全事故
2021-07-26,低油耗的秘诀 解析比亚迪EHS电混系统,低油耗的秘诀 解析比亚迪EHS电混系统
2021-07-26,早报：Uzi范丞丞创建LOL手游战队 比亚迪回应汉EV起火,早报：Uzi范丞丞创建LOL手游战队 比亚迪回应汉EV起火
2021-07-26,比亚迪称懂车帝试验存在诸多疑点,比亚迪称懂车帝试验存在诸多疑点
2021-07-26,比亚迪汉EV和极狐S对撞，静置48小时后自燃！还涉及刀片电池？回应来了,比亚迪汉EV和极狐S对撞，静置48小时后自燃！还涉及刀片电池？回应来了
2021-07-26,【天风汽车】华为申请自动驾驶商标“AUTOWARE”|周观点,【天风汽车】华为申请自动驾驶商标“AUTOWARE”|周观点
2021-07-26,电气设备新能源行业周报：海外车企电动化战略加码 储能指导意见落地产业化提速,电气设备新能源行业周报：海外车企电动化战略加码 储能指导意见落地产业化提速
2021-07-26,"卖一辆车只赚16.4元,奇瑞却捐了3500万！网友:和鸿星尔克一样心酸","卖一辆车只赚16.4元,奇瑞却捐了3500万！网友:和鸿星尔克一样心酸"
2021-07-26,福布斯土豪榜上的自主品牌大佬，个个都充满传奇,福布斯土豪榜上的自主品牌大佬，个个都充满传奇
2021-07-26,锂电行业广阔但拥挤，宁德时代摁得住挑战者吗？,锂电行业广阔但拥挤，宁德时代摁得住挑战者吗？
2021-07-26,工信部部长肖亚庆：推动5G应用规模化发展,工信部部长肖亚庆：推动5G应用规模化发展
2021-07-26,北上资金重点加仓名单来了！22股连续七周加仓,北上资金重点加仓名单来了！22股连续七周加仓
2021-07-26,汽车“财”之道·要闻汇总【7月26日】,汽车“财”之道·要闻汇总【7月26日】
2021-07-26,海外市场开花 比亚迪在南非交付纯电动巴士,海外市场开花 比亚迪在南非交付纯电动巴士
2021-07-26,中国车市角色调换 合资自主攻防易手,中国车市角色调换 合资自主攻防易手
2021-07-26,预见2021：《2021年中国储能电池产业全景图谱》(附市场供需、竞争格局、发展前景等),预见2021：《2021年中国储能电池产业全景图谱》(附市场供需、竞争格局、发展前景等)
2021-07-26,昨夜今晨：线上培训机构禁止“拍照搜题” 鸿星尔克回应捐款质疑,昨夜今晨：线上培训机构禁止“拍照搜题” 鸿星尔克回应捐款质疑
2021-07-26,矩子科技：公司3D AOI目前已获众多行业标杆客户的认可,矩子科技：公司3D AOI目前已获众多行业标杆客户的认可
2021-07-26,【深度】2021年中欧新能源汽车产业发展对比分析(附发展差异剖析),【深度】2021年中欧新能源汽车产业发展对比分析(附发展差异剖析)
2021-07-26,比亚迪携手墨迹天气 推气象+车联网场景服务,比亚迪携手墨迹天气 推气象+车联网场景服务
2021-07-26,A股早报2021年7月26日星期一,A股早报2021年7月26日星期一
2021-07-26,汉EV碰撞两天后起火？比亚迪回应：冷却液被换所致 安全事故,汉EV碰撞两天后起火？比亚迪回应：冷却液被换所致 安全事故
2021-07-26,EV晨报 | 比亚迪针对碰撞测试给出了官方回应；富士康10月18日将举办科技日大会向外界展示电动车的实体成果,EV晨报 | 比亚迪针对碰撞测试给出了官方回应；富士康10月18日将举办科技日大会向外界展示电动车的实体成果
2021-07-26,收藏！《2021年全球动力锂电池行业技术全景图谱》(附专利申请情况、专利竞争和专利价值等),收藏！《2021年全球动力锂电池行业技术全景图谱》(附专利申请情况、专利竞争和专利价值等)
2021-07-27,1992亿资金争夺20股：主力资金重点出击4股(名单),1992亿资金争夺20股：主力资金重点出击4股(名单)
2021-07-27,懂车帝：原创碰撞测试节目系与第三方权威机构合作,懂车帝：原创碰撞测试节目系与第三方权威机构合作
2021-07-27,2021“港洽周”开幕：湖南抢抓新机遇 融入大湾区,2021“港洽周”开幕：湖南抢抓新机遇 融入大湾区
2021-07-27,中国联通积极参与 工信部5G行业应用规模化发展现场会及调研活动,中国联通积极参与 工信部5G行业应用规模化发展现场会及调研活动
2021-07-27,Rokid携合作伙伴全力推动5G行业应用创新和规模化发展,Rokid携合作伙伴全力推动5G行业应用创新和规模化发展
2021-07-27,汽车行业-21年6月新能源乘用车渗透率再创新高：新能源汽车数据点评系列十一,汽车行业-21年6月新能源乘用车渗透率再创新高：新能源汽车数据点评系列十一
2021-07-27,FPC生产正热，这家拟IPO公司来自比亚迪的订单却在减少？|IPO见闻,FPC生产正热，这家拟IPO公司来自比亚迪的订单却在减少？|IPO见闻
2021-07-27,消息人士回应“汉EV碰撞后静置起火”：量产版车型冷却液都不导电 与颜色无关,消息人士回应“汉EV碰撞后静置起火”：量产版车型冷却液都不导电 与颜色无关
2021-07-27,比亚迪碰撞测试存质疑？懂车帝：与权威机构合作,比亚迪碰撞测试存质疑？懂车帝：与权威机构合作
2021-07-27,凯中精密：公司已进入新能源汽车欧洲供应链,凯中精密：公司已进入新能源汽车欧洲供应链
2021-07-27,*ST盐湖(000792)投资价值分析报告：轻装上阵 钾肥龙头再起航,*ST盐湖(000792)投资价值分析报告：轻装上阵 钾肥龙头再起航
2021-07-27,6月智能汽车销量榜：智能车销量占比已经12.3%,6月智能汽车销量榜：智能车销量占比已经12.3%
2021-07-27,比亚迪“刀片”电池碰撞起火意味着什么 安全事故,比亚迪“刀片”电池碰撞起火意味着什么 安全事故
2021-07-27,半年考|10-20万热门新能源车竞争力分析,半年考|10-20万热门新能源车竞争力分析
2021-07-27,飞龙股份：公司当前尚未收到比亚迪电子水泵订单,飞龙股份：公司当前尚未收到比亚迪电子水泵订单
2021-07-27,懂车帝回应汉EV与阿尔法S对撞测试：系与第三方权威机构合作,懂车帝回应汉EV与阿尔法S对撞测试：系与第三方权威机构合作
2021-07-27,比亚迪DM-i超级混动、EHS电混系统解码,比亚迪DM-i超级混动、EHS电混系统解码
2021-07-27,懂车帝：原创碰撞测试节目系与国家汽车质量监督检验中心合作,懂车帝：原创碰撞测试节目系与国家汽车质量监督检验中心合作
2021-07-27,汽车行业简评报告：7月乘用车零售预计小幅下行 下半年商务部全链条促进汽车消费,汽车行业简评报告：7月乘用车零售预计小幅下行 下半年商务部全链条促进汽车消费
2021-07-27,比亚迪汉EV对撞实验起火！刀片电池深陷质疑 背后真相几何 安全事故,比亚迪汉EV对撞实验起火！刀片电池深陷质疑 背后真相几何 安全事故
2021-07-27,丰田打造比亚迪“换标车” 明年开卖,丰田打造比亚迪“换标车” 明年开卖
2021-07-27,罕见！中芯国际冲击20CM涨停，平安市值跌破万亿,罕见！中芯国际冲击20CM涨停，平安市值跌破万亿
2021-07-27,关于汉 EV 起火事件，我们究竟应该讨论什么,关于汉 EV 起火事件，我们究竟应该讨论什么
2021-07-27,摩根大通：将比亚迪H股评级上调至超配，目标价250港元。,摩根大通：将比亚迪H股评级上调至超配，目标价250港元。
2021-07-27,2021年电新行业周报7月第3期：奔驰电动化战略升级 2025年占新车销量50%,2021年电新行业周报7月第3期：奔驰电动化战略升级 2025年占新车销量50%
2021-07-27,电气设备行业跟踪点评：《新型储能发展的指导意见》落地 储能规模化发展腾飞在即,电气设备行业跟踪点评：《新型储能发展的指导意见》落地 储能规模化发展腾飞在即
2021-07-27,北京新能源汽车买车行情,北京新能源汽车买车行情
2021-07-27,新能源汽车“带飞”六氟磷酸锂需求 锂电公司扎堆抢签锂盐“长单”,新能源汽车“带飞”六氟磷酸锂需求 锂电公司扎堆抢签锂盐“长单”
2021-07-27,A股融资融券日报：两融余额减少6.08亿元（7月26日）,A股融资融券日报：两融余额减少6.08亿元（7月26日）
2021-07-27,【CV晨读】七部委要求平台保障送餐员权益，中国股市遭遇黑色星期一,【CV晨读】七部委要求平台保障送餐员权益，中国股市遭遇黑色星期一
2021-07-27,哪些新能源车型最受欢迎？十大城市真实销量榜告诉你,哪些新能源车型最受欢迎？十大城市真实销量榜告诉你
2021-07-27,亏电油耗3.8L/100km 比亚迪DM-i牛在哪里,亏电油耗3.8L/100km 比亚迪DM-i牛在哪里
2021-07-27,比亚迪回应“汉EV碰撞后静置起火”：不同批次冷却液颜色不同 都不导电 安全事故,比亚迪回应“汉EV碰撞后静置起火”：不同批次冷却液颜色不同 都不导电 安全事故
2021-07-27,上下游协同提升车规级IGBT竞争力,上下游协同提升车规级IGBT竞争力
2021-07-27,摩通：升比亚迪评级至增持 目标价上调至250港元,摩通：升比亚迪评级至增持 目标价上调至250港元
2021-07-27,比亚迪秦Pro“换标”丰田电动车 明年开卖,比亚迪秦Pro“换标”丰田电动车 明年开卖
2021-07-28,欣旺达：由小锂电到大锂电，转型承压，仍有看点？,欣旺达：由小锂电到大锂电，转型承压，仍有看点？
2021-07-28,比亚迪(002594.SZ)股东融捷投资控股等质押167万股及解质562万股,比亚迪(002594.SZ)股东融捷投资控股等质押167万股及解质562万股
2021-07-28,中国电研(688128)：厚积薄发的电器综合性检测龙头,中国电研(688128)：厚积薄发的电器综合性检测龙头
2021-07-28,订单破10万辆 比亚迪：DM-i超级混动全面超越日系混动,订单破10万辆 比亚迪：DM-i超级混动全面超越日系混动
2021-07-28,巷观陕股〡烽火电子大涨28.77%，陕西板块总市值超过1.5万亿,巷观陕股〡烽火电子大涨28.77%，陕西板块总市值超过1.5万亿
2021-07-28,比亚迪：慈善不仅需要资金，更需要技术和创新,比亚迪：慈善不仅需要资金，更需要技术和创新
2021-07-28,高盛反指风向标 | 看好TSLA盈利后却跳水，维持买入评级却连续减持 盈利能力下降,高盛反指风向标 | 看好TSLA盈利后却跳水，维持买入评级却连续减持 盈利能力下降
2021-07-28,比亚迪DM-i超级混动系统解析，让燃油汽车实现电动化软着陆,比亚迪DM-i超级混动系统解析，让燃油汽车实现电动化软着陆
2021-07-28,花300万撞比亚迪，懂车帝懂了啥？,花300万撞比亚迪，懂车帝懂了啥？
2021-07-28,比亚迪元 PLUS 预告图发布 13 万元起,比亚迪元 PLUS 预告图发布 13 万元起
2021-07-28,汽车行业2021年7月：多因素共振导致6月乘用车销量同比走弱 新能源车延续强势增长,汽车行业2021年7月：多因素共振导致6月乘用车销量同比走弱 新能源车延续强势增长
2021-07-28,【最全】2021年广东及浙江地区锂电池行业上市公司全方位对比(附业务布局、业绩对比、业务规划等),【最全】2021年广东及浙江地区锂电池行业上市公司全方位对比(附业务布局、业绩对比、业务规划等)
2021-07-28,复盘车市上半场：欣欣向荣的表象下潜藏暗涌,复盘车市上半场：欣欣向荣的表象下潜藏暗涌
2021-07-28,6月SUV销量TOP10：自主抢前三，昂科威时隔半年再入榜,6月SUV销量TOP10：自主抢前三，昂科威时隔半年再入榜
2021-07-28,比亚迪碰撞后起火，电动汽车安全吗？ 安全事故,比亚迪碰撞后起火，电动汽车安全吗？ 安全事故
2021-07-28,绵阳富临精工股份有限公司关于深圳证券交易所关注函的回复 关注函,绵阳富临精工股份有限公司关于深圳证券交易所关注函的回复 关注函
2021-07-28,颜值大增！比亚迪元PLUS设计图曝光：全新平台打造,颜值大增！比亚迪元PLUS设计图曝光：全新平台打造
2021-07-28,财信证券汽车行业2021年7月月度报告：新能源汽车景气度高，产销同比实现大幅增长,财信证券汽车行业2021年7月月度报告：新能源汽车景气度高，产销同比实现大幅增长
2021-07-28,汽车大V做了一次实验把比亚迪汉EV推到了风口浪尖？,汽车大V做了一次实验把比亚迪汉EV推到了风口浪尖？
2021-07-28,汽车行业周报：新能源车引领轻量化赛道,汽车行业周报：新能源车引领轻量化赛道
2021-07-28,比亚迪汉碰撞起火疑云：何不让子弹飞一会儿？ 安全事故,比亚迪汉碰撞起火疑云：何不让子弹飞一会儿？ 安全事故
2021-07-28,“不起火不爆炸”电池频出，动力电池企业在做大产业还是“内卷”？,“不起火不爆炸”电池频出，动力电池企业在做大产业还是“内卷”？
2021-07-28,5G创新工厂、5G无人驾驶云巴：中国联通与比亚迪联手打造,5G创新工厂、5G无人驾驶云巴：中国联通与比亚迪联手打造
2021-07-28,A股融资融券日报：两融余额减少114.87亿元（7月27日）,A股融资融券日报：两融余额减少114.87亿元（7月27日）
2021-07-29,精达股份(600577)2021年中报点评：Q2业绩符合预期 电动车业务有望加速放量,精达股份(600577)2021年中报点评：Q2业绩符合预期 电动车业务有望加速放量
2021-07-29,储能板块爆发，深股通大幅买入阳光电源，机构看好四条投资主线,储能板块爆发，深股通大幅买入阳光电源，机构看好四条投资主线
2021-07-29,比亚迪：再次获得西班牙纯电动巴士订单,比亚迪：再次获得西班牙纯电动巴士订单
2021-07-29,北向资金今日净买入逾42亿元，比亚迪、东方雨虹净买入居前,北向资金今日净买入逾42亿元，比亚迪、东方雨虹净买入居前
2021-07-29,北上资金净买入42.28亿元比亚迪获净买入7.56亿元,北上资金净买入42.28亿元比亚迪获净买入7.56亿元
2021-07-29,金融街下午茶2021年7月29日星期四,金融街下午茶2021年7月29日星期四
2021-07-29,2021下半年汽车行业投资策略：三步上篮 蓄势以待,2021下半年汽车行业投资策略：三步上篮 蓄势以待
2021-07-29,北水继续抛售美团超47亿港元；南水买入比亚迪、东方雨虹,北水继续抛售美团超47亿港元；南水买入比亚迪、东方雨虹
2021-07-29,市场思考随笔之六十五：“宁”与“茅”分化的背后,市场思考随笔之六十五：“宁”与“茅”分化的背后
2021-07-29,成本比锂电池低30%，钠离子电池“稳了”？,成本比锂电池低30%，钠离子电池“稳了”？
2021-07-29,比亚迪(002594.SZ)A股将于8月6日分红 每股派0.148元,比亚迪(002594.SZ)A股将于8月6日分红 每股派0.148元
2021-07-29,风格变了！ 不一样的牛市,风格变了！ 不一样的牛市
2021-07-29,【主力资金】主力抢筹新能源汽车龙头近20亿元，砸盘白酒龙头股,【主力资金】主力抢筹新能源汽车龙头近20亿元，砸盘白酒龙头股
2021-07-29,龙蟠科技(603906)深度研究报告：车用尿素高增长 切入铁锂或再造一个龙蟠,龙蟠科技(603906)深度研究报告：车用尿素高增长 切入铁锂或再造一个龙蟠
2021-07-29,【华创汽车 · 深度】龙蟠科技：车用尿素高增长，切入铁锂或再造一个龙蟠,【华创汽车 · 深度】龙蟠科技：车用尿素高增长，切入铁锂或再造一个龙蟠
2021-07-29,重磅！新一代电池来了！充电15分钟电量可达80%，加了“盐”的电动车会更好更便宜吗？,重磅！新一代电池来了！充电15分钟电量可达80%，加了“盐”的电动车会更好更便宜吗？
2021-07-29,从锂电材料长单看电池企业暗战,从锂电材料长单看电池企业暗战
2021-07-29,暴涨1400亿，曾毓群的新赌局,暴涨1400亿，曾毓群的新赌局
2021-07-29,份额29.9% 宁德时代电池稳居全球第一：比亚迪第四,份额29.9% 宁德时代电池稳居全球第一：比亚迪第四
2021-07-29,体验无限接近纯电动车 综合续航超1245公里 比亚迪DM-i超级混动如何造就？,体验无限接近纯电动车 综合续航超1245公里 比亚迪DM-i超级混动如何造就？
2021-07-29,容百科技(688005)2021年中报业绩预告点评：业绩超预期 高镍龙头扶摇而上,容百科技(688005)2021年中报业绩预告点评：业绩超预期 高镍龙头扶摇而上
2021-07-29,A股资金流向（7月29日）：成长股强势反包，资金汹涌抢筹,A股资金流向（7月29日）：成长股强势反包，资金汹涌抢筹
2021-07-29,核准制新股申购策略报告：中铁特货预期大概率延期发行,核准制新股申购策略报告：中铁特货预期大概率延期发行
2021-07-29,【银河晨报】7.29丨把握“双碳”战略下的行业机遇,【银河晨报】7.29丨把握“双碳”战略下的行业机遇
2021-07-29,A股融资融券日报：两融余额减少160.85亿元（7月28日）,A股融资融券日报：两融余额减少160.85亿元（7月28日）
2021-07-29,两融余额高位回落，杠杆资金转投低位消费股,两融余额高位回落，杠杆资金转投低位消费股
2021-07-29,700亿身价的锂电富豪，决定豪赌一把,700亿身价的锂电富豪，决定豪赌一把
2021-07-29,【港股通】比亚迪(01211)涨3.41% 高盛维持公司目标价313港元,【港股通】比亚迪(01211)涨3.41% 高盛维持公司目标价313港元
2021-07-29,其实我想看它撞特斯拉,其实我想看它撞特斯拉
2021-07-29,比亚迪：融捷投资控股累积质押0.95%公司股份,比亚迪：融捷投资控股累积质押0.95%公司股份
2021-07-29,港股盘前必读：吉利汽车与欣旺达及吉利汽车集团成立合资公司开发动力电池,港股盘前必读：吉利汽车与欣旺达及吉利汽车集团成立合资公司开发动力电池
2021-07-29,芯片股突然飙涨：20%涨停潮！腾讯大涨4000亿,芯片股突然飙涨：20%涨停潮！腾讯大涨4000亿
2021-07-29,新能源产业风向标：动力电池企业景气度向上 头部企业地位稳固,新能源产业风向标：动力电池企业景气度向上 头部企业地位稳固
2021-07-29,张坤、谢治宇、刘格菘们已行动，新能源基金开始调仓,张坤、谢治宇、刘格菘们已行动，新能源基金开始调仓
2021-07-29,锂电池概念掀涨停潮，天齐锂业等逾10股涨停，比亚迪涨逾7%,锂电池概念掀涨停潮，天齐锂业等逾10股涨停，比亚迪涨逾7%
2021-07-29,新能源汽车行业2021年度中期策略报告：趋势跃迁 壁垒为王,新能源汽车行业2021年度中期策略报告：趋势跃迁 壁垒为王
2021-07-29,7月29日两市超大账户抢筹的50只个股,7月29日两市超大账户抢筹的50只个股
2021-07-29,汽车渠道系列一：变革背景下，整车厂渠道终端纪实与探讨【国信汽车】,汽车渠道系列一：变革背景下，整车厂渠道终端纪实与探讨【国信汽车】
2021-07-29,比亚迪(002594)：磷酸铁锂技术驱动新一轮车型周期,比亚迪(002594)：磷酸铁锂技术驱动新一轮车型周期
2021-07-29,这个纷纷涨停的新赛道，会跑出下一批十倍百倍股吗？,这个纷纷涨停的新赛道，会跑出下一批十倍百倍股吗？
2021-07-30,制造业王者归来？基金加大配置！4大维度揭秘,制造业王者归来？基金加大配置！4大维度揭秘
2021-07-30,天际股份上半年净利润同比增长逾7倍 未来两年六氟磷酸锂产能被电池巨头“扫光”,天际股份上半年净利润同比增长逾7倍 未来两年六氟磷酸锂产能被电池巨头“扫光”
2021-07-30,A股资金流向（7月30日）：白酒“信仰崩塌”连遭抛售,A股资金流向（7月30日）：白酒“信仰崩塌”连遭抛售
2021-07-30,电新行业动态点评：我国进一步完善分时电价政策 新型电力系统储能大有可为,电新行业动态点评：我国进一步完善分时电价政策 新型电力系统储能大有可为
2021-07-30,金杯电工(002533)：低估值新能源扁线领航者,金杯电工(002533)：低估值新能源扁线领航者
2021-07-30,电力设备及新能源行业储能与新能源发展跟踪：分时电价机制点评-分时电价政策出台 “软”因素支持储能发展,电力设备及新能源行业储能与新能源发展跟踪：分时电价机制点评-分时电价政策出台 “软”因素支持储能发展
2021-07-30,恒生指数收跌1.35%报25961点 比亚迪(01211)逆市涨3.46%,恒生指数收跌1.35%报25961点 比亚迪(01211)逆市涨3.46%
2021-07-30,比亚迪汉碰撞测试后自燃？先别急着“站队”,比亚迪汉碰撞测试后自燃？先别急着“站队”
2021-07-30,北向资金今日净买入22.47亿元，对白酒股态度分化,北向资金今日净买入22.47亿元，对白酒股态度分化
2021-07-30,比亚迪等26股获特大单资金净流入超2亿元,比亚迪等26股获特大单资金净流入超2亿元
2021-07-30,“芯片是人造的”，比亚迪王传福如何打造一个半导体帝国？,“芯片是人造的”，比亚迪王传福如何打造一个半导体帝国？
2021-07-30,资本市场大火的万亿级“储能”到底是个啥？产业链上龙头有哪些？,资本市场大火的万亿级“储能”到底是个啥？产业链上龙头有哪些？
2021-07-30,比亚迪惊现涨停，万亿储能市场还有多少大黑马？,比亚迪惊现涨停，万亿储能市场还有多少大黑马？
2021-07-30,聚焦董秘｜比亚迪李黔：从中国制造到中国品牌，比亚迪的进阶之路,聚焦董秘｜比亚迪李黔：从中国制造到中国品牌，比亚迪的进阶之路
2021-07-30,比亚迪和懂车帝，谁更懂车？,比亚迪和懂车帝，谁更懂车？
2021-07-30,特斯拉又降价了！Model 3 已杀到比亚迪汉、小鹏 P7 价格区间,特斯拉又降价了！Model 3 已杀到比亚迪汉、小鹏 P7 价格区间
2021-07-30,“龙颜美学”比亚迪元PLUS实车曝光,“龙颜美学”比亚迪元PLUS实车曝光
2021-07-30,Model 3 标准续航版价格下调 1.5 万 / 蔚来将推出中低端品牌 / 丰田无人车开进东京奥运会,Model 3 标准续航版价格下调 1.5 万 / 蔚来将推出中低端品牌 / 丰田无人车开进东京奥运会
2021-07-30,重磅消息引爆储能概念，这些标的请收好！,重磅消息引爆储能概念，这些标的请收好！
2021-07-30,加个 PLUS，让元不再“圆”,加个 PLUS，让元不再“圆”
2021-07-30,地平线与多家自主车企抱团欲破解芯片困局,地平线与多家自主车企抱团欲破解芯片困局
2021-07-30,突破里程束缚和充电焦虑，比亚迪秦PLUS EV“佩刀”上阵,突破里程束缚和充电焦虑，比亚迪秦PLUS EV“佩刀”上阵
2021-07-30,说说比亚迪汉碰撞起火之争 安全事故,说说比亚迪汉碰撞起火之争 安全事故
2021-07-30,连ETF都涨停！万亿巨头有重磅动作，A股后市怎么走,连ETF都涨停！万亿巨头有重磅动作，A股后市怎么走
2021-07-30,北向资金动向盘点：“电新”成持仓市值老二，取代“医药”,北向资金动向盘点：“电新”成持仓市值老二，取代“医药”
2021-07-30,“宁组合”PK“茅指数” ，基金抱团重仓股曝光，谁更受欢迎？,“宁组合”PK“茅指数” ，基金抱团重仓股曝光，谁更受欢迎？
2021-07-30,A股大反弹！北向资金加仓了这些股；白酒高开低走逆市下跌（名单）,A股大反弹！北向资金加仓了这些股；白酒高开低走逆市下跌（名单）
2021-07-30,专利诉讼或影响中航锂电IPO？多起纠纷背后，宁德时代面临“守擂”焦虑 诉讼纠纷,专利诉讼或影响中航锂电IPO？多起纠纷背后，宁德时代面临“守擂”焦虑 诉讼纠纷
2021-07-30,【华创汽车/电新 · 深度】龙蟠科技：切入铁锂或再造一个龙蟠,【华创汽车/电新 · 深度】龙蟠科技：切入铁锂或再造一个龙蟠
2021-07-30,每日理财观察：发改委进一步完善分时电价机制,每日理财观察：发改委进一步完善分时电价机制
2021-07-30,A股融资融券日报：两融余额增加86.23亿元（7月29日）,A股融资融券日报：两融余额增加86.23亿元（7月29日）
2021-07-30,南向资金净卖出46.18亿港元，比亚迪逆势获净买入近10亿港元,南向资金净卖出46.18亿港元，比亚迪逆势获净买入近10亿港元
2021-07-30,储能行业：分时电价机制完善 工商业储能迎来拐点,储能行业：分时电价机制完善 工商业储能迎来拐点
2021-07-30,【1211】花旗上调比亚迪AH股目标价 | 头条金融网,【1211】花旗上调比亚迪AH股目标价 | 头条金融网
2021-07-30,干货！2021年中国锂电池行业龙头企业对比：宁德时代VS比亚迪VS国轩高科 谁是行业“一哥”？,干货！2021年中国锂电池行业龙头企业对比：宁德时代VS比亚迪VS国轩高科 谁是行业“一哥”？
2021-07-30,【AH互动】比亚迪(01211)AH股齐涨逾3% 将于8月6日派息,【AH互动】比亚迪(01211)AH股齐涨逾3% 将于8月6日派息
2021-07-30,A股早报2021年7月30日星期五,A股早报2021年7月30日星期五
2021-07-31,上半年新能源汽车上险量同比增长222% 华为助推赛力斯SF5翻了三倍,上半年新能源汽车上险量同比增长222% 华为助推赛力斯SF5翻了三倍
2021-07-31,行业观察|自动驾驶芯片：算力跑马、开放生态与国内厂商的半壁江山,行业观察|自动驾驶芯片：算力跑马、开放生态与国内厂商的半壁江山
2021-07-31,2021年上半年全球动力电池装机量排行：日本战队市占率全面下降,2021年上半年全球动力电池装机量排行：日本战队市占率全面下降
2021-07-31,广东区域股市周报：2家公司退市 186家机构调研德赛西威 退市,广东区域股市周报：2家公司退市 186家机构调研德赛西威 退市
2021-07-31,利元亨(688499)：消费锂电龙头切入动力锂电 专机向整线设备演进,利元亨(688499)：消费锂电龙头切入动力锂电 专机向整线设备演进
2021-07-31,硬刚合资，国人怒赞，属于中国品牌的时代已经来临,硬刚合资，国人怒赞，属于中国品牌的时代已经来临
2021-07-31,争夺“心脏”话语权 超12家车企密集强化动力电池战略布局,争夺“心脏”话语权 超12家车企密集强化动力电池战略布局
2021-07-31,又是 A 柱弯，又是烧成灰，比亚迪安全神话破灭了？,又是 A 柱弯，又是烧成灰，比亚迪安全神话破灭了？
2021-08-01,“盐湖提锂”王者归来！硬科技龙头获近500家机构调研,“盐湖提锂”王者归来！硬科技龙头获近500家机构调研
2021-08-01,比亚迪对撞后续：安全面前，电动车有必要和燃油车“划清界限”么？,比亚迪对撞后续：安全面前，电动车有必要和燃油车“划清界限”么？
2021-08-01,大降2万！比亚迪汉EV入门车型上线 续航远超特斯拉Model 3,大降2万！比亚迪汉EV入门车型上线 续航远超特斯拉Model 3
2021-08-01,宁德时代掀“专利侵权”之争 或因对手林立行业竞争加剧 诉讼纠纷,宁德时代掀“专利侵权”之争 或因对手林立行业竞争加剧 诉讼纠纷
2021-08-01,首款“海洋美学”设计 比亚迪海豚亮相,首款“海洋美学”设计 比亚迪海豚亮相
2021-08-02,机构净买入2.4亿 北向资金买入3.3亿，一致看好，比亚迪明天继续涨停？,机构净买入2.4亿 北向资金买入3.3亿，一致看好，比亚迪明天继续涨停？
2021-08-02,大盘放量回升 机构买入意愿回升,大盘放量回升 机构买入意愿回升
2021-08-02,对标特斯拉？比亚迪汉 EV 售价下探 2 万,对标特斯拉？比亚迪汉 EV 售价下探 2 万
2021-08-02,涨停板解密：资金抢筹，三大板块个股火爆！（8月2日）,涨停板解密：资金抢筹，三大板块个股火爆！（8月2日）
2021-08-02,比亚迪今日涨停 深股通买入10.94亿元,比亚迪今日涨停 深股通买入10.94亿元
2021-08-02,比亚迪惊现涨停，万亿储能市场能芜湖起飞么？,比亚迪惊现涨停，万亿储能市场能芜湖起飞么？
2021-08-02,比亚迪龙虎榜数据（8月2日）,比亚迪龙虎榜数据（8月2日）
2021-08-02,比亚迪汉 EV 新增标准续航版豪华型：售价 20.98 万,比亚迪汉 EV 新增标准续航版豪华型：售价 20.98 万
2021-08-02,主力动手了，狂买比亚迪5.7亿！,主力动手了，狂买比亚迪5.7亿！
2021-08-02,8月2日复盘：两市放量大涨沪指涨近2% 主力重点出击10股,8月2日复盘：两市放量大涨沪指涨近2% 主力重点出击10股
2021-08-02,A股资金流向（8月2日）：高切低痕迹明显，资金转战超跌价值股,A股资金流向（8月2日）：高切低痕迹明显，资金转战超跌价值股
2021-08-02,收评：港股恒指涨1.06% 恒腾网路暴涨48%比亚迪AH股齐升,收评：港股恒指涨1.06% 恒腾网路暴涨48%比亚迪AH股齐升
2021-08-02,高盛反指风向标：预测铜价将大幅上涨，紫金矿业成为看涨新目标,高盛反指风向标：预测铜价将大幅上涨，紫金矿业成为看涨新目标
2021-08-02,1942亿资金争夺20股：主力资金重点出击10股(名单),1942亿资金争夺20股：主力资金重点出击10股(名单)
2021-08-02,基础材料、机械、电力电气设备行业2Q21持仓及陆港通分析：公募持仓大幅提升 超配新能源,基础材料、机械、电力电气设备行业2Q21持仓及陆港通分析：公募持仓大幅提升 超配新能源
2021-08-02,比亚迪今日涨停，股价创历史新高达到291.18元，总市值突破8000亿,比亚迪今日涨停，股价创历史新高达到291.18元，总市值突破8000亿
2021-08-02,总市值超8300亿！比亚迪喜提涨停：股价再创历史新高,总市值超8300亿！比亚迪喜提涨停：股价再创历史新高
2021-08-02,新能源行业产业风向标：造车新势力迅速崛起 动力电池供应格局偏紧,新能源行业产业风向标：造车新势力迅速崛起 动力电池供应格局偏紧
2021-08-02,比亚迪涨停刷新历史高点，机构、外资、一线游资汇聚,比亚迪涨停刷新历史高点，机构、外资、一线游资汇聚
2021-08-02,汽车行业第31周周报：特斯拉再降价 新能源车将加速替代燃油车,汽车行业第31周周报：特斯拉再降价 新能源车将加速替代燃油车
2021-08-02,电气设备行业周报：三大弹性方向继续发力 储能等后周期将成主线,电气设备行业周报：三大弹性方向继续发力 储能等后周期将成主线
2021-08-02,碰撞风波后，比亚迪汉 EV 新车“直降” 2 万元开卖！,碰撞风波后，比亚迪汉 EV 新车“直降” 2 万元开卖！
2021-08-02,“芯动”地平线，可否复刻宁德时代,“芯动”地平线，可否复刻宁德时代
2021-08-02,【兴证计算机】CJ2021都有哪些新看点？,【兴证计算机】CJ2021都有哪些新看点？
2021-08-02,水泥价格大面积上涨，盐湖提锂龙头复牌归来丨明日主题前瞻,水泥价格大面积上涨，盐湖提锂龙头复牌归来丨明日主题前瞻
2021-08-02,汽车股狂飙！除了政策“加油”，还有哪些动力？,汽车股狂飙！除了政策“加油”，还有哪些动力？
2021-08-02,汽车行业周报：业绩超预期后再降价+特斯拉产业链东风再起,汽车行业周报：业绩超预期后再降价+特斯拉产业链东风再起
2021-08-02,电新行业周报：峰谷价差拉大利好光伏及储能推广 风电需求有望超预期,电新行业周报：峰谷价差拉大利好光伏及储能推广 风电需求有望超预期
2021-08-02,6月销量跑赢特斯拉，比亚迪市值飚上八千亿新高！北向、机构、顶级游资齐齐助攻封板,6月销量跑赢特斯拉，比亚迪市值飚上八千亿新高！北向、机构、顶级游资齐齐助攻封板
2021-08-02,15分钟充电80% 钠离子电池能否掀起一场革命？,15分钟充电80% 钠离子电池能否掀起一场革命？
2021-08-02,A股8月开门红，百股涨停！机构：波动过后海阔天空,A股8月开门红，百股涨停！机构：波动过后海阔天空
2021-08-02,秦 PLUS EV：可触动消费者购买电动车的那颗心？,秦 PLUS EV：可触动消费者购买电动车的那颗心？
2021-08-02,车企涌入ChinaJoy,车企涌入ChinaJoy
2021-08-02,一天差点涨出一家银行！价值股又香了？,一天差点涨出一家银行！价值股又香了？
2021-08-02,比亚迪股价创新高，深股通买入近11亿元，主力频繁加仓,比亚迪股价创新高，深股通买入近11亿元，主力频繁加仓
2021-08-02,8月2日龙虎榜：超6亿资金抢筹比亚迪,8月2日龙虎榜：超6亿资金抢筹比亚迪
2021-08-02,数据复盘｜汽车、非银金融等行业获主力资金青睐 北向资金连续4日净流入,数据复盘｜汽车、非银金融等行业获主力资金青睐 北向资金连续4日净流入
2021-08-02,北向资金50亿扫货：净买入比亚迪3.37亿，茅台再遭卖出,北向资金50亿扫货：净买入比亚迪3.37亿，茅台再遭卖出
2021-08-02,龙虎榜|比亚迪涨停 深股通净买入3.37亿元,龙虎榜|比亚迪涨停 深股通净买入3.37亿元
2021-08-02,最新龙虎榜动向：6.14亿资金抢筹比亚迪，机构狂买江特电机（名单）,最新龙虎榜动向：6.14亿资金抢筹比亚迪，机构狂买江特电机（名单）
2021-08-02,重大信号！神奇指标成功向上大变盘！资金猛吃这类低位股！,重大信号！神奇指标成功向上大变盘！资金猛吃这类低位股！
2021-08-02,8月2日复盘：消费行情助力指数大涨 主力重点出击10股,8月2日复盘：消费行情助力指数大涨 主力重点出击10股
2021-08-02,比亚迪今日大宗交易成交2.55万股，成交价291.18元溢价0.0%,比亚迪今日大宗交易成交2.55万股，成交价291.18元溢价0.0%
2021-08-02,比亚迪AH股齐升，A股午后涨停创新高，机构称还能涨20%,比亚迪AH股齐升，A股午后涨停创新高，机构称还能涨20%
2021-08-02,解盘：百亿资金回流，化纤、挖掘机、水泥、大飞机领涨,解盘：百亿资金回流，化纤、挖掘机、水泥、大飞机领涨
2021-08-02,比亚迪海豚实车参展 ChinaJoy：国风漫画涂装，售价 11-13 万之间,比亚迪海豚实车参展 ChinaJoy：国风漫画涂装，售价 11-13 万之间
2021-08-02,【券商聚焦】招银予比亚迪股份(01211)为行业首选 上调目标价11.7%至315港元,【券商聚焦】招银予比亚迪股份(01211)为行业首选 上调目标价11.7%至315港元
2021-08-02,睿智投资｜中国新能源汽车行业 – 上半年渗透率超预期，下半年更值得期待,睿智投资｜中国新能源汽车行业 – 上半年渗透率超预期，下半年更值得期待
2021-08-02,晶瑞股份：“网传巴菲特加持晶瑞”传言不实,晶瑞股份：“网传巴菲特加持晶瑞”传言不实
2021-08-02,股价创下历史新高，比亚迪牛在哪里？,股价创下历史新高，比亚迪牛在哪里？
2021-08-02,汽车股逆市走高 小鹏汽车-W涨超10%比亚迪涨超7%,汽车股逆市走高 小鹏汽车-W涨超10%比亚迪涨超7%
2021-08-02,花旗：上调比亚迪A和H股目标价 外部磷酸铁锂电池出货将开启,花旗：上调比亚迪A和H股目标价 外部磷酸铁锂电池出货将开启
2021-08-02,花旗：比亚迪目标价由327港元上调25%至410港元,花旗：比亚迪目标价由327港元上调25%至410港元
2021-08-02,比亚迪AH股齐涨近8% A股将于8月6日分红,比亚迪AH股齐涨近8% A股将于8月6日分红
2021-08-02,从重庆工业投资两位数增长看营商环境优化,从重庆工业投资两位数增长看营商环境优化
2021-08-02,比亚迪新能源汽车5年将获共计逾9亿元补助,比亚迪新能源汽车5年将获共计逾9亿元补助
2021-08-02,汽车股盘初活跃，比亚迪放量大涨7%刷新历史新高,汽车股盘初活跃，比亚迪放量大涨7%刷新历史新高
2021-08-02,A股融资融券日报：两融余额减少7.74亿元（7月30日）,A股融资融券日报：两融余额减少7.74亿元（7月30日）
2021-08-02,A股早报2021年8月2日星期一,A股早报2021年8月2日星期一
2021-08-02,每日理财观察：中央政治局会议定调下半年经济工作,每日理财观察：中央政治局会议定调下半年经济工作
2021-08-02,81股获券商买入评级 新城控股目标涨幅达108.40%,81股获券商买入评级 新城控股目标涨幅达108.40%
2021-08-02,比亚迪(002594.SZ)尾盘涨停逼近300元关口 再创历史新高,比亚迪(002594.SZ)尾盘涨停逼近300元关口 再创历史新高
2021-08-02,EV晨报 | 理想汽车7月交付8589辆；小鹏汽车7月交付量首破八千；宝骏KiWi EV公布中文名,EV晨报 | 理想汽车7月交付8589辆；小鹏汽车7月交付量首破八千；宝骏KiWi EV公布中文名
2021-08-02,大行评级 | 高盛：维持比亚迪(1211.HK)买入评级 目标价313港元,大行评级 | 高盛：维持比亚迪(1211.HK)买入评级 目标价313港元
2021-08-02,快讯：汽车板块拉升走高 比亚迪大涨逾8%,快讯：汽车板块拉升走高 比亚迪大涨逾8%
2021-08-02,比亚迪海豚首发亮相：e平台3.0打造、预计售价11-13万元,比亚迪海豚首发亮相：e平台3.0打造、预计售价11-13万元
2021-08-02,涨停板复盘：沪指、深成指震荡走高 新能源汽车再度爆发,涨停板复盘：沪指、深成指震荡走高 新能源汽车再度爆发
2021-08-02,花旗：料下半年比亚迪电动车业务毛利大幅回升 上调公司AH股目标价,花旗：料下半年比亚迪电动车业务毛利大幅回升 上调公司AH股目标价
2021-08-02,比亚迪涨停再创新高 市值超越中石油仅一步之遥,比亚迪涨停再创新高 市值超越中石油仅一步之遥
2021-08-02,A股收盘综述：8月开门红，白马股集体回暖,A股收盘综述：8月开门红，白马股集体回暖
2021-08-02,江淮汽车尾盘回封涨停板，比亚迪、长城汽车A股盘中均创出历史新高,江淮汽车尾盘回封涨停板，比亚迪、长城汽车A股盘中均创出历史新高
2021-08-02,优质产能不足 “电池荒”折射新能源汽车行业核心焦虑,优质产能不足 “电池荒”折射新能源汽车行业核心焦虑
2021-08-02,快讯：比亚迪午后触及涨停板 成交额逾170亿元,快讯：比亚迪午后触及涨停板 成交额逾170亿元
2021-08-02,汽车行业周报：吉利汽车与欣旺达成立动力电池合资公司,汽车行业周报：吉利汽车与欣旺达成立动力电池合资公司
2021-08-02,【行情】比亚迪A股临近尾盘触及涨停，成交额超170亿元,【行情】比亚迪A股临近尾盘触及涨停，成交额超170亿元
2021-08-02,快讯：比亚迪再创新高 成交额超170亿,快讯：比亚迪再创新高 成交额超170亿
2021-08-02,比亚迪午后涨停 股价再创新高,比亚迪午后涨停 股价再创新高
2021-08-02,电气设备新能源行业周报：分时电价政策推动储能发展 中央定调支持电动车产业,电气设备新能源行业周报：分时电价政策推动储能发展 中央定调支持电动车产业
2021-08-02,8月刚到，理想汽车、小鹏汽车就公布了7月的销售数据，双双创单月交付量新纪录，预示新能源汽车行业的超高景气。,8月刚到，理想汽车、小鹏汽车就公布了7月的销售数据，双双创单月交付量新纪录，预示新能源汽车行业的超高景气。
2021-08-02,智通财经港股8月投资策略及十大金股,智通财经港股8月投资策略及十大金股
2021-08-02,盐湖提锂概念盘中跳水 白酒带领消费反弹 业内人士：市场将重回盈利主线,盐湖提锂概念盘中跳水 白酒带领消费反弹 业内人士：市场将重回盈利主线
2021-08-02,不抢电池就没了！奔驰等12家车企加入混战！4年后电池产能将耗尽,不抢电池就没了！奔驰等12家车企加入混战！4年后电池产能将耗尽
2021-08-02,7000亿市值大白马盘中接近涨停！龙头股将恢复上市，锂矿板块爆发,7000亿市值大白马盘中接近涨停！龙头股将恢复上市，锂矿板块爆发
2021-08-02,大逆转！白酒机械强势回归，基建大周期要来了？,大逆转！白酒机械强势回归，基建大周期要来了？
2021-08-02,碰撞表现优异 汉获C-NCAP五星安全认证,碰撞表现优异 汉获C-NCAP五星安全认证
2021-08-02,怡合达(301029)：深耕工控长尾市场 乘风新兴产业崛起,怡合达(301029)：深耕工控长尾市场 乘风新兴产业崛起
2021-08-03,涨到害怕！比亚迪强势涨停，长城汽车紧急公告，谁在\,涨到害怕！比亚迪强势涨停，长城汽车紧急公告，谁在\
2021-08-03,电力设备与新能源行业：高镍未来已来 龙头涅盘见云开,电力设备与新能源行业：高镍未来已来 龙头涅盘见云开
2021-08-03,股价暴涨1倍！高盛：维持比亚迪确信买入名单 电池产能超汽车产量13倍,股价暴涨1倍！高盛：维持比亚迪确信买入名单 电池产能超汽车产量13倍
2021-08-03,比亚迪(002594)跟踪点评：新起点 多元定义能力贡献价值,比亚迪(002594)跟踪点评：新起点 多元定义能力贡献价值
2021-08-03,锂电设备跟踪：从海目星订单看二线设备的弹性,锂电设备跟踪：从海目星订单看二线设备的弹性
2021-08-03,花旗：升比亚迪(1211.HK)目标价至410港元 评级“买入”,花旗：升比亚迪(1211.HK)目标价至410港元 评级“买入”
2021-08-03,8月3日两市散户抢筹的50只个股,8月3日两市散户抢筹的50只个股
2021-08-03,ChinaJoy变了！华为、比亚迪跨界抢风头，宅男们到底来看啥？,ChinaJoy变了！华为、比亚迪跨界抢风头，宅男们到底来看啥？
2021-08-03,英维克(002837)：间接蒸发制冷需求释放 储能应用厚积薄发,英维克(002837)：间接蒸发制冷需求释放 储能应用厚积薄发
2021-08-03,懂车帝“惹火”比亚迪,懂车帝“惹火”比亚迪
2021-08-03,华夏基金钟帅：真正带来技术进步和生产关系改善的行业代表了未来的方向,华夏基金钟帅：真正带来技术进步和生产关系改善的行业代表了未来的方向
2021-08-03,汽车行业周报：宁德时代钠离子电池发布 特斯拉二季报持续盈利,汽车行业周报：宁德时代钠离子电池发布 特斯拉二季报持续盈利
2021-08-03,北向资金今日净买入17.99亿元，白酒股逆势遭卖出,北向资金今日净买入17.99亿元，白酒股逆势遭卖出
2021-08-03,广汽集团：今年9月份将量产超级快充技术,广汽集团：今年9月份将量产超级快充技术
2021-08-03,【主力资金】主力紧急抛售这些股，行业龙头赫然在列（附名单）,【主力资金】主力紧急抛售这些股，行业龙头赫然在列（附名单）
2021-08-03,电报|比亚迪合肥项目完成备案 年产40万辆整车及配套动力总成,电报|比亚迪合肥项目完成备案 年产40万辆整车及配套动力总成
2021-08-03,【融中|要闻回顾】比亚迪市值飚上八千亿新高 苏宁物流否认将被收购,【融中|要闻回顾】比亚迪市值飚上八千亿新高 苏宁物流否认将被收购
2021-08-03,比亚迪被懂车帝“惹火”，刀片电池安全性遭质疑，油改电难跟上时代,比亚迪被懂车帝“惹火”，刀片电池安全性遭质疑，油改电难跟上时代
2021-08-03,有人嫌土、有人却觉得潮，国产车为什么又热衷于取“中文名”了？,有人嫌土、有人却觉得潮，国产车为什么又热衷于取“中文名”了？
2021-08-03,A股资金流向（8月3日）：高切低趋势日渐明朗，新能源产业链集体遭抛售,A股资金流向（8月3日）：高切低趋势日渐明朗，新能源产业链集体遭抛售
2021-08-03,比亚迪叉车公司状告比亚迪股份，因劳动合同纠纷 诉讼纠纷,比亚迪叉车公司状告比亚迪股份，因劳动合同纠纷 诉讼纠纷
2021-08-03,汉“降价”，只是因为特斯拉降价？,汉“降价”，只是因为特斯拉降价？
2021-08-03,比亚迪A股跌幅扩大至4.4％。,比亚迪A股跌幅扩大至4.4％。
2021-08-03,亿纬锂能与恩捷股份拟成立合资公司，向动力电池产业链上游扩张,亿纬锂能与恩捷股份拟成立合资公司，向动力电池产业链上游扩张
2021-08-03,比亚迪行情爆发？新型储能风口必有一战？分拆半导体上市更重要！,比亚迪行情爆发？新型储能风口必有一战？分拆半导体上市更重要！
2021-08-03,比亚迪又火了！AH股价齐创历史新高，机构称还能再涨20%?,比亚迪又火了！AH股价齐创历史新高，机构称还能再涨20%?
2021-08-03,比亚迪强势涨停，长城汽车紧急公告，机构仍在扫货，起到“推波助澜”作用,比亚迪强势涨停，长城汽车紧急公告，机构仍在扫货，起到“推波助澜”作用
2021-08-03,8月A股放量开门红 超跌白马股大幅反弹,8月A股放量开门红 超跌白马股大幅反弹
2021-08-03,锂电池巨头大举“扫货” 六氟磷酸锂成“香饽饽”,锂电池巨头大举“扫货” 六氟磷酸锂成“香饽饽”
2021-08-03,上半年全球电动汽车销量榜：大众ID.4逼近比亚迪汉,上半年全球电动汽车销量榜：大众ID.4逼近比亚迪汉
2021-08-03,3 个月涨了 96%，长城汽车已经突破传统汽车天花板？,3 个月涨了 96%，长城汽车已经突破传统汽车天花板？
2021-08-03,港股盘前必读：美联储可能会在9月15日前宣布缩减购债,港股盘前必读：美联储可能会在9月15日前宣布缩减购债
2021-08-03,【华创汽车】比亚迪：多元定义能力贡献价值,【华创汽车】比亚迪：多元定义能力贡献价值
2021-08-03,A股8月开门红，百股涨停！机构：波动过后海阔天空,A股8月开门红，百股涨停！机构：波动过后海阔天空
2021-08-03,A股早报2021年8月3日星期二,A股早报2021年8月3日星期二
2021-08-03,A股融资融券日报：两融余额增加141.8亿元（8月2日）,A股融资融券日报：两融余额增加141.8亿元（8月2日）
2021-08-03,每日理财观察：A股史诗级“大肉签”来了,每日理财观察：A股史诗级“大肉签”来了
2021-08-03,华创证券：维持比亚迪股份(01211)“强推”评级 目标价327.9港元,华创证券：维持比亚迪股份(01211)“强推”评级 目标价327.9港元
2021-08-03,【券商聚焦】上调电池产量及盈利预测 高盛微升比亚迪(01211)目标价2.6%,【券商聚焦】上调电池产量及盈利预测 高盛微升比亚迪(01211)目标价2.6%
2021-08-03,又一家电池企业破产重整！曾为宁德时代、比亚迪代工 减资破产,又一家电池企业破产重整！曾为宁德时代、比亚迪代工 减资破产
2021-08-03,南向资金净卖出8.69亿港元，比亚迪获净买入7.81亿港元,南向资金净卖出8.69亿港元，比亚迪获净买入7.81亿港元
2021-08-03,【券商聚焦】高盛看好比亚迪(01211)及中升控股(00881) 料2035年新能源汽车普及率升至70%,【券商聚焦】高盛看好比亚迪(01211)及中升控股(00881) 料2035年新能源汽车普及率升至70%
2021-08-03,汽车行业简评报告：MODEL3起步价下调、电动车三包政策明确 电动车加速主流化,汽车行业简评报告：MODEL3起步价下调、电动车三包政策明确 电动车加速主流化
2021-08-03,永贵电器：公司新能源板块产品已进入比亚迪等国产一线品牌及合资品牌供应链体系,永贵电器：公司新能源板块产品已进入比亚迪等国产一线品牌及合资品牌供应链体系
2021-08-03,理想汽车启动招股，快来抢先认购！,理想汽车启动招股，快来抢先认购！
2021-08-04,强势涨停国产车第一高！比亚迪迎历史一刻 市值超中石油,强势涨停国产车第一高！比亚迪迎历史一刻 市值超中石油
2021-08-04,比亚迪跻身A股市值前十！热门赛道股大反攻，下车还是上车？,比亚迪跻身A股市值前十！热门赛道股大反攻，下车还是上车？
2021-08-04,大盘缩量反弹 机构做多意愿升温,大盘缩量反弹 机构做多意愿升温
2021-08-04,比亚迪股价突破300元，总市值超过中国石油跻身A股第九名,比亚迪股价突破300元，总市值超过中国石油跻身A股第九名
2021-08-04,最新龙虎榜动向：比亚迪涨停股价突破300元，2.4亿资金抢筹（名单）,最新龙虎榜动向：比亚迪涨停股价突破300元，2.4亿资金抢筹（名单）
2021-08-04,合纵科技：公司产品在比亚迪认证已经通过,合纵科技：公司产品在比亚迪认证已经通过
2021-08-04,涨停板解密：三大板块个股火爆上攻！（8月4日）,涨停板解密：三大板块个股火爆上攻！（8月4日）
2021-08-04,棱镜 | 燃油车卖越多越多，传统车企能活几家,棱镜 | 燃油车卖越多越多，传统车企能活几家
2021-08-04,新能源车全线走强 多路资金买卖激烈,新能源车全线走强 多路资金买卖激烈
2021-08-04,投顾看盘 | 资金回流锂电比亚迪股价创新高，掘金四大赛道,投顾看盘 | 资金回流锂电比亚迪股价创新高，掘金四大赛道
2021-08-04,比亚迪龙虎榜数据（8月4日）,比亚迪龙虎榜数据（8月4日）
2021-08-04,客户“威胁”基金经理：不买新能源就赎回,客户“威胁”基金经理：不买新能源就赎回
2021-08-04,一则消息引一板块直接暴走 涨停板都数不过来！一日游还是持续利好？,一则消息引一板块直接暴走 涨停板都数不过来！一日游还是持续利好？
2021-08-04,龙虎榜：比亚迪涨停创新高 机构买入2.22亿元卖出1.40亿元,龙虎榜：比亚迪涨停创新高 机构买入2.22亿元卖出1.40亿元
2021-08-04,比亚迪涨停 深股通、机构买卖激烈,比亚迪涨停 深股通、机构买卖激烈
2021-08-04,比亚迪A股今日涨停并再创新高，深股通买入6.56亿元并卖出7.07亿元,比亚迪A股今日涨停并再创新高，深股通买入6.56亿元并卖出7.07亿元
2021-08-04,新能源迎来新的里程碑：宁德时代后 比亚迪市值超越中石油,新能源迎来新的里程碑：宁德时代后 比亚迪市值超越中石油
2021-08-04,比亚迪汉获C-NCAP五星安全认证，成为首款“双优安全认证”的新能源轿车,比亚迪汉获C-NCAP五星安全认证，成为首款“双优安全认证”的新能源轿车
2021-08-04,合肥比亚迪年产40万辆整车项目已备案 或8月底将开工建设,合肥比亚迪年产40万辆整车项目已备案 或8月底将开工建设
2021-08-04,优惠力度加大 6月新能源价格指数微跌,优惠力度加大 6月新能源价格指数微跌
2021-08-04,突发！一则消息，这个板块直接暴走，涨停板都数不过来了！9000亿龙头又涨停，股民已惊呆，没有天花板吗？,突发！一则消息，这个板块直接暴走，涨停板都数不过来了！9000亿龙头又涨停，股民已惊呆，没有天花板吗？
2021-08-04,比亚迪涨停，基金经理大危机！客户：不买新能源就赎回,比亚迪涨停，基金经理大危机！客户：不买新能源就赎回
2021-08-04,"彻底涨疯，8000亿比亚迪涨停，市值超中石油！客户急了,""威胁""基金经理：不买新能源就赎回！""请吴亦凡代言"",这家造车新势力翻车","彻底涨疯，8000亿比亚迪涨停，市值超中石油！客户急了,""威胁""基金经理：不买新能源就赎回！""请吴亦凡代言"",这家造车新势力翻车"
2021-08-04,上半年全球动力电池 TOP10：宁德时代市占率 30% 超越 LG 问鼎冠军,上半年全球动力电池 TOP10：宁德时代市占率 30% 超越 LG 问鼎冠军
2021-08-04,金融街下午茶2021年8月4日星期三,金融街下午茶2021年8月4日星期三
2021-08-04,超中石油！比亚迪涨停市值跻身A股第九，还能上车吗？丨一只热股,超中石油！比亚迪涨停市值跻身A股第九，还能上车吗？丨一只热股
2021-08-04,嗨起来，今晚“锂公子”全场买单！丨复盘论,嗨起来，今晚“锂公子”全场买单！丨复盘论
2021-08-04,A股资金流向（8月4日）：赛道股王者归来，大资金高位加仓,A股资金流向（8月4日）：赛道股王者归来，大资金高位加仓
2021-08-04,苏州新莱应材自称比亚迪“忠实供应商”，收关注函后坦白：实际在手订单为零 关注函,苏州新莱应材自称比亚迪“忠实供应商”，收关注函后坦白：实际在手订单为零 关注函
2021-08-04,反弹浪潮延续，锂电池股飙涨，比亚迪市值超中石油,反弹浪潮延续，锂电池股飙涨，比亚迪市值超中石油
2021-08-04,每日市场热点分析,每日市场热点分析
2021-08-04,新能源汽车的魅力究竟在哪里？,新能源汽车的魅力究竟在哪里？
2021-08-04,比亚迪站上新高背后：游资群起加仓新能源！下一波行情酝酿中？,比亚迪站上新高背后：游资群起加仓新能源！下一波行情酝酿中？
2021-08-04,涨停收盘 比亚迪获机构买入2.22亿元卖出1.4亿元,涨停收盘 比亚迪获机构买入2.22亿元卖出1.4亿元
2021-08-04,比亚迪市值超中石油！王传福身家年增千亿，表哥表嫂套现超 10 亿 减持股份,比亚迪市值超中石油！王传福身家年增千亿，表哥表嫂套现超 10 亿 减持股份
2021-08-04,上半年全球电动车销量分析：特斯拉反超五菱登顶销冠，中国品牌占据前十近半席位,上半年全球电动车销量分析：特斯拉反超五菱登顶销冠，中国品牌占据前十近半席位
2021-08-04,核心赛道被“挤爆”！比亚迪创新高，市值一度超越中石油！两市连续11日成交破万亿…后市怎么走？,核心赛道被“挤爆”！比亚迪创新高，市值一度超越中石油！两市连续11日成交破万亿…后市怎么走？
2021-08-04,比亚迪：8月4日涨幅偏离值达7%,比亚迪：8月4日涨幅偏离值达7%
2021-08-04,同为磷酸铁锂，刀片电池究竟特殊在哪？,同为磷酸铁锂，刀片电池究竟特殊在哪？
2021-08-04,比亚迪突破300元，市值超中石油，机构资金博弈激烈,比亚迪突破300元，市值超中石油，机构资金博弈激烈
2021-08-04,海量数据：Vastbase数据库正式落地比亚迪,海量数据：Vastbase数据库正式落地比亚迪
2021-08-04,水皮：「谈股论金」马太效应,水皮：「谈股论金」马太效应
2021-08-04,极狐7月交付数据环比暴增 源自对撞比亚迪的“好成绩”？,极狐7月交付数据环比暴增 源自对撞比亚迪的“好成绩”？
2021-08-04,新莱应材：比亚迪相关业务目前对公司的营收贡献较小,新莱应材：比亚迪相关业务目前对公司的营收贡献较小
2021-08-04,主力资金：大资金紧急杀入3只白马股 买入资金超76亿,主力资金：大资金紧急杀入3只白马股 买入资金超76亿
2021-08-04,比亚迪商城开卖首饰：925纯银加18K金 车主掏钱买积分,比亚迪商城开卖首饰：925纯银加18K金 车主掏钱买积分
2021-08-04,大逆转！8000亿的比亚迪又封涨停，A股估值逻辑怎么了？,大逆转！8000亿的比亚迪又封涨停，A股估值逻辑怎么了？
2021-08-04,涨停复盘 | 昨天大跌今天大涨 新能源、半导体满屏涨停,涨停复盘 | 昨天大跌今天大涨 新能源、半导体满屏涨停
2021-08-04,8月4日龙虎榜：2.4亿资金疯抢比亚迪，股价突破300元,8月4日龙虎榜：2.4亿资金疯抢比亚迪，股价突破300元
2021-08-04,通威比亚迪双双涨停，还能追吗？,通威比亚迪双双涨停，还能追吗？
2021-08-04,比亚迪市值超越中石油，硬科技强势回归，A股有了新的神？,比亚迪市值超越中石油，硬科技强势回归，A股有了新的神？
2021-08-04,【每日收评】百股涨超10%！高景气赛道股上演涨停潮 比亚迪股价首次突破300元,【每日收评】百股涨超10%！高景气赛道股上演涨停潮 比亚迪股价首次突破300元
2021-08-04,比亚迪(002594.SZ)首次突破300元大关,比亚迪(002594.SZ)首次突破300元大关
2021-08-04,1747亿资金争夺20股：主力资金重点出击13股(名单),1747亿资金争夺20股：主力资金重点出击13股(名单)
2021-08-04,干货！2021年中韩锂电池龙头企业对比：韩国LG化学VS中国比亚迪 谁更胜一筹？,干货！2021年中韩锂电池龙头企业对比：韩国LG化学VS中国比亚迪 谁更胜一筹？
2021-08-04,比亚迪大涨超7% 历史首次突破300元大关,比亚迪大涨超7% 历史首次突破300元大关
2021-08-04,比亚迪盘中大涨逾8% 股价突破300元大关再创新高,比亚迪盘中大涨逾8% 股价突破300元大关再创新高
2021-08-04,“中国通”大众为什么在中国卖不动电动车？,“中国通”大众为什么在中国卖不动电动车？
2021-08-04,快讯：比亚迪早盘大涨逾7% 股价首次站上300元关口创历史新高,快讯：比亚迪早盘大涨逾7% 股价首次站上300元关口创历史新高
2021-08-04,比亚迪A股历史首次突破300元大关，日内涨幅扩大至7%,比亚迪A股历史首次突破300元大关，日内涨幅扩大至7%
2021-08-04,【东吴电新】海外电动车6月销量点评：季末冲量，上半年销量略超市场预期,【东吴电新】海外电动车6月销量点评：季末冲量，上半年销量略超市场预期
2021-08-04,比亚迪?A股历史首次突破300元大关，市值逼近9000亿元,比亚迪?A股历史首次突破300元大关，市值逼近9000亿元
2021-08-04,诺德股份(600110)2021年中报点评：锂电需求持续提升 铜箔业务高景气成长,诺德股份(600110)2021年中报点评：锂电需求持续提升 铜箔业务高景气成长
2021-08-04,维持比亚迪确信买入名单 电池产量超13倍,维持比亚迪确信买入名单 电池产量超13倍
2021-08-04,合肥比亚迪高端核心零部件项目完成备案,合肥比亚迪高端核心零部件项目完成备案
2021-08-04,港A两市汽车股普涨 比亚迪(1211.HK)涨超3%,港A两市汽车股普涨 比亚迪(1211.HK)涨超3%
2021-08-04,【行情】盐湖提锂板块异动拉升，兆新股份涨停，久吾高科涨超6%，科达制造、比亚迪、天齐锂业、亿纬锂能等跟涨,【行情】盐湖提锂板块异动拉升，兆新股份涨停，久吾高科涨超6%，科达制造、比亚迪、天齐锂业、亿纬锂能等跟涨
2021-08-04,安信国际 | 汽车行业报告：科技赋能，汽车行业的发展新机遇,安信国际 | 汽车行业报告：科技赋能，汽车行业的发展新机遇
2021-08-04,A股融资融券日报：两融余额减少19.26亿元（8月3日）,A股融资融券日报：两融余额减少19.26亿元（8月3日）
2021-08-04,悲喜双积分：特斯拉卖钱，大众们“买命”,悲喜双积分：特斯拉卖钱，大众们“买命”
2021-08-04,71股获券商买入评级 天铁股份目标涨幅达77.96%,71股获券商买入评级 天铁股份目标涨幅达77.96%
2021-08-04,1500亿基金被做空，什么情况？女版巴菲特遭“狙击”,1500亿基金被做空，什么情况？女版巴菲特遭“狙击”
2021-08-04,高镍未来已来，龙头涅盘见云开,高镍未来已来，龙头涅盘见云开
2021-08-04,港股盘前必读：腾讯推出游戏未成年保护新措施，道指逼近历史新高,港股盘前必读：腾讯推出游戏未成年保护新措施，道指逼近历史新高
2021-08-04,棱镜｜五菱长城大战国民神车只为双积分？特斯拉“卖分”赚了30亿美元,棱镜｜五菱长城大战国民神车只为双积分？特斯拉“卖分”赚了30亿美元
2021-08-04,官“降” 2 万！销量第一的比亚迪汉，被威胁到了 盈利能力下降,官“降” 2 万！销量第一的比亚迪汉，被威胁到了 盈利能力下降
2021-08-04,8月4日复盘：创业板继续暴涨 主力重点出击13股,8月4日复盘：创业板继续暴涨 主力重点出击13股
2021-08-04,力源信息：公司帕太和比亚迪在汽车业务方面深度合作 涉及自研和代工项目,力源信息：公司帕太和比亚迪在汽车业务方面深度合作 涉及自研和代工项目
2021-08-04,因场站拆迁，深圳这些公交线路有调整！出行可得多注意！,因场站拆迁，深圳这些公交线路有调整！出行可得多注意！
2021-08-04,比亚迪涨超8%首次突破300元大关！智能电动车ETF放量涨4.5%,比亚迪涨超8%首次突破300元大关！智能电动车ETF放量涨4.5%
2021-08-04,比亚迪：车型汉EV已完成CCRT测评并取得优异成绩,比亚迪：车型汉EV已完成CCRT测评并取得优异成绩
2021-08-04,上半年全球新能源销量：大众PK比亚迪，谁会是赢家？,上半年全球新能源销量：大众PK比亚迪，谁会是赢家？
2021-08-04,创指大涨2.5%！锂电产业链上演涨停潮，比亚迪尾盘封涨停，北向资金买超55亿,创指大涨2.5%！锂电产业链上演涨停潮，比亚迪尾盘封涨停，北向资金买超55亿
2021-08-04,英维克(002837)公司动态点评：新基建+碳中和驱动H1亮眼业绩 储能温控迎高速增长期,英维克(002837)公司动态点评：新基建+碳中和驱动H1亮眼业绩 储能温控迎高速增长期
2021-08-04,收评：比亚迪再封涨停板 宁德时代大涨7.16% 体育板块普涨,收评：比亚迪再封涨停板 宁德时代大涨7.16% 体育板块普涨
2021-08-04,比亚迪A股尾盘封涨停，总市值超8800亿元,比亚迪A股尾盘封涨停，总市值超8800亿元
2021-08-04,【行情】比亚迪A股尾盘触及涨停，总市值约8800亿元,【行情】比亚迪A股尾盘触及涨停，总市值约8800亿元
2021-08-04,比亚迪A股尾盘再度涨停，总市值跻身前十,比亚迪A股尾盘再度涨停，总市值跻身前十
2021-08-04,比亚迪历史性突破300元，新能源车ETF（515030）大涨7.88%,比亚迪历史性突破300元，新能源车ETF（515030）大涨7.88%
2021-08-04,A股历史将改写 比亚迪突破300元 市值紧追中石油,A股历史将改写 比亚迪突破300元 市值紧追中石油
2021-08-04,新能源半导体大爆发，比亚迪狂飙9%,新能源半导体大爆发，比亚迪狂飙9%
2021-08-04,A股历史将改写！比亚迪股价破300元，总市值紧追中国石油,A股历史将改写！比亚迪股价破300元，总市值紧追中国石油
2021-08-04,A股收盘综述：创业板指涨2.47%，新能源车产业链掀起炒作大潮,A股收盘综述：创业板指涨2.47%，新能源车产业链掀起炒作大潮
2021-08-04,比亚迪：公司唐系列SUV车型可满足7座需求,比亚迪：公司唐系列SUV车型可满足7座需求
2021-08-04,A股历史又将改写！比亚迪股价突破300元，总市值紧追中国石油,A股历史又将改写！比亚迪股价突破300元，总市值紧追中国石油
2021-08-04,2025年的纯电动车会是什么模样？,2025年的纯电动车会是什么模样？
2021-08-04,汽车股早间强势 主力加仓比亚迪超20亿元,汽车股早间强势 主力加仓比亚迪超20亿元
2021-08-04,解盘：资金回流市场人气不减，锂电、稀土、新能源领涨,解盘：资金回流市场人气不减，锂电、稀土、新能源领涨
2021-08-04,比亚迪创历史新高 市值突破8000亿,比亚迪创历史新高 市值突破8000亿
2021-08-04,突破300元关口还不够！比亚迪逼近涨停，行情见顶or续创新高？,突破300元关口还不够！比亚迪逼近涨停，行情见顶or续创新高？
2021-08-04,汽车股集体大涨 比亚迪创历史新高,汽车股集体大涨 比亚迪创历史新高
2021-08-04,王者荣耀紧急升级，未满12周岁禁止充值，腾讯瞬间直线爆拉！近9000亿新能源车龙头又火了，近3个月翻倍,王者荣耀紧急升级，未满12周岁禁止充值，腾讯瞬间直线爆拉！近9000亿新能源车龙头又火了，近3个月翻倍
2021-08-04,海量数据：与比亚迪达成合作 Vastbase正式落地比亚迪,海量数据：与比亚迪达成合作 Vastbase正式落地比亚迪
2021-08-04,满屏涨停，新能源半导体大爆发！腾讯狂飙5%,满屏涨停，新能源半导体大爆发！腾讯狂飙5%
2021-08-04,海量数据与比亚迪达成合作 助力数据库国产化技术照进现实,海量数据与比亚迪达成合作 助力数据库国产化技术照进现实
2021-08-05,"比亚迪(002594.SZ)七月份新能源汽车销量为50,492辆 同比增长2.34倍","比亚迪(002594.SZ)七月份新能源汽车销量为50,492辆 同比增长2.34倍"
2021-08-05,油耗得民心 DM-i超级混动彻底爆发！比亚迪7月销量暴涨八成,油耗得民心 DM-i超级混动彻底爆发！比亚迪7月销量暴涨八成
2021-08-05,比亚迪：7 月新能源汽车销量为 50492 辆，同比增长 174%,比亚迪：7 月新能源汽车销量为 50492 辆，同比增长 174%
2021-08-05,比亚迪将向特斯拉供应“刀片电池”？官方回应不予置评,比亚迪将向特斯拉供应“刀片电池”？官方回应不予置评
2021-08-05,消息称比亚迪有望向特斯拉供应刀片电池：已装车测试,消息称比亚迪有望向特斯拉供应刀片电池：已装车测试
2021-08-05,比亚迪7月新能源汽车销量约5万辆，同比增234.4%,比亚迪7月新能源汽车销量约5万辆，同比增234.4%
2021-08-05,投资60亿落户合肥，比亚迪A股市值超中石油,投资60亿落户合肥，比亚迪A股市值超中石油
2021-08-05,比亚迪股份：新能源汽车本年累计销量同比增170.62%,比亚迪股份：新能源汽车本年累计销量同比增170.62%
2021-08-05,券商计算2060年“电池茅”营收靠谱吗？,券商计算2060年“电池茅”营收靠谱吗？
2021-08-05,比亚迪：7月汽车销量57410辆，去年同期31382辆,比亚迪：7月汽车销量57410辆，去年同期31382辆
2021-08-05,比亚迪：本公司2021年7月新能源汽车动力电池及储能电池装机总量约为3.001GWh，本年累计装机总量约为15.708GWh,比亚迪：本公司2021年7月新能源汽车动力电池及储能电池装机总量约为3.001GWh，本年累计装机总量约为15.708GWh
2021-08-05,独家电报|比亚迪或将向特斯拉供应“刀片电池”,独家电报|比亚迪或将向特斯拉供应“刀片电池”
2021-08-05,比亚迪成立一家新的电池公司！,比亚迪成立一家新的电池公司！
2021-08-05,比亚迪7月新能源汽车销量暴增234%，占总体销量近九成,比亚迪7月新能源汽车销量暴增234%，占总体销量近九成
2021-08-05,再投60亿！聚焦新能源，比亚迪总裁这样预测2030年…丨最前沿,再投60亿！聚焦新能源，比亚迪总裁这样预测2030年…丨最前沿
2021-08-05,【1211】比亚迪7月售车5.74万辆按年增83% | 头条金融网,【1211】比亚迪7月售车5.74万辆按年增83% | 头条金融网
2021-08-05,8月5日比亚迪、中芯国际等12家公司公告出现利好,8月5日比亚迪、中芯国际等12家公司公告出现利好
2021-08-05,“刀片电池” 供货特斯拉、“衣锦还乡”落户安徽无为 比亚迪动力电池持续扩产,“刀片电池” 供货特斯拉、“衣锦还乡”落户安徽无为 比亚迪动力电池持续扩产
2021-08-05,比亚迪回应或将向特斯拉供应“刀片电池”：不予置评,比亚迪回应或将向特斯拉供应“刀片电池”：不予置评
2021-08-05,心向比亚迪，手中缺订单，新莱应材回复关注函 关注函,心向比亚迪，手中缺订单，新莱应材回复关注函 关注函
2021-08-05,格隆汇港股聚焦(08.05)︱中芯国际二季度盈利暴增逾3倍；比亚迪7月新能源车销量同比增逾2倍,格隆汇港股聚焦(08.05)︱中芯国际二季度盈利暴增逾3倍；比亚迪7月新能源车销量同比增逾2倍
2021-08-05,二线龙头加速扩产并寻求全产业链布局更具备投资价值——锂电池行业系列报告,二线龙头加速扩产并寻求全产业链布局更具备投资价值——锂电池行业系列报告
2021-08-05,晚间要闻2021年8月5日星期四,晚间要闻2021年8月5日星期四
2021-08-05,特斯拉Model3降价 比亚迪旗舰腹背受敌,特斯拉Model3降价 比亚迪旗舰腹背受敌
2021-08-05,有钱也买不到！六氟磷酸锂价格暴涨3倍，一货难求,有钱也买不到！六氟磷酸锂价格暴涨3倍，一货难求
2021-08-05,“基金十大黑话”出炉！支付宝提醒年轻基民谨慎投基,“基金十大黑话”出炉！支付宝提醒年轻基民谨慎投基
2021-08-05,比亚迪前7月新能源汽车销量同比增长170.62%,比亚迪前7月新能源汽车销量同比增长170.62%
2021-08-05,比亚迪动力电池持续扩产：“刀片电池”供货特斯拉 “衣锦还乡”落户安徽无为,比亚迪动力电池持续扩产：“刀片电池”供货特斯拉 “衣锦还乡”落户安徽无为
2021-08-05,“带刀”阵营不断壮大！比亚迪或将向特斯拉供应刀片电池，涉及这些上市公司,“带刀”阵营不断壮大！比亚迪或将向特斯拉供应刀片电池，涉及这些上市公司
2021-08-05,比亚迪：7月新能源汽车销量同比增234.38%,比亚迪：7月新能源汽车销量同比增234.38%
2021-08-05,晚间重要公告2021年8月5日星期四,晚间重要公告2021年8月5日星期四
2021-08-05,关注这只十倍牛股！,关注这只十倍牛股！
2021-08-05,公告精选：赣锋锂业拟84亿投建新型锂电池项目；比亚迪7月新能源汽车销量同比增逾2倍,公告精选：赣锋锂业拟84亿投建新型锂电池项目；比亚迪7月新能源汽车销量同比增逾2倍
2021-08-05,科创板晚报|5G消息联合实验室成立 中芯国际Q2业绩亮眼,科创板晚报|5G消息联合实验室成立 中芯国际Q2业绩亮眼
2021-08-05,快讯 | 明年第二季度向特斯拉供应刀片电池？ 比亚迪回应：不予置评,快讯 | 明年第二季度向特斯拉供应刀片电池？ 比亚迪回应：不予置评
2021-08-05,宁德时代豪赌钠电池，与比亚迪、LG化学厮杀升级,宁德时代豪赌钠电池，与比亚迪、LG化学厮杀升级
2021-08-05,2万亿资产迎来涨停潮！拜登意外放话，最火赛道还要燃？,2万亿资产迎来涨停潮！拜登意外放话，最火赛道还要燃？
2021-08-05,背靠比亚迪却曾ST 融捷股份1年10倍是否严重高估？,背靠比亚迪却曾ST 融捷股份1年10倍是否严重高估？
2021-08-05,A股资金流向（8月5日）：资金快进快出，日内抢筹军工龙头,A股资金流向（8月5日）：资金快进快出，日内抢筹军工龙头
2021-08-05,A股融资融券日报：两融余额增加114.45亿元（8月4日）,A股融资融券日报：两融余额增加114.45亿元（8月4日）
2021-08-05,每日理财观察：天弘基金新任掌门人尘埃落定,每日理财观察：天弘基金新任掌门人尘埃落定
2021-08-05,年产能40万辆 比亚迪合肥项目完成备案,年产能40万辆 比亚迪合肥项目完成备案
2021-08-05,行业高景气机构追捧南玻A 赵老哥无奈割肉奥园美谷,行业高景气机构追捧南玻A 赵老哥无奈割肉奥园美谷
2021-08-05,基民“威胁”不买新能源就赎回 新发基金将提供数千亿增量资金,基民“威胁”不买新能源就赎回 新发基金将提供数千亿增量资金
2021-08-05,锂电龙头刚遭问询，另一巨头又放大招！基金经理忙转赛道,锂电龙头刚遭问询，另一巨头又放大招！基金经理忙转赛道
2021-08-05,修复性行情延续，多空反复拉锯或为常态,修复性行情延续，多空反复拉锯或为常态
2021-08-05,A股早报2021年8月5日星期四,A股早报2021年8月5日星期四
2021-08-05,吉利汽车“掉队”，李书福需要反思,吉利汽车“掉队”，李书福需要反思
2021-08-05,睿财看市场：新能源受益碳中和确定性增长，体育、军工产业打开想象空间,睿财看市场：新能源受益碳中和确定性增长，体育、军工产业打开想象空间
2021-08-05,新能源满屏涨停，游资且战且退，北上资金却默默加仓“老白马”,新能源满屏涨停，游资且战且退，北上资金却默默加仓“老白马”
2021-08-05,高景气主线强势修复，锂电板块再掀涨停潮,高景气主线强势修复，锂电板块再掀涨停潮
2021-08-05,比亚迪自带 60 亿落户合肥，年产能 40 万辆,比亚迪自带 60 亿落户合肥，年产能 40 万辆
2021-08-05,比亚迪8815亿元总市值 位列A股总市值第九,比亚迪8815亿元总市值 位列A股总市值第九
2021-08-05,道达投资：锂电池再强新能源再猛 别头脑发热,道达投资：锂电池再强新能源再猛 别头脑发热
2021-08-05,inNews：百年Gucci看准了千禧一代 LV推Louis手游,inNews：百年Gucci看准了千禧一代 LV推Louis手游
2021-08-05,犀牛财经早报：流利说接到私有化要约 比亚迪市值达8000亿,犀牛财经早报：流利说接到私有化要约 比亚迪市值达8000亿
2021-08-05,南向资金净买额超25亿港元，腾讯、吉利、比亚迪净买入居前,南向资金净买额超25亿港元，腾讯、吉利、比亚迪净买入居前
2021-08-05,尾盘2分钟飙升10%，一大热门赛道来了！,尾盘2分钟飙升10%，一大热门赛道来了！
2021-08-05,进入新阶段 海量数据与比亚迪展开合作,进入新阶段 海量数据与比亚迪展开合作
2021-08-05,汉EV标准续航版豪华型硬核上市，树立20万+中高端纯电动轿车价值新标杆,汉EV标准续航版豪华型硬核上市，树立20万+中高端纯电动轿车价值新标杆
2021-08-05,比亚迪4日涨停，热门赛道股大反攻，下车还是上车？,比亚迪4日涨停，热门赛道股大反攻，下车还是上车？
2021-08-05,[互动]民德电子：子公司泰博迅睿与比亚迪等国内主要电池厂商业务合作,[互动]民德电子：子公司泰博迅睿与比亚迪等国内主要电池厂商业务合作
2021-08-05,“比亚迪的忠实供应商”新莱应材：股价三天上涨46% 相关营收两年多累计仅53万,“比亚迪的忠实供应商”新莱应材：股价三天上涨46% 相关营收两年多累计仅53万
2021-08-05,新能源车疯涨！比亚迪市值超中石油，中国首个万亿市值车企将诞生,新能源车疯涨！比亚迪市值超中石油，中国首个万亿市值车企将诞生
2021-08-05,千亿巨头罕见跌停，6倍大牛股突然大跌！,千亿巨头罕见跌停，6倍大牛股突然大跌！
2021-08-05,7月汽车公司市值榜 | “缺芯”延续，中国车企市值蒸发620亿，动力电池板块集体看涨 连续下跌,7月汽车公司市值榜 | “缺芯”延续，中国车企市值蒸发620亿，动力电池板块集体看涨 连续下跌
2021-08-05,"特斯拉、比亚迪接连 "" 降价 ""，买电动车已经比燃油车划算了？","特斯拉、比亚迪接连 "" 降价 ""，买电动车已经比燃油车划算了？"
2021-08-05,比亚迪汉推506km版硬磕特斯拉降价，市值逼近万亿创新高,比亚迪汉推506km版硬磕特斯拉降价，市值逼近万亿创新高
2021-08-05,合纵科技：刀片电池已通过比亚迪认证 即将批量供货,合纵科技：刀片电池已通过比亚迪认证 即将批量供货
2021-08-05,比亚迪汉EV标准续航版豪华型上市 综合补贴后售价20.98万元,比亚迪汉EV标准续航版豪华型上市 综合补贴后售价20.98万元
2021-08-05,新能源车行业的“茅台”，会是宁德时代还是比亚迪？,新能源车行业的“茅台”，会是宁德时代还是比亚迪？
2021-08-05,不打嘴炮，蔚来小鹏比亚迪，谁才是抗衡特斯拉的国货之光？,不打嘴炮，蔚来小鹏比亚迪，谁才是抗衡特斯拉的国货之光？
2021-08-05,ARK昨日减持京东、比亚迪、腾讯、特斯拉等 减持股份,ARK昨日减持京东、比亚迪、腾讯、特斯拉等 减持股份
2021-08-05,积极扩张产能，比亚迪刚刚投资成立了一家新电池公司,积极扩张产能，比亚迪刚刚投资成立了一家新电池公司
2021-08-05,比亚迪合肥项目完成备案，预计年产能40万辆-网,比亚迪合肥项目完成备案，预计年产能40万辆-网
2021-08-05,比亚迪斥资60亿在合肥建新能源工厂，特斯拉Model S/X涨价3万元 |第一财经汽车日评,比亚迪斥资60亿在合肥建新能源工厂，特斯拉Model S/X涨价3万元 |第一财经汽车日评
2021-08-06,星云股份(300648)事件点评：后段设备供货CATL 储能业务放量可期,星云股份(300648)事件点评：后段设备供货CATL 储能业务放量可期
2021-08-06,“90后”股民：两度错过比亚迪的我，如今已“高攀不起”,“90后”股民：两度错过比亚迪的我，如今已“高攀不起”
2021-08-06,瑞信：重申比亚迪“优于大市”评级，H股目标升至315港元,瑞信：重申比亚迪“优于大市”评级，H股目标升至315港元
2021-08-06,华夏基金钟帅：深耕产业链调研，精选中游制造灰马,华夏基金钟帅：深耕产业链调研，精选中游制造灰马
2021-08-06,9000亿！比亚迪市值再创历史新高，券商火速调高目标价丨一只热股,9000亿！比亚迪市值再创历史新高，券商火速调高目标价丨一只热股
2021-08-06,指数基金产品研究系列报告之七十九：景顺长城国证新能电池ETF投资价值分析,指数基金产品研究系列报告之七十九：景顺长城国证新能电池ETF投资价值分析
2021-08-06,A股收盘综述：上证指数跌0.24%，病毒防治概念股全线走弱,A股收盘综述：上证指数跌0.24%，病毒防治概念股全线走弱
2021-08-06,巨丰微策略：先超中石油再逼五粮液！比亚迪总市值大增 透露出什么信号？,巨丰微策略：先超中石油再逼五粮液！比亚迪总市值大增 透露出什么信号？
2021-08-06,巨丰投顾：先超中石油再逼五粮液！比亚迪总市值大增 透露出什么信号？,巨丰投顾：先超中石油再逼五粮液！比亚迪总市值大增 透露出什么信号？
2021-08-06,诺德股份(600110)：Q2利润超预期提升市场对未来利润增长空间预期,诺德股份(600110)：Q2利润超预期提升市场对未来利润增长空间预期
2021-08-06,合纵科技：公司产品在比亚迪认证已通过，近期将会进入批量供货阶段,合纵科技：公司产品在比亚迪认证已通过，近期将会进入批量供货阶段
2021-08-06,杠上了！特斯拉：我降一万五，比亚迪：我跟，加注！,杠上了！特斯拉：我降一万五，比亚迪：我跟，加注！
2021-08-06,“车茅”市值盘中突破9000亿元！新能源车板块走势抢眼,“车茅”市值盘中突破9000亿元！新能源车板块走势抢眼
2021-08-06,月销破五万，比亚迪新能源再创“新纪录”！,月销破五万，比亚迪新能源再创“新纪录”！
2021-08-06,“稀锂湖土”霸占涨幅榜！最强主线新能源还能火多久？,“稀锂湖土”霸占涨幅榜！最强主线新能源还能火多久？
2021-08-06,拜登放话，机构沸腾了，比亚迪站上历史新高,拜登放话，机构沸腾了，比亚迪站上历史新高
2021-08-06,销量创新高，产业布新局，比亚迪“刀光闪闪”,销量创新高，产业布新局，比亚迪“刀光闪闪”
2021-08-06,逼近9000亿市值！龙头销量暴增，电池装机量已超去年全年，锂电板块持续火热！主力资金早盘净流入这些股,逼近9000亿市值！龙头销量暴增，电池装机量已超去年全年，锂电板块持续火热！主力资金早盘净流入这些股
2021-08-06,排队等提车！100辆比亚迪唐EV运抵挪威 价格暴涨16万,排队等提车！100辆比亚迪唐EV运抵挪威 价格暴涨16万
2021-08-06,A股早盘回调 创业板指跌超1% 半导体、疫苗股全线重挫 锂电股逆市冲高 连续下跌,A股早盘回调 创业板指跌超1% 半导体、疫苗股全线重挫 锂电股逆市冲高 连续下跌
2021-08-06,特斯拉还有降价空间吗?对手有还手之力吗?,特斯拉还有降价空间吗?对手有还手之力吗?
2021-08-06,传配有“刀片电池”的特斯拉车型已在测试中，比亚迪方面未予置评,传配有“刀片电池”的特斯拉车型已在测试中，比亚迪方面未予置评
2021-08-06,上半年全球销量榜：Model 3继续霸榜 大众ID.4紧逼比亚迪汉EV,上半年全球销量榜：Model 3继续霸榜 大众ID.4紧逼比亚迪汉EV
2021-08-06,干货！2021年中国锂电池行业龙头企业分析——比亚迪：积极推动锂电池市场份额提升,干货！2021年中国锂电池行业龙头企业分析——比亚迪：积极推动锂电池市场份额提升
2021-08-06,解盘：资金小幅流入，锂电、稀土永磁、钴矿、储能略涨,解盘：资金小幅流入，锂电、稀土永磁、钴矿、储能略涨
2021-08-06,业内：港股沽压明显 市场风格切换丨亚太市场,业内：港股沽压明显 市场风格切换丨亚太市场
2021-08-06,【券商聚焦】瑞信升比亚迪(01211)目标价12.5%至315港元 料全年PHEV销售超20万辆,【券商聚焦】瑞信升比亚迪(01211)目标价12.5%至315港元 料全年PHEV销售超20万辆
2021-08-06,冲击万亿市值的路上，哪些基金重仓了比亚迪？,冲击万亿市值的路上，哪些基金重仓了比亚迪？
2021-08-06,比亚迪深夜起火！官方：无人员伤亡 安全事故,比亚迪深夜起火！官方：无人员伤亡 安全事故
2021-08-06,比亚迪(002594)：DM-I稳步扩产 E3.0首发在即,比亚迪(002594)：DM-I稳步扩产 E3.0首发在即
2021-08-06,锂电公司接连登陆科创板，新能源赛道火热，重资产轻技术要掉队,锂电公司接连登陆科创板，新能源赛道火热，重资产轻技术要掉队
2021-08-06,特斯拉也想要的“刀片电池”魅力在哪里？,特斯拉也想要的“刀片电池”魅力在哪里？
2021-08-06,比亚迪：7月新能源乘用车销量同比增长262.7%,比亚迪：7月新能源乘用车销量同比增长262.7%
2021-08-06,一克商评丨瑞幸的扭亏为盈再次证明了卖咖啡仍是一门赚钱的生意,一克商评丨瑞幸的扭亏为盈再次证明了卖咖啡仍是一门赚钱的生意
2021-08-06,重磅利好！市值逼近9千亿 新能源车卖爆比亚迪将向特斯拉供刀片电池？,重磅利好！市值逼近9千亿 新能源车卖爆比亚迪将向特斯拉供刀片电池？
2021-08-06,狂买这些股！又一批明星基金经理“心水股”曝光…,狂买这些股！又一批明星基金经理“心水股”曝光…
2021-08-06,车企子公司“野蛮”生长：加速分拆融资抢夺软硬生态,车企子公司“野蛮”生长：加速分拆融资抢夺软硬生态
2021-08-06,比亚迪(002594)2021年7月销量点评：7月销量符合预期 电动车业务延续高景气,比亚迪(002594)2021年7月销量点评：7月销量符合预期 电动车业务延续高景气
2021-08-06,锂电池板块再掀涨停潮 兆新股份涨停,锂电池板块再掀涨停潮 兆新股份涨停
2021-08-06,南京聚隆：已获得比亚迪等新能源汽车厂商的供应商认证并供货,南京聚隆：已获得比亚迪等新能源汽车厂商的供应商认证并供货
2021-08-06,比亚迪：汉上市一周年 累销突破10万,比亚迪：汉上市一周年 累销突破10万
2021-08-06,比亚迪(002594)7月销量点评：DM-I继续放量 纯电月销新高,比亚迪(002594)7月销量点评：DM-I继续放量 纯电月销新高
2021-08-06,曝！特斯拉全新车型已进入测试阶段 用的比亚迪电池,曝！特斯拉全新车型已进入测试阶段 用的比亚迪电池
2021-08-06,一辆比亚迪轿车起火燃烧 比亚迪回应：无人员伤亡 事故原因调查中 安全事故,一辆比亚迪轿车起火燃烧 比亚迪回应：无人员伤亡 事故原因调查中 安全事故
2021-08-06,同比增长6.5倍，比亚迪新能源路线成效显着,同比增长6.5倍，比亚迪新能源路线成效显着
2021-08-06,销量、股价双双破纪录，比亚迪开始接管比赛,销量、股价双双破纪录，比亚迪开始接管比赛
2021-08-06,比亚迪将向特斯拉供应“刀片电池”！内部人士确认属实,比亚迪将向特斯拉供应“刀片电池”！内部人士确认属实
2021-08-06,特斯拉“点名”？刀片电池概念股齐涨 这些小伙伴或受益！｜一大板块,特斯拉“点名”？刀片电池概念股齐涨 这些小伙伴或受益！｜一大板块
2021-08-06,谁说本田 丰田混动没缺点？比亚迪混动等半年值吗？,谁说本田 丰田混动没缺点？比亚迪混动等半年值吗？
2021-08-06,弄清了CTC，就读懂了宁德时代的万亿市值,弄清了CTC，就读懂了宁德时代的万亿市值
2021-08-06,比亚迪(002594.SZ)股东吕向阳解除质押86.50万股,比亚迪(002594.SZ)股东吕向阳解除质押86.50万股
2021-08-06,最后的盛宴！不死鸟复生，5.7万股东闻到财富味道,最后的盛宴！不死鸟复生，5.7万股东闻到财富味道
2021-08-06,A股资金流向（8月6日）：持续利好加持，资金对锂电产业链出现分歧,A股资金流向（8月6日）：持续利好加持，资金对锂电产业链出现分歧
2021-08-06,未来商业-物流产业市值榜｜7月总市值蒸发超2000亿元 千亿俱乐部被“洗牌”,未来商业-物流产业市值榜｜7月总市值蒸发超2000亿元 千亿俱乐部被“洗牌”
2021-08-06,中国汽研(601965)：政策东风助力 智驾评测需求渐起,中国汽研(601965)：政策东风助力 智驾评测需求渐起
2021-08-06,比亚迪：秦 PLUS 7 月销量 16753 台，环比增长 23.72%,比亚迪：秦 PLUS 7 月销量 16753 台，环比增长 23.72%
2021-08-06,瑞信：维持比亚迪(01211)“跑赢大市”评级 目标价升12.5%至315港元,瑞信：维持比亚迪(01211)“跑赢大市”评级 目标价升12.5%至315港元
2021-08-06,即将万亿的比亚迪，还值得上车吗？,即将万亿的比亚迪，还值得上车吗？
2021-08-06,比亚迪盘中大涨逾5%再创新高 总市值一度超9000亿元,比亚迪盘中大涨逾5%再创新高 总市值一度超9000亿元
2021-08-06,比亚迪A股再创历史新高 总市值超越中国石油进入A股前十,比亚迪A股再创历史新高 总市值超越中国石油进入A股前十
2021-08-06,"比亚迪：7月销售车辆57,410辆，同比增长82.94%","比亚迪：7月销售车辆57,410辆，同比增长82.94%"
2021-08-06,比亚迪高开近5%，股价再次刷新历史高点,比亚迪高开近5%，股价再次刷新历史高点
2021-08-06,【行情】比亚迪股份涨超4%，此前有报道称比亚迪将于明年第二季度向特斯拉供应“刀片电池”,【行情】比亚迪股份涨超4%，此前有报道称比亚迪将于明年第二季度向特斯拉供应“刀片电池”
2021-08-06,延安必康控股子公司九九久科技六氟磷酸锂生产供应正常,延安必康控股子公司九九久科技六氟磷酸锂生产供应正常
2021-08-06,A股融资融券日报：两融余额增加49.65亿元（8月5日）,A股融资融券日报：两融余额增加49.65亿元（8月5日）
2021-08-06,比亚迪新能源汽车零部件项目落户合肥,比亚迪新能源汽车零部件项目落户合肥
2021-08-06,券商研究员预期这些个股上涨空间超40%,券商研究员预期这些个股上涨空间超40%
2021-08-06,北向资金动向盘点：谁接谁的盘，谁抄谁的底？,北向资金动向盘点：谁接谁的盘，谁抄谁的底？
2021-08-06,中信证券：比亚迪7月销量符合预期 电动车业务延续高景气,中信证券：比亚迪7月销量符合预期 电动车业务延续高景气
2021-08-06,重磅！特斯拉或将使用刀片电池！,重磅！特斯拉或将使用刀片电池！
2021-08-06,每日财报|比亚迪7月销量大增170%， 璞泰来半年净利润7.75亿,每日财报|比亚迪7月销量大增170%， 璞泰来半年净利润7.75亿
2021-08-06,7月热销新能源汽车超5万、或将向特斯拉供应“刀片电池” 比亚迪高开近5%,7月热销新能源汽车超5万、或将向特斯拉供应“刀片电池” 比亚迪高开近5%
2021-08-06,7月汽车公司市值榜 | “缺芯”延续，中国车企市值蒸发620亿；宁德时代领涨动力电池板块,7月汽车公司市值榜 | “缺芯”延续，中国车企市值蒸发620亿；宁德时代领涨动力电池板块
2021-08-06,市场需求巨大 商业模式创新 千余家企业逐鹿深圳新能源车市场,市场需求巨大 商业模式创新 千余家企业逐鹿深圳新能源车市场
2021-08-06,比亚迪汉EV标准续航版豪华型上市 续航里程超500公里,比亚迪汉EV标准续航版豪华型上市 续航里程超500公里
2021-08-06,7 月最新投诉榜单，比亚迪元 Pro 突然降价 3 万元引车主不满,7 月最新投诉榜单，比亚迪元 Pro 突然降价 3 万元引车主不满
2021-08-06,16 万的特斯拉要来了，未来将国产，还有人买比亚迪吗？,16 万的特斯拉要来了，未来将国产，还有人买比亚迪吗？
2021-08-06,市值超越中石油，比亚迪何时跨过万亿市值门槛,市值超越中石油，比亚迪何时跨过万亿市值门槛
2021-08-06,「不务正业」的比亚迪，凭什么跻身车企 TOP4？,「不务正业」的比亚迪，凭什么跻身车企 TOP4？
2021-08-06,崔东树：2021年1-6月中国占世界新能源车47%,崔东树：2021年1-6月中国占世界新能源车47%
2021-08-06,又来锤？这次是奶粉！新能源有大利好，拜登放话,又来锤？这次是奶粉！新能源有大利好，拜登放话
2021-08-06,从比亚迪茅台工行看炒股,从比亚迪茅台工行看炒股
2021-08-06,全球新能车产业链再迎高速增长指标，景气度最强风口来临！,全球新能车产业链再迎高速增长指标，景气度最强风口来临！
2021-08-06,价格暴涨仍一货难求 电池厂各出高招抢购六氟磷酸锂,价格暴涨仍一货难求 电池厂各出高招抢购六氟磷酸锂
2021-08-06,昨夜今晨：国内德尔塔毒株疫苗研发获得重大进展 字节跳动教育板块大规模裁员,昨夜今晨：国内德尔塔毒株疫苗研发获得重大进展 字节跳动教育板块大规模裁员
2021-08-06,比亚迪向特斯拉供货的“隐藏信息”,比亚迪向特斯拉供货的“隐藏信息”
2021-08-06,【行情】刀片电池概念股开盘大涨，合纵科技直线封涨停，星云股份、比亚迪、星源材质、常铝股份等跟涨,【行情】刀片电池概念股开盘大涨，合纵科技直线封涨停，星云股份、比亚迪、星源材质、常铝股份等跟涨
2021-08-06,迈向9000亿市值！比亚迪新能源车卖疯了 中信证券：维持A+H“买入”评级,迈向9000亿市值！比亚迪新能源车卖疯了 中信证券：维持A+H“买入”评级
2021-08-06,快讯：锂电池板块早盘继续走高 比亚迪首超9000亿,快讯：锂电池板块早盘继续走高 比亚迪首超9000亿
2021-08-06,比亚迪(002594)：销量显着回升 电池业务成长可期,比亚迪(002594)：销量显着回升 电池业务成长可期
2021-08-06,比亚迪乘用车7月全系销售56975辆,比亚迪乘用车7月全系销售56975辆
2021-08-06,中信证券：维持比亚迪(002594.SZ)“买入”评级 目标价341元 电动车业务持续高景气,中信证券：维持比亚迪(002594.SZ)“买入”评级 目标价341元 电动车业务持续高景气
2021-08-06,神仙打架——比亚迪汉新款降价2万应对特斯拉Model 3 诉讼纠纷,神仙打架——比亚迪汉新款降价2万应对特斯拉Model 3 诉讼纠纷
2021-08-06,比亚迪向特斯拉供刀片电池！特斯拉不允许单一电池供应商占比超50%：宁德时代,比亚迪向特斯拉供刀片电池！特斯拉不允许单一电池供应商占比超50%：宁德时代
2021-08-06,夺冠！汉 EV 出征第八届 CEVR 电动汽车挑战赛告捷,夺冠！汉 EV 出征第八届 CEVR 电动汽车挑战赛告捷
2021-08-06,比亚迪股价涨5.3% 现报315.13元,比亚迪股价涨5.3% 现报315.13元
2021-08-06,国泰君安：维持比亚迪(002594.SZ)“增持”评级 目标价上调104%至399元,国泰君安：维持比亚迪(002594.SZ)“增持”评级 目标价上调104%至399元
2021-08-06,【安信汽车】比亚迪：7月销量再创新高，电池产能加速扩张,【安信汽车】比亚迪：7月销量再创新高，电池产能加速扩张
2021-08-06,密封科技：公司和比亚迪有业务合作,密封科技：公司和比亚迪有业务合作
2021-08-06,比亚迪：汉 7 月热销 8522 辆同比劲增 607%，累计突破 10 万辆,比亚迪：汉 7 月热销 8522 辆同比劲增 607%，累计突破 10 万辆
2021-08-06,7月销量破5万！比亚迪创新能源乘用车月销“新纪录”,7月销量破5万！比亚迪创新能源乘用车月销“新纪录”
2021-08-06,港股异动 | 比亚迪股份(01211)涨超7% 报道称比亚迪或将向特斯拉供应“刀片电池”,港股异动 | 比亚迪股份(01211)涨超7% 报道称比亚迪或将向特斯拉供应“刀片电池”
2021-08-06,华西证券：维持比亚迪(002594.SZ)“增持”评级 刀片电池产能多点布局 DM-i+外供双管齐下,华西证券：维持比亚迪(002594.SZ)“增持”评级 刀片电池产能多点布局 DM-i+外供双管齐下
2021-08-06,比亚迪：前7月累计销售30万辆，同比增60%,比亚迪：前7月累计销售30万辆，同比增60%
2021-08-06,鑫头条 | 芯片龙头业绩利好！比亚迪或将向特斯拉供应“刀片电池”？,鑫头条 | 芯片龙头业绩利好！比亚迪或将向特斯拉供应“刀片电池”？
2021-08-06,比亚迪大涨逾4%：报道称将供货特斯拉叠加7月产销大增,比亚迪大涨逾4%：报道称将供货特斯拉叠加7月产销大增
2021-08-06,比亚迪高开4.28% 创历史新高,比亚迪高开4.28% 创历史新高
2021-08-06,锂电池板块持续强势 比亚迪市值首超9000亿,锂电池板块持续强势 比亚迪市值首超9000亿
2021-08-06,比亚迪大涨逾6%，市值破9000亿大关，超五粮液中国银行居A股第八,比亚迪大涨逾6%，市值破9000亿大关，超五粮液中国银行居A股第八
2021-08-06,刀片电池概念股开盘大涨，比亚迪总市值突破9000亿元,刀片电池概念股开盘大涨，比亚迪总市值突破9000亿元
2021-08-06,DM-i彻底颠覆燃油车！比亚迪7月新能源销量暴涨262%,DM-i彻底颠覆燃油车！比亚迪7月新能源销量暴涨262%
2021-08-06,安信证券：维持比亚迪(002594.SZ)“买入”评级 目标价升至360元,安信证券：维持比亚迪(002594.SZ)“买入”评级 目标价升至360元
2021-08-06,延安必康首板,延安必康首板
2021-08-06,华西证券维持比亚迪增持评级：DM-i稳步扩产E3.0首发在即,华西证券维持比亚迪增持评级：DM-i稳步扩产E3.0首发在即
2021-08-06,新能源车销量暴涨，比亚迪总市值首超9000亿元,新能源车销量暴涨，比亚迪总市值首超9000亿元
2021-08-06,【AH互动】比亚迪(01211)AH股齐走高 传将向特斯拉供应“刀片电池”,【AH互动】比亚迪(01211)AH股齐走高 传将向特斯拉供应“刀片电池”
2021-08-06,比亚迪(002594)7月销量点评：混动和纯电全面开花 销量继续创历史新高,比亚迪(002594)7月销量点评：混动和纯电全面开花 销量继续创历史新高
2021-08-07,新能源电池，固态还是液态 电解液才是王!,新能源电池，固态还是液态 电解液才是王!
2021-08-07,特斯拉要装刀片电池？比亚迪新能源汽车供应链对外开放提速,特斯拉要装刀片电池？比亚迪新能源汽车供应链对外开放提速
2021-08-07,锂电池领跑比亚迪市值暴增 生物疫苗恐高复星医药重挫,锂电池领跑比亚迪市值暴增 生物疫苗恐高复星医药重挫
2021-08-07,基金经理为何争相“剁手”赛道股？拥挤交易打败传统估值框架？四大维度解码赛道股热度几何 !,基金经理为何争相“剁手”赛道股？拥挤交易打败传统估值框架？四大维度解码赛道股热度几何 !
2021-08-07,比亚迪与懂车帝打起来了？,比亚迪与懂车帝打起来了？
2021-08-07,爆款“汉”年销10万+、刀片电池疑将外供特斯拉…比亚迪股价再创新高，向万亿市值冲击？,爆款“汉”年销10万+、刀片电池疑将外供特斯拉…比亚迪股价再创新高，向万亿市值冲击？
2021-08-07,比亚迪市值站上9000亿,比亚迪市值站上9000亿
2021-08-07,“钾肥龙头”*ST盐湖恢复上市 寄望盐湖提锂机遇,“钾肥龙头”*ST盐湖恢复上市 寄望盐湖提锂机遇
2021-08-07,电动车的自燃“魔咒”，该如何破？,电动车的自燃“魔咒”，该如何破？
2021-08-07,特斯拉或采用刀片电池 磷酸铁锂需求有望持续扩容,特斯拉或采用刀片电池 磷酸铁锂需求有望持续扩容
2021-08-08,A股明日风口：打造智慧数据“全国一张网” 油气管道“工业互联网+安全生产”试点建设启动,A股明日风口：打造智慧数据“全国一张网” 油气管道“工业互联网+安全生产”试点建设启动
2021-08-08,比亚迪：近日收到公司持股5%以上股东吕向阳先生函告，获悉其将所持有本公司的部分股份（86.5万股）办理解除质押手续，截至公告披露日，吕向阳及其一致行动人融捷投资控股所持股份累计质押3.94亿股,比亚迪：近日收到公司持股5%以上股东吕向阳先生函告，获悉其将所持有本公司的部分股份（86.5万股）办理解除质押手续，截至公告披露日，吕向阳及其一致行动人融捷投资控股所持股份累计质押3.94亿股
2021-08-08,中信证券：风格平衡开启，切换尚需时间,中信证券：风格平衡开启，切换尚需时间
2021-08-08,下周操盘攻略：1500亿解禁来袭，机构看好下半场行情,下周操盘攻略：1500亿解禁来袭，机构看好下半场行情
2021-08-08,福耀玻璃(600660)：汽玻龙头H1业绩稳健 科技玻璃拓展成长空间,福耀玻璃(600660)：汽玻龙头H1业绩稳健 科技玻璃拓展成长空间
2021-08-08,比亚迪(002594)：销量持续攀升 新车周期稳步推进,比亚迪(002594)：销量持续攀升 新车周期稳步推进
2021-08-08,华安证券维持比亚迪买入评级：销量持续攀升，新车周期稳步推进,华安证券维持比亚迪买入评级：销量持续攀升，新车周期稳步推进
2021-08-08,但斌、景林多产品年内亏损，头部私募发挥失常？,但斌、景林多产品年内亏损，头部私募发挥失常？
2021-08-08,广东区域股市周报：板块总市值跌6169.7亿 华鹏飞跌30.06%跌幅第一,广东区域股市周报：板块总市值跌6169.7亿 华鹏飞跌30.06%跌幅第一
2021-08-08,丰元股份：子公司丰元锂能已开始向比亚迪批量供货,丰元股份：子公司丰元锂能已开始向比亚迪批量供货
2021-08-08,明天股市走势如何？该如何操作？,明天股市走势如何？该如何操作？
2021-08-08,“国潮”涌动：汽车“新国货”崛起在望,“国潮”涌动：汽车“新国货”崛起在望
2021-08-08,诺德股份(600110)：量价齐升 Q2业绩超预期,诺德股份(600110)：量价齐升 Q2业绩超预期
2021-08-08,补贴后 7.98 万起售，比亚迪元 Pro 能从欧拉那里抢走“女人心”吗？,补贴后 7.98 万起售，比亚迪元 Pro 能从欧拉那里抢走“女人心”吗？
2021-08-08,比亚迪新能源汽车7月产销量均超过5万辆 是去年同期3倍多,比亚迪新能源汽车7月产销量均超过5万辆 是去年同期3倍多
2021-08-08,食品饮料行业：全球消费市场观察,食品饮料行业：全球消费市场观察
2021-08-08,将为特斯拉供应电池？比亚迪或成“国货之光”,将为特斯拉供应电池？比亚迪或成“国货之光”
2021-08-08,比亚迪(002594)事件点评：众业务欣欣向荣 卡位全球龙头,比亚迪(002594)事件点评：众业务欣欣向荣 卡位全球龙头
2021-08-08,传比亚迪将向特斯拉提供刀片电池，宁德时代会慌吗？,传比亚迪将向特斯拉提供刀片电池，宁德时代会慌吗？
2021-08-08,比亚迪与特斯拉“相爱相杀” 电动车对抗电池合作？,比亚迪与特斯拉“相爱相杀” 电动车对抗电池合作？
2021-08-09,比亚迪现1笔大宗交易 共成交892.39万元,比亚迪现1笔大宗交易 共成交892.39万元
2021-08-09,携手中国健儿 比亚迪发起“全民助力龙舟入奥”活动,携手中国健儿 比亚迪发起“全民助力龙舟入奥”活动
2021-08-09,成立新电池公司、销量破5万！比亚迪或成“国货之光”,成立新电池公司、销量破5万！比亚迪或成“国货之光”
2021-08-09,新能源车板块大跌，大牛小憩还是阶段筑顶？,新能源车板块大跌，大牛小憩还是阶段筑顶？
2021-08-09,【经纬下午茶】上汽回应比亚迪将收购乘用车业务传闻：不信谣、不传谣,【经纬下午茶】上汽回应比亚迪将收购乘用车业务传闻：不信谣、不传谣
2021-08-09,比亚迪今日大宗交易成交3.04万股，成交价293.55元溢价0.0%,比亚迪今日大宗交易成交3.04万股，成交价293.55元溢价0.0%
2021-08-09,传比亚迪收购上汽集团乘用车，上汽集团回应：“不信谣、不传谣”,传比亚迪收购上汽集团乘用车，上汽集团回应：“不信谣、不传谣”
2021-08-09,恒指冲高回落收涨0.4%，地产、金融股领涨大市,恒指冲高回落收涨0.4%，地产、金融股领涨大市
2021-08-09,汽车行业周报：新能源车渗透率持续提升,汽车行业周报：新能源车渗透率持续提升
2021-08-09,网传比亚迪将收购上汽乘用车业务 上汽回应：不信谣、不传谣,网传比亚迪将收购上汽乘用车业务 上汽回应：不信谣、不传谣
2021-08-09,1446亿资金争夺20股：主力资金重点出击5股(名单),1446亿资金争夺20股：主力资金重点出击5股(名单)
2021-08-09,网传比亚迪将收购上汽乘用车业务，上汽回应：不信谣、不传谣,网传比亚迪将收购上汽乘用车业务，上汽回应：不信谣、不传谣
2021-08-09,北向资金今日净买入44.66亿元，光伏股逆势遭大幅抛售,北向资金今日净买入44.66亿元，光伏股逆势遭大幅抛售
2021-08-09,A股资金流向（8月9日）：市场复刻上周一行情，资金青睐大金融板块,A股资金流向（8月9日）：市场复刻上周一行情，资金青睐大金融板块
2021-08-09,“拒绝失去灵魂”？2200亿汽车龙头接连签约OPPO、中兴,“拒绝失去灵魂”？2200亿汽车龙头接连签约OPPO、中兴
2021-08-09,财华聚焦|股神老矣？巴菲特的格局你不懂,财华聚焦|股神老矣？巴菲特的格局你不懂
2021-08-09,北向资金净买入44.66亿元 比亚迪净买入1.86亿元,北向资金净买入44.66亿元 比亚迪净买入1.86亿元
2021-08-09,上汽集团否认比亚迪将收购上汽乘用车｜第一财经汽车日评,上汽集团否认比亚迪将收购上汽乘用车｜第一财经汽车日评
2021-08-09,北向资金 | 合计净流入44.66亿元，比亚迪、恒瑞医药、先导智能净买入居前,北向资金 | 合计净流入44.66亿元，比亚迪、恒瑞医药、先导智能净买入居前
2021-08-09,汽车和汽车零部件行业周报：“征程5”乘风起航 国产芯片助力软件定义汽车,汽车和汽车零部件行业周报：“征程5”乘风起航 国产芯片助力软件定义汽车
2021-08-09,碳中和周报：更接近国情的碳中和研究,碳中和周报：更接近国情的碳中和研究
2021-08-09,北上资金净买入44.66亿元 比亚迪净买入居首,北上资金净买入44.66亿元 比亚迪净买入居首
2021-08-09,基民懵了：说好的新能源行情 2只基金上市首日一度跌超4%,基民懵了：说好的新能源行情 2只基金上市首日一度跌超4%
2021-08-09,「疯狂的」比亚迪,「疯狂的」比亚迪
2021-08-09,或将供货特斯拉：比亚迪动力电池持续扩产,或将供货特斯拉：比亚迪动力电池持续扩产
2021-08-09,【数据说话】新能源汽车7月销量：比亚迪破5万大关！新势力“变天”，特斯拉败北德国？,【数据说话】新能源汽车7月销量：比亚迪破5万大关！新势力“变天”，特斯拉败北德国？
2021-08-09,16万的特斯拉加上刀片电池，不给其他车企留活路了？,16万的特斯拉加上刀片电池，不给其他车企留活路了？
2021-08-09,联手雷诺搞混动，另辟蹊径的吉利能否上演“王者归来”？,联手雷诺搞混动，另辟蹊径的吉利能否上演“王者归来”？
2021-08-09,华为提高年底鸿蒙目标用户数至4亿，硅铁价格持续上行丨明日主题前瞻,华为提高年底鸿蒙目标用户数至4亿，硅铁价格持续上行丨明日主题前瞻
2021-08-09,快讯丨比亚迪新电池公司落户盐城,快讯丨比亚迪新电池公司落户盐城
2021-08-09,北向资金今日净买入44.66亿元，抛售隆基股份逾7亿元 资产异常,北向资金今日净买入44.66亿元，抛售隆基股份逾7亿元 资产异常
2021-08-09,比亚迪海豚将于 8 月 13 日预售：e 平台 3.0 首款车型,比亚迪海豚将于 8 月 13 日预售：e 平台 3.0 首款车型
2021-08-09,新能源车题材火热 上车还是下车,新能源车题材火热 上车还是下车
2021-08-09,难以置信 比亚迪要收购上汽集团乘用车？官方回应,难以置信 比亚迪要收购上汽集团乘用车？官方回应
2021-08-09,首批比亚迪唐 EV 抵达挪威 预计 9 月交付,首批比亚迪唐 EV 抵达挪威 预计 9 月交付
2021-08-09,视频曝光！比亚迪新能源两日两起起火事故 安全事故,视频曝光！比亚迪新能源两日两起起火事故 安全事故
2021-08-09,网传比亚迪将在2022年二季度向特斯拉供应“刀片电池”,网传比亚迪将在2022年二季度向特斯拉供应“刀片电池”
2021-08-09,盖世周报 | 德国汽车产业遇最严重缺芯危机；比亚迪合肥项目完成备案,盖世周报 | 德国汽车产业遇最严重缺芯危机；比亚迪合肥项目完成备案
2021-08-09,丰元股份： 子公司丰元锂能在上半年通过比亚迪合格供应商审核，7月起批量供货,丰元股份： 子公司丰元锂能在上半年通过比亚迪合格供应商审核，7月起批量供货
2021-08-09,港股盘前必读：字节跳动回应上市传闻，道指刷新历史新高,港股盘前必读：字节跳动回应上市传闻，道指刷新历史新高
2021-08-09,A股融资融券日报：两融余额增加8.43亿元（8月6日）,A股融资融券日报：两融余额增加8.43亿元（8月6日）
2021-08-09,最大变数来袭！超级赛道集体提示风险，考验来了？,最大变数来袭！超级赛道集体提示风险，考验来了？
2021-08-09,安信国际晨报：市场信心逐步恢复，交易围绕高景气板块,安信国际晨报：市场信心逐步恢复，交易围绕高景气板块
2021-08-09,70股获券商买入评级，保利地产目标涨幅达100%,70股获券商买入评级，保利地产目标涨幅达100%
2021-08-09,【行情】宁德时代早盘大跌超6%，比亚迪跌近5% 连续下跌,【行情】宁德时代早盘大跌超6%，比亚迪跌近5% 连续下跌
2021-08-09,【SMM金属早参】金属普跌 美元大涨| 今日金属市场展望 | 限电限产对钢铁行业影响,【SMM金属早参】金属普跌 美元大涨| 今日金属市场展望 | 限电限产对钢铁行业影响
2021-08-09,警惕！新能源主题基金，重仓股估值处于历史高位,警惕！新能源主题基金，重仓股估值处于历史高位
2021-08-09,宁德时代、比亚迪齐跌6%！智能电车板块重挫逾4% 连续下跌,宁德时代、比亚迪齐跌6%！智能电车板块重挫逾4% 连续下跌
2021-08-09,比亚迪刀片电池今年销量预计超60万片 或将供货特斯拉,比亚迪刀片电池今年销量预计超60万片 或将供货特斯拉
2021-08-09,警惕！新能源主题基金 重仓股估值处于历史高位,警惕！新能源主题基金 重仓股估值处于历史高位
2021-08-09,"上汽集团回应""网上传言比亚迪将收购上汽乘用车""：不信谣、不传谣","上汽集团回应""网上传言比亚迪将收购上汽乘用车""：不信谣、不传谣"
2021-08-09,国海证券：维持比亚迪(002594.SZ)“买入”评级 新能源车销量表现强劲,国海证券：维持比亚迪(002594.SZ)“买入”评级 新能源车销量表现强劲
2021-08-09,Model 2新车研发，Model Y下探27.6万元！特斯拉正在构建一盘怎样的棋局？,Model 2新车研发，Model Y下探27.6万元！特斯拉正在构建一盘怎样的棋局？
2021-08-09,周一机构一致看好的十大金股,周一机构一致看好的十大金股
2021-08-09,大和：重申比亚迪股份(01211)“买入”评级 目标价升29%至356港元,大和：重申比亚迪股份(01211)“买入”评级 目标价升29%至356港元
2021-08-09,大和：上调比亚迪(1211.HK)每股盈利预测 升目标价至356港元,大和：上调比亚迪(1211.HK)每股盈利预测 升目标价至356港元
2021-08-09,A股最火板块半日蒸发1900亿！阿里巴巴盘中重挫4%,A股最火板块半日蒸发1900亿！阿里巴巴盘中重挫4%
2021-08-09,比亚迪7月新能源汽车销量“暴增” 占其总销量近90%,比亚迪7月新能源汽车销量“暴增” 占其总销量近90%
2021-08-09,特斯拉订货刀片电池，比亚迪将迎来黄金时代呢？,特斯拉订货刀片电池，比亚迪将迎来黄金时代呢？
2021-08-09,基民懵了！说好的新能源行情，结果上市首日就跌逾4%！而前期进场的投资者已开始获利了结,基民懵了！说好的新能源行情，结果上市首日就跌逾4%！而前期进场的投资者已开始获利了结
2021-08-09,主打年轻范 比亚迪海豚将于 8 月 13 日预售,主打年轻范 比亚迪海豚将于 8 月 13 日预售
2021-08-09,【券商聚焦】大和升比亚迪(01211)目标价29%至356港元 重申“买入”评级,【券商聚焦】大和升比亚迪(01211)目标价29%至356港元 重申“买入”评级
2021-08-09,飞龙股份：目前公司向比亚迪供应产品相对稍少,飞龙股份：目前公司向比亚迪供应产品相对稍少
2021-08-09,比亚迪汉销量破十万，三大群体车主占据主流,比亚迪汉销量破十万，三大群体车主占据主流
2021-08-09,LOGO焕然一新！比亚迪新车官宣：刀片电池冬季续航大增20%,LOGO焕然一新！比亚迪新车官宣：刀片电池冬季续航大增20%
2021-08-09,比亚迪盐城成立电池新公司，为供货特斯拉做准备？,比亚迪盐城成立电池新公司，为供货特斯拉做准备？
2021-08-10,新能源叉车品牌不计其数 比亚迪叉车为何备受关注？,新能源叉车品牌不计其数 比亚迪叉车为何备受关注？
2021-08-10,白马获抢筹，赛道股“失宠”，抛售纷至沓来,白马获抢筹，赛道股“失宠”，抛售纷至沓来
2021-08-10,【东吴电新】海外动力电池21Q2财报点评：产能扩张提速，加大一体化及美国市场布局,【东吴电新】海外动力电池21Q2财报点评：产能扩张提速，加大一体化及美国市场布局
2021-08-10,合力泰：有向比亚迪供应FPC，占公司收入比重较小,合力泰：有向比亚迪供应FPC，占公司收入比重较小
2021-08-10,集泰股份：去年电子胶占公司营业收入的5.93%,集泰股份：去年电子胶占公司营业收入的5.93%
2021-08-10,乘联会：7月新能源乘用车批发销量达24.6万辆 比亚迪突破5万辆,乘联会：7月新能源乘用车批发销量达24.6万辆 比亚迪突破5万辆
2021-08-10,A股资金流向（8月10日）：白酒龙头“旧神归来”，盐湖股份遭主力减仓超百亿,A股资金流向（8月10日）：白酒龙头“旧神归来”，盐湖股份遭主力减仓超百亿
2021-08-10,乘联会：7月新能源乘用车零售销量达22.2万辆，同比增长169.4%,乘联会：7月新能源乘用车零售销量达22.2万辆，同比增长169.4%
2021-08-10,"乘联会：7月新能源车出口呈现爆发式增长，特斯拉中国出口24,347辆，上汽乘用车的新能源出口4,407辆，比亚迪781辆，奇瑞汽车120辆，其他车企新能源车出口也正蓄势待发","乘联会：7月新能源车出口呈现爆发式增长，特斯拉中国出口24,347辆，上汽乘用车的新能源出口4,407辆，比亚迪781辆，奇瑞汽车120辆，其他车企新能源车出口也正蓄势待发"
2021-08-10,乘联会：7月乘用车市场零售达到150万辆，同比下降6.2%,乘联会：7月乘用车市场零售达到150万辆，同比下降6.2%
2021-08-10,将与特斯拉合作？比亚迪加速扩产刀片电池，安徽新能源版图再添一笔,将与特斯拉合作？比亚迪加速扩产刀片电池，安徽新能源版图再添一笔
2021-08-10,三张王牌可以让比亚迪成为第一个万亿市值车企吗？,三张王牌可以让比亚迪成为第一个万亿市值车企吗？
2021-08-10,钾肥之王提锂“重生”，盐湖股份碳酸锂业务仅占主营2.7%,钾肥之王提锂“重生”，盐湖股份碳酸锂业务仅占主营2.7%
2021-08-10,潜力不输盐湖提锂，盘点那些锂回收概念股,潜力不输盐湖提锂，盘点那些锂回收概念股
2021-08-10,南京聚隆称与比亚迪等合作股价涨停收关注函 信披考评非B即C,南京聚隆称与比亚迪等合作股价涨停收关注函 信披考评非B即C
2021-08-10,环球股市全日总结：8月10日,环球股市全日总结：8月10日
2021-08-10,百名比亚迪准车主维权：定金交了4个月仍无法提车 为啥还不给退,百名比亚迪准车主维权：定金交了4个月仍无法提车 为啥还不给退
2021-08-10,拓斯达：我司主要客户包括立讯精密、宁德时代、比亚迪、富士康等,拓斯达：我司主要客户包括立讯精密、宁德时代、比亚迪、富士康等
2021-08-10,比亚迪问鼎7月中国新能源乘用车销量冠军,比亚迪问鼎7月中国新能源乘用车销量冠军
2021-08-10,比亚迪销量和股价齐增 巴菲特的投资策略似乎还没过时,比亚迪销量和股价齐增 巴菲特的投资策略似乎还没过时
2021-08-10,迎合热点炒作股价？南京聚隆收函！公司信披考评非B即C,迎合热点炒作股价？南京聚隆收函！公司信披考评非B即C
2021-08-10,超越特斯拉、五菱！比亚迪问鼎中国7月新能源汽车销冠,超越特斯拉、五菱！比亚迪问鼎中国7月新能源汽车销冠
2021-08-10,新能源概念火火火！南京这家上市公司巧搭比亚迪、吉利、蔚来、理想、小鹏，深交所关注函火速下发 关注函,新能源概念火火火！南京这家上市公司巧搭比亚迪、吉利、蔚来、理想、小鹏，深交所关注函火速下发 关注函
2021-08-10,比亚迪全新轿车亮相！前脸大变定名F5 DM-i超级混动上车,比亚迪全新轿车亮相！前脸大变定名F5 DM-i超级混动上车
2021-08-10,万亿宁德时代和它的敌人们,万亿宁德时代和它的敌人们
2021-08-10,川财研究所晨报,川财研究所晨报
2021-08-10,金融街下午茶2021年8月10日星期二,金融街下午茶2021年8月10日星期二
2021-08-10,恒大汽车上半年因增加研发等费用预计净亏损48亿元，造车之路不平坦 预亏,恒大汽车上半年因增加研发等费用预计净亏损48亿元，造车之路不平坦 预亏
2021-08-10,6月电机榜：联合汽车电子跻身前十 华域麦格纳首上榜,6月电机榜：联合汽车电子跻身前十 华域麦格纳首上榜
2021-08-10,恩捷股份、石大胜华午后封住跌停板，动力电池指数跌近4%,恩捷股份、石大胜华午后封住跌停板，动力电池指数跌近4%
2021-08-10,盐湖股份小幅拉升，涨幅重回300%,盐湖股份小幅拉升，涨幅重回300%
2021-08-10,或将供货特斯拉： 比亚迪动力电池持续扩产,或将供货特斯拉： 比亚迪动力电池持续扩产
2021-08-10,一半是海水一半是火焰，极致行情下基金调仓换股攻略,一半是海水一半是火焰，极致行情下基金调仓换股攻略
2021-08-10,互联网基金销售平台助推赛道行情,互联网基金销售平台助推赛道行情
2021-08-10,28家公司7月发布回购方案 基本面优势成底气所在,28家公司7月发布回购方案 基本面优势成底气所在
2021-08-10,两大龙头领跌 锂电池板块出现回调,两大龙头领跌 锂电池板块出现回调
2021-08-10,盐湖股份重返A股，化肥OR新能源差别很大！,盐湖股份重返A股，化肥OR新能源差别很大！
2021-08-10,每日理财观察：央行发布二季度货币政策执行报告,每日理财观察：央行发布二季度货币政策执行报告
2021-08-10,【安信汽车|重磅深度】10-20万元新能源车有望迎来历史性机遇,【安信汽车|重磅深度】10-20万元新能源车有望迎来历史性机遇
2021-08-10,A股融资融券日报：两融余额增加71.84亿元（8月9日）,A股融资融券日报：两融余额增加71.84亿元（8月9日）
2021-08-10,刀片电池+半导体+DM-i：比亚迪会成为第一个万亿市值车企吗？,刀片电池+半导体+DM-i：比亚迪会成为第一个万亿市值车企吗？
2021-08-10,7月国内车企销量排名：比亚迪同比暴涨82.94%成最大赢家,7月国内车企销量排名：比亚迪同比暴涨82.94%成最大赢家
2021-08-10,2021 ChinaJoy回顾：重回端游拥抱主机，中国游戏寻找新出路,2021 ChinaJoy回顾：重回端游拥抱主机，中国游戏寻找新出路
2021-08-10,加速强链补链，新能源汽车发展“快马加鞭”,加速强链补链，新能源汽车发展“快马加鞭”
2021-08-10,"【特约大V】郭家耀：大市整体气氛改善 料指数有望上试26,800点水平","【特约大V】郭家耀：大市整体气氛改善 料指数有望上试26,800点水平"
2021-08-10,复牌大涨388%，超级股东赚620亿！大牛股10天涨超250%,复牌大涨388%，超级股东赚620亿！大牛股10天涨超250%
2021-08-10,7 月份自主品牌销量速览，吉利再不努力，就被奇瑞追上了,7 月份自主品牌销量速览，吉利再不努力，就被奇瑞追上了
2021-08-10,1万股东要慌？两天大涨36%锂电牛股突收关注函：详细说明与比亚迪、吉利、蔚来等合作的具体情况 关注函,1万股东要慌？两天大涨36%锂电牛股突收关注函：详细说明与比亚迪、吉利、蔚来等合作的具体情况 关注函
2021-08-10,正荣金融：预料恒指有望上试26800点水平,正荣金融：预料恒指有望上试26800点水平
2021-08-10,深交所向南京聚隆下发关注函 要求详细说明与比亚迪等新能源厂商的供货、在手订单等情况 关注函,深交所向南京聚隆下发关注函 要求详细说明与比亚迪等新能源厂商的供货、在手订单等情况 关注函
2021-08-10,恒生指数收涨0.29%报26359点 生物技术板块走强 荣昌生物-B(09995)涨22.05%,恒生指数收涨0.29%报26359点 生物技术板块走强 荣昌生物-B(09995)涨22.05%
2021-08-10,全球新能源汽车 6 月销量排名：特斯拉第一，比亚迪第二,全球新能源汽车 6 月销量排名：特斯拉第一，比亚迪第二
2021-08-10,深交所向南京聚隆下发关注函：是否存在主动迎合市场热点、炒作公司股价情形,深交所向南京聚隆下发关注函：是否存在主动迎合市场热点、炒作公司股价情形
2021-08-10,比亚迪获北向巨额买入，新能汽车（159824）迎多重利好，场内溢价交易活跃,比亚迪获北向巨额买入，新能汽车（159824）迎多重利好，场内溢价交易活跃
2021-08-10,机构跑路？新能源车股价“到顶”了吗？,机构跑路？新能源车股价“到顶”了吗？
2021-08-10,财信证券首予比亚迪谨慎推荐评级：7月产销表现亮眼，Dm-i车型销量持续爬坡，合理价325.04-360元,财信证券首予比亚迪谨慎推荐评级：7月产销表现亮眼，Dm-i车型销量持续爬坡，合理价325.04-360元
2021-08-10,午间公告2021年8月10日星期二,午间公告2021年8月10日星期二
2021-08-11,高澜股份(300499)：被忽视的新能源热管理标的,高澜股份(300499)：被忽视的新能源热管理标的
2021-08-11,南京聚隆(300644)股价连续上涨 是什么导致的？,南京聚隆(300644)股价连续上涨 是什么导致的？
2021-08-11,特斯拉中国7月销量不足万辆，出口欧洲却很火爆,特斯拉中国7月销量不足万辆，出口欧洲却很火爆
2021-08-11,最大功率130kW 比亚迪海豚高性能版曝光,最大功率130kW 比亚迪海豚高性能版曝光
2021-08-11,7 月份国内动力电池企业装车量排名出炉：宁德时代、比亚迪居前二,7 月份国内动力电池企业装车量排名出炉：宁德时代、比亚迪居前二
2021-08-11,北欧新能源版图再下一城，比亚迪首次驶入芬兰首都赫尔辛基,北欧新能源版图再下一城，比亚迪首次驶入芬兰首都赫尔辛基
2021-08-11,2021年7月动力电池月度数据发布，比亚迪装车量占比15%居第二,2021年7月动力电池月度数据发布，比亚迪装车量占比15%居第二
2021-08-11,NEDC续航700km 新款比亚迪唐EV最新消息,NEDC续航700km 新款比亚迪唐EV最新消息
2021-08-11,降价却卖不动了？特斯拉7月国内销量下滑近7成，出口大增,降价却卖不动了？特斯拉7月国内销量下滑近7成，出口大增
2021-08-11,动力电池企业最新排名出炉！宁德时代占据半壁江山,动力电池企业最新排名出炉！宁德时代占据半壁江山
2021-08-11,亚市资讯播报：韩股连续四日下挫 美国CPI数据来袭,亚市资讯播报：韩股连续四日下挫 美国CPI数据来袭
2021-08-11,将向特斯拉供货刀片电池？比亚迪：假的,将向特斯拉供货刀片电池？比亚迪：假的
2021-08-11,比亚迪向特斯拉刀片电池消息不实，双方合作与否依旧是未知数,比亚迪向特斯拉刀片电池消息不实，双方合作与否依旧是未知数
2021-08-11,定金交了4个月车没影钱不退，比亚迪准车主懊恼了,定金交了4个月车没影钱不退，比亚迪准车主懊恼了
2021-08-11,2021年7月动力电池月度数据发布，比亚迪（01211）装车量占比15%居第二,2021年7月动力电池月度数据发布，比亚迪（01211）装车量占比15%居第二
2021-08-11,比亚迪首次驶入芬兰首都赫尔辛基，加速“千湖之国”公交电动化进程,比亚迪首次驶入芬兰首都赫尔辛基，加速“千湖之国”公交电动化进程
2021-08-11,2021年7月乘用车销量点评：7月自主品牌销量逆势增长 新能源渗透率进一步提升,2021年7月乘用车销量点评：7月自主品牌销量逆势增长 新能源渗透率进一步提升
2021-08-11,7月乘用车零售销量排名公布，比亚迪秦PLUSDM-i“真香”！仅次于“神车”宏光mini,7月乘用车零售销量排名公布，比亚迪秦PLUSDM-i“真香”！仅次于“神车”宏光mini
2021-08-11,千亿级赛道迎利好！储能板块进入爆发期，三大类企业将受益,千亿级赛道迎利好！储能板块进入爆发期，三大类企业将受益
2021-08-11,拉美最大纯电动出租车队：50 辆比亚迪 e5 已交付智利,拉美最大纯电动出租车队：50 辆比亚迪 e5 已交付智利
2021-08-11,金融街下午茶2021年8月11日星期三,金融街下午茶2021年8月11日星期三
2021-08-11,比亚迪海豚高性能版曝光 电机功率翻近一倍,比亚迪海豚高性能版曝光 电机功率翻近一倍
2021-08-11,【浙商汽车|王敬】点评报告:看好新能源和整车的投资机会,【浙商汽车|王敬】点评报告:看好新能源和整车的投资机会
2021-08-11,特斯拉要用刀片电池了？ 比亚迪回应“没说过”,特斯拉要用刀片电池了？ 比亚迪回应“没说过”
2021-08-11,碳中和系列点评之十六：明确发电侧消纳主体责任 鼓励发电企业自建或购买调峰能力,碳中和系列点评之十六：明确发电侧消纳主体责任 鼓励发电企业自建或购买调峰能力
2021-08-11,储能行业深度报告：聚势前行 如日方升 开启万亿蓝海新篇章,储能行业深度报告：聚势前行 如日方升 开启万亿蓝海新篇章
2021-08-11,诺德股份(600110)：极薄锂电铜箔领航者 积极扩产迎量价齐升,诺德股份(600110)：极薄锂电铜箔领航者 积极扩产迎量价齐升
2021-08-11,比亚迪被碾压！中国动力电池装车量排行：宁德时代彻底封神,比亚迪被碾压！中国动力电池装车量排行：宁德时代彻底封神
2021-08-11,特斯拉7月在华销量缩水不足万辆，比亚迪又夺新能源销冠,特斯拉7月在华销量缩水不足万辆，比亚迪又夺新能源销冠
2021-08-11,重磅利好传了一周 比亚迪突然来辟谣,重磅利好传了一周 比亚迪突然来辟谣
2021-08-11,比亚迪VS特斯拉，能量密度更高！续航更长！,比亚迪VS特斯拉，能量密度更高！续航更长！
2021-08-11,比亚迪：再次向北欧最大公共交通运营商Nobina集团交付76台纯电动大巴,比亚迪：再次向北欧最大公共交通运营商Nobina集团交付76台纯电动大巴
2021-08-11,8月汽车零售量有望回暖｜第一财经汽车日评,8月汽车零售量有望回暖｜第一财经汽车日评
2021-08-11,中航锂电靠上“最牛风投”，对抗宁德时代？,中航锂电靠上“最牛风投”，对抗宁德时代？
2021-08-11,【华创汽车】淡化行业销量波动，建议积极配置整车,【华创汽车】淡化行业销量波动，建议积极配置整车
2021-08-11,第45批免购置税车型目录发布 MODEL Y/欧拉樱桃猫等270款车型在列,第45批免购置税车型目录发布 MODEL Y/欧拉樱桃猫等270款车型在列
2021-08-11,700km续航史上最长！新比亚迪唐EV来了：龙颜大增,700km续航史上最长！新比亚迪唐EV来了：龙颜大增
2021-08-11,【融中|要闻回顾】联想股价再冲1000亿港元 亚马逊市值蒸发近万亿,【融中|要闻回顾】联想股价再冲1000亿港元 亚马逊市值蒸发近万亿
2021-08-11,比亚迪遭股东吕向阳解质押0.16%股权，市值约13.57亿元,比亚迪遭股东吕向阳解质押0.16%股权，市值约13.57亿元
2021-08-11,北向资金今日净卖出超28亿元，白酒股持续惨遭抛售,北向资金今日净卖出超28亿元，白酒股持续惨遭抛售
2021-08-11,电池荒还是产能过剩？动力电池产业冰火两重天,电池荒还是产能过剩？动力电池产业冰火两重天
2021-08-11,【1211】比亚迪：从未表示将向特斯拉供应「刀片电池」 | 头条金融网,【1211】比亚迪：从未表示将向特斯拉供应「刀片电池」 | 头条金融网
2021-08-11,比亚迪 F5 申报图曝光：全新设计语音，搭载 DM-i 超级混动系统,比亚迪 F5 申报图曝光：全新设计语音，搭载 DM-i 超级混动系统
2021-08-11,7月车市再度下滑 合资受困缺芯、自主借机逆袭,7月车市再度下滑 合资受困缺芯、自主借机逆袭
2021-08-11,特斯拉部分车型明年部署比亚迪刀片电池,特斯拉部分车型明年部署比亚迪刀片电池
2021-08-11,安信国际 | 汽车行业报告：科技赋能，汽车行业的发展新机遇,安信国际 | 汽车行业报告：科技赋能，汽车行业的发展新机遇
2021-08-11,A股融资融券日报：两融余额增加29.47亿元（8月10日）,A股融资融券日报：两融余额增加29.47亿元（8月10日）
2021-08-11,每日理财观察：银行业保险业上半年成绩单“张榜”,每日理财观察：银行业保险业上半年成绩单“张榜”
2021-08-11,互动易替代临时公告收关注函 南京聚隆连夜改回复或涉信披违规 关注函,互动易替代临时公告收关注函 南京聚隆连夜改回复或涉信披违规 关注函
2021-08-11,新能源零售销量环比下降3.2% ，但头部车企销量仍创新高 盈利能力下降,新能源零售销量环比下降3.2% ，但头部车企销量仍创新高 盈利能力下降
2021-08-11,新能源车时代，功率半导体乘风而起 | 开源证券电子,新能源车时代，功率半导体乘风而起 | 开源证券电子
2021-08-11,比亚迪是中国的特斯拉吗？,比亚迪是中国的特斯拉吗？
2021-08-11,【汽车-徐慧雄】10-20万元新能源车有望迎来历史性机遇,【汽车-徐慧雄】10-20万元新能源车有望迎来历史性机遇
2021-08-11,互动易上放利好，股价2天大涨29%！公司连夜改回复或涉信披违规？交易所紧急发函，网友：“这是割韭菜的玩法” 问询,互动易上放利好，股价2天大涨29%！公司连夜改回复或涉信披违规？交易所紧急发函，网友：“这是割韭菜的玩法” 问询
2021-08-11,南京聚隆连夜改互动易回复或涉信披违规？交易所紧急发函 问询,南京聚隆连夜改互动易回复或涉信披违规？交易所紧急发函 问询
2021-08-11,38家车企7月销量一览：多数表现好于6月，埃安、坦克等独立子品牌亮了,38家车企7月销量一览：多数表现好于6月，埃安、坦克等独立子品牌亮了
2021-08-11,前7月新能源车销量增长210.2%,前7月新能源车销量增长210.2%
2021-08-11,盐湖股份恢复上市暴涨306%,盐湖股份恢复上市暴涨306%
2021-08-11,销量三连涨，比亚迪能否做新能源领域的“课代表”？,销量三连涨，比亚迪能否做新能源领域的“课代表”？
2021-08-11,进入电动时代前夕，中国发动机终于赶上了合资？,进入电动时代前夕，中国发动机终于赶上了合资？
2021-08-11,特斯拉“猛攻” T 型车,特斯拉“猛攻” T 型车
2021-08-11,财联社从中国汽车动力电池产业创新联盟获取的数据显示，7月份国内动力电池企业装车量前5名有：宁德时代（50.1%）、比亚迪（16.8%）、中航锂电（6.8%）、国轩高科（5.5%）、亿纬锂能（2.5%）,财联社从中国汽车动力电池产业创新联盟获取的数据显示，7月份国内动力电池企业装车量前5名有：宁德时代（50.1%）、比亚迪（16.8%）、中航锂电（6.8%）、国轩高科（5.5%）、亿纬锂能（2.5%）
2021-08-11,【行业点评】7月行业批发同比-8.2%，新能源渗透率突破15%,【行业点评】7月行业批发同比-8.2%，新能源渗透率突破15%
2021-08-11,工信部发布《享受车船税减免优惠的节约能源使用新能源汽车车型目录》,工信部发布《享受车船税减免优惠的节约能源使用新能源汽车车型目录》
2021-08-11,蹭上储能大热点？这家公司连续大涨，刚刚，交易所关注函来了 关注函,蹭上储能大热点？这家公司连续大涨，刚刚，交易所关注函来了 关注函
2021-08-11,雅化集团：雅安2万吨锂盐项目已于去年建成投产,雅化集团：雅安2万吨锂盐项目已于去年建成投产
2021-08-11,采用全新设计语言 比亚迪F5申报图曝光,采用全新设计语言 比亚迪F5申报图曝光
2021-08-11,廉颇老矣尚能饭否，又起火的锂电池会凉吗？ 产品问题,廉颇老矣尚能饭否，又起火的锂电池会凉吗？ 产品问题
2021-08-11,小米MIX 4的一体式陶瓷背板和金属小A壳：系比亚迪电子主力供货,小米MIX 4的一体式陶瓷背板和金属小A壳：系比亚迪电子主力供货
2021-08-11,储能行业：配储政策升级 市场化调峰激发光储新需求,储能行业：配储政策升级 市场化调峰激发光储新需求
2021-08-11,【乘用车月报】芯片短缺冲击七月销量，但Q4酝酿着超预期-东北汽车,【乘用车月报】芯片短缺冲击七月销量，但Q4酝酿着超预期-东北汽车
2021-08-11,【东吴通信侯宾团队】华工科技：四大产品线持续开拓，带动公司业务稳步推进,【东吴通信侯宾团队】华工科技：四大产品线持续开拓，带动公司业务稳步推进
2021-08-11,高度自由搭配！配备刀片前脸的比亚迪新车,高度自由搭配！配备刀片前脸的比亚迪新车
2021-08-11,比亚迪创中国新能源乘用车月销历史新高 卫冕月度销冠,比亚迪创中国新能源乘用车月销历史新高 卫冕月度销冠
2021-08-11,板块异动丨新能源车零售渗透率最高 汽车整车板块午后拉升,板块异动丨新能源车零售渗透率最高 汽车整车板块午后拉升
2021-08-11,比亚迪电子：携手小米打造高端旗舰MIX 4,比亚迪电子：携手小米打造高端旗舰MIX 4
2021-08-11,比亚迪回应将向特斯拉提供刀片电池传闻：从未这样说过,比亚迪回应将向特斯拉提供刀片电池传闻：从未这样说过
2021-08-11,比亚迪汉推 506km 版硬磕特斯拉降价，市值逼近万亿创新高,比亚迪汉推 506km 版硬磕特斯拉降价，市值逼近万亿创新高
2021-08-11,降价反而卖不动了？特斯拉7月国内销量下滑近7成，出口却暴增；这些自主品牌新能源车表现突出 盈利能力下降,降价反而卖不动了？特斯拉7月国内销量下滑近7成，出口却暴增；这些自主品牌新能源车表现突出 盈利能力下降
2021-08-11,7月车企销量榜：特斯拉暴降七成跌至第六 长安新能源跻身前三 盈利能力下降,7月车企销量榜：特斯拉暴降七成跌至第六 长安新能源跻身前三 盈利能力下降
2021-08-11,7月销量快报：新能源市场逐渐引领车市,7月销量快报：新能源市场逐渐引领车市
2021-08-11,比亚迪(002594)：拥抱蓝海 从区域市占率看未来需求,比亚迪(002594)：拥抱蓝海 从区域市占率看未来需求
2021-08-11,联通数科工业AI平台，助力比亚迪打造5G智慧工厂,联通数科工业AI平台，助力比亚迪打造5G智慧工厂
2021-08-11,比亚迪居然是特斯拉概念股?,比亚迪居然是特斯拉概念股?
2021-08-11,比亚迪否认向特斯拉供货刀片电池,比亚迪否认向特斯拉供货刀片电池
2021-08-12,新能源汽车产销均创历史新高,新能源汽车产销均创历史新高
2021-08-12,突然爆发！2000亿“盐皇”直线拉涨停！锂电、汽车概念股再度爆发,突然爆发！2000亿“盐皇”直线拉涨停！锂电、汽车概念股再度爆发
2021-08-12,港股收评：三大指数齐跌，生物医药股重挫,港股收评：三大指数齐跌，生物医药股重挫
2021-08-12,常铝股份：向比亚迪供应的产品包括刀片电池壳、电池箔产品,常铝股份：向比亚迪供应的产品包括刀片电池壳、电池箔产品
2021-08-12,常铝股份：公司向比亚迪供应的产品包括刀片电池壳、电池箔产品,常铝股份：公司向比亚迪供应的产品包括刀片电池壳、电池箔产品
2021-08-12,7月新能源车产销创新高，汽车板块逆势领涨，近23亿主力资金抢筹,7月新能源车产销创新高，汽车板块逆势领涨，近23亿主力资金抢筹
2021-08-12,外资清仓中概股？这些没抛，“木头姐”表态来了,外资清仓中概股？这些没抛，“木头姐”表态来了
2021-08-12,2000亿盐湖股份直线拉涨停！新东方转型培训父母,2000亿盐湖股份直线拉涨停！新东方转型培训父母
2021-08-12,太刺激了！午后，这只股票直线拉涨停！整个板块狂飙起飞！YYDS又回来了！茅台股价跌破1700元，到入手的时候了吗？,太刺激了！午后，这只股票直线拉涨停！整个板块狂飙起飞！YYDS又回来了！茅台股价跌破1700元，到入手的时候了吗？
2021-08-12,A股资金流向（8月12日）：“茅族”、“宁族”双双遭抛售,A股资金流向（8月12日）：“茅族”、“宁族”双双遭抛售
2021-08-12,比亚迪在挪威交付唐 EV 首车,比亚迪在挪威交付唐 EV 首车
2021-08-12,跨界收购比亚迪、士兰微的供应商，皇庭国际是为了蹭芯片热度？,跨界收购比亚迪、士兰微的供应商，皇庭国际是为了蹭芯片热度？
2021-08-12,盐湖股份二次发射！冲上“人气榜”第一，游资机构激烈博弈,盐湖股份二次发射！冲上“人气榜”第一，游资机构激烈博弈
2021-08-12,巨丰微策略：比亚迪被高看1.5万亿 科技股又嗨了 还能持续吗？,巨丰微策略：比亚迪被高看1.5万亿 科技股又嗨了 还能持续吗？
2021-08-12,巨丰投顾：科技股又嗨了 还能持续吗？,巨丰投顾：科技股又嗨了 还能持续吗？
2021-08-12,新能源车行业销量跟踪系列：7月国内销量环比超预期 美国渗透率持续提升,新能源车行业销量跟踪系列：7月国内销量环比超预期 美国渗透率持续提升
2021-08-12,三个月翻倍之后，券商高喊：它的上涨刚起步！,三个月翻倍之后，券商高喊：它的上涨刚起步！
2021-08-12,汽车行业报告：7月乘用车批发同比下降8.2% 头部自主品牌与新能源车表现超强,汽车行业报告：7月乘用车批发同比下降8.2% 头部自主品牌与新能源车表现超强
2021-08-12,上汽集团销量增速再垫底 电动车大卖为何仍被投资者抛弃？,上汽集团销量增速再垫底 电动车大卖为何仍被投资者抛弃？
2021-08-12,宏光MINI EV霸榜！7月新能源车销量出炉：比亚迪秦PLUS DM-i挺进前三,宏光MINI EV霸榜！7月新能源车销量出炉：比亚迪秦PLUS DM-i挺进前三
2021-08-12,中汽协7月销量点评：高基数和芯片压制销量 新能源持续超出预期,中汽协7月销量点评：高基数和芯片压制销量 新能源持续超出预期
2021-08-12,比亚迪元 PLUS 续航里程曝光，提供 430km 和 510km 两个版本,比亚迪元 PLUS 续航里程曝光，提供 430km 和 510km 两个版本
2021-08-12,整车板块大涨 基金或提升配置,整车板块大涨 基金或提升配置
2021-08-12,不足万辆！特斯拉7月销量暴跌70% 盈利能力下降,不足万辆！特斯拉7月销量暴跌70% 盈利能力下降
2021-08-12,大涨近17%！受益磷酸铁锂风口，德方纳米（300769.SZ）股价创新高,大涨近17%！受益磷酸铁锂风口，德方纳米（300769.SZ）股价创新高
2021-08-12,券商研报也“疯狂”：茅台看高3000元 比亚迪再涨75%？,券商研报也“疯狂”：茅台看高3000元 比亚迪再涨75%？
2021-08-12,中国汽车动力电池产业创新联盟：2021年7月份国内动力电池企业装车量排名 宁德时代占比超50%,中国汽车动力电池产业创新联盟：2021年7月份国内动力电池企业装车量排名 宁德时代占比超50%
2021-08-12,联通数科联合比亚迪打造AI+5G智慧工厂；国内首个700M 5G NR基站落地东方明珠塔 | 36氪5G创新日报0812,联通数科联合比亚迪打造AI+5G智慧工厂；国内首个700M 5G NR基站落地东方明珠塔 | 36氪5G创新日报0812
2021-08-12,股指面临压力位 市场风格转向题材 资源股有望延续强势,股指面临压力位 市场风格转向题材 资源股有望延续强势
2021-08-12,比亚迪叉车：搬运机器人时代已到来！,比亚迪叉车：搬运机器人时代已到来！
2021-08-12,摩根士丹利、瑞银扎堆买入，这只外资“团宠股”年内暴涨两倍,摩根士丹利、瑞银扎堆买入，这只外资“团宠股”年内暴涨两倍
2021-08-12,动力电池“争霸赛”：“第二梯队”抢地盘 一超多强格局或生变,动力电池“争霸赛”：“第二梯队”抢地盘 一超多强格局或生变
2021-08-12,ETF排行榜｜钢铁、有色ETF涨幅居前；军工ETF回调 消费医药ETF疲软,ETF排行榜｜钢铁、有色ETF涨幅居前；军工ETF回调 消费医药ETF疲软
2021-08-12,1.5万亿目标市值，一份研报点燃A股整车板块,1.5万亿目标市值，一份研报点燃A股整车板块
2021-08-12,北水动向(8.12)|北水成交净卖出1.01亿 内资再加仓吉利汽车(00175)超13亿港元,北水动向(8.12)|北水成交净卖出1.01亿 内资再加仓吉利汽车(00175)超13亿港元
2021-08-12,A股三大指数收跌 有色主题基金逆市上涨,A股三大指数收跌 有色主题基金逆市上涨
2021-08-12,资源股行情再度爆发 等待新一轮行情开启,资源股行情再度爆发 等待新一轮行情开启
2021-08-12,蔚来、比亚迪劲敌！续航最长的Model Y现身 超640公里,蔚来、比亚迪劲敌！续航最长的Model Y现身 超640公里
2021-08-12,华夏中证新能源汽车ETF：价值与成长兼顾 进攻与防御并存,华夏中证新能源汽车ETF：价值与成长兼顾 进攻与防御并存
2021-08-12,沪股通净卖出0.70亿元,沪股通净卖出0.70亿元
2021-08-12,南京聚隆收关注函 被要求说明与比亚迪等众厂商合作情况 关注函,南京聚隆收关注函 被要求说明与比亚迪等众厂商合作情况 关注函
2021-08-12,汽车整车股持续走高，券商：预计整车仍将是板块的投资主线,汽车整车股持续走高，券商：预计整车仍将是板块的投资主线
2021-08-12,科技股爆发！券商看高目标市值至1.5万亿，比亚迪引领汽车股异动,科技股爆发！券商看高目标市值至1.5万亿，比亚迪引领汽车股异动
2021-08-12,小米MIX 4一体式陶瓷背板受盛赞：比亚迪独家供货！,小米MIX 4一体式陶瓷背板受盛赞：比亚迪独家供货！
2021-08-12,【行情】A股汽车整车股异动，东风汽车拉升封板，长安汽车、安凯客车、比亚迪、长城汽车等跟涨,【行情】A股汽车整车股异动，东风汽车拉升封板，长安汽车、安凯客车、比亚迪、长城汽车等跟涨
2021-08-12,【天风汽车】7月自主品牌销量逆势增长，新能源汽车加速渗透,【天风汽车】7月自主品牌销量逆势增长，新能源汽车加速渗透
2021-08-12,新能源汽车行业：7月产销稳步提升 磷酸铁锂年内装机首超三元,新能源汽车行业：7月产销稳步提升 磷酸铁锂年内装机首超三元
2021-08-12,中信建投：给予比亚迪1.5万亿目标市值，还能涨70%？,中信建投：给予比亚迪1.5万亿目标市值，还能涨70%？
2021-08-12,中信建投发表研报：高呼比亚迪市值1.5万亿 还有80%上涨空间？,中信建投发表研报：高呼比亚迪市值1.5万亿 还有80%上涨空间？
2021-08-12,向奥运健儿致敬，盘点中国品牌的单项冠军车型,向奥运健儿致敬，盘点中国品牌的单项冠军车型
2021-08-12,A股融资融券日报：两融余额增加75.25亿元（8月11日）,A股融资融券日报：两融余额增加75.25亿元（8月11日）
2021-08-12,7月销量创历史新高，股价三个月翻倍，中信建投：给予比亚迪1.5万亿市值目标,7月销量创历史新高，股价三个月翻倍，中信建投：给予比亚迪1.5万亿市值目标
2021-08-12,智通港股开市掘金(08.12) | 食品、教育、医美、电子烟行业又出利空 中国能建(03996)借壳正式登陆A股,智通港股开市掘金(08.12) | 食品、教育、医美、电子烟行业又出利空 中国能建(03996)借壳正式登陆A股
2021-08-12,港股盘前必读：恒大汽车部分资产出售，道指、标普500创新高,港股盘前必读：恒大汽车部分资产出售，道指、标普500创新高
2021-08-12,能涨70%？中信建投给予比亚迪1.5万亿市值目标,能涨70%？中信建投给予比亚迪1.5万亿市值目标
2021-08-12,【中原锂电池】锂电池行业月报：销量倍增，板块持续关注,【中原锂电池】锂电池行业月报：销量倍增，板块持续关注
2021-08-12,储能概念!新能源赛道仍是资金最爱的王,储能概念!新能源赛道仍是资金最爱的王
2021-08-12,新能源汽车进入高速普及阶段,新能源汽车进入高速普及阶段
2021-08-12,“有锂”还需“有理”，多家公司涉锂遭监管关注,“有锂”还需“有理”，多家公司涉锂遭监管关注
2021-08-12,“比亚迪收购上汽”居然上了热搜！网友：伤害性不大，侮辱性极强！,“比亚迪收购上汽”居然上了热搜！网友：伤害性不大，侮辱性极强！
2021-08-12,【行情】盐湖提锂板块午后持续拉升，西藏珠峰、兆新股份等涨停，盐湖股份涨超8%，比亚迪、西部矿业跟涨,【行情】盐湖提锂板块午后持续拉升，西藏珠峰、兆新股份等涨停，盐湖股份涨超8%，比亚迪、西部矿业跟涨
2021-08-12,每日理财观察：中国7月M2同比增长8.3%，新增人民币贷款1.08万亿,每日理财观察：中国7月M2同比增长8.3%，新增人民币贷款1.08万亿
2021-08-12,比亚迪股价涨5.1% 现报309.95元,比亚迪股价涨5.1% 现报309.95元
2021-08-12,同增82.94%不值得庆祝 加快交付速度才是比亚迪工作的重点,同增82.94%不值得庆祝 加快交付速度才是比亚迪工作的重点
2021-08-12,比亚迪盘中大涨5.06% 此前中信给出1.5万亿市值目标,比亚迪盘中大涨5.06% 此前中信给出1.5万亿市值目标
2021-08-12,7月乘用车产销同比下滑，新能源汽车产销翻倍，出口成市场突破点,7月乘用车产销同比下滑，新能源汽车产销翻倍，出口成市场突破点
2021-08-12,7 月国内厂商零售销量榜单，一汽 - 大众暴跌 37% 盈利能力下降,7 月国内厂商零售销量榜单，一汽 - 大众暴跌 37% 盈利能力下降
2021-08-12,比亚迪盘中走高涨4.86%，中信建投给与1.5万亿市值目标,比亚迪盘中走高涨4.86%，中信建投给与1.5万亿市值目标
2021-08-12,电气设备行业点评报告：储能(三大弹性方向之后周期)再迎利好 发电侧政策出台,电气设备行业点评报告：储能(三大弹性方向之后周期)再迎利好 发电侧政策出台
2021-08-12,比亚迪：公司于重庆璧山的轨道交通产品“云巴”已正式开通,比亚迪：公司于重庆璧山的轨道交通产品“云巴”已正式开通
2021-08-12,秦PLUS进前三 乘联会7月新能源车销量榜,秦PLUS进前三 乘联会7月新能源车销量榜
2021-08-12,新能源车产销大增破纪录，比亚迪暴涨近5%，新能汽车（159824）探底回升,新能源车产销大增破纪录，比亚迪暴涨近5%，新能汽车（159824）探底回升
2021-08-12,独家！宁德时代 VS 比亚迪动力锂电池技术布局对比(附专利总量对比、合作申请对比、重点专利布局对比等),独家！宁德时代 VS 比亚迪动力锂电池技术布局对比(附专利总量对比、合作申请对比、重点专利布局对比等)
2021-08-12,比亚迪：相关合作信息请以官方发布为准,比亚迪：相关合作信息请以官方发布为准
2021-08-12,【行情】汽车整车板块午后持续拉升，广汽集团、东风汽车涨停，北汽蓝谷涨超9%，长安汽车、安凯客车、长城汽车、比亚迪跟涨,【行情】汽车整车板块午后持续拉升，广汽集团、东风汽车涨停，北汽蓝谷涨超9%，长安汽车、安凯客车、长城汽车、比亚迪跟涨
2021-08-12,比亚迪回应“混动皮卡计划”：将基于市场需求及自身规划进行产品设计及推出,比亚迪回应“混动皮卡计划”：将基于市场需求及自身规划进行产品设计及推出
2021-08-12,汽车行业月度销量点评：销量短期承压 下半年向好趋势犹存,汽车行业月度销量点评：销量短期承压 下半年向好趋势犹存
2021-08-12,宁德时代5月份额下滑至43% 分析师：未来或到30% | 汽车产经,宁德时代5月份额下滑至43% 分析师：未来或到30% | 汽车产经
2021-08-12,【行情】汽车整车板块持续走强，东风汽车涨停，长安汽车涨超8%，广汽集团、中集车辆、安凯客车、比亚迪等跟涨,【行情】汽车整车板块持续走强，东风汽车涨停，长安汽车涨超8%，广汽集团、中集车辆、安凯客车、比亚迪等跟涨
2021-08-12,投资比亚迪超10年，沃伦·巴菲特又押对了“刀片电池”？,投资比亚迪超10年，沃伦·巴菲特又押对了“刀片电池”？
2021-08-12,比亚迪大涨5%，7月销量刷新中国新能源车新高！券商：还能再涨70%,比亚迪大涨5%，7月销量刷新中国新能源车新高！券商：还能再涨70%
2021-08-12,A股异动：比亚迪盘中一度上涨5%，中信建投给予其1.5万亿市值目标,A股异动：比亚迪盘中一度上涨5%，中信建投给予其1.5万亿市值目标
2021-08-12,比亚迪AH股齐步拉升 中信建投给予1.5万亿市值目标,比亚迪AH股齐步拉升 中信建投给予1.5万亿市值目标
2021-08-12,比亚迪：公司密切关注行业各技术路线的发展,比亚迪：公司密切关注行业各技术路线的发展
2021-08-12,比亚迪盘中大涨5.06%，成交额超50亿元,比亚迪盘中大涨5.06%，成交额超50亿元
2021-08-13,7月热销5万辆 比亚迪创中国新能源乘用车月销新高,7月热销5万辆 比亚迪创中国新能源乘用车月销新高
2021-08-13,崔东树：2021年中国汽车市场呈现低基数高增长的恢复性增长走势,崔东树：2021年中国汽车市场呈现低基数高增长的恢复性增长走势
2021-08-13,汽车行业跟踪点评：7月自主品牌逆势增长 新能源车保持强势增长,汽车行业跟踪点评：7月自主品牌逆势增长 新能源车保持强势增长
2021-08-13,北向资金本周净买入额大幅收窄，宁德时代遭大幅净卖出近8亿元,北向资金本周净买入额大幅收窄，宁德时代遭大幅净卖出近8亿元
2021-08-13,比亚迪汽车工业园落户深汕合作区，计划总投资50亿元,比亚迪汽车工业园落户深汕合作区，计划总投资50亿元
2021-08-13,川财研究制造产业链核心数据跟踪日报,川财研究制造产业链核心数据跟踪日报
2021-08-13,国货之光！比亚迪杀入欧洲市场：唐EV首车成功交付,国货之光！比亚迪杀入欧洲市场：唐EV首车成功交付
2021-08-13,A股资金流向（8月13日）：科技龙头遭集中抛售,A股资金流向（8月13日）：科技龙头遭集中抛售
2021-08-13,比亚迪(002594)：产品周期叠加电池加速外供 迈上新台阶,比亚迪(002594)：产品周期叠加电池加速外供 迈上新台阶
2021-08-13,宁德时代抛582亿巨额定增，为IPO时募资10倍！谁能接过锂电领涨大旗？,宁德时代抛582亿巨额定增，为IPO时募资10倍！谁能接过锂电领涨大旗？
2021-08-13,比亚迪竞拍芯片厂，车企“芯荒”的危与机,比亚迪竞拍芯片厂，车企“芯荒”的危与机
2021-08-13,太极股份：公司不涉及汽车电子相关业务,太极股份：公司不涉及汽车电子相关业务
2021-08-13,盐湖股份复牌当周劲升322%助推盐湖提锂板块，机构指出两条投资主线,盐湖股份复牌当周劲升322%助推盐湖提锂板块，机构指出两条投资主线
2021-08-13,比亚迪海洋车系发布 首款车型“海豚”预售价9.68万元 -12.48万元,比亚迪海洋车系发布 首款车型“海豚”预售价9.68万元 -12.48万元
2021-08-13,8月13日比亚迪、招商银行等10家公司公告出现利好,8月13日比亚迪、招商银行等10家公司公告出现利好
2021-08-13,比亚迪电子在港交所公告称，与比亚迪订立第二份补充协议，将截至2021年12月31日止年度的电池年度采购协议上限由8.5亿元修订为15亿元,比亚迪电子在港交所公告称，与比亚迪订立第二份补充协议，将截至2021年12月31日止年度的电池年度采购协议上限由8.5亿元修订为15亿元
2021-08-13,比亚迪电子：将比亚迪电池2021年度采购协议上限修订为15亿元,比亚迪电子：将比亚迪电池2021年度采购协议上限修订为15亿元
2021-08-13,比亚迪新款纯电动车“海豚”8月13日启动预售,比亚迪新款纯电动车“海豚”8月13日启动预售
2021-08-13,比亚迪电子：与比亚迪的年度电池采购协议修订为15亿元,比亚迪电子：与比亚迪的年度电池采购协议修订为15亿元
2021-08-13,比亚迪发布新款纯电动车“海豚”,比亚迪发布新款纯电动车“海豚”
2021-08-13,比亚迪海洋车系发布，首款车型海豚预售正式启动,比亚迪海洋车系发布，首款车型海豚预售正式启动
2021-08-13,预售价9.68万元起 比亚迪海豚开启预售,预售价9.68万元起 比亚迪海豚开启预售
2021-08-13,惊天定增582亿 宁德时代“豪赌”锂电,惊天定增582亿 宁德时代“豪赌”锂电
2021-08-13,9.68万元-12.48万元，海洋车系首款车型，比亚迪（01211）海豚正式启动预售,9.68万元-12.48万元，海洋车系首款车型，比亚迪（01211）海豚正式启动预售
2021-08-13,比亚迪全新车型海豚开售：10万级电动小跑 年轻人代步神器,比亚迪全新车型海豚开售：10万级电动小跑 年轻人代步神器
2021-08-13,比亚迪e平台3.0推出首款车型海豚，续航405km定位城市代步场景 | 一线车讯,比亚迪e平台3.0推出首款车型海豚，续航405km定位城市代步场景 | 一线车讯
2021-08-13,汽车股午後跌幅扩大 比亚迪挫近8% | 头条金融网,汽车股午後跌幅扩大 比亚迪挫近8% | 头条金融网
2021-08-13,特斯拉环比暴跌近七成，发生了什么？,特斯拉环比暴跌近七成，发生了什么？
2021-08-13,蔚来Q2亏5.9亿 蔚来将推比特斯拉便宜品牌车型 亏损,蔚来Q2亏5.9亿 蔚来将推比特斯拉便宜品牌车型 亏损
2021-08-13,汽车行业7月汽车产销分析：行业产销同比降幅收窄 新能源车逆市高增长,汽车行业7月汽车产销分析：行业产销同比降幅收窄 新能源车逆市高增长
2021-08-13,比亚迪唐EV挪威上市，年内将累计向挪威发运1500台唐EV,比亚迪唐EV挪威上市，年内将累计向挪威发运1500台唐EV
2021-08-13,恩捷股份：公司的锂电池隔膜产品适用于磷酸铁锂电池,恩捷股份：公司的锂电池隔膜产品适用于磷酸铁锂电池
2021-08-13,大湾区竞逐锂电池产业细分赛道，风口下抢抓技术进阶与标准引领,大湾区竞逐锂电池产业细分赛道，风口下抢抓技术进阶与标准引领
2021-08-13,在预售发布会之前，聊聊对比亚迪海豚的一些预测,在预售发布会之前，聊聊对比亚迪海豚的一些预测
2021-08-13,产业景气度高 券商看多新能源龙头,产业景气度高 券商看多新能源龙头
2021-08-13,产业景气度高，券商看多新能源龙头,产业景气度高，券商看多新能源龙头
2021-08-13,818回顾：年度获奖品牌与车型的今昔,818回顾：年度获奖品牌与车型的今昔
2021-08-13,主力出逃这些龙头股超10亿,主力出逃这些龙头股超10亿
2021-08-13,1个比亚迪值10个中车吗,1个比亚迪值10个中车吗
2021-08-13,中信建投：突然爆发！2000亿“盐皇”直线拉涨停！目标价上限44.2元,中信建投：突然爆发！2000亿“盐皇”直线拉涨停！目标价上限44.2元
2021-08-13,震撼A股！万亿宁德时代推582亿定增，券商会议瞬间挤爆！18万股东沸腾,震撼A股！万亿宁德时代推582亿定增，券商会议瞬间挤爆！18万股东沸腾
2021-08-13,这只基金收益创历史纪录，重仓股全是新能源！基民出来炫耀,这只基金收益创历史纪录，重仓股全是新能源！基民出来炫耀
2021-08-13,称与比亚迪等多家车企合作 一公司股价飙涨遭深交所发函 问询,称与比亚迪等多家车企合作 一公司股价飙涨遭深交所发函 问询
2021-08-13,比亚迪被高看到1.5万亿 科技股还会继续嗨?,比亚迪被高看到1.5万亿 科技股还会继续嗨?
2021-08-13,风眼 | 蔚来Q2亏5.9亿 放下身段推低价车可挽“颓势”？凤凰网科技 亏损,风眼 | 蔚来Q2亏5.9亿 放下身段推低价车可挽“颓势”？凤凰网科技 亏损
2021-08-13,每日理财观察：深交所开展专项检查，持续强化新股报价行为监管,每日理财观察：深交所开展专项检查，持续强化新股报价行为监管
2021-08-13,A股早报2021年8月13日星期五,A股早报2021年8月13日星期五
2021-08-13,政策利好不断，盘点2021年储能主力军最新布局,政策利好不断，盘点2021年储能主力军最新布局
2021-08-13,河钢集团精品钢材助力比亚迪全球首条无人驾驶云巴项目建设,河钢集团精品钢材助力比亚迪全球首条无人驾驶云巴项目建设
2021-08-13,2021年7月国内新能源车销量点评：淡季不淡 全年300万辆可期,2021年7月国内新能源车销量点评：淡季不淡 全年300万辆可期
2021-08-13,A股融资融券日报：两融余额增加73.91亿元（8月12日）,A股融资融券日报：两融余额增加73.91亿元（8月12日）
2021-08-13,宁德时代定增582亿拉开锂电池扩产大幕 投资者挤爆券商电话会议“求上车”,宁德时代定增582亿拉开锂电池扩产大幕 投资者挤爆券商电话会议“求上车”
2021-08-13,干货！2021年中国储能电池行业龙头企业分析——宁德时代：持续建立储能电池产业链上下游协同体系,干货！2021年中国储能电池行业龙头企业分析——宁德时代：持续建立储能电池产业链上下游协同体系
2021-08-13,一旦特斯拉16万元电动车来了，自主车企如何接招？|推本溯源,一旦特斯拉16万元电动车来了，自主车企如何接招？|推本溯源
2021-08-13,港股汽车板块跌幅扩大 比亚迪跌7% | 头条金融网,港股汽车板块跌幅扩大 比亚迪跌7% | 头条金融网
2021-08-13,新款比亚迪唐 EV 增加两个版本车型，续航里程高达 700km,新款比亚迪唐 EV 增加两个版本车型，续航里程高达 700km
2021-08-13,"彻底震惊A股！香港首富，万亿""宁王""要融资近600亿！券商会议瞬间挤满2000人！华尔街英语将宣布破产","彻底震惊A股！香港首富，万亿""宁王""要融资近600亿！券商会议瞬间挤满2000人！华尔街英语将宣布破产"
2021-08-13,比亚迪纯电新车“海豚”将于今晚直播时预售，新配色曝光,比亚迪纯电新车“海豚”将于今晚直播时预售，新配色曝光
2021-08-13,比亚迪电动大巴驶入巴基斯坦 绿色出行见证中巴友谊,比亚迪电动大巴驶入巴基斯坦 绿色出行见证中巴友谊
2021-08-13,储能为何如此火爆，谁又是储能界的主力军,储能为何如此火爆，谁又是储能界的主力军
2021-08-13,新能源赛道资金胶着战背后，业内人士提示短期风险,新能源赛道资金胶着战背后，业内人士提示短期风险
2021-08-14,海洋车系发布 比亚迪海豚正式开启预售,海洋车系发布 比亚迪海豚正式开启预售
2021-08-14,剑指A0级SUV 比亚迪意借“海豚”蚕食燃油车市场,剑指A0级SUV 比亚迪意借“海豚”蚕食燃油车市场
2021-08-14,比亚迪秦DMI强势放量，电车渗透率17%再创新高| 兴证电新 · 国内电车点评（许琳、朱玥）,比亚迪秦DMI强势放量，电车渗透率17%再创新高| 兴证电新 · 国内电车点评（许琳、朱玥）
2021-08-14,【国君策略】新基建主题：博弈超额收益的新战场,【国君策略】新基建主题：博弈超额收益的新战场
2021-08-14,比亚迪签深汕 建汽车工业园,比亚迪签深汕 建汽车工业园
2021-08-14,比亚迪海豚预售价9.68万元起 海洋车系聚焦“新世代”,比亚迪海豚预售价9.68万元起 海洋车系聚焦“新世代”
2021-08-14,预售价9.68万—12.48万元，比亚迪“海豚”开启领YOUNG计划,预售价9.68万—12.48万元，比亚迪“海豚”开启领YOUNG计划
2021-08-14,产值百亿的汽车园落户深汕，越来越多深企选择深汕作为“第二落点”,产值百亿的汽车园落户深汕，越来越多深企选择深汕作为“第二落点”
2021-08-14,比亚迪元 PLUS 续航曝光，最高 510 公里，售价或 13 万元起,比亚迪元 PLUS 续航曝光，最高 510 公里，售价或 13 万元起
2021-08-14,中国汽研(601965)：智能驾驶测评稀缺标的 攻守兼备,中国汽研(601965)：智能驾驶测评稀缺标的 攻守兼备
2021-08-14,为新城高质量发展提供强大动力,为新城高质量发展提供强大动力
2021-08-14,力压豪威科技，比亚迪半导体50亿元收购济南富能,力压豪威科技，比亚迪半导体50亿元收购济南富能
2021-08-14,星源材质(300568)：探寻星源盈利与成长的确定性,星源材质(300568)：探寻星源盈利与成长的确定性
2021-08-14,比亚迪今日涨停，股价创历史新高达到291.18元，总市值突破8000亿,比亚迪今日涨停，股价创历史新高达到291.18元，总市值突破8000亿
2021-08-14,“海豚”搭载刀片电池 比亚迪推新品掘金“Z世代”,“海豚”搭载刀片电池 比亚迪推新品掘金“Z世代”
2021-08-14,宁德时代掀“专利侵权”之争 或因对手林立行业竞争加剧 诉讼纠纷,宁德时代掀“专利侵权”之争 或因对手林立行业竞争加剧 诉讼纠纷
2021-08-14,新能源汽车题材炒作深化，何处寻迹被遗落的“支线”逻辑？,新能源汽车题材炒作深化，何处寻迹被遗落的“支线”逻辑？
2021-08-14,计划总投资50亿元 比亚迪汽车工业园落户深汕合作区,计划总投资50亿元 比亚迪汽车工业园落户深汕合作区
2021-08-15,数据解放生产力——琰究摩托车数据系列（2021年7月）【华西汽车 崔琰团队】,数据解放生产力——琰究摩托车数据系列（2021年7月）【华西汽车 崔琰团队】
2021-08-15,周观点 | 7月新能源渗透率16%+ 自主品牌市占率提升【华西汽车 崔琰团队】,周观点 | 7月新能源渗透率16%+ 自主品牌市占率提升【华西汽车 崔琰团队】
2021-08-15,比亚迪 | 海豚系列首发上市 燃油平价大有可为【华西汽车 崔琰团队】,比亚迪 | 海豚系列首发上市 燃油平价大有可为【华西汽车 崔琰团队】
2021-08-15,全系搭载刀片电池 海豚正式发布 比亚迪布局小型电动车市场,全系搭载刀片电池 海豚正式发布 比亚迪布局小型电动车市场
2021-08-15,【浙商汽车|王敬】周观点:8月新能源车能否超预期？,【浙商汽车|王敬】周观点:8月新能源车能否超预期？
2021-08-15,【7月乘用车量-库-价深度】7月自主份额环比+2.3%，自主崛起加速兑现,【7月乘用车量-库-价深度】7月自主份额环比+2.3%，自主崛起加速兑现
2021-08-15,“钾肥之王”盐湖股份回应与宁德时代、比亚迪合作等20余个热点问题,“钾肥之王”盐湖股份回应与宁德时代、比亚迪合作等20余个热点问题
2021-08-15,【国金电新&汽车】光伏涨价迎旺季，发电侧配储出重拳；宁德融资固王座，电池材料变数多,【国金电新&汽车】光伏涨价迎旺季，发电侧配储出重拳；宁德融资固王座，电池材料变数多
2021-08-15,周末影响A股十大事件来了！,周末影响A股十大事件来了！
2021-08-15,一天答复20多条投资者提问！2000亿“钾肥之王”回应与宁德时代、比亚迪合作等问题,一天答复20多条投资者提问！2000亿“钾肥之王”回应与宁德时代、比亚迪合作等问题
2021-08-15,【周观点】8月第一周批发同比-13%，看好自主崛起,【周观点】8月第一周批发同比-13%，看好自主崛起
2021-08-15,盐湖股份23条问答回应一切：与宁德时代未有实质合作，锂资源储量丰富，会否更名为“盐湖锂业”？,盐湖股份23条问答回应一切：与宁德时代未有实质合作，锂资源储量丰富，会否更名为“盐湖锂业”？
2021-08-15,华西证券维持比亚迪增持评级：海豚系列首发上市，燃油平价大有可为,华西证券维持比亚迪增持评级：海豚系列首发上市，燃油平价大有可为
2021-08-15,2021年7月国内动力电池装机量点评：行业景气上行 铁锂加速渗透,2021年7月国内动力电池装机量点评：行业景气上行 铁锂加速渗透
2021-08-15,电气设备行业：磷酸铁锂装机首超三元 光伏需求回暖驱动产业链涨价,电气设备行业：磷酸铁锂装机首超三元 光伏需求回暖驱动产业链涨价
2021-08-15,蔚来接连发生致死事故，对无人驾驶概念影响几何？,蔚来接连发生致死事故，对无人驾驶概念影响几何？
2021-08-15,传闻供货特斯拉？比亚迪刀片电池牛在哪？,传闻供货特斯拉？比亚迪刀片电池牛在哪？
2021-08-15,先导智能(300450)：宁德时代扩产 利好设备龙头,先导智能(300450)：宁德时代扩产 利好设备龙头
2021-08-15,"EV观察系列100：中国电车7月再超预期，黄金时代下的""竞速赛""【安信电新】","EV观察系列100：中国电车7月再超预期，黄金时代下的""竞速赛""【安信电新】"
2021-08-15,盐湖股份：与宁德时代未有相关实质合作,盐湖股份：与宁德时代未有相关实质合作
2021-08-15,比亚迪发布海洋车系,比亚迪发布海洋车系
2021-08-15,下周操盘攻略：锂电牛股解禁600亿、重磅数据将公布,下周操盘攻略：锂电牛股解禁600亿、重磅数据将公布
2021-08-15,比亚迪牛了，特斯拉将采用刀片电池,比亚迪牛了，特斯拉将采用刀片电池
2021-08-16,恒指收跌0.8% 比亚迪、理想汽车均跌超7%,恒指收跌0.8% 比亚迪、理想汽车均跌超7%
2021-08-16,港股跌幅扩大，大型科技股、汽车股领跌,港股跌幅扩大，大型科技股、汽车股领跌
2021-08-16,快讯：港股汽车板块持续下挫 比亚迪跌近8%,快讯：港股汽车板块持续下挫 比亚迪跌近8%
2021-08-16,骑上海豚，比亚迪就年轻了？,骑上海豚，比亚迪就年轻了？
2021-08-16,8月16日两市散户抢筹的50只个股,8月16日两市散户抢筹的50只个股
2021-08-16,A股资金流向（8月16日）：资金大幅出逃锂电产业链,A股资金流向（8月16日）：资金大幅出逃锂电产业链
2021-08-16,恒指弱势震荡收跌0.8%，科技、汽车股引领下跌,恒指弱势震荡收跌0.8%，科技、汽车股引领下跌
2021-08-16,比亚迪注册“王朝家族”商标,比亚迪注册“王朝家族”商标
2021-08-16,减持公告砸盘，9股出逃超10亿，42家大额解禁即将来袭,减持公告砸盘，9股出逃超10亿，42家大额解禁即将来袭
2021-08-16,年轻人正在抛弃 BBA？,年轻人正在抛弃 BBA？
2021-08-16,国轩高科参股的锂电材料企业即将IPO！,国轩高科参股的锂电材料企业即将IPO！
2021-08-16,比亚迪(002594.SZ)股东吕向阳解除质押525万股,比亚迪(002594.SZ)股东吕向阳解除质押525万股
2021-08-16,加码采购：消费电子增长超预期 新一轮“宅”经济已接踵而至？,加码采购：消费电子增长超预期 新一轮“宅”经济已接踵而至？
2021-08-16,银禧科技：没有为比亚迪提供电池盒以及周边材料,银禧科技：没有为比亚迪提供电池盒以及周边材料
2021-08-16,科技才是硬实力，新能源企业研发投入大盘点(名单),科技才是硬实力，新能源企业研发投入大盘点(名单)
2021-08-16,锂业之“王”负债577亿，牵手比亚迪 偿债能力下降,锂业之“王”负债577亿，牵手比亚迪 偿债能力下降
2021-08-16,比亚迪：吕向阳解除质押2.19%公司股份,比亚迪：吕向阳解除质押2.19%公司股份
2021-08-16,“绿”动未来，比亚迪叉车按下减碳加速键,“绿”动未来，比亚迪叉车按下减碳加速键
2021-08-16,疯狂的锂电：巨头驻厂“盯防”抢产能，VC添加剂短缺何时解,疯狂的锂电：巨头驻厂“盯防”抢产能，VC添加剂短缺何时解
2021-08-16,汽车行业周报：工信部：加强智能网联车企及产品准入管理,汽车行业周报：工信部：加强智能网联车企及产品准入管理
2021-08-16,财联社8月16日讯，比亚迪股价在香港市场跌幅扩大至7.8％。,财联社8月16日讯，比亚迪股价在香港市场跌幅扩大至7.8％。
2021-08-16,北向资金今日大幅净买入62亿元，低估值消费白马股获追捧,北向资金今日大幅净买入62亿元，低估值消费白马股获追捧
2021-08-16,【行情】比亚迪港股跌幅扩大至8％,【行情】比亚迪港股跌幅扩大至8％
2021-08-16,21 家独角兽后，印度创投领域还会继续加速么？,21 家独角兽后，印度创投领域还会继续加速么？
2021-08-16,赣锋锂业跌超7%，宁德时代、比亚迪、新能车ETF（159806）跌超4%,赣锋锂业跌超7%，宁德时代、比亚迪、新能车ETF（159806）跌超4%
2021-08-16,车市周观察：比亚迪海豚出海，理想港股落叶飘,车市周观察：比亚迪海豚出海，理想港股落叶飘
2021-08-16,补贴后9.68万起/续航405km 比亚迪海豚开启预售,补贴后9.68万起/续航405km 比亚迪海豚开启预售
2021-08-16,【东吴电新】电动车7月销量点评：国内销量大超预期，自主及新势力车企稳步增长，上修全年销量预期,【东吴电新】电动车7月销量点评：国内销量大超预期，自主及新势力车企稳步增长，上修全年销量预期
2021-08-16,宁德时代账面资金716亿再抛582亿定增 曾毓群疯狂扩张“豪赌”再造一个宁德,宁德时代账面资金716亿再抛582亿定增 曾毓群疯狂扩张“豪赌”再造一个宁德
2021-08-16,中信证券：比亚迪新车“海豚”发布 车型周期继续向上,中信证券：比亚迪新车“海豚”发布 车型周期继续向上
2021-08-16,7月重要股东增减持动态：汽车行业减持金额居首 电气设备增持金额最多 减持股份,7月重要股东增减持动态：汽车行业减持金额居首 电气设备增持金额最多 减持股份
2021-08-16,A股融资融券日报：两融余额减少36.53亿元（8月13日）,A股融资融券日报：两融余额减少36.53亿元（8月13日）
2021-08-16,冠城大通：公司已与国内部分新能源汽车厂商展开车用电机电磁线的合作,冠城大通：公司已与国内部分新能源汽车厂商展开车用电机电磁线的合作
2021-08-16,中信建投：维持比亚迪(002594.SZ)“买入”评级 “海洋”系列发布 切入细分市场,中信建投：维持比亚迪(002594.SZ)“买入”评级 “海洋”系列发布 切入细分市场
2021-08-16,盐湖股份：公司目前拥有蓝科锂业公司现有1万吨工业级碳酸锂装置,盐湖股份：公司目前拥有蓝科锂业公司现有1万吨工业级碳酸锂装置
2021-08-16,7 月销量出炉，德系跌跌不休，中国品牌继续领跑车市！,7 月销量出炉，德系跌跌不休，中国品牌继续领跑车市！
2021-08-16,中信证券：继续重点推荐比亚迪 维持A+H“买入”评级,中信证券：继续重点推荐比亚迪 维持A+H“买入”评级
2021-08-16,秀颜值，也要秀肌肉，e平台 3.0首款车型，比亚迪海豚预售价格9.68万元-12.48万元,秀颜值，也要秀肌肉，e平台 3.0首款车型，比亚迪海豚预售价格9.68万元-12.48万元
2021-08-16,恒生科技指数跌幅扩大至2%，哔哩哔哩跌超7%再创新低,恒生科技指数跌幅扩大至2%，哔哩哔哩跌超7%再创新低
2021-08-16,“坚决抵制忽悠股民接盘”十连板公司急了：我们是储能行业门外汉,“坚决抵制忽悠股民接盘”十连板公司急了：我们是储能行业门外汉
2021-08-16,汽车行业周报：2021H1全球电动汽车销量超250万辆 电动化率达6.3%,汽车行业周报：2021H1全球电动汽车销量超250万辆 电动化率达6.3%
2021-08-16,南山铝业：宁德时代、比亚迪等业内头部企业均为公司动力电池箔产品客户,南山铝业：宁德时代、比亚迪等业内头部企业均为公司动力电池箔产品客户
2021-08-16,解盘：人气持续回升，医美、证券、燃料电池、半导体封测略涨,解盘：人气持续回升，医美、证券、燃料电池、半导体封测略涨
2021-08-16,港股午盘丨恒指跌0.74% 比亚迪跌超6%,港股午盘丨恒指跌0.74% 比亚迪跌超6%
2021-08-16,小鹏汽车，翅膀如何载动野心？,小鹏汽车，翅膀如何载动野心？
2021-08-16,政策利好光伏产业,政策利好光伏产业
2021-08-16,汽车股下挫 比亚迪跌近6%长城汽车和理想汽车跌约5%,汽车股下挫 比亚迪跌近6%长城汽车和理想汽车跌约5%
2021-08-16,新能源汽车股集体重挫：比亚迪暴跌近7%，长城汽车跌超6%,新能源汽车股集体重挫：比亚迪暴跌近7%，长城汽车跌超6%
2021-08-16,新能源商用车前7月销量增超六成 租赁模式受青睐,新能源商用车前7月销量增超六成 租赁模式受青睐
2021-08-17,A股资金流向（8月17日）：超900亿资金离场，权重股多数遭抛售,A股资金流向（8月17日）：超900亿资金离场，权重股多数遭抛售
2021-08-17,绝地逢生！保壳摘帽愈演愈烈，机构也在玩,绝地逢生！保壳摘帽愈演愈烈，机构也在玩
2021-08-17,汽车行业周报：7月产销承压 关注8月强势新品车型,汽车行业周报：7月产销承压 关注8月强势新品车型
2021-08-17,推出纯电动“海洋车系” 比亚迪再次摁下加速键,推出纯电动“海洋车系” 比亚迪再次摁下加速键
2021-08-17,花旗：料比亚迪、吉利是未来两年新能源车渗透率最高企业,花旗：料比亚迪、吉利是未来两年新能源车渗透率最高企业
2021-08-17,比亚迪元 PLUS 将于成都车展亮相，最高续航 510 公里,比亚迪元 PLUS 将于成都车展亮相，最高续航 510 公里
2021-08-17,新势力交付稳定，传统车企新能源却面临交车难题？,新势力交付稳定，传统车企新能源却面临交车难题？
2021-08-17,5G应用扬帆起航 比亚迪推动数字化生态发展,5G应用扬帆起航 比亚迪推动数字化生态发展
2021-08-17,“唐、汉”后比亚迪将推“海豚、海豹”？海洋系列首款车预售9.68万起,“唐、汉”后比亚迪将推“海豚、海豹”？海洋系列首款车预售9.68万起
2021-08-17,北向资金逆市抄底加仓A股近15亿，通威股份、北方稀土净买入额均创历史新高,北向资金逆市抄底加仓A股近15亿，通威股份、北方稀土净买入额均创历史新高
2021-08-17,比亚迪如何让刀片电池充电速度比三元锂电池还快？,比亚迪如何让刀片电池充电速度比三元锂电池还快？
2021-08-17,全球首款批量装车！比亚迪三相全桥SiC功率模块揭秘,全球首款批量装车！比亚迪三相全桥SiC功率模块揭秘
2021-08-17,盐湖股份“牵手”比亚迪往事：3万吨电池级碳酸锂项目停滞的三年,盐湖股份“牵手”比亚迪往事：3万吨电池级碳酸锂项目停滞的三年
2021-08-17,宁德时代融资近600亿扩产锂电池，未向钠电池投一分钱,宁德时代融资近600亿扩产锂电池，未向钠电池投一分钱
2021-08-17,董车日报 | 奔驰将推出纯电版「大 G」/ 美国正式对特斯拉自动驾驶进行吊车 / 新款雷克萨斯 ES 上市,董车日报 | 奔驰将推出纯电版「大 G」/ 美国正式对特斯拉自动驾驶进行吊车 / 新款雷克萨斯 ES 上市
2021-08-17,新能源车持续回调，比亚迪三连跌，新能汽车（159824）小幅回撤,新能源车持续回调，比亚迪三连跌，新能汽车（159824）小幅回撤
2021-08-17,龙颜大增！比亚迪全新王朝SUV官宣：新平台打造,龙颜大增！比亚迪全新王朝SUV官宣：新平台打造
2021-08-17,慈星股份：旗下子公司锂电方面主要设备有注液机等等,慈星股份：旗下子公司锂电方面主要设备有注液机等等
2021-08-17,新华基金刘彬：新能源汽车行业是一个未来能够实现十年十倍增长的超级成长赛道,新华基金刘彬：新能源汽车行业是一个未来能够实现十年十倍增长的超级成长赛道
2021-08-17,动力电池：低端产能退出优质产能才能进来,动力电池：低端产能退出优质产能才能进来
2021-08-17,比亚迪创中国新能源乘用车月销历史新高 卫冕月度销冠,比亚迪创中国新能源乘用车月销历史新高 卫冕月度销冠
2021-08-17,遇见海豚，比亚迪带来新浪漫,遇见海豚，比亚迪带来新浪漫
2021-08-17,7月自主整体向上：长安汽车遥遥领先/再夺销冠,7月自主整体向上：长安汽车遥遥领先/再夺销冠
2021-08-17,【民生证券研究院】晨会纪要20210817,【民生证券研究院】晨会纪要20210817
2021-08-17,港股盘前必读：消息称腾讯音乐取消今年在港上市计划或推迟至明年进行,港股盘前必读：消息称腾讯音乐取消今年在港上市计划或推迟至明年进行
2021-08-17,每日理财观察：中国7月份宏观经济数据出炉,每日理财观察：中国7月份宏观经济数据出炉
2021-08-17,中信证券：继续重点比亚迪推荐 A股目标价372元,中信证券：继续重点比亚迪推荐 A股目标价372元
2021-08-17,起底吉利汽车：翘楚为何沦为打工仔 | 次世代车研所,起底吉利汽车：翘楚为何沦为打工仔 | 次世代车研所
2021-08-17,A股融资融券日报：两融余额增加8.88亿元（8月16日）,A股融资融券日报：两融余额增加8.88亿元（8月16日）
2021-08-17,锂电铜箔迎高光时刻！,锂电铜箔迎高光时刻！
2021-08-17,【行情】港股汽车股集体低开，小鹏汽车跌超2%，比亚迪跌1%，北京汽车、广汽集团跌0.7%,【行情】港股汽车股集体低开，小鹏汽车跌超2%，比亚迪跌1%，北京汽车、广汽集团跌0.7%
2021-08-17,中国品牌靠混动弯道超车？,中国品牌靠混动弯道超车？
2021-08-17,A股分化加剧，4大类外资在持续行动，长远布局正当时,A股分化加剧，4大类外资在持续行动，长远布局正当时
2021-08-17,锂电产业链低开高走，西藏矿业涨超6%,锂电产业链低开高走，西藏矿业涨超6%
2021-08-17,超越合资大众！比亚迪平均售价已达15.18万元,超越合资大众！比亚迪平均售价已达15.18万元
2021-08-17,汽车行业简评报告：新能源&出口两大引擎强劲 预计8月行业继续向好,汽车行业简评报告：新能源&出口两大引擎强劲 预计8月行业继续向好
2021-08-17,比亚迪李黔：汽车智能化颠覆了传统汽车,比亚迪李黔：汽车智能化颠覆了传统汽车
2021-08-17,电气设备行业周观点：铁锂电池单月产量超过三元 光伏产业链价格上涨,电气设备行业周观点：铁锂电池单月产量超过三元 光伏产业链价格上涨
2021-08-17,中信证券：车型周期持续向上 给予比亚迪H股目标价447港元,中信证券：车型周期持续向上 给予比亚迪H股目标价447港元
2021-08-18,e平台3.0首发，9.68万预售的海豚胜算几何？,e平台3.0首发，9.68万预售的海豚胜算几何？
2021-08-18,比亚迪盘中走高涨4.86%，中信建投给与1.5万亿市值目标,比亚迪盘中走高涨4.86%，中信建投给与1.5万亿市值目标
2021-08-18,福达股份上半年营收净利双增长 扣非净利润同比增逾100%,福达股份上半年营收净利双增长 扣非净利润同比增逾100%
2021-08-18,【解读】士兰微等牛股业绩暴涨股价暴跌，价值投资在A股是否有效？ 盈利能力下降,【解读】士兰微等牛股业绩暴涨股价暴跌，价值投资在A股是否有效？ 盈利能力下降
2021-08-18,国产车越卖越贵？80万的比亚迪将亮相 以前有钱也不买、现在想买买不起,国产车越卖越贵？80万的比亚迪将亮相 以前有钱也不买、现在想买买不起
2021-08-18,盐湖提锂龙头项目接力跑：蓝科锂业半年赚2亿，盐湖比亚迪也在提速,盐湖提锂龙头项目接力跑：蓝科锂业半年赚2亿，盐湖比亚迪也在提速
2021-08-18,福达股份上半年扣非净利润增逾100%,福达股份上半年扣非净利润增逾100%
2021-08-18,特斯拉国内市场下滑海外出口弥补，LFP产销均超三元——锂电池月度数据点评,特斯拉国内市场下滑海外出口弥补，LFP产销均超三元——锂电池月度数据点评
2021-08-18,新能源5年要增16倍 陷“掉队”质疑的吉利汽车如何“脱坑”？,新能源5年要增16倍 陷“掉队”质疑的吉利汽车如何“脱坑”？
2021-08-18,7月新能源批发销量Top30：比亚迪三款车型位居前十 造车新势力蔚来垫底,7月新能源批发销量Top30：比亚迪三款车型位居前十 造车新势力蔚来垫底
2021-08-18,韩国三大电池企业在欧美市场扩张，中韩动力电池战火升级,韩国三大电池企业在欧美市场扩张，中韩动力电池战火升级
2021-08-18,比亚迪半导体分拆上市，摆脱母公司依赖是关键,比亚迪半导体分拆上市，摆脱母公司依赖是关键
2021-08-18,比亚迪元 PLUS 将亮相成都车展,比亚迪元 PLUS 将亮相成都车展
2021-08-18,比亚迪关联公司经营范围新增二手车交易市场经营等,比亚迪关联公司经营范围新增二手车交易市场经营等
2021-08-18,国产车越卖越贵？80万的比亚迪将亮相 广汽传祺单车均价超大众、日产,国产车越卖越贵？80万的比亚迪将亮相 广汽传祺单车均价超大众、日产
2021-08-18,长江证券首席策略分析师包承超：中国制造迎来投资“黄金赛道”,长江证券首席策略分析师包承超：中国制造迎来投资“黄金赛道”
2021-08-18,资本爱车不懂造车？股价涨落之后 车企强弱依旧,资本爱车不懂造车？股价涨落之后 车企强弱依旧
2021-08-18,EV晨报 | 马来疫情导致博世部分芯片“断供”；2021款几何C正式上市；新Macan8月25日公布中国售价,EV晨报 | 马来疫情导致博世部分芯片“断供”；2021款几何C正式上市；新Macan8月25日公布中国售价
2021-08-18,A股融资融券日报：两融余额减少125.59亿元（8月17日）,A股融资融券日报：两融余额减少125.59亿元（8月17日）
2021-08-18,插电混动轿车，还能重回主流吗？,插电混动轿车，还能重回主流吗？
2021-08-18,联通数科工业AI平台，助力比亚迪打造5G智慧工厂,联通数科工业AI平台，助力比亚迪打造5G智慧工厂
2021-08-18,金力永磁(300748)：稀土永磁强者 迎新能源盛宴,金力永磁(300748)：稀土永磁强者 迎新能源盛宴
2021-08-18,华友钴业(603799)：业绩创新高 成功转型新能源锂电材料 加速布局一体化产业链,华友钴业(603799)：业绩创新高 成功转型新能源锂电材料 加速布局一体化产业链
2021-08-18,北向资金稳步加仓3日净买入超111亿，持续扫货大金融龙头股,北向资金稳步加仓3日净买入超111亿，持续扫货大金融龙头股
2021-08-18,“2021中国汽车消费年度发布”荣誉揭晓,“2021中国汽车消费年度发布”荣誉揭晓
2021-08-18,国泰君安证券：驱动新发展，功率半导体产业展现新亮点,国泰君安证券：驱动新发展，功率半导体产业展现新亮点
2021-08-19,A股资金流向（8月19日）：核心赛道股再获追捧，大金融遭抛售,A股资金流向（8月19日）：核心赛道股再获追捧，大金融遭抛售
2021-08-19,用友网络(600588)：云计算+工业软件核心龙头价值显现 营收进入加速期,用友网络(600588)：云计算+工业软件核心龙头价值显现 营收进入加速期
2021-08-19,易车对6月新能源乘用车市场运行进行分析：行业总体,易车对6月新能源乘用车市场运行进行分析：行业总体
2021-08-19,吉利汽车中报：电动车市场份额半年再遭腰斩 5年16倍底气何来? 盈利能力下降,吉利汽车中报：电动车市场份额半年再遭腰斩 5年16倍底气何来? 盈利能力下降
2021-08-19,汽车行业研究：消费已经形成共识，上调全球电动车销量,汽车行业研究：消费已经形成共识，上调全球电动车销量
2021-08-19,【行情】港股汽车板块午后拉升，长城汽车、广汽集团涨超3%，吉利汽车、比亚迪、小鹏汽车涨超2%,【行情】港股汽车板块午后拉升，长城汽车、广汽集团涨超3%，吉利汽车、比亚迪、小鹏汽车涨超2%
2021-08-19,4家中介引发投行业务“地震”再扩大！牵扯18家上市公司定增转债等中止，42家IPO搁浅，比亚迪导体在列 经营问题,4家中介引发投行业务“地震”再扩大！牵扯18家上市公司定增转债等中止，42家IPO搁浅，比亚迪导体在列 经营问题
2021-08-19,股价创新高！主力25亿抢筹长安汽车，新能源车高增长有望持续,股价创新高！主力25亿抢筹长安汽车，新能源车高增长有望持续
2021-08-19,科创新源(300731)：储能及新能源电池散热新星,科创新源(300731)：储能及新能源电池散热新星
2021-08-19,比亚迪为什么卖得比大众“贵”？,比亚迪为什么卖得比大众“贵”？
2021-08-19,比亚迪单车均价超越大众，且差距仍在进一步扩大,比亚迪单车均价超越大众，且差距仍在进一步扩大
2021-08-19,比亚迪：好技术才能造就高价值,比亚迪：好技术才能造就高价值
2021-08-19,A股超级赛道彻底疯狂！巨头们千亿级投资杀入,A股超级赛道彻底疯狂！巨头们千亿级投资杀入
2021-08-19,比亚迪海豚或于成都车展期间正式上市,比亚迪海豚或于成都车展期间正式上市
2021-08-19,科创板半年报陆续出炉：半导体、新能源火热，北向资金大举加仓,科创板半年报陆续出炉：半导体、新能源火热，北向资金大举加仓
2021-08-19,财信证券汽车行业2021年8月月度报告：汽车行情处于淡季，新能源汽车产销表现亮眼,财信证券汽车行业2021年8月月度报告：汽车行情处于淡季，新能源汽车产销表现亮眼
2021-08-19,为何说百度被低估了,为何说百度被低估了
2021-08-19,投入千亿研发的“广告公司”？百度的估值逻辑该变了,投入千亿研发的“广告公司”？百度的估值逻辑该变了
2021-08-19,锂电“军备竞赛”开启，巨量产能冲击产业链,锂电“军备竞赛”开启，巨量产能冲击产业链
2021-08-19,A股融资融券日报：两融余额增加49亿元（8月18日）,A股融资融券日报：两融余额增加49亿元（8月18日）
2021-08-19,比亚迪单车均价超越大众，品牌向上趋势显着,比亚迪单车均价超越大众，品牌向上趋势显着
2021-08-19,面对售价五连降的特斯拉 Model 3，为什么只有比亚迪汉 EV 敢硬刚？,面对售价五连降的特斯拉 Model 3，为什么只有比亚迪汉 EV 敢硬刚？
2021-08-19,逆变器之王，阳光电源,逆变器之王，阳光电源
2021-08-19,五菱MINI降温？被大量模仿者抢市场,五菱MINI降温？被大量模仿者抢市场
2021-08-20,北向资金6年来首次连续两日净卖出超百亿，贵州茅台、五粮液、恒瑞医药遭惨烈抛售,北向资金6年来首次连续两日净卖出超百亿，贵州茅台、五粮液、恒瑞医药遭惨烈抛售
2021-08-20,比亚迪首台 BYD ADL Enviro200EV XLB 纯电动大巴驶入新西兰,比亚迪首台 BYD ADL Enviro200EV XLB 纯电动大巴驶入新西兰
2021-08-20,五粮液今日大跌7.31%，总市值近8000亿，已被比亚迪超过,五粮液今日大跌7.31%，总市值近8000亿，已被比亚迪超过
2021-08-20,星源材质(300568)2021年半年报点评：业绩基本符合预期 产能扩张积极推进,星源材质(300568)2021年半年报点评：业绩基本符合预期 产能扩张积极推进
2021-08-20,比亚迪：吕向阳质押210万股，占其所持股份0.88%,比亚迪：吕向阳质押210万股，占其所持股份0.88%
2021-08-20,五粮液今日大跌7.31%，盘中市值跌破8000亿，已被比亚迪超过,五粮液今日大跌7.31%，盘中市值跌破8000亿，已被比亚迪超过
2021-08-20,北向资金净流出超100亿元：酿酒、医药集体重挫 锂电池板块却获资金批量扫货,北向资金净流出超100亿元：酿酒、医药集体重挫 锂电池板块却获资金批量扫货
2021-08-20,强者恒强！盐湖提锂指数连升10周、机构看好技术出海打开更广阔空间,强者恒强！盐湖提锂指数连升10周、机构看好技术出海打开更广阔空间
2021-08-20,L2 辅助驾驶车型月销接近 20 万辆,L2 辅助驾驶车型月销接近 20 万辆
2021-08-20,吉利汽车，下一个诺基亚？,吉利汽车，下一个诺基亚？
2021-08-20,汽车业缺芯继续，有车企称 “已无芯片现货可扫”,汽车业缺芯继续，有车企称 “已无芯片现货可扫”
2021-08-20,西上海上半年净利增长13.84% 获比亚迪等多个车企订单,西上海上半年净利增长13.84% 获比亚迪等多个车企订单
2021-08-20,硬刚特斯拉，为什么是比亚迪扛起中国新能源的大旗？,硬刚特斯拉，为什么是比亚迪扛起中国新能源的大旗？
2021-08-20,深度*行业*汽车行业月报：7月乘商销量均有下降 新能源销量再创新高 盈利能力下降,深度*行业*汽车行业月报：7月乘商销量均有下降 新能源销量再创新高 盈利能力下降
2021-08-20,限售股还没解禁翔丰华十大股东中4名拟减持 他们急什么？ 解禁,限售股还没解禁翔丰华十大股东中4名拟减持 他们急什么？ 解禁
2021-08-20,金康赛力斯CEO余海坤被免职，上任8个月小康股价最高涨6倍,金康赛力斯CEO余海坤被免职，上任8个月小康股价最高涨6倍
2021-08-20,小米造车迈出第一步，雷军的烦恼才刚刚开始,小米造车迈出第一步，雷军的烦恼才刚刚开始
2021-08-20,为什么只有比亚迪刀片电池做到和三元锂电池一样的续航？,为什么只有比亚迪刀片电池做到和三元锂电池一样的续航？
2021-08-20,说自主品牌只会造 SUV 的人，今年真的要被啪啪打脸了！,说自主品牌只会造 SUV 的人，今年真的要被啪啪打脸了！
2021-08-20,台积电市值超腾讯、阿里：互联网不香了？,台积电市值超腾讯、阿里：互联网不香了？
2021-08-20,新坐标：公司已为BYD487发动机供货,新坐标：公司已为BYD487发动机供货
2021-08-20,A股融资融券日报：两融余额减少15.59亿元（8月19日）,A股融资融券日报：两融余额减少15.59亿元（8月19日）
2021-08-20,合纵科技：初期月度向比亚迪供应刀片电池的供货量占公司产能比例较小,合纵科技：初期月度向比亚迪供应刀片电池的供货量占公司产能比例较小
2021-08-20,合纵科技：公司磷酸铁产品在比亚迪认证已经通过,合纵科技：公司磷酸铁产品在比亚迪认证已经通过
2021-08-20,7月终端销量榜：理想ONE跻身前三 比亚迪车型集体上攻,7月终端销量榜：理想ONE跻身前三 比亚迪车型集体上攻
2021-08-20,比亚迪产品强势段位不断跃升 单车均价处于领先地位,比亚迪产品强势段位不断跃升 单车均价处于领先地位
2021-08-20,合纵科技：公司产品在比亚迪认证已通过,合纵科技：公司产品在比亚迪认证已通过
2021-08-20,自研L4级自动驾驶 小米汽车或将落户北京,自研L4级自动驾驶 小米汽车或将落户北京
2021-08-20,比亚迪：目前公司全系纯电乘用车型已搭载刀片电池,比亚迪：目前公司全系纯电乘用车型已搭载刀片电池
2021-08-20,汽车之家井文兵：新能源汽车保值率之痛,汽车之家井文兵：新能源汽车保值率之痛
2021-08-20,动力电池江湖“变天”：磷酸铁锂反超三元锂,动力电池江湖“变天”：磷酸铁锂反超三元锂
2021-08-20,“围攻”五菱宏光MINIEV，小型电动车纷纷取悦女性消费群,“围攻”五菱宏光MINIEV，小型电动车纷纷取悦女性消费群
2021-08-20,新能源车“动力心脏”：电机产业链迎来变革性机会 | 开源证券电力设备与新能源,新能源车“动力心脏”：电机产业链迎来变革性机会 | 开源证券电力设备与新能源
2021-08-20,罕见批量扫货！电池板块要爆发了？电池ETF、电池50、锂电池50全来了，还有电池龙头下周登场,罕见批量扫货！电池板块要爆发了？电池ETF、电池50、锂电池50全来了，还有电池龙头下周登场
2021-08-20,碧桂园?美好中国ESG100指数完成2021年度调仓,碧桂园?美好中国ESG100指数完成2021年度调仓
2021-08-20,动力电池市场将成磷酸铁锂天下？时隔三年，磷酸铁锂电池装车量再超三元电池,动力电池市场将成磷酸铁锂天下？时隔三年，磷酸铁锂电池装车量再超三元电池
2021-08-21,天际股份拟联合投资30亿元锂盐材料项目，预计年产能达3万吨,天际股份拟联合投资30亿元锂盐材料项目，预计年产能达3万吨
2021-08-21,宏光 MINIEV 等 7 月传统电车销量谁增幅多,宏光 MINIEV 等 7 月传统电车销量谁增幅多
2021-08-21,汽车MCU芯片缺货难缓解 车企开启自救模式,汽车MCU芯片缺货难缓解 车企开启自救模式
2021-08-21,比亚迪新能源车自燃 车主：用干粉灭火器抑制不住火势,比亚迪新能源车自燃 车主：用干粉灭火器抑制不住火势
2021-08-21,比亚迪新能源车自燃，邻居找来灭火器灭火,比亚迪新能源车自燃，邻居找来灭火器灭火
2021-08-21,重庆新能源汽车7月销量猛增 占比首度逼近20%,重庆新能源汽车7月销量猛增 占比首度逼近20%
2021-08-21,果然超级赛道！这些公司半年报透露重磅信号,果然超级赛道！这些公司半年报透露重磅信号
2021-08-21,中国汽车流通协会：2021年7月新能源乘用车批发销量达到24.6万辆 同比增长202.9%,中国汽车流通协会：2021年7月新能源乘用车批发销量达到24.6万辆 同比增长202.9%
2021-08-21,新能源补贴退坡、市场竞争白热化 车企竞逐紧凑型SUV市场,新能源补贴退坡、市场竞争白热化 车企竞逐紧凑型SUV市场
2021-08-22,比亚迪半导体分拆上市被按“暂停键”，市场争议百亿估值,比亚迪半导体分拆上市被按“暂停键”，市场争议百亿估值
2021-08-22,【安信汽车】7月交强险数据深度分析：车企表现异彩纷呈,【安信汽车】7月交强险数据深度分析：车企表现异彩纷呈
2021-08-22,【中航先进制造】深度丨先导智能(300450)：锂电设备龙头，受益全球产能周期共振,【中航先进制造】深度丨先导智能(300450)：锂电设备龙头，受益全球产能周期共振
2021-08-22,天元律所被调查：牵连比亚迪半导体中止上市 发生了什么？ 其他违规处罚,天元律所被调查：牵连比亚迪半导体中止上市 发生了什么？ 其他违规处罚
2021-08-22,重磅|比亚迪半导体遭遇飞来横祸，队友拖累上市意外中止,重磅|比亚迪半导体遭遇飞来横祸，队友拖累上市意外中止
2021-08-22,比亚迪汽车工业有限公司环境违法被责令改正 其他违规处罚,比亚迪汽车工业有限公司环境违法被责令改正 其他违规处罚
2021-08-22,被“队友”连累，比亚迪半导体创业板上市按下暂停键,被“队友”连累，比亚迪半导体创业板上市按下暂停键
2021-08-22,混合动力汽车产业链全景梳理及区域热力地图,混合动力汽车产业链全景梳理及区域热力地图
2021-08-22,中止上市，比亚迪半导体的无妄之灾,中止上市，比亚迪半导体的无妄之灾
2021-08-22,比亚迪半导体上市意外中止，发行人律师被调查 其他违规处罚,比亚迪半导体上市意外中止，发行人律师被调查 其他违规处罚
2021-08-22,被“队友”连累 比亚迪半导体IPO中止，发行人天元律所被调查 IPO融资异常,被“队友”连累 比亚迪半导体IPO中止，发行人天元律所被调查 IPO融资异常
2021-08-23,汽车行业周报：智能网联汽车强化事前监管逐步明朗 数据安全成重点,汽车行业周报：智能网联汽车强化事前监管逐步明朗 数据安全成重点
2021-08-23,落实双碳目标，比亚迪打造中国汽车品牌首个零碳园区总部,落实双碳目标，比亚迪打造中国汽车品牌首个零碳园区总部
2021-08-23,A股大幅反弹北向资金加仓超18亿，持续加码高景气板块,A股大幅反弹北向资金加仓超18亿，持续加码高景气板块
2021-08-23,这一刻，合资品牌是否感到焦虑？ | 汽车产经,这一刻，合资品牌是否感到焦虑？ | 汽车产经
2021-08-23,北向资金今日净买入18.31亿元，抛售五粮液逾17亿元,北向资金今日净买入18.31亿元，抛售五粮液逾17亿元
2021-08-23,北向资金 | 合计净流入18.31亿元，比亚迪、中远海控、中国中免净买入居前,北向资金 | 合计净流入18.31亿元，比亚迪、中远海控、中国中免净买入居前
2021-08-23,比亚迪半导体IPO突遭中止！影响后续上市吗？ IPO融资异常,比亚迪半导体IPO突遭中止！影响后续上市吗？ IPO融资异常
2021-08-23,电解液关键材料紧缺，价格飞涨！厂商蹲点抢购，产能缺口或持续到明年（附股）,电解液关键材料紧缺，价格飞涨！厂商蹲点抢购，产能缺口或持续到明年（附股）
2021-08-23,北上资金净买入18.31亿元 比亚迪获净买入4.83亿元,北上资金净买入18.31亿元 比亚迪获净买入4.83亿元
2021-08-23,天奇股份拿下长沙比亚迪1.06亿元订单,天奇股份拿下长沙比亚迪1.06亿元订单
2021-08-23,汽车行业债券专题研究之一：汽车行业债券分析逻辑,汽车行业债券专题研究之一：汽车行业债券分析逻辑
2021-08-23,干货！2021年中国锂电池行业龙头企业分析——宁德时代：占据中国锂电池的半壁江山,干货！2021年中国锂电池行业龙头企业分析——宁德时代：占据中国锂电池的半壁江山
2021-08-23,比亚迪2021年上半年营收超900亿元，净利润下滑约30% 盈利能力下降,比亚迪2021年上半年营收超900亿元，净利润下滑约30% 盈利能力下降
2021-08-23,哪些板块敢跌就敢买？4只基金上周趁下跌火速建仓，今日上市集体迎开门红，而这个板块更是已被7只基金扎堆看上,哪些板块敢跌就敢买？4只基金上周趁下跌火速建仓，今日上市集体迎开门红，而这个板块更是已被7只基金扎堆看上
2021-08-23,“油电”乱斗 | 一触即发的新能源战局：得混动者得未来,“油电”乱斗 | 一触即发的新能源战局：得混动者得未来
2021-08-23,Wind风控日报2021年8月23日星期一,Wind风控日报2021年8月23日星期一
2021-08-23,818 评选之深度解析：消费者关注品牌,818 评选之深度解析：消费者关注品牌
2021-08-23,电力设备新能源行业周报：新能车车厂排产饱满 地面及分布式装机恢复,电力设备新能源行业周报：新能车车厂排产饱满 地面及分布式装机恢复
2021-08-23,因聘请的律师事务所比亚迪被证监会调查 其他违规处罚,因聘请的律师事务所比亚迪被证监会调查 其他违规处罚
2021-08-23,与燃油车抢食的DM-i,与燃油车抢食的DM-i
2021-08-23,深圳证监局：监管与服务并举 推动深圳上市公司“领航”高质量发展,深圳证监局：监管与服务并举 推动深圳上市公司“领航”高质量发展
2021-08-23,企业持续加码，混动为动力电池市场打开“另一扇窗”？,企业持续加码，混动为动力电池市场打开“另一扇窗”？
2021-08-23,30家企业创业板IPO被中止，比亚迪半导体也“中招” IPO融资异常,30家企业创业板IPO被中止，比亚迪半导体也“中招” IPO融资异常
2021-08-23,A股融资融券日报：两融余额减少45.91亿元（8月20日）,A股融资融券日报：两融余额减少45.91亿元（8月20日）
2021-08-23,财报季尾声：关注小米、京东、拼多多、小鹏、比亚迪,财报季尾声：关注小米、京东、拼多多、小鹏、比亚迪
2021-08-23,7月装机电量点评：装机量同比大增环比维稳 铁锂份额稳定,7月装机电量点评：装机量同比大增环比维稳 铁锂份额稳定
2021-08-23,"比亚迪海豚预售一个小时订单破2,000","比亚迪海豚预售一个小时订单破2,000"
2021-08-24,A股资金流向（8月24日）：赛道股连获资金回流，大市值券商集体“吸金”,A股资金流向（8月24日）：赛道股连获资金回流，大市值券商集体“吸金”
2021-08-24,开源证券给予比亚迪买入评级，公司信息更新报告，近期获6份券商研报关注，目标均价涨幅20.96%,开源证券给予比亚迪买入评级，公司信息更新报告，近期获6份券商研报关注，目标均价涨幅20.96%
2021-08-24,“油电”乱斗 |自主品牌成为中流砥柱,“油电”乱斗 |自主品牌成为中流砥柱
2021-08-24,横空出世的刀片电池，如何搅动电动车市场风云？,横空出世的刀片电池，如何搅动电动车市场风云？
2021-08-24,王传福退出比亚迪物业董事长及法定代表人,王传福退出比亚迪物业董事长及法定代表人
2021-08-24,【趣点】比亚迪电车成超级充电宝？储能行业风口正劲！,【趣点】比亚迪电车成超级充电宝？储能行业风口正劲！
2021-08-24,全球硅片供需关系梳理，下半年光伏产业链价格回调空间十分有限,全球硅片供需关系梳理，下半年光伏产业链价格回调空间十分有限
2021-08-24,开源证券：维持比亚迪(002594.SZ)“买入”评级 海豚系列即将上市 DM-i车型销量向好,开源证券：维持比亚迪(002594.SZ)“买入”评级 海豚系列即将上市 DM-i车型销量向好
2021-08-24,德赛西威(002920)：2021H1营收高速增长 智能座舱、智能驾驶和网联服务新产品快速发展,德赛西威(002920)：2021H1营收高速增长 智能座舱、智能驾驶和网联服务新产品快速发展
2021-08-24,德赛西威(002920)：21Q2业绩承压 不改长期向上趋势,德赛西威(002920)：21Q2业绩承压 不改长期向上趋势
2021-08-24,新能源电池材料价格持续上涨，锂电池价格保持稳定,新能源电池材料价格持续上涨，锂电池价格保持稳定
2021-08-24,铂科新材：公司是比亚迪主要的合金软磁粉芯产品供应商之一,铂科新材：公司是比亚迪主要的合金软磁粉芯产品供应商之一
2021-08-24,MCU遭爆炒，为何马斯克哭、王传福笑？,MCU遭爆炒，为何马斯克哭、王传福笑？
2021-08-24,北向资金买兴增强加仓超53亿元，隆基股份获大幅净买入超13亿元,北向资金买兴增强加仓超53亿元，隆基股份获大幅净买入超13亿元
2021-08-24,史上最神奇的一笔天使投资,史上最神奇的一笔天使投资
2021-08-24,德赛西威2021年中报点评：业绩贴预告上限，L4级别产品获得定点,德赛西威2021年中报点评：业绩贴预告上限，L4级别产品获得定点
2021-08-24,龙颜大增！比亚迪元PLUS官图发布：全新平台+刀片电池,龙颜大增！比亚迪元PLUS官图发布：全新平台+刀片电池
2021-08-24,万丰奥威：公司合作的新能源主机厂有特斯拉、蔚来、小鹏、比亚迪、恒大新能源汽车等,万丰奥威：公司合作的新能源主机厂有特斯拉、蔚来、小鹏、比亚迪、恒大新能源汽车等
2021-08-24,有研粉材：公司与比亚迪会有一些技术层面的合作，对公司主业暂不构成重要影响,有研粉材：公司与比亚迪会有一些技术层面的合作，对公司主业暂不构成重要影响
2021-08-24,7月多数车企销量下滑开局不利 下半年乘用车市有点儿悬？ 盈利能力下降,7月多数车企销量下滑开局不利 下半年乘用车市有点儿悬？ 盈利能力下降
2021-08-24,比亚迪、日野合资公司进入反垄断审查阶段 2025年前将推日野品牌纯电商用车,比亚迪、日野合资公司进入反垄断审查阶段 2025年前将推日野品牌纯电商用车
2021-08-24,换帅了？王传福卸任比亚迪公司董事长：李慧接任 董监高成员变化,换帅了？王传福卸任比亚迪公司董事长：李慧接任 董监高成员变化
2021-08-24,【申港电新|周观点】全球硅片供需关系梳理,【申港电新|周观点】全球硅片供需关系梳理
2021-08-24,疫情、水灾和芯片三连击 车市何时跑出低谷？,疫情、水灾和芯片三连击 车市何时跑出低谷？
2021-08-24,又一辆比亚迪新能源冒烟起火 ! 安全事故,又一辆比亚迪新能源冒烟起火 ! 安全事故
2021-08-24,广和通(300638)：业绩增长稳健 车载业务表现亮眼,广和通(300638)：业绩增长稳健 车载业务表现亮眼
2021-08-24,新旧势力五年对决 “蔚小理”比六大集团目标更激进,新旧势力五年对决 “蔚小理”比六大集团目标更激进
2021-08-24,蓝思科技：新能源车新型超大尺寸玻璃产品今年会实现小批量产品交付,蓝思科技：新能源车新型超大尺寸玻璃产品今年会实现小批量产品交付
2021-08-24,【东吴晨报0824】【行业】电新【个股】新钢股份、天工国际、恒顺醋业、青鸟消防、中国联通、吉宏股份、稳健医疗、千禾味业、盈峰环境,【东吴晨报0824】【行业】电新【个股】新钢股份、天工国际、恒顺醋业、青鸟消防、中国联通、吉宏股份、稳健医疗、千禾味业、盈峰环境
2021-08-24,【国金电子】车载连接器深度报告：汽车连接器水大鱼大，电动化&智能化驱动成长,【国金电子】车载连接器深度报告：汽车连接器水大鱼大，电动化&智能化驱动成长
2021-08-24,北向资金动向盘点：“电新”即将登顶市值第一,北向资金动向盘点：“电新”即将登顶市值第一
2021-08-24,中概股大跌下的投资者生态调查：华尔街对冲基金无奈离场，中国散户热衷抄底,中概股大跌下的投资者生态调查：华尔街对冲基金无奈离场，中国散户热衷抄底
2021-08-24,试驾比亚迪汉 DM 与豪华品牌抢“饭碗”,试驾比亚迪汉 DM 与豪华品牌抢“饭碗”
2021-08-24,“车芯第一股”IPO中止，比亚迪按下暂停键 IPO融资异常,“车芯第一股”IPO中止，比亚迪按下暂停键 IPO融资异常
2021-08-24,A股融资融券日报：两融余额增加174.98亿元（8月23日）,A股融资融券日报：两融余额增加174.98亿元（8月23日）
2021-08-24,比亚迪美国电池厂为特斯拉Fremont工厂供应刀片电池？,比亚迪美国电池厂为特斯拉Fremont工厂供应刀片电池？
2021-08-24,比亚迪等41股获北向资金增持额超亿元,比亚迪等41股获北向资金增持额超亿元
2021-08-24,动力电池增资扩产潮 低端产能退出优质产能才能进来,动力电池增资扩产潮 低端产能退出优质产能才能进来
2021-08-24,比亚迪单车均价超越大众，开启品牌进阶之路,比亚迪单车均价超越大众，开启品牌进阶之路
2021-08-24,百万年薪难解自动驾驶人才荒：入职小米汽车仅需1周 比亚迪离职不能回流,百万年薪难解自动驾驶人才荒：入职小米汽车仅需1周 比亚迪离职不能回流
2021-08-24,7月SUV销量TOP10：RAV4闯入前三，奇瑞瑞虎8再次登榜,7月SUV销量TOP10：RAV4闯入前三，奇瑞瑞虎8再次登榜
2021-08-24,北向资金小幅回流，这两大板块最受青睐，五粮液却惨遭抛售17亿 减持股份,北向资金小幅回流，这两大板块最受青睐，五粮液却惨遭抛售17亿 减持股份
2021-08-25,比亚迪成立电池新公司，注册资本5000万,比亚迪成立电池新公司，注册资本5000万
2021-08-25,持股77.75% 比亚迪半导体在济南成立新公司,持股77.75% 比亚迪半导体在济南成立新公司
2021-08-25,北向资金连续三日加仓累计净买入超百亿，大幅抄底白酒股,北向资金连续三日加仓累计净买入超百亿，大幅抄底白酒股
2021-08-25,比亚迪成立半导体公司，注资49亿元,比亚迪成立半导体公司，注资49亿元
2021-08-25,比亚迪又成立一家电池公司！8月份第三家！,比亚迪又成立一家电池公司！8月份第三家！
2021-08-25,注册资本49亿！比亚迪半导体成立新公司,注册资本49亿！比亚迪半导体成立新公司
2021-08-25,储能行业系列二：从宁德时代布局解析储能产业链核心竞争力,储能行业系列二：从宁德时代布局解析储能产业链核心竞争力
2021-08-25,多氟多上半年净利润增长逾18倍 与比亚迪等签订大额订单,多氟多上半年净利润增长逾18倍 与比亚迪等签订大额订单
2021-08-25,比亚迪获深股通连续3日净买入 累计净买入11.28亿元,比亚迪获深股通连续3日净买入 累计净买入11.28亿元
2021-08-25,比亚迪新电池公司成立：瞄准上市,比亚迪新电池公司成立：瞄准上市
2021-08-25,半年报解读｜比亚迪系两公司均陷入“增收不增利” 未来增长空间主要看这两点 盈利能力下降,半年报解读｜比亚迪系两公司均陷入“增收不增利” 未来增长空间主要看这两点 盈利能力下降
2021-08-25,比亚迪创中国新能源乘用车月销历史新高 卫冕月度销冠,比亚迪创中国新能源乘用车月销历史新高 卫冕月度销冠
2021-08-25,比亚迪元 PLUS 多角度外观图公布，将于成都车展亮相,比亚迪元 PLUS 多角度外观图公布，将于成都车展亮相
2021-08-25,比亚迪汉对比奥迪A6L，一场异常精彩的对决！,比亚迪汉对比奥迪A6L，一场异常精彩的对决！
2021-08-25,比亚迪(002594)：海豚、DMI双管齐下 强势进击经济型电动车市场,比亚迪(002594)：海豚、DMI双管齐下 强势进击经济型电动车市场
2021-08-25,遭受“无妄之灾”，比亚迪半导体的上市路还有多远？,遭受“无妄之灾”，比亚迪半导体的上市路还有多远？
2021-08-25,销量最好的中国品牌行政级轿车，比亚迪汉有没有实力挑战奥迪A6L？,销量最好的中国品牌行政级轿车，比亚迪汉有没有实力挑战奥迪A6L？
2021-08-25,新能源重点新车指引 成都车展观展手册,新能源重点新车指引 成都车展观展手册
2021-08-25,北向资金动向盘点：“电新”被连续净买，总市值2904亿,北向资金动向盘点：“电新”被连续净买，总市值2904亿
2021-08-25,中国电研(688128)：中报业绩稳步增长 锂电检测设备有望贡献业绩,中国电研(688128)：中报业绩稳步增长 锂电检测设备有望贡献业绩
2021-08-25,汽车行业第34周周报：特斯拉AI+DAY发布DOJO超算和TESLA+BOT 加速智能化变革,汽车行业第34周周报：特斯拉AI+DAY发布DOJO超算和TESLA+BOT 加速智能化变革
2021-08-25,每日理财观察：上海国际金融中心建设“十四五”规划发布,每日理财观察：上海国际金融中心建设“十四五”规划发布
2021-08-25,A股融资融券日报：两融余额增加68.17亿元（8月24日）,A股融资融券日报：两融余额增加68.17亿元（8月24日）
2021-08-25,盐湖股份：青海子公司生产1万吨工业级碳酸锂和2万吨电池级碳酸锂,盐湖股份：青海子公司生产1万吨工业级碳酸锂和2万吨电池级碳酸锂
2021-08-25,盐湖股份：公司现有的碳酸锂项目与拟建设的盐湖比亚迪3万吨电池级碳酸锂项目不存在同业竞争关系,盐湖股份：公司现有的碳酸锂项目与拟建设的盐湖比亚迪3万吨电池级碳酸锂项目不存在同业竞争关系
2021-08-25,比亚迪元 PLUS 官图首秀，8 月 29 日见,比亚迪元 PLUS 官图首秀，8 月 29 日见
2021-08-25,传比亚迪半导体50亿收购一座晶圆厂,传比亚迪半导体50亿收购一座晶圆厂
2021-08-25,比亚迪半导体联合济南高新财金等成立新公司，注册资本49亿元,比亚迪半导体联合济南高新财金等成立新公司，注册资本49亿元
2021-08-25,华友钴业(603799)：三元一体化行稳致远 产业竞争力已露锋芒,华友钴业(603799)：三元一体化行稳致远 产业竞争力已露锋芒
2021-08-26,雄韬股份：随着氢能源车辆推广示范城市群的启动，推广速度会加快,雄韬股份：随着氢能源车辆推广示范城市群的启动，推广速度会加快
2021-08-26,比亚迪汉新车型或搭载5G系统 成都车展上市,比亚迪汉新车型或搭载5G系统 成都车展上市
2021-08-26,茅台“降价”吓趴白酒，两大主力资金却连续加仓,茅台“降价”吓趴白酒，两大主力资金却连续加仓
2021-08-26,比亚迪汉新增车型将于8月29日正式上市,比亚迪汉新增车型将于8月29日正式上市
2021-08-26,50亿！比亚迪收购山东一家晶圆厂,50亿！比亚迪收购山东一家晶圆厂
2021-08-26,工信部组织召开支持新能源汽车加快发展座谈会,工信部组织召开支持新能源汽车加快发展座谈会
2021-08-26,盛弘股份(300693)：下游需求拉动 储能与电池检测业务增长迅速,盛弘股份(300693)：下游需求拉动 储能与电池检测业务增长迅速
2021-08-26,恩捷股份：上半年净利润同比增长226.76%,恩捷股份：上半年净利润同比增长226.76%
2021-08-26,优点互动(IDEX.US)子公司WAVE任命比亚迪前高管Aaron Gillmore为首席执行官,优点互动(IDEX.US)子公司WAVE任命比亚迪前高管Aaron Gillmore为首席执行官
2021-08-26,比亚迪股份：股东吕向阳解除质押210万股,比亚迪股份：股东吕向阳解除质押210万股
2021-08-26,利元亨上半年净利增长998%，与宁德时代、比亚迪保持长期合作,利元亨上半年净利增长998%，与宁德时代、比亚迪保持长期合作
2021-08-26,华域汽车(600741)：业绩韧性强劲 新周期即将开启,华域汽车(600741)：业绩韧性强劲 新周期即将开启
2021-08-26,2021成都车展探馆：比亚迪海豚抵达现场,2021成都车展探馆：比亚迪海豚抵达现场
2021-08-26,数据|北京，一线限购城市纯电市场样本：比亚迪成最大赢家 传统豪车7月上牌仅1辆,数据|北京，一线限购城市纯电市场样本：比亚迪成最大赢家 传统豪车7月上牌仅1辆
2021-08-26,中国巨石：公司一般不会与新能源汽车企业直接发生业务关系,中国巨石：公司一般不会与新能源汽车企业直接发生业务关系
2021-08-26,快看！原来这么多“大牌”都选择比亚迪叉车！,快看！原来这么多“大牌”都选择比亚迪叉车！
2021-08-26,上市被中止后，比亚迪半导体在济南有大动作？,上市被中止后，比亚迪半导体在济南有大动作？
2021-08-26,A股资金流向（8月26日）：资金集体出逃大金融、大消费板块,A股资金流向（8月26日）：资金集体出逃大金融、大消费板块
2021-08-26,比亚迪配不配做“中国特斯拉”？ | 次世代车研所,比亚迪配不配做“中国特斯拉”？ | 次世代车研所
2021-08-26,深天马A(000050)：半年报业绩符合预期 积极布局新兴市场,深天马A(000050)：半年报业绩符合预期 积极布局新兴市场
2021-08-26,【异动股】比亚迪股份(01211.HK)跌3.23%,【异动股】比亚迪股份(01211.HK)跌3.23%
2021-08-26,联通5G赋能，为比亚迪总装工厂装上“智慧大脑”,联通5G赋能，为比亚迪总装工厂装上“智慧大脑”
2021-08-26,比亚迪海豚预售订单火爆，能大卖吗？,比亚迪海豚预售订单火爆，能大卖吗？
2021-08-26,科恒股份：比亚迪，宁德时代，亿纬锂能，欣旺达均为公司主要客户,科恒股份：比亚迪，宁德时代，亿纬锂能，欣旺达均为公司主要客户
2021-08-26,厦钨新能：公司去年前五大客户为ATL、比亚迪、欣旺达、中航锂电、珠海冠宇,厦钨新能：公司去年前五大客户为ATL、比亚迪、欣旺达、中航锂电、珠海冠宇
2021-08-26,王传福卸任比亚迪物业董事长：李慧接任 董监高成员变化,王传福卸任比亚迪物业董事长：李慧接任 董监高成员变化
2021-08-26,【1211】比亚迪半年纯利倒退29% | 头条金融网,【1211】比亚迪半年纯利倒退29% | 头条金融网
2021-08-26,济南比亚迪半导体正式成立，注册资本49亿元,济南比亚迪半导体正式成立，注册资本49亿元
2021-08-26,汽车整车板块午后持续走弱，长城汽车跌近6%，江淮汽车、海马汽车、比亚迪跟跌,汽车整车板块午后持续走弱，长城汽车跌近6%，江淮汽车、海马汽车、比亚迪跟跌
2021-08-26,汽车行业投资策略：一文看透汽车景气现状,汽车行业投资策略：一文看透汽车景气现状
2021-08-26,*ST德新：比亚迪为公司的重要客户之一，目前向比亚迪提供模具等产品,*ST德新：比亚迪为公司的重要客户之一，目前向比亚迪提供模具等产品
2021-08-26,广发流动性跟踪周报(8月第4期)：上周新发基金规模下降 北上资金流出,广发流动性跟踪周报(8月第4期)：上周新发基金规模下降 北上资金流出
2021-08-27,比亚迪股份：上半年营收891.3亿元，同比增53.60%,比亚迪股份：上半年营收891.3亿元，同比增53.60%
2021-08-27,比亚迪股份：中期盈利11.74亿人民币，同比减少29.41% 盈利能力下降,比亚迪股份：中期盈利11.74亿人民币，同比减少29.41% 盈利能力下降
2021-08-27,比亚迪：上半年实现归母净利润11.74亿元 同比下降29.41% 盈利能力下降,比亚迪：上半年实现归母净利润11.74亿元 同比下降29.41% 盈利能力下降
2021-08-27,比亚迪股份：二零二一年上半年，随着本集团新技术的应用与新产品的上市，新能源汽车销量屡创新高,比亚迪股份：二零二一年上半年，随着本集团新技术的应用与新产品的上市，新能源汽车销量屡创新高
2021-08-27,比亚迪电子：中期盈利16.43亿人民币，同比减少33.55% 盈利能力下降,比亚迪电子：中期盈利16.43亿人民币，同比减少33.55% 盈利能力下降
2021-08-27,比亚迪股份：上半年营收891.3亿元，市场预期896.78亿元，去年同期580.28亿元,比亚迪股份：上半年营收891.3亿元，市场预期896.78亿元，去年同期580.28亿元
2021-08-27,比亚迪股份：上半年净利润11.7亿元，去年同期15.27亿元,比亚迪股份：上半年净利润11.7亿元，去年同期15.27亿元
2021-08-27,比亚迪股份：上半年净利润11.74亿元，同比下降29.41%,比亚迪股份：上半年净利润11.74亿元，同比下降29.41%
2021-08-27,新能源汽车销量屡创新高 比亚迪股份(01211)中期营业额同比增长53.6%至891.31亿元,新能源汽车销量屡创新高 比亚迪股份(01211)中期营业额同比增长53.6%至891.31亿元
2021-08-27,富士康出局？济南“曲线救国”引入比亚迪半导体,富士康出局？济南“曲线救国”引入比亚迪半导体
2021-08-27,比亚迪电子：上半年净利润16.43亿元，同比下降33.55%,比亚迪电子：上半年净利润16.43亿元，同比下降33.55%
2021-08-27,比亚迪：上半年净利润同比减少29.41% 盈利能力下降,比亚迪：上半年净利润同比减少29.41% 盈利能力下降
2021-08-27,比亚迪（01211）半年报出炉：营收同比增50.22% 品牌高端化成果显着,比亚迪（01211）半年报出炉：营收同比增50.22% 品牌高端化成果显着
2021-08-27,增收不增利！比亚迪股份上半年净利润减少近三成 盈利能力下降,增收不增利！比亚迪股份上半年净利润减少近三成 盈利能力下降
2021-08-27,比亚迪2021上半年业绩出炉：营收908.85亿，同比增50.22%,比亚迪2021上半年业绩出炉：营收908.85亿，同比增50.22%
2021-08-27,比亚迪上半年净利下滑近30%，北向资金减持超1600万股，网友直呼凉凉 盈利能力下降,比亚迪上半年净利下滑近30%，北向资金减持超1600万股，网友直呼凉凉 盈利能力下降
2021-08-27,比亚迪(002594.SZ)上半年营业收入同比增长50.22%至908.85亿元,比亚迪(002594.SZ)上半年营业收入同比增长50.22%至908.85亿元
2021-08-27,比亚迪(002594.SZ)发布2021半年报：营收908.85亿 净利11.74亿,比亚迪(002594.SZ)发布2021半年报：营收908.85亿 净利11.74亿
2021-08-27,比亚迪股份：上半年净利润 11.7 亿，同比下降 29.4% 盈利能力下降,比亚迪股份：上半年净利润 11.7 亿，同比下降 29.4% 盈利能力下降
2021-08-27,比亚迪上半年营收增五成净利润跌近三成，原材料涨价蚕食利润 盈利能力下降,比亚迪上半年营收增五成净利润跌近三成，原材料涨价蚕食利润 盈利能力下降
2021-08-27,比亚迪公布半年报 上半年净利减少29.41% 盈利能力下降,比亚迪公布半年报 上半年净利减少29.41% 盈利能力下降
2021-08-27,先声夺人 比亚迪汉DM打响终结燃油车第一枪,先声夺人 比亚迪汉DM打响终结燃油车第一枪
2021-08-27,平均每天卖出847辆新能源车！比亚迪：年底发布高端品牌，首款车型预计明年亮相,平均每天卖出847辆新能源车！比亚迪：年底发布高端品牌，首款车型预计明年亮相
2021-08-27,北向资金 | 合计净流入62.03亿元，隆基股份、迈瑞医疗、比亚迪净买入居前,北向资金 | 合计净流入62.03亿元，隆基股份、迈瑞医疗、比亚迪净买入居前
2021-08-27,恩捷股份(002812)：湿法隔膜龙头 归母净利润高增,恩捷股份(002812)：湿法隔膜龙头 归母净利润高增
2021-08-27,南向资金今日净卖出34.36亿港元，腾讯控股净卖出6亿港元,南向资金今日净卖出34.36亿港元，腾讯控股净卖出6亿港元
2021-08-27,布局新能源汽车发展，济南市政府与比亚迪股份有限公司签署合作协议,布局新能源汽车发展，济南市政府与比亚迪股份有限公司签署合作协议
2021-08-27,资金决定市场方向：北上加码买入，两融迭创新高,资金决定市场方向：北上加码买入，两融迭创新高
2021-08-27,融资余额时隔6年再超1.7万亿元，杠杆资金抢筹券商股资源股,融资余额时隔6年再超1.7万亿元，杠杆资金抢筹券商股资源股
2021-08-27,北向资金本周稳步进场加仓A股近180亿，隆基股份大幅净买入超11亿元,北向资金本周稳步进场加仓A股近180亿，隆基股份大幅净买入超11亿元
2021-08-27,工信部新能源汽车加快发展座谈会：比亚迪、宁德时代、上汽参会,工信部新能源汽车加快发展座谈会：比亚迪、宁德时代、上汽参会
2021-08-27,比亚迪、宁德时代参会探讨新能源汽车发展，国产头部热销车型市场认可度高，这家公司智能电动研发行业领先|早间特供,比亚迪、宁德时代参会探讨新能源汽车发展，国产头部热销车型市场认可度高，这家公司智能电动研发行业领先|早间特供
2021-08-27,万亿市场待起飞？新能源汽车产业再迎利好,万亿市场待起飞？新能源汽车产业再迎利好
2021-08-27,港股投资日历：中芯国际、比亚迪股份、中兴通讯、交通银行等公布财报,港股投资日历：中芯国际、比亚迪股份、中兴通讯、交通银行等公布财报
2021-08-27,北向资金动向盘点：2.5万亿市值是个坎,北向资金动向盘点：2.5万亿市值是个坎
2021-08-27,斥资49亿 济南比亚迪半导体公司成立,斥资49亿 济南比亚迪半导体公司成立
2021-08-27,A股融资融券日报：两融余额增加5.84亿元（8月26日）,A股融资融券日报：两融余额增加5.84亿元（8月26日）
2021-08-27,恒生指数低开0.31%报25337点 比亚迪股份(01211)跌1.48%,恒生指数低开0.31%报25337点 比亚迪股份(01211)跌1.48%
2021-08-27,鼎通科技：目前公司市占率较小,鼎通科技：目前公司市占率较小
2021-08-27,超1.7万亿，创6年新高！“融资客”抢筹这些标的,超1.7万亿，创6年新高！“融资客”抢筹这些标的
2021-08-27,北上资金连续加仓，超700家上市公司回购，A股价值正在显现！,北上资金连续加仓，超700家上市公司回购，A股价值正在显现！
2021-08-27,【异动股】比亚迪股份(01211.HK)涨3.04%,【异动股】比亚迪股份(01211.HK)涨3.04%
2021-08-27,新坐标(603040)：业绩符合预期 新产品、新客户持续落地,新坐标(603040)：业绩符合预期 新产品、新客户持续落地
2021-08-27,格林美：目前公司已在武汉、荆门、仙桃、丰城四地投资建成屋顶分布式光伏电站,格林美：目前公司已在武汉、荆门、仙桃、丰城四地投资建成屋顶分布式光伏电站
2021-08-27,中国汽车品牌首个！ 比亚迪“零碳园区”项目在深圳启动,中国汽车品牌首个！ 比亚迪“零碳园区”项目在深圳启动
2021-08-27,马斯克力挺磷酸铁锂能帮比亚迪撑住8000亿市值吗,马斯克力挺磷酸铁锂能帮比亚迪撑住8000亿市值吗
2021-08-27,比亚迪：车规级半导体有望迎来供需共振,比亚迪：车规级半导体有望迎来供需共振
2021-08-27,硬刚特斯拉，比亚迪的底气从何而来？,硬刚特斯拉，比亚迪的底气从何而来？
2021-08-27,扎布耶盐湖规模开发启动？西藏矿业拟建万吨级碳酸锂项目，天齐锂业、比亚迪各自持股20%和18%,扎布耶盐湖规模开发启动？西藏矿业拟建万吨级碳酸锂项目，天齐锂业、比亚迪各自持股20%和18%
2021-08-27,为什么只有比亚迪刀片电池做到和三元锂电池一样的续航？,为什么只有比亚迪刀片电池做到和三元锂电池一样的续航？
2021-08-27,无惧特斯拉降价，比亚迪的底气到底是什么？,无惧特斯拉降价，比亚迪的底气到底是什么？
2021-08-27,比亚迪前高管加盟优点互动，任职WAVE首席执行官,比亚迪前高管加盟优点互动，任职WAVE首席执行官
2021-08-27,德赛西威(002920)：缺芯影响有限 智能加速兑现,德赛西威(002920)：缺芯影响有限 智能加速兑现
2021-08-27,天奇股份首板,天奇股份首板
2021-08-28,荣耀月销量超小米、苹果！iPhone13发布将上演“三国杀”？,荣耀月销量超小米、苹果！iPhone13发布将上演“三国杀”？
2021-08-28,4倍大牛股亮底牌，牛散入局浮盈可观,4倍大牛股亮底牌，牛散入局浮盈可观
2021-08-28,中报业绩亮眼，比亚迪能否成为新能源汽车时代的“博世”?,中报业绩亮眼，比亚迪能否成为新能源汽车时代的“博世”?
2021-08-28,营收增长50%，净利润下降60%……比亚迪的半年报能撑起8000亿元的市值吗？ 盈利能力下降,营收增长50%，净利润下降60%……比亚迪的半年报能撑起8000亿元的市值吗？ 盈利能力下降
2021-08-28,比亚迪：上半年营收同比增长50% 年底将发布高端品牌,比亚迪：上半年营收同比增长50% 年底将发布高端品牌
2021-08-28,比亚迪上半年净利下降29.41%，市场分歧严重 盈利能力下降,比亚迪上半年净利下降29.41%，市场分歧严重 盈利能力下降
2021-08-28,财报解读|比亚迪上半年营收破900亿元，新能源汽车交付量大增1.5倍,财报解读|比亚迪上半年营收破900亿元，新能源汽车交付量大增1.5倍
2021-08-28,比亚迪上半年营收增超50%，净利跌近30%：原材料涨价影响盈利 盈利能力下降,比亚迪上半年营收增超50%，净利跌近30%：原材料涨价影响盈利 盈利能力下降
2021-08-28,比亚迪电子(00285.HK)半年盈利跌34% 毛利率降原因为产品结构变化 盈利能力下降,比亚迪电子(00285.HK)半年盈利跌34% 毛利率降原因为产品结构变化 盈利能力下降
2021-08-28,比亚迪股份上半年净利润下降29%：原材料涨价影响盈利能力 盈利能力下降,比亚迪股份上半年净利润下降29%：原材料涨价影响盈利能力 盈利能力下降
2021-08-28,8000亿比亚迪净利骤降近30% 增收不增利？股民吵翻天 盈利能力下降,8000亿比亚迪净利骤降近30% 增收不增利？股民吵翻天 盈利能力下降
2021-08-28,智通港股公告精选︱(8.27)新能源汽车销量屡创新高 比亚迪股份中期营业额同比增53.6%逾891亿元,智通港股公告精选︱(8.27)新能源汽车销量屡创新高 比亚迪股份中期营业额同比增53.6%逾891亿元
2021-08-28,"40万股民懵了！8000亿比亚迪也要""雷""？净利骤降29%，增收不增利！网友：周一要凉？ 盈利能力下降","40万股民懵了！8000亿比亚迪也要""雷""？净利骤降29%，增收不增利！网友：周一要凉？ 盈利能力下降"
2021-08-28,比亚迪上半年净利11.74亿元降29.41%，政府补助9.57亿元，汽车营收增长22% 盈利能力下降,比亚迪上半年净利11.74亿元降29.41%，政府补助9.57亿元，汽车营收增长22% 盈利能力下降
2021-08-29,华西证券维持比亚迪增持评级：降本控费强管理 硬核技术铸品牌,华西证券维持比亚迪增持评级：降本控费强管理 硬核技术铸品牌
2021-08-29,周末影响A股十大事件来了！,周末影响A股十大事件来了！
2021-08-29,“十万级纯电精品”比亚迪海豚喊年轻人快来上车,“十万级纯电精品”比亚迪海豚喊年轻人快来上车
2021-08-29,比亚迪正式推出汉 EV“5G 丹拿智能音乐座舱”升级包,比亚迪正式推出汉 EV“5G 丹拿智能音乐座舱”升级包
2021-08-29,“十万级纯电精品”比亚迪海豚萌动上市，四款车型售价9.38万元-12.18万元,“十万级纯电精品”比亚迪海豚萌动上市，四款车型售价9.38万元-12.18万元
2021-08-29,比亚迪DiLink 4.0 5G系统发布：一图看懂五大亮眼功能,比亚迪DiLink 4.0 5G系统发布：一图看懂五大亮眼功能
2021-08-29,10万级城市精品电动车！比亚迪海豚正式上市：9.38万起,10万级城市精品电动车！比亚迪海豚正式上市：9.38万起
2021-08-29,比亚迪新能源车上市 券商给予“买入”评级,比亚迪新能源车上市 券商给予“买入”评级
2021-08-29,比亚迪(002594)：业绩符合预期 放眼销量*(强烈推荐-A)*比亚迪(002594),比亚迪(002594)：业绩符合预期 放眼销量*(强烈推荐-A)*比亚迪(002594)
2021-08-29,德赛西威(002920)：业绩符合预期 智能座舱及智能驾驶业务持续增长,德赛西威(002920)：业绩符合预期 智能座舱及智能驾驶业务持续增长
2021-08-29,售价9.38万元起 比亚迪海豚正式上市,售价9.38万元起 比亚迪海豚正式上市
2021-08-29,比亚迪“海豚”纯电新车正式上市，综合补贴后售价 9.38 万元起,比亚迪“海豚”纯电新车正式上市，综合补贴后售价 9.38 万元起
2021-08-29,海洋全新“纯电物种”！比亚迪海豚正式上市 9.38万起售,海洋全新“纯电物种”！比亚迪海豚正式上市 9.38万起售
2021-08-29,下周行情稳了！免税龙头半年大赚53亿，长城汽车业绩暴增200%，银行业赚翻,下周行情稳了！免税龙头半年大赚53亿，长城汽车业绩暴增200%，银行业赚翻
2021-08-29,比亚迪领跑新能源汽车产业,比亚迪领跑新能源汽车产业
2021-08-29,比亚迪股份：上半年营业额近900亿同比暴涨53% 净利润11.74亿,比亚迪股份：上半年营业额近900亿同比暴涨53% 净利润11.74亿
2021-08-29,比亚迪半年报：净利11.74亿元降29.41% 盈利能力下降,比亚迪半年报：净利11.74亿元降29.41% 盈利能力下降
2021-08-29,成都车展：比亚迪5G智能音乐座舱升级包,成都车展：比亚迪5G智能音乐座舱升级包
2021-08-30,花旗：重申比亚迪股份(01211)“买入”评级 目标价410港元,花旗：重申比亚迪股份(01211)“买入”评级 目标价410港元
2021-08-30,"恒达新材IPO突然""抢跑""，比亚迪半导体或将恢复审核？","恒达新材IPO突然""抢跑""，比亚迪半导体或将恢复审核？"
2021-08-30,明泰铝业(601677)：量价齐升 Q2净利同比增127%-210824,明泰铝业(601677)：量价齐升 Q2净利同比增127%-210824
2021-08-30,独家|消息人士：比亚迪高端品牌将于2023年一季度实现量产销售,独家|消息人士：比亚迪高端品牌将于2023年一季度实现量产销售
2021-08-30,比亚迪海豚萌萌出击 12.18万封顶，欧拉好猫、哪吒V笑不出来了,比亚迪海豚萌萌出击 12.18万封顶，欧拉好猫、哪吒V笑不出来了
2021-08-30,上周，比亚迪发布2021H1财报，公司上半年实现营收908.85亿元，同比+50.22%；归母净利润11.74亿，同比-29.41%；21Q2归母净利润9.4亿元，环比+294.4%，21Q2汽车及电池板块归母净利润约3.9亿，21Q1为-2.9亿元。,上周，比亚迪发布2021H1财报，公司上半年实现营收908.85亿元，同比+50.22%；归母净利润11.74亿，同比-29.41%；21Q2归母净利润9.4亿元，环比+294.4%，21Q2汽车及电池板块归母净利润约3.9亿，21Q1为-2.9亿元。
2021-08-30,8000亿巨头比亚迪突然“泼凉水” 上半年净利下降29% 盈利能力下降,8000亿巨头比亚迪突然“泼凉水” 上半年净利下降29% 盈利能力下降
2021-08-30,安信证券维持比亚迪买入评级：中报业绩符合预期，汽车业务表现优异，目标价360元,安信证券维持比亚迪买入评级：中报业绩符合预期，汽车业务表现优异，目标价360元
2021-08-30,产业观察海霞播报——“十万级纯电精品”比亚迪海豚萌动上市,产业观察海霞播报——“十万级纯电精品”比亚迪海豚萌动上市
2021-08-30,比亚迪收入大增、利润下跌 什么拖累净利润下滑29%？ 盈利能力下降,比亚迪收入大增、利润下跌 什么拖累净利润下滑29%？ 盈利能力下降
2021-08-30,“蔚小理”腰斩与比亚迪飞涨，同在新能源差距咋这么大？,“蔚小理”腰斩与比亚迪飞涨，同在新能源差距咋这么大？
2021-08-30,华西证券：维持比亚迪(002594.SZ)“增持”评级 降本控费能力突出 营业收入增长稳健,华西证券：维持比亚迪(002594.SZ)“增持”评级 降本控费能力突出 营业收入增长稳健
2021-08-30,比亚迪上半年增收不增利 扣非净利润同比下降59.76% 盈利能力下降,比亚迪上半年增收不增利 扣非净利润同比下降59.76% 盈利能力下降
2021-08-30,摩通：维持比亚迪(1211.HK)增持评级 目标价升至350港元,摩通：维持比亚迪(1211.HK)增持评级 目标价升至350港元
2021-08-30,比亚迪汉EV四驱高性能版旗舰型有何变化？,比亚迪汉EV四驱高性能版旗舰型有何变化？
2021-08-30,比亚迪2021年上半年实现净利润18.11亿元，同比下降24.02% 盈利能力下降,比亚迪2021年上半年实现净利润18.11亿元，同比下降24.02% 盈利能力下降
2021-08-30,业内：比亚迪业绩不如预期 股价有压力丨亚太市场,业内：比亚迪业绩不如预期 股价有压力丨亚太市场
2021-08-30,比亚迪(002594)：中报收入高增 磷酸铁锂技术增强乘用车格局,比亚迪(002594)：中报收入高增 磷酸铁锂技术增强乘用车格局
2021-08-30,大行评级 | 花旗：重申比亚迪(1211.HK)买入评级 目标价410港元,大行评级 | 花旗：重申比亚迪(1211.HK)买入评级 目标价410港元
2021-08-30,比亚迪DiLink 4.0首搭5G智能网联系统；5G+8K超高清转播车将亮相服贸会 | 36氪5G创新日报0830,比亚迪DiLink 4.0首搭5G智能网联系统；5G+8K超高清转播车将亮相服贸会 | 36氪5G创新日报0830
2021-08-30,比亚迪(002594)：双“电”驱动营收高增 规模效应助下半年盈利水平抬升,比亚迪(002594)：双“电”驱动营收高增 规模效应助下半年盈利水平抬升
2021-08-30,东莞证券维持比亚迪谨慎推荐评级：新能源车市占率提升，品牌形象持续提高,东莞证券维持比亚迪谨慎推荐评级：新能源车市占率提升，品牌形象持续提高
2021-08-30,比亚迪2021年中报点评：营收高速增长，优先扩充体量【国信汽车】,比亚迪2021年中报点评：营收高速增长，优先扩充体量【国信汽车】
2021-08-30,净利大降三成的比亚迪为何仍被看多？丨一只热股 盈利能力下降,净利大降三成的比亚迪为何仍被看多？丨一只热股 盈利能力下降
2021-08-30,售价9.38万—12.18万元，比亚迪海豚正式上市，配八合一电动力总成+宽温域热泵系统,售价9.38万—12.18万元，比亚迪海豚正式上市，配八合一电动力总成+宽温域热泵系统
2021-08-30,新坐标(603040)2021半年报点评：营收快速增长 积极扩产应对客户需求,新坐标(603040)2021半年报点评：营收快速增长 积极扩产应对客户需求
2021-08-30,大行评级 | 野村：上调比亚迪(1211.HK)目标价至313.4港元 评级“买入”,大行评级 | 野村：上调比亚迪(1211.HK)目标价至313.4港元 评级“买入”
2021-08-30,智通每日大行研报丨比亚迪股份(01211)获花旗看至410港元 大行齐升长城汽车(02333)目标价,智通每日大行研报丨比亚迪股份(01211)获花旗看至410港元 大行齐升长城汽车(02333)目标价
2021-08-30,北向资金连续6日净买入累计加仓近200亿，继续大手笔加码新能源股,北向资金连续6日净买入累计加仓近200亿，继续大手笔加码新能源股
2021-08-30,A股开启“找矿”行动，资源类股持续火爆,A股开启“找矿”行动，资源类股持续火爆
2021-08-30,国轩高科(002074)：营收高增 股权激励彰显长期成长信心,国轩高科(002074)：营收高增 股权激励彰显长期成长信心
2021-08-30,隆盛科技(300680)2021年中报点评：EGR龙头再出发 新能源业务大放光彩,隆盛科技(300680)2021年中报点评：EGR龙头再出发 新能源业务大放光彩
2021-08-30,嘉元科技(688388)：盈利大幅改善 产能持续扩张-210829,嘉元科技(688388)：盈利大幅改善 产能持续扩张-210829
2021-08-30,银轮股份：公司与比亚迪在热管理上有合作,银轮股份：公司与比亚迪在热管理上有合作
2021-08-30,A股资金流向（8月30日）：新能源持续吸金，“盐皇”遭大幅抛售,A股资金流向（8月30日）：新能源持续吸金，“盐皇”遭大幅抛售
2021-08-30,南向资金今日净卖出41.71亿港元，腾讯控股净卖出近8亿港元,南向资金今日净卖出41.71亿港元，腾讯控股净卖出近8亿港元
2021-08-30,里昂：重申比亚迪(1211.HK)买入评级 目标价升至320港元,里昂：重申比亚迪(1211.HK)买入评级 目标价升至320港元
2021-08-30,比亚迪：上半年营收同比增长50% 年底将发布高端品牌,比亚迪：上半年营收同比增长50% 年底将发布高端品牌
2021-08-30,成都车展首发 SUV，比亚迪元 PLUS、坦克 400 等，今年买车必看系列！,成都车展首发 SUV，比亚迪元 PLUS、坦克 400 等，今年买车必看系列！
2021-08-30,河钢邯钢高端热轧产品助力比亚迪全球 首条无人驾驶云巴项目建设,河钢邯钢高端热轧产品助力比亚迪全球 首条无人驾驶云巴项目建设
2021-08-30,净利大幅下滑 上半年不到12亿 比亚迪如何撑起8000亿市值？ 盈利能力下降,净利大幅下滑 上半年不到12亿 比亚迪如何撑起8000亿市值？ 盈利能力下降
2021-08-30,A股融资融券日报：两融余额减少35.45亿元（8月27日）,A股融资融券日报：两融余额减少35.45亿元（8月27日）
2021-08-30,华安证券维持比亚迪买入评级：盈利能力环比改善，DMi持续放量,华安证券维持比亚迪买入评级：盈利能力环比改善，DMi持续放量
2021-08-30,开源证券：维持比亚迪(002594.SZ)“买入”评级 海豚上市在即 DM-i销量持续向好,开源证券：维持比亚迪(002594.SZ)“买入”评级 海豚上市在即 DM-i销量持续向好
2021-08-30,港股公告精选：中国华融2020年股东应占亏损1029.03亿元,港股公告精选：中国华融2020年股东应占亏损1029.03亿元
2021-08-30,比亚迪(002594)：收入和销量快速增长 Q2利润超出预期,比亚迪(002594)：收入和销量快速增长 Q2利润超出预期
2021-08-30,恒指开盘跌0.01%，比亚迪跌近3%,恒指开盘跌0.01%，比亚迪跌近3%
2021-08-30,比亚迪中报里的坏消息与好消息,比亚迪中报里的坏消息与好消息
2021-08-30,比亚迪(002594)2021年半年报点评：混动车型持续放量 上半年业绩符合预期,比亚迪(002594)2021年半年报点评：混动车型持续放量 上半年业绩符合预期
2021-08-30,恩捷股份(002812)：21Q2业绩高增 龙头扩产提升市占率,恩捷股份(002812)：21Q2业绩高增 龙头扩产提升市占率
2021-08-30,盐湖提锂业务发展提速，西藏矿业业绩说明会“干货”多,盐湖提锂业务发展提速，西藏矿业业绩说明会“干货”多
2021-08-30,比亚迪上半年 增收减利 新能源车成本是难题,比亚迪上半年 增收减利 新能源车成本是难题
2021-08-30,“聪明资金”连续11个月抢筹A股！各路资金潜伏千亿光伏龙头,“聪明资金”连续11个月抢筹A股！各路资金潜伏千亿光伏龙头
2021-08-30,比亚迪半年营收908.85亿，新能源汽车卖了15万辆,比亚迪半年营收908.85亿，新能源汽车卖了15万辆
2021-08-30,里昂：重申比亚迪股份(01211)“买入”评级 目标价升14.2%到320港元,里昂：重申比亚迪股份(01211)“买入”评级 目标价升14.2%到320港元
2021-08-30,盘前必读丨5股调入“科创50”指数样本，中芯国际半年净利52亿暴增近3倍,盘前必读丨5股调入“科创50”指数样本，中芯国际半年净利52亿暴增近3倍
2021-08-30,开盘：恒生指数基本平开，比亚迪股份跌近3%,开盘：恒生指数基本平开，比亚迪股份跌近3%
2021-08-30,比亚迪发布DiLink 4.0(5G)系统，汉EV旗舰型将首发搭载 | 2021成都车展,比亚迪发布DiLink 4.0(5G)系统，汉EV旗舰型将首发搭载 | 2021成都车展
2021-08-30,延安必康4天3板,延安必康4天3板
2021-08-30,港股开盘丨恒指跌0.01% 比亚迪股份跌近3%,港股开盘丨恒指跌0.01% 比亚迪股份跌近3%
2021-08-30,比亚迪(002594)：ASP近历史新高 DMI放量带来盈利改善 打开想象空间,比亚迪(002594)：ASP近历史新高 DMI放量带来盈利改善 打开想象空间
2021-08-30,比亚迪 | 2021H1： 降本控费强管理 硬核技术铸品牌【华西汽车 崔琰团队】,比亚迪 | 2021H1： 降本控费强管理 硬核技术铸品牌【华西汽车 崔琰团队】
2021-08-30,比亚迪跌逾4%！净利润大降30%，靠补贴支撑8000亿市值？ 盈利能力下降,比亚迪跌逾4%！净利润大降30%，靠补贴支撑8000亿市值？ 盈利能力下降
2021-08-30,比亚迪中报详解，毛利率、净利润为何下滑？ 盈利能力下降,比亚迪中报详解，毛利率、净利润为何下滑？ 盈利能力下降
2021-08-30,恩捷股份接受13家机构调研，湿法隔膜产品将向比亚迪供货,恩捷股份接受13家机构调研，湿法隔膜产品将向比亚迪供货
2021-08-30,野村：维持比亚迪股份(01211)“买入”评级 目标价升4.4%至313.4港元,野村：维持比亚迪股份(01211)“买入”评级 目标价升4.4%至313.4港元
2021-08-30,【港股通】比亚迪中期溢利同比下降29.41%至11.74亿元人民币 不派息 盈利能力下降,【港股通】比亚迪中期溢利同比下降29.41%至11.74亿元人民币 不派息 盈利能力下降
2021-08-30,比亚迪披露半年度报告 上半年营收增长50.22%,比亚迪披露半年度报告 上半年营收增长50.22%
2021-08-30,【异动股】比亚迪电子(00285.HK)跌3.05%,【异动股】比亚迪电子(00285.HK)跌3.05%
2021-08-30,【华创汽车】比亚迪：业绩符合预期，2H21销量高增有望提振盈利,【华创汽车】比亚迪：业绩符合预期，2H21销量高增有望提振盈利
2021-08-30,万科A低开超4%、比亚迪跌3.7%，两公司中期业绩不佳,万科A低开超4%、比亚迪跌3.7%，两公司中期业绩不佳
2021-08-30,港股开盘：恒生指数跌0.01％，比亚迪股份跌2.82％,港股开盘：恒生指数跌0.01％，比亚迪股份跌2.82％
2021-08-30,【异动股】比亚迪股份(01211.HK)跌3.51%,【异动股】比亚迪股份(01211.HK)跌3.51%
2021-08-30,比亚迪2021年上半年营收超900亿元，净利润下滑约30% 盈利能力下降,比亚迪2021年上半年营收超900亿元，净利润下滑约30% 盈利能力下降
2021-08-30,比亚迪上半年增收减利！快递企业扎堆上调派费！,比亚迪上半年增收减利！快递企业扎堆上调派费！
2021-08-30,华安证券：维持比亚迪(002594.SZ)“买入”评级 电动与混动双发力,华安证券：维持比亚迪(002594.SZ)“买入”评级 电动与混动双发力
2021-08-30,A股高开高走 创业板指涨1.4% 智飞生物涨近15% 比亚迪跌超4%,A股高开高走 创业板指涨1.4% 智飞生物涨近15% 比亚迪跌超4%
2021-08-31,财信证券维持比亚迪谨慎推荐评级，上半年营收表现亮眼，利润同比有所下滑；合理价300.59-332.05元 盈利能力下降,财信证券维持比亚迪谨慎推荐评级，上半年营收表现亮眼，利润同比有所下滑；合理价300.59-332.05元 盈利能力下降
2021-08-31,美银证券：重申比亚迪股份(01211)“买入”评级 目标价升5.9%至372港元,美银证券：重申比亚迪股份(01211)“买入”评级 目标价升5.9%至372港元
2021-08-31,申万宏源：维持比亚迪(002594.SZ)”增持“评级 规模效应助下半年盈利水平抬升,申万宏源：维持比亚迪(002594.SZ)”增持“评级 规模效应助下半年盈利水平抬升
2021-08-31,DM-i车型需求火爆！比亚迪：正积极进行产能扩张,DM-i车型需求火爆！比亚迪：正积极进行产能扩张
2021-08-31,大和：维持比亚迪股份买入评级 目标价升7.3%至382港元,大和：维持比亚迪股份买入评级 目标价升7.3%至382港元
2021-08-31,【异动股】比亚迪电子(00285.HK)涨3.43%,【异动股】比亚迪电子(00285.HK)涨3.43%
2021-08-31,原来比亚迪造车这么不赚钱，最大营收竟靠手机代工,原来比亚迪造车这么不赚钱，最大营收竟靠手机代工
2021-08-31,美银证券重申比亚迪“买入”评级，目标价升至372港元,美银证券重申比亚迪“买入”评级，目标价升至372港元
2021-08-31,长远锂科(688779)深度研究报告：背靠资源端 一体化正极材料领军企业,长远锂科(688779)深度研究报告：背靠资源端 一体化正极材料领军企业
2021-08-31,比亚迪汉EV销量破10万辆 刀片电池优势凸显,比亚迪汉EV销量破10万辆 刀片电池优势凸显
2021-08-31,比亚迪内忧外患，行业面临洗牌 行业恶化,比亚迪内忧外患，行业面临洗牌 行业恶化
2021-08-31,A股资金流向（8月31日）：券商股大涨中信证券获抢筹，新能源龙头股集体遭抛售,A股资金流向（8月31日）：券商股大涨中信证券获抢筹，新能源龙头股集体遭抛售
2021-08-31,汉EV再升级！比亚迪(002594.SZ)厚积薄发，开创自主品牌向上新时代,汉EV再升级！比亚迪(002594.SZ)厚积薄发，开创自主品牌向上新时代
2021-08-31,北向资金连续7日净买入8月累计加仓270亿，中国平安逆势遭抛售超20亿,北向资金连续7日净买入8月累计加仓270亿，中国平安逆势遭抛售超20亿
2021-08-31,芯片巨头集体大跌，两则消息招来空袭？,芯片巨头集体大跌，两则消息招来空袭？
2021-08-31,龙颜升级 续航510公里 或13万起 比亚迪元真的“PLUS”了,龙颜升级 续航510公里 或13万起 比亚迪元真的“PLUS”了
2021-08-31,电动小可爱 9.38万起售 续航405km 车展直击比亚迪海豚,电动小可爱 9.38万起售 续航405km 车展直击比亚迪海豚
2021-08-31,亿利达：铁城信息已进入一汽、比亚迪商用车等客户供应商体系,亿利达：铁城信息已进入一汽、比亚迪商用车等客户供应商体系
2021-08-31,比亚迪凭什么做“中国特斯拉”？,比亚迪凭什么做“中国特斯拉”？
2021-08-31,大和：维持比亚迪(1211.HK)买入评级 目标价升至382港元,大和：维持比亚迪(1211.HK)买入评级 目标价升至382港元
2021-08-31,比亚迪上半年净利润骤降六成 盈利能力下降,比亚迪上半年净利润骤降六成 盈利能力下降
2021-08-31,A股午盘综述：创业板指跌2.51%，稀土、锂、钢、水泥走强不敌大盘股抛压,A股午盘综述：创业板指跌2.51%，稀土、锂、钢、水泥走强不敌大盘股抛压
2021-08-31,比亚迪高端品牌来了！预计 50-80 万之间 /2023 年量产销售,比亚迪高端品牌来了！预计 50-80 万之间 /2023 年量产销售
2021-08-31,车企上半年业绩加速分化，新能源汽车拐点已至？,车企上半年业绩加速分化，新能源汽车拐点已至？
2021-08-31,消费行业2021年9月金股推荐,消费行业2021年9月金股推荐
2021-08-31,光大海外：维持比亚迪电子(00285)“买入”评级 目标价下调至49.4港元 机构下调估值,光大海外：维持比亚迪电子(00285)“买入”评级 目标价下调至49.4港元 机构下调估值
2021-08-31,新能源汽车产业链三大高频词凸显景气度,新能源汽车产业链三大高频词凸显景气度
2021-08-31,上半年净利润骤降六成，比亚迪距离万亿市值还有多远？ 盈利能力下降,上半年净利润骤降六成，比亚迪距离万亿市值还有多远？ 盈利能力下降
2021-08-31,意华股份(002897)：光伏跟踪支架领先 连接器布局汽车市场,意华股份(002897)：光伏跟踪支架领先 连接器布局汽车市场
2021-08-31,27股获券商买入评级 金科股份目标涨幅达120.65%,27股获券商买入评级 金科股份目标涨幅达120.65%
2021-08-31,A股融资融券日报：两融余额增加60.16亿元（8月30日）,A股融资融券日报：两融余额增加60.16亿元（8月30日）
2021-08-31,电动车一哥比亚迪中期业绩不及预期？ 盈利能力下降,电动车一哥比亚迪中期业绩不及预期？ 盈利能力下降
2021-08-31,【异动股】比亚迪股份(01211.HK)跌3.6%,【异动股】比亚迪股份(01211.HK)跌3.6%
2021-08-31,开源证券维持比亚迪买入评级，近期获12份券商研报关注，目标均价涨幅27.67%,开源证券维持比亚迪买入评级，近期获12份券商研报关注，目标均价涨幅27.67%
2021-08-31,机械设备行业周报：工业母机行业有望迎来高速发展,机械设备行业周报：工业母机行业有望迎来高速发展
2021-08-31,招银国际：重申比亚迪股份(01211)“买入”评级 目标价升28.6%至405港元,招银国际：重申比亚迪股份(01211)“买入”评级 目标价升28.6%至405港元
2021-08-31,睿智投资｜ 比亚迪控股 H (1211 HK) – 业绩扰动短期股价，长期向好趋势未改,睿智投资｜ 比亚迪控股 H (1211 HK) – 业绩扰动短期股价，长期向好趋势未改
2021-08-31,比亚迪：DM-i车型订单火爆，正扩张产能,比亚迪：DM-i车型订单火爆，正扩张产能
2021-08-31,策略专题报告：各类消费品国产化的空间,策略专题报告：各类消费品国产化的空间
2021-08-31,汽车行业周报：政策市场双驱动 关注电动物流车市场,汽车行业周报：政策市场双驱动 关注电动物流车市场
2021-08-31,北向资金动向盘点：“电新”总市值第一，“食品饮料”时代落幕,北向资金动向盘点：“电新”总市值第一，“食品饮料”时代落幕
2021-09-01,A股收盘综述：风格切换凶猛来袭，市场资金大举吃进低估值蓝筹,A股收盘综述：风格切换凶猛来袭，市场资金大举吃进低估值蓝筹
2021-09-01,汽车行业周报：汽车数据安全新规发布 疫情冲击下阶段性缺芯持续,汽车行业周报：汽车数据安全新规发布 疫情冲击下阶段性缺芯持续
2021-09-01,精测电子：公司进入到了比亚迪和中航锂电等电池厂商的供应链,精测电子：公司进入到了比亚迪和中航锂电等电池厂商的供应链
2021-09-01,头部券商客户保证金突然猛增，超级行情要来？,头部券商客户保证金突然猛增，超级行情要来？
2021-09-01,2021 年 8 月风云榜 - 品牌篇：大众、特斯拉、长安前三，丰田、比亚迪、哈弗上升,2021 年 8 月风云榜 - 品牌篇：大众、特斯拉、长安前三，丰田、比亚迪、哈弗上升
2021-09-01,北向资金净买入额创一个月新高连续8日加仓，伊利股份、贵州茅台净买入均超6亿元,北向资金净买入额创一个月新高连续8日加仓，伊利股份、贵州茅台净买入均超6亿元
2021-09-01,比亚迪梦想加速度,比亚迪梦想加速度
2021-09-01,造车没有“钱途”？冲击万亿市值的比亚迪，上半年净利润不足3亿！,造车没有“钱途”？冲击万亿市值的比亚迪，上半年净利润不足3亿！
2021-09-01,格林美：积极打造全球动力电池产业链合作模式,格林美：积极打造全球动力电池产业链合作模式
2021-09-01,【东吴电新】比亚迪2021年中报点评：利润有所下滑，盈利开始改善 盈利能力下降,【东吴电新】比亚迪2021年中报点评：利润有所下滑，盈利开始改善 盈利能力下降
2021-09-01,杭可科技(688006)2021半年报点评：业绩不及市场预期 静待后续订单结构改善优化盈利能力 盈利能力下降,杭可科技(688006)2021半年报点评：业绩不及市场预期 静待后续订单结构改善优化盈利能力 盈利能力下降
2021-09-01,东吴证券维持比亚迪买入评级，2021年中报点评：利润有所下滑，盈利开始改善 盈利能力下降,东吴证券维持比亚迪买入评级，2021年中报点评：利润有所下滑，盈利开始改善 盈利能力下降
2021-09-01,【券商聚焦】招银升比亚迪目标价至405港元 指业绩扰动短期股价但向好趋势不变,【券商聚焦】招银升比亚迪目标价至405港元 指业绩扰动短期股价但向好趋势不变
2021-09-01,落实双碳目标，比亚迪打造中国汽车品牌首个零碳园区总部,落实双碳目标，比亚迪打造中国汽车品牌首个零碳园区总部
2021-09-01,创变谈|杜国忠:年底比亚迪将推高端品牌,创变谈|杜国忠:年底比亚迪将推高端品牌
2021-09-01,航天机电：公司汽车热系统业务主要客户包括宝马、大众、通用、上汽集团、比亚迪等,航天机电：公司汽车热系统业务主要客户包括宝马、大众、通用、上汽集团、比亚迪等
2021-09-01,比亚迪(002594)：中报业绩符合预期 汽车业务表现优异,比亚迪(002594)：中报业绩符合预期 汽车业务表现优异
2021-09-01,最高暴涨350%！锂电彻底火了，中报业绩普遍翻倍！,最高暴涨350%！锂电彻底火了，中报业绩普遍翻倍！
2021-09-01,比亚迪参投纵慧芯光,比亚迪参投纵慧芯光
2021-09-01,部分车企半年报增收不增利，新能源替代趋势加速,部分车企半年报增收不增利，新能源替代趋势加速
2021-09-01,A股融资融券日报：两融余额减少15.02亿元（8月31日）,A股融资融券日报：两融余额减少15.02亿元（8月31日）
2021-09-01,最大续航 405km，比亚迪海豚动力信息曝光,最大续航 405km，比亚迪海豚动力信息曝光
2021-09-01,中信建投9月金股名单,中信建投9月金股名单
2021-09-01,福达股份(603166)2021年半年报点评：入选专精特新“小巨人”企业 新能源下游成增长新亮点,福达股份(603166)2021年半年报点评：入选专精特新“小巨人”企业 新能源下游成增长新亮点
2021-09-01,A股午盘综述：市场风格切换引发剧烈震荡，低估值蓝筹大败光伏稀土锂,A股午盘综述：市场风格切换引发剧烈震荡，低估值蓝筹大败光伏稀土锂
2021-09-01,创业板指跌逾2%，锂矿、光伏全线大跌，比亚迪跌超6%，北向资金净流入超50亿元,创业板指跌逾2%，锂矿、光伏全线大跌，比亚迪跌超6%，北向资金净流入超50亿元
2021-09-01,新款比亚迪唐 EV 实车图曝光，和汉 EV 同款前脸，颜值更在线,新款比亚迪唐 EV 实车图曝光，和汉 EV 同款前脸，颜值更在线
2021-09-01,新车明年亮相 比亚迪将四季度发新品牌,新车明年亮相 比亚迪将四季度发新品牌
2021-09-01,热门赛道熄火，“中字头”扛起护盘大旗！A股不到两小时成交破万亿,热门赛道熄火，“中字头”扛起护盘大旗！A股不到两小时成交破万亿
2021-09-01,该关注三季度业绩了！有26家公司已“预喜”,该关注三季度业绩了！有26家公司已“预喜”
2021-09-02,A股共发生193宗大宗交易成交47.81亿元（9月2日）,A股共发生193宗大宗交易成交47.81亿元（9月2日）
2021-09-02,比亚迪(002594.SZ)股东吕向阳质押505万股,比亚迪(002594.SZ)股东吕向阳质押505万股
2021-09-02,苹果就汽车项目与比亚迪、宁德时代进行了会谈,苹果就汽车项目与比亚迪、宁德时代进行了会谈
2021-09-02,【东吴晨报0902】【策略】【个股】海天味业、北方华创、比亚迪、富途控股、广汽集团、中国中免、泡泡玛特、杭可科技、华菱钢铁,【东吴晨报0902】【策略】【个股】海天味业、北方华创、比亚迪、富途控股、广汽集团、中国中免、泡泡玛特、杭可科技、华菱钢铁
2021-09-02,比亚迪：大成国际资管于9月2日调研我司,比亚迪：大成国际资管于9月2日调研我司
2021-09-02,8月长城市值暴涨500亿仍落后比亚迪，*ST众泰斩获8涨停涨超24%,8月长城市值暴涨500亿仍落后比亚迪，*ST众泰斩获8涨停涨超24%
2021-09-02,比亚迪：吕向阳质押505万股，占其所持股份2.11%,比亚迪：吕向阳质押505万股，占其所持股份2.11%
2021-09-02,北向资金9天加仓近390亿，紫金矿业大幅净买入超11亿元,北向资金9天加仓近390亿，紫金矿业大幅净买入超11亿元
2021-09-02,杭可科技(688006)点评：在手订单丰富 营收大幅提升,杭可科技(688006)点评：在手订单丰富 营收大幅提升
2021-09-02,比亚迪今日大宗交易成交3.70万股，成交价267.0元溢价0.0%,比亚迪今日大宗交易成交3.70万股，成交价267.0元溢价0.0%
2021-09-02,矩子科技(300802)：存货及合同负债高增长 拟推行股权激励计划 偿债能力下降,矩子科技(300802)：存货及合同负债高增长 拟推行股权激励计划 偿债能力下降
2021-09-02,渤海汽车：大宗商品价格上涨一定程度上影响公司经营业绩,渤海汽车：大宗商品价格上涨一定程度上影响公司经营业绩
2021-09-02,【2018】瑞声为比亚迪新概念车提供智能座舱音响系统 | 头条金融网,【2018】瑞声为比亚迪新概念车提供智能座舱音响系统 | 头条金融网
2021-09-02,比亚迪汉DM试驾：拥有4.7秒破百性能，又没有里程焦虑,比亚迪汉DM试驾：拥有4.7秒破百性能，又没有里程焦虑
2021-09-02,瑞声科技：比亚迪X-DREAM车载音响系统模块采用了瑞升科技方案,瑞声科技：比亚迪X-DREAM车载音响系统模块采用了瑞升科技方案
2021-09-02,瑞声科技：助力比亚迪X-DREAM，打造未来智能座舱音响系统,瑞声科技：助力比亚迪X-DREAM，打造未来智能座舱音响系统
2021-09-02,瑞声科技：助力比亚迪X-DREAM 打造未来智能座舱音响系统,瑞声科技：助力比亚迪X-DREAM 打造未来智能座舱音响系统
2021-09-02,国信证券：维持比亚迪(002594.SZ)“增持”评级 营收高速增长 新能源市占率持续攀升,国信证券：维持比亚迪(002594.SZ)“增持”评级 营收高速增长 新能源市占率持续攀升
2021-09-02,2021上半年 比亚迪交出了有意思的成绩单,2021上半年 比亚迪交出了有意思的成绩单
2021-09-02,【1211】比亚迪新概念车音响采用瑞声科技方案 | 头条金融网,【1211】比亚迪新概念车音响采用瑞声科技方案 | 头条金融网
2021-09-02,为何比亚迪刀片电池能达到三元锂续航水平,为何比亚迪刀片电池能达到三元锂续航水平
2021-09-02,争食新能源车市场“蛋糕”，传统车企突围“秀肌肉”,争食新能源车市场“蛋糕”，传统车企突围“秀肌肉”
2021-09-02,比亚迪海豚上市，成十万级新能源市场最大变量,比亚迪海豚上市，成十万级新能源市场最大变量
2021-09-03,比亚迪：1-8月销售了372630辆汽车，同比增长64.3%,比亚迪：1-8月销售了372630辆汽车，同比增长64.3%
2021-09-03,比亚迪：8月新能源汽车销量同比增长301.8%,比亚迪：8月新能源汽车销量同比增长301.8%
2021-09-03,杭可科技(688006.SH)中标比亚迪锂电池生产设备采购项目 中标额5.22亿元,杭可科技(688006.SH)中标比亚迪锂电池生产设备采购项目 中标额5.22亿元
2021-09-03,杭可科技(688006.SH)：收到比亚迪5.22亿元的锂电设备中标通知书,杭可科技(688006.SH)：收到比亚迪5.22亿元的锂电设备中标通知书
2021-09-03,比亚迪：8月汽车销量6.8531万辆，同比增加86%,比亚迪：8月汽车销量6.8531万辆，同比增加86%
2021-09-03,传说中的“明”？比亚迪全新旗舰曝光：续航或达1000公里,传说中的“明”？比亚迪全新旗舰曝光：续航或达1000公里
2021-09-03,比亚迪：8月新能源汽车销量同比增长302%,比亚迪：8月新能源汽车销量同比增长302%
2021-09-03,比亚迪单车均价超越大众，这意味着什么？,比亚迪单车均价超越大众，这意味着什么？
2021-09-03,晚间重要公告2021年9月3日星期五,晚间重要公告2021年9月3日星期五
2021-09-03,公告精选：周子学辞任中芯国际董事长；比亚迪8月新能源汽车销量单月增长302%,公告精选：周子学辞任中芯国际董事长；比亚迪8月新能源汽车销量单月增长302%
2021-09-03,一周主力资金丨青睐食品饮料板块 净流出比亚迪、天齐锂业超50亿元,一周主力资金丨青睐食品饮料板块 净流出比亚迪、天齐锂业超50亿元
2021-09-03,中标5.22亿元比亚迪锂电设备项目 杭可科技有望受益下游扩产潮,中标5.22亿元比亚迪锂电设备项目 杭可科技有望受益下游扩产潮
2021-09-03,比亚迪：1-8 月新能源汽车销售 266480 辆，同比增 192.64%,比亚迪：1-8 月新能源汽车销售 266480 辆，同比增 192.64%
2021-09-03,DM-i超级混动立功！比亚迪8月新能源车销量暴涨331.9%,DM-i超级混动立功！比亚迪8月新能源车销量暴涨331.9%
2021-09-03,比亚迪(002594.SZ)前8月新能源汽车销量同比增长192.64%,比亚迪(002594.SZ)前8月新能源汽车销量同比增长192.64%
2021-09-03,智租换电与比亚迪开启项目合作 携手谱写两轮换电新华章,智租换电与比亚迪开启项目合作 携手谱写两轮换电新华章
2021-09-03,比亚迪：国信证券于9月3日调研我司,比亚迪：国信证券于9月3日调研我司
2021-09-03,比亚迪：H股配售吸引了全球众多顶级长线、主权基金参与,比亚迪：H股配售吸引了全球众多顶级长线、主权基金参与
2021-09-03,杭可科技：中标5.22亿元比亚迪锂电设备项目,杭可科技：中标5.22亿元比亚迪锂电设备项目
2021-09-03,比亚迪董秘李黔：20年主动拥抱投资者 真诚尊重投资者,比亚迪董秘李黔：20年主动拥抱投资者 真诚尊重投资者
2021-09-03,7月全球电动车销量：比亚迪时隔六月再次击败特斯拉,7月全球电动车销量：比亚迪时隔六月再次击败特斯拉
2021-09-03,每日理财观察：北京证券交易所来了,每日理财观察：北京证券交易所来了
2021-09-03,西藏矿业、西藏城投均跌停，盐湖提锂指数持续下滑,西藏矿业、西藏城投均跌停，盐湖提锂指数持续下滑
2021-09-03,【1211】比亚迪8月销量增长86.3% | 头条金融网,【1211】比亚迪8月销量增长86.3% | 头条金融网
2021-09-03,科技制造行业先进制造2021年9月月报：聚焦专精特新 继续布局估值和增长匹配的中小市值标的,科技制造行业先进制造2021年9月月报：聚焦专精特新 继续布局估值和增长匹配的中小市值标的
2021-09-03,比亚迪：DM-i超级混动是公司厚积薄发的力作，将扮演燃油汽车颠覆者的角色,比亚迪：DM-i超级混动是公司厚积薄发的力作，将扮演燃油汽车颠覆者的角色
2021-09-03,A股收盘综述：锂、稀土、化工等热门赛道集体调整，年内牛股批量跌停,A股收盘综述：锂、稀土、化工等热门赛道集体调整，年内牛股批量跌停
2021-09-03,市场东风吹起，比亚迪万事俱备了吗？,市场东风吹起，比亚迪万事俱备了吗？
2021-09-03,比亚迪上半年营收超900亿 新能源驱动业务增长,比亚迪上半年营收超900亿 新能源驱动业务增长
2021-09-03,恒指收跌0.72%，恒生科技指数本周大涨6.43%,恒指收跌0.72%，恒生科技指数本周大涨6.43%
2021-09-03,比亚迪汉EV升级DiLink 4.0，「5G技术+丹拿音响」是最大看点,比亚迪汉EV升级DiLink 4.0，「5G技术+丹拿音响」是最大看点
2021-09-03,A股资金流向（9月3日）：多空厮杀激烈，锂电上游龙头“跌落神坛”,A股资金流向（9月3日）：多空厮杀激烈，锂电上游龙头“跌落神坛”
2021-09-03,比亚迪股份：股东吕向阳质押505万股,比亚迪股份：股东吕向阳质押505万股
2021-09-03,盐湖股份：与比亚迪合作的“盐湖比亚迪3万吨电池级碳酸锂项目”尚未实建,盐湖股份：与比亚迪合作的“盐湖比亚迪3万吨电池级碳酸锂项目”尚未实建
2021-09-04,日销1981台同比暴增3倍！比亚迪8月新能源汽车销量再创新高,日销1981台同比暴增3倍！比亚迪8月新能源汽车销量再创新高
2021-09-04,8月份比亚迪纯电动汽车产销量双双超过3万辆 是去年同期3倍多,8月份比亚迪纯电动汽车产销量双双超过3万辆 是去年同期3倍多
2021-09-04,智能互联再上新台阶，比亚迪汉EV升级上市「走进成都车展」,智能互联再上新台阶，比亚迪汉EV升级上市「走进成都车展」
2021-09-04,松芝股份(002454)：汽车业务稳定增长 横向拓展储能业务,松芝股份(002454)：汽车业务稳定增长 横向拓展储能业务
2021-09-04,比亚迪(002594)：混动纯电强势新品周期开启 销量再创历史新高,比亚迪(002594)：混动纯电强势新品周期开启 销量再创历史新高
2021-09-04,上市公司正负面新闻2021年9月4日星期六,上市公司正负面新闻2021年9月4日星期六
2021-09-04,比亚迪8月销量超6.8万辆，再创新高,比亚迪8月销量超6.8万辆，再创新高
2021-09-05,浙商机械 邱世梁||王华君【杭可科技】中标比亚迪锂电设备金额创新高，订单加速增长,浙商机械 邱世梁||王华君【杭可科技】中标比亚迪锂电设备金额创新高，订单加速增长
2021-09-05,【安信汽车】比亚迪：8月销量超预期，纯电、混动均表现亮眼,【安信汽车】比亚迪：8月销量超预期，纯电、混动均表现亮眼
2021-09-05,中国扛起全球电动车“半壁江山” 比亚迪太豪横,中国扛起全球电动车“半壁江山” 比亚迪太豪横
2021-09-05,比亚迪秦 PLUS 汽车 8 月销量破 2 万,比亚迪秦 PLUS 汽车 8 月销量破 2 万
2021-09-05,市值将达20万亿？苹果新品盛宴开启，概念股要火？,市值将达20万亿？苹果新品盛宴开启，概念股要火？
2021-09-05,新能源车产业驶入快车道：国产品牌崛起，供应链仍有薄弱环节,新能源车产业驶入快车道：国产品牌崛起，供应链仍有薄弱环节
2021-09-05,汽车行业：板块继续震荡 等待一个明确的复苏时点,汽车行业：板块继续震荡 等待一个明确的复苏时点
2021-09-05,比亚迪新能源汽车又创新高，新车交付一车难求,比亚迪新能源汽车又创新高，新车交付一车难求
2021-09-05,比亚迪：海洋系列将加推“海鸥”、“海豹”及“海狮”等新车型,比亚迪：海洋系列将加推“海鸥”、“海豹”及“海狮”等新车型
2021-09-06,恒指低开高走收涨1.01%，铝业股爆发,恒指低开高走收涨1.01%，铝业股爆发
2021-09-06,比亚迪大涨9%背后，机构重估之路或以开启,比亚迪大涨9%背后，机构重估之路或以开启
2021-09-06,比亚迪8月销量创新高，“哑铃型”销量结构有望改变 | 兴证电新 · 每周观察,比亚迪8月销量创新高，“哑铃型”销量结构有望改变 | 兴证电新 · 每周观察
2021-09-06,8月交付量再加速 比亚迪股价冲击涨停,8月交付量再加速 比亚迪股价冲击涨停
2021-09-06,A股收盘综述：市场演绎高低切换，创业板指大涨4%、超跌龙头普遍回暖,A股收盘综述：市场演绎高低切换，创业板指大涨4%、超跌龙头普遍回暖
2021-09-06,茅指数午后一度涨超4%，比亚迪涨近9%,茅指数午后一度涨超4%，比亚迪涨近9%
2021-09-06,A股异动 | 杭可科技(688006.SH)涨4.42% 收到比亚迪5.22亿元的锂电设备中标通知书,A股异动 | 杭可科技(688006.SH)涨4.42% 收到比亚迪5.22亿元的锂电设备中标通知书
2021-09-06,盐湖提锂指数午后涨幅扩大至2%，早盘一度跌近5%,盐湖提锂指数午后涨幅扩大至2%，早盘一度跌近5%
2021-09-06,比亚迪、伯特利涨超8%，汽车ETF(516110)涨超2.5%,比亚迪、伯特利涨超8%，汽车ETF(516110)涨超2.5%
2021-09-06,消息称比亚迪欲打造“海洋馆”车系！全新高端品牌也来了,消息称比亚迪欲打造“海洋馆”车系！全新高端品牌也来了
2021-09-06,华创证券：维持比亚迪(002594.SZ)“强推”评级 目标价360.7元,华创证券：维持比亚迪(002594.SZ)“强推”评级 目标价360.7元
2021-09-06,恒指涨幅扩大至1%，医药、汽车、科技股领涨,恒指涨幅扩大至1%，医药、汽车、科技股领涨
2021-09-06,* 东亚机械入选＂专精特新＂企业名单，终端用户包括中国中车、比亚迪等知名企业,* 东亚机械入选＂专精特新＂企业名单，终端用户包括中国中车、比亚迪等知名企业
2021-09-06,【华创汽车】比亚迪：交付再加速，超越赛道增长,【华创汽车】比亚迪：交付再加速，超越赛道增长
2021-09-06,比亚迪重返全球第一！特斯拉压力山大,比亚迪重返全球第一！特斯拉压力山大
2021-09-06,一根大阳线，“千军万马”来相见！,一根大阳线，“千军万马”来相见！
2021-09-06,恒生指数收涨1.01%报26163点 比亚迪(01211)涨7.78%,恒生指数收涨1.01%报26163点 比亚迪(01211)涨7.78%
2021-09-06,云海金属：公司镁合金和铝合金产品均有供货给比亚迪新能源车上使用,云海金属：公司镁合金和铝合金产品均有供货给比亚迪新能源车上使用
2021-09-06,试驾海豚：这就是比亚迪的纯电新物种？,试驾海豚：这就是比亚迪的纯电新物种？
2021-09-06,比亚迪成立新材料公司，经营范围含新型陶瓷材料销售等,比亚迪成立新材料公司，经营范围含新型陶瓷材料销售等
2021-09-06,销量持续高歌猛进，比亚迪：就问还有谁？,销量持续高歌猛进，比亚迪：就问还有谁？
2021-09-06,全球电动车市场格局生变，特斯拉今年7月首次被比亚迪击败,全球电动车市场格局生变，特斯拉今年7月首次被比亚迪击败
2021-09-06,杭可科技中标比亚迪5.22亿订单,杭可科技中标比亚迪5.22亿订单
2021-09-06,别人缺芯忙减产，为何比亚迪能狂销6万辆新能源车？,别人缺芯忙减产，为何比亚迪能狂销6万辆新能源车？
2021-09-06,比亚迪半导体恢复上市审核，未换掉天元律师事务所,比亚迪半导体恢复上市审核，未换掉天元律师事务所
2021-09-06,EV Sales：2021年７月全球新能源汽车销量达48万辆 比亚迪击败特斯拉,EV Sales：2021年７月全球新能源汽车销量达48万辆 比亚迪击败特斯拉
2021-09-06,比亚迪：融捷投资控股质押公司总股份0.16%,比亚迪：融捷投资控股质押公司总股份0.16%
2021-09-06,A股资金流向（9月6日）：消费、金融齐发力，创业板龙头获抢筹,A股资金流向（9月6日）：消费、金融齐发力，创业板龙头获抢筹
2021-09-06,A股盐湖提锂板块回暖，比亚迪涨超7%,A股盐湖提锂板块回暖，比亚迪涨超7%
2021-09-06,全球动力电池7月榜：比亚迪逼近松下 “三足鼎立”格局有望被打破,全球动力电池7月榜：比亚迪逼近松下 “三足鼎立”格局有望被打破
2021-09-06,恒生指数午盘收涨0.51%报26034点 比亚迪(01211)涨5.74%,恒生指数午盘收涨0.51%报26034点 比亚迪(01211)涨5.74%
2021-09-06,【行情】盐湖提锂板块回暖，比亚迪涨超7%，亿纬锂能、赣锋锂业、天齐锂业、华友钴业等跟涨,【行情】盐湖提锂板块回暖，比亚迪涨超7%，亿纬锂能、赣锋锂业、天齐锂业、华友钴业等跟涨
2021-09-06,比亚迪单车均价超大众：“神车”之上，是中国品牌的自强之路,比亚迪单车均价超大众：“神车”之上，是中国品牌的自强之路
2021-09-06,长城造“动物园”，比亚迪要开“海洋馆”！,长城造“动物园”，比亚迪要开“海洋馆”！
2021-09-06,东吴证券维持杭可科技买入评级：比亚迪5.2亿订单落地，盈利拐点即将显现,东吴证券维持杭可科技买入评级：比亚迪5.2亿订单落地，盈利拐点即将显现
2021-09-06,比亚迪连续4个月 实现爆发式增长,比亚迪连续4个月 实现爆发式增长
2021-09-06,金融市场流动性与监管动态周报：精选层北交所面面观 流动性指数创近年新高,金融市场流动性与监管动态周报：精选层北交所面面观 流动性指数创近年新高
2021-09-06,中信证券：新能源汽车行业景气持续向好，盈利大幅提升,中信证券：新能源汽车行业景气持续向好，盈利大幅提升
2021-09-06,【汽车】8月比亚迪小鹏理想蔚来零跑销量创新高——新能源汽车行业周报——看好,【汽车】8月比亚迪小鹏理想蔚来零跑销量创新高——新能源汽车行业周报——看好
2021-09-06,A股融资融券日报：两融余额减少64.16亿元（9月3日）,A股融资融券日报：两融余额减少64.16亿元（9月3日）
2021-09-06,比亚迪连续4个月增长 销量不断刷新记录,比亚迪连续4个月增长 销量不断刷新记录
2021-09-06,安信证券：比亚迪(002594.SZ)8月销量超预期 纯电、混动均表现亮眼 目标价360元,安信证券：比亚迪(002594.SZ)8月销量超预期 纯电、混动均表现亮眼 目标价360元
2021-09-06,比亚迪8月新能源车销量暴涨 产业链公司有望受提振,比亚迪8月新能源车销量暴涨 产业链公司有望受提振
2021-09-06,又一万亿大风口来了！,又一万亿大风口来了！
2021-09-06,汽车行业2021年中报业绩综述：短期缺芯不改复苏趋势 迎接大变革时代,汽车行业2021年中报业绩综述：短期缺芯不改复苏趋势 迎接大变革时代
2021-09-06,比亚迪汉8月销量同比增126% 比亚迪盘中涨幅扩大至5%,比亚迪汉8月销量同比增126% 比亚迪盘中涨幅扩大至5%
2021-09-06,前8月新能源汽车市场渗透率超过10%，新能源车ETF开盘反弹,前8月新能源汽车市场渗透率超过10%，新能源车ETF开盘反弹
2021-09-06,比亚迪汉8月热销9035辆，持续领跑中国品牌中大型轿车市场,比亚迪汉8月热销9035辆，持续领跑中国品牌中大型轿车市场
2021-09-06,花旗：大升比亚迪AH股目标价逾3成，上调盈利预测,花旗：大升比亚迪AH股目标价逾3成，上调盈利预测
2021-09-06,月销连续爆发式增长！比亚迪8月乘用车全系销售67630辆,月销连续爆发式增长！比亚迪8月乘用车全系销售67630辆
2021-09-06,汉8月销量狂增126% 累计突破11万辆 比亚迪股价大涨6.84%,汉8月销量狂增126% 累计突破11万辆 比亚迪股价大涨6.84%
2021-09-06,半年营收超900亿 比亚迪“应变”出圈,半年营收超900亿 比亚迪“应变”出圈
2021-09-06,瑞信：维持比亚迪跑赢大市评级，目标价320港元,瑞信：维持比亚迪跑赢大市评级，目标价320港元
2021-09-06,比亚迪AH股齐拉升涨超6% 8月新能源汽车销量暴增,比亚迪AH股齐拉升涨超6% 8月新能源汽车销量暴增
2021-09-06,申万宏源：维持比亚迪(002594.SZ)“增持”评级 DMi产品维持高景气 新能源行业需求快速复苏,申万宏源：维持比亚迪(002594.SZ)“增持”评级 DMi产品维持高景气 新能源行业需求快速复苏
2021-09-06,比亚迪汉 8 月销量同比增 126%，累计突破 11 万辆,比亚迪汉 8 月销量同比增 126%，累计突破 11 万辆
2021-09-06,* 比亚迪8月新能源车销量同比增302%，新款车型DM-i订单供不应求,* 比亚迪8月新能源车销量同比增302%，新款车型DM-i订单供不应求
2021-09-06,【行情】汽车整车板块回暖，比亚迪涨超6%，上汽集团、长安汽车、中国重汽等跟涨,【行情】汽车整车板块回暖，比亚迪涨超6%，上汽集团、长安汽车、中国重汽等跟涨
2021-09-06,A股午盘综述：创业板指强势反弹涨近4%，迈瑞医疗、爱尔眼科劲升超9%,A股午盘综述：创业板指强势反弹涨近4%，迈瑞医疗、爱尔眼科劲升超9%
2021-09-07,工信部公示新能源汽车推广应用清算情况,工信部公示新能源汽车推广应用清算情况
2021-09-07,工信部：特斯拉去年获中国新能源补贴21亿元，比亚迪5年领40亿元,工信部：特斯拉去年获中国新能源补贴21亿元，比亚迪5年领40亿元
2021-09-07,花旗给予比亚迪“买入”评级，目标价升至536港元,花旗给予比亚迪“买入”评级，目标价升至536港元
2021-09-07,比亚迪汉8月热销9035辆 保持稳健增长态势,比亚迪汉8月热销9035辆 保持稳健增长态势
2021-09-07,亚太股份：公司有给江西五十铃、重庆庆铃、长沙比亚迪、泰安航天特种车等重卡车型提供相关基础制动产品,亚太股份：公司有给江西五十铃、重庆庆铃、长沙比亚迪、泰安航天特种车等重卡车型提供相关基础制动产品
2021-09-07,模塑科技：目前公司与比亚迪未有新的业务往来,模塑科技：目前公司与比亚迪未有新的业务往来
2021-09-07,众泰汽车：公司目前整车业务处于停滞状态,众泰汽车：公司目前整车业务处于停滞状态
2021-09-07,合纵科技：公司磷酸铁产品在比亚迪的初期月度供货量占公司产能比例较小,合纵科技：公司磷酸铁产品在比亚迪的初期月度供货量占公司产能比例较小
2021-09-07,新能源车获补贴公示：比亚迪五年近40亿，特斯拉去年21亿,新能源车获补贴公示：比亚迪五年近40亿，特斯拉去年21亿
2021-09-07,北向资金追平年内最长净买入纪录累计加仓超550亿，美的集团净买入超11亿元,北向资金追平年内最长净买入纪录累计加仓超550亿，美的集团净买入超11亿元
2021-09-07,比亚迪：应用DM-i超级混动的车型订单充足,比亚迪：应用DM-i超级混动的车型订单充足
2021-09-07,被三星83亿“甩卖”，比亚迪怎么了 ？丨C位,被三星83亿“甩卖”，比亚迪怎么了 ？丨C位
2021-09-07,【数据说话】直击新能源汽车8月销量：比亚迪称王，哪吒挺进“新势力”前三！,【数据说话】直击新能源汽车8月销量：比亚迪称王，哪吒挺进“新势力”前三！
2021-09-07,三星一季度减持比亚迪1.6%股份套现82亿，究竟为了什么 减持股份,三星一季度减持比亚迪1.6%股份套现82亿，究竟为了什么 减持股份
2021-09-07,比亚迪未来新车规划曝光：唐MAX、海狮等全来了,比亚迪未来新车规划曝光：唐MAX、海狮等全来了
2021-09-07,比亚迪股份：DM-i超级混动相关车型订单充足,比亚迪股份：DM-i超级混动相关车型订单充足
2021-09-07,工信部公示新能源汽车推广应用清算情况 比亚迪5年获近40亿元补贴,工信部公示新能源汽车推广应用清算情况 比亚迪5年获近40亿元补贴
2021-09-07,外媒：三星出售比亚迪1.6%股份 价值约1.5万亿韩元,外媒：三星出售比亚迪1.6%股份 价值约1.5万亿韩元
2021-09-07,汽车行业周报：8月国内汽车预估销量达171.2万辆 哪吒超越蔚来跃居8月新势力销量前三,汽车行业周报：8月国内汽车预估销量达171.2万辆 哪吒超越蔚来跃居8月新势力销量前三
2021-09-07,新能源汽车行业周报：小鹏汽车发布二季度财报,新能源汽车行业周报：小鹏汽车发布二季度财报
2021-09-07,* 金田铜业拟投建高精度铜合金项目，拥有美的、比亚迪等客户,* 金田铜业拟投建高精度铜合金项目，拥有美的、比亚迪等客户
2021-09-07,特斯拉突爆大消息，第三代充电桩量产在即，行业增速比肩锂电池,特斯拉突爆大消息，第三代充电桩量产在即，行业增速比肩锂电池
2021-09-07,DM-i 爆发，比亚迪明年挑战 150 万辆，决战特斯拉,DM-i 爆发，比亚迪明年挑战 150 万辆，决战特斯拉
2021-09-07,巴菲特投资比亚迪今年又赚了20亿美元,巴菲特投资比亚迪今年又赚了20亿美元
2021-09-07,港股盘前必读：小鹏汽车宣布将于9月7日推出“智能新物种”,港股盘前必读：小鹏汽车宣布将于9月7日推出“智能新物种”
2021-09-07,比亚迪(002594)：新能源月销创新高 纯电插混双驱并进,比亚迪(002594)：新能源月销创新高 纯电插混双驱并进
2021-09-07,每日理财观察：证监会研究推出进一步扩大开放举措,每日理财观察：证监会研究推出进一步扩大开放举措
2021-09-07,比亚迪（002594.SZ，01211.HK）：8月销量略超预期，未来有望持续创新高,比亚迪（002594.SZ，01211.HK）：8月销量略超预期，未来有望持续创新高
2021-09-07,中信证券：比亚迪8月销量略超预期 未来有望持续创新高,中信证券：比亚迪8月销量略超预期 未来有望持续创新高
2021-09-07,比亚迪 | 8月：逆势稳健增长 拐点爆发在即【华西汽车 崔琰团队】,比亚迪 | 8月：逆势稳健增长 拐点爆发在即【华西汽车 崔琰团队】
2021-09-07,14股获券商买入评级，比亚迪目标涨幅达29.94%,14股获券商买入评级，比亚迪目标涨幅达29.94%
2021-09-07,北向资金动向盘点：终于等来白酒接盘侠,北向资金动向盘点：终于等来白酒接盘侠
2021-09-07,A股融资融券日报：两融余额增加117.03亿元（9月6日）,A股融资融券日报：两融余额增加117.03亿元（9月6日）
2021-09-07,全球动力电池份额排名：宁德时代连续4年霸榜 比亚迪第4,全球动力电池份额排名：宁德时代连续4年霸榜 比亚迪第4
2021-09-07,三星电子抛出比亚迪股票 暴赚一大笔,三星电子抛出比亚迪股票 暴赚一大笔
2021-09-07,东方财富证券：维持比亚迪(002594.SZ)“增持”评级 纯电插混双驱并进,东方财富证券：维持比亚迪(002594.SZ)“增持”评级 纯电插混双驱并进
2021-09-07,比亚迪：公司元pro车型已于3月上市,比亚迪：公司元pro车型已于3月上市
2021-09-07,深度*公司*杭可科技(688006)：上半年毛利率承压 关注未来海外订单释放带来的盈利能力回升,深度*公司*杭可科技(688006)：上半年毛利率承压 关注未来海外订单释放带来的盈利能力回升
2021-09-07,比亚迪(002594)：逆势稳健增长 拐点爆发在即,比亚迪(002594)：逆势稳健增长 拐点爆发在即
2021-09-07,A股早报2021年9月7日星期二,A股早报2021年9月7日星期二
2021-09-08,Buff 叠加：比亚迪宋 PLUS EV 华为电驱版申报，动力系统升级,Buff 叠加：比亚迪宋 PLUS EV 华为电驱版申报，动力系统升级
2021-09-08,北向资金结束连续12日净买入，中国平安、歌尔股份净卖出均超6亿元,北向资金结束连续12日净买入，中国平安、歌尔股份净卖出均超6亿元
2021-09-08,8月新能源乘用车批发销量翻两倍 比亚迪单月破6万辆,8月新能源乘用车批发销量翻两倍 比亚迪单月破6万辆
2021-09-08,“缺芯”影响深化，吉利汽车8月销量下降22%，为何比亚迪逆势增长？ 盈利能力下降,“缺芯”影响深化，吉利汽车8月销量下降22%，为何比亚迪逆势增长？ 盈利能力下降
2021-09-08,乘联会：特斯拉中国8月销售44264辆 比亚迪60858辆,乘联会：特斯拉中国8月销售44264辆 比亚迪60858辆
2021-09-08,乘联会公布8月新能源销量：比亚迪60858辆排名第一 特斯拉44264辆,乘联会公布8月新能源销量：比亚迪60858辆排名第一 特斯拉44264辆
2021-09-08,乘联会：8月新能源乘用车批发销量达30.4万辆 比亚迪破6万辆,乘联会：8月新能源乘用车批发销量达30.4万辆 比亚迪破6万辆
2021-09-08,乘联会：8月乘用车市场零售达到145.3万辆，同比降14.7%,乘联会：8月乘用车市场零售达到145.3万辆，同比降14.7%
2021-09-08,比亚迪：分拆有利于比亚迪半导体拓宽融资渠道,比亚迪：分拆有利于比亚迪半导体拓宽融资渠道
2021-09-08,鲸数据|2020年特斯拉获得补贴21.23亿元 比亚迪20.47亿元,鲸数据|2020年特斯拉获得补贴21.23亿元 比亚迪20.47亿元
2021-09-08,最强国货双剑合璧！华为版“比亚迪SUV”曝光：工信部确认,最强国货双剑合璧！华为版“比亚迪SUV”曝光：工信部确认
2021-09-08,比亚迪发布e平台3.0 放心开的智能电动汽车,比亚迪发布e平台3.0 放心开的智能电动汽车
2021-09-08,动力系统升级 比亚迪新款宋 PLUS EV 换华为电机,动力系统升级 比亚迪新款宋 PLUS EV 换华为电机
2021-09-08,比亚迪王传福：为DM-i车型交付慢致歉 已在加快生产,比亚迪王传福：为DM-i车型交付慢致歉 已在加快生产
2021-09-08,比亚迪王传福：比亚迪成为中国首个将域控制器量产的汽车企业,比亚迪王传福：比亚迪成为中国首个将域控制器量产的汽车企业
2021-09-08,基于e平台3.0打造 比亚迪发布新概念车,基于e平台3.0打造 比亚迪发布新概念车
2021-09-08,王传福：比亚迪成为中国首个将域控制器量产的汽车企业,王传福：比亚迪成为中国首个将域控制器量产的汽车企业
2021-09-08,比亚迪全新概念车发布！基于e平台3.0打造,比亚迪全新概念车发布！基于e平台3.0打造
2021-09-08,比亚迪：德邦证券于9月7日调研我司,比亚迪：德邦证券于9月7日调研我司
2021-09-08,比亚迪发布e平台3.0：采用刀片电池 续航突破1000公里,比亚迪发布e平台3.0：采用刀片电池 续航突破1000公里
2021-09-08,汽车行业周报：特斯拉2021Q2业绩创新高 单季度净利润首次突破10亿美元,汽车行业周报：特斯拉2021Q2业绩创新高 单季度净利润首次突破10亿美元
2021-09-08,"财联社9月8日电，乘联会数据显示，8月新能源车出口呈现爆发式增长，特斯拉中国出口31,379辆，上汽乘用车的新能源出口4,074辆，比亚迪781辆，爱驰汽车103辆，其他车企新能源车出口也正蓄势待发。","财联社9月8日电，乘联会数据显示，8月新能源车出口呈现爆发式增长，特斯拉中国出口31,379辆，上汽乘用车的新能源出口4,074辆，比亚迪781辆，爱驰汽车103辆，其他车企新能源车出口也正蓄势待发。"
2021-09-08,乘联会：特斯拉中国8月销售44264辆环比增加34% 比亚迪60858辆,乘联会：特斯拉中国8月销售44264辆环比增加34% 比亚迪60858辆
2021-09-08,被三星减持套现83亿！上半年扣非净利降60%，比亚迪咋了？ 盈利能力下降,被三星减持套现83亿！上半年扣非净利降60%，比亚迪咋了？ 盈利能力下降
2021-09-08,比亚迪成立实业新公司，经营范围含变速箱制造等,比亚迪成立实业新公司，经营范围含变速箱制造等
2021-09-08,比亚迪唐 MAX 曝光：中大型 SUV，还有汉 DM-i、海豹、海鸥等车型,比亚迪唐 MAX 曝光：中大型 SUV，还有汉 DM-i、海豹、海鸥等车型
2021-09-08,【1211】比亚迪与河南省政府战略合作 | 头条金融网,【1211】比亚迪与河南省政府战略合作 | 头条金融网
2021-09-08,股价大涨！有机硅龙头股多名高管减持完成,股价大涨！有机硅龙头股多名高管减持完成
2021-09-08,券商看好超跌白马股投资价值,券商看好超跌白马股投资价值
2021-09-08,3000亿两大锂电巨头齐公告：高管减持！16万股民懵了,3000亿两大锂电巨头齐公告：高管减持！16万股民懵了
2021-09-08,比亚迪乘用车销量持续强势 DM-i引领新热潮,比亚迪乘用车销量持续强势 DM-i引领新热潮
2021-09-08,这些股票被券商建议“买入”，最高目标涨幅超过100%,这些股票被券商建议“买入”，最高目标涨幅超过100%
2021-09-08,每日财报|比亚迪将获得39.8亿补贴 东方园林何巧女股票被轮侯冻结,每日财报|比亚迪将获得39.8亿补贴 东方园林何巧女股票被轮侯冻结
2021-09-08,特斯拉、比亚迪等80款车亮相首届全国智能驾驶测试赛,特斯拉、比亚迪等80款车亮相首届全国智能驾驶测试赛
2021-09-08,首席周观点：留意结构性行情变盘的可能,首席周观点：留意结构性行情变盘的可能
2021-09-08,比亚迪、特斯拉等多家车企获大额补贴，新能源赛道被持续看好,比亚迪、特斯拉等多家车企获大额补贴，新能源赛道被持续看好
2021-09-08,三星清仓式抛售比亚迪，5年赚50亿，“巴菲特接班人”也在减持,三星清仓式抛售比亚迪，5年赚50亿，“巴菲特接班人”也在减持
2021-09-08,全球动力电池榜：宁德时代市占率32.6%、比亚迪逼近松下,全球动力电池榜：宁德时代市占率32.6%、比亚迪逼近松下
2021-09-08,比亚迪将于9月8日19:30举办比亚迪e平台3.0发布会,比亚迪将于9月8日19:30举办比亚迪e平台3.0发布会
2021-09-08,杭可科技(688006)点评报告：中标比亚迪锂电设备金额创新高 订单加速增长,杭可科技(688006)点评报告：中标比亚迪锂电设备金额创新高 订单加速增长
2021-09-08,比亚迪王传福：汽车工业大变革电动化是上半场 智能化是下半场,比亚迪王传福：汽车工业大变革电动化是上半场 智能化是下半场
2021-09-08,比亚迪王传福： 汽车工业的下半场将聚焦智能化变革,比亚迪王传福： 汽车工业的下半场将聚焦智能化变革
2021-09-08,比亚迪王传福：汽车工业的下半场将聚焦智能化变革,比亚迪王传福：汽车工业的下半场将聚焦智能化变革
2021-09-08,比亚迪：公司希望让DM-i超级混动进入传统燃油车占绝对主导地位的细分市场,比亚迪：公司希望让DM-i超级混动进入传统燃油车占绝对主导地位的细分市场
2021-09-08,比亚迪：公司在哥伦比亚斩获了海外地区迄今为止最大的纯电动大巴订单,比亚迪：公司在哥伦比亚斩获了海外地区迄今为止最大的纯电动大巴订单
2021-09-08,比亚迪：公司“唐EV”车型已经开始在挪威进行交付,比亚迪：公司“唐EV”车型已经开始在挪威进行交付
2021-09-08,比亚迪重回全球新能源单月品牌销量榜首，前七月累计销量直逼特斯拉,比亚迪重回全球新能源单月品牌销量榜首，前七月累计销量直逼特斯拉
2021-09-08,惠州比亚迪盛世新景汽车销售有限公司经营范围新增贸易经纪,惠州比亚迪盛世新景汽车销售有限公司经营范围新增贸易经纪
2021-09-08,精测电子进入比亚迪和中航锂电供应链 氢能源方向已有订单,精测电子进入比亚迪和中航锂电供应链 氢能源方向已有订单
2021-09-09,乘联会公布8月零售销量数据：比亚迪秦PLUS DM-i单月销量超Model Y,乘联会公布8月零售销量数据：比亚迪秦PLUS DM-i单月销量超Model Y
2021-09-09,北向资金今日净买入超26亿元，连续11日扫货宁德时代累计加仓超70亿,北向资金今日净买入超26亿元，连续11日扫货宁德时代累计加仓超70亿
2021-09-09,南北大众均下滑！8月国内厂商零售排名公布：比亚迪成最大赢家,南北大众均下滑！8月国内厂商零售排名公布：比亚迪成最大赢家
2021-09-09,德方纳米：公司目前已建设完成的产能共计12万吨/年,德方纳米：公司目前已建设完成的产能共计12万吨/年
2021-09-09,比亚迪：目前在手未交付订单达16万辆 明年交付量有望达到150万辆,比亚迪：目前在手未交付订单达16万辆 明年交付量有望达到150万辆
2021-09-09,2021年8月乘用车销量点评：缺芯影响下8月零售端偏弱 新能源渗透率加速提升至17.1%,2021年8月乘用车销量点评：缺芯影响下8月零售端偏弱 新能源渗透率加速提升至17.1%
2021-09-09,野村：电动车渗透率继续保持领先 首选比亚迪吉利等,野村：电动车渗透率继续保持领先 首选比亚迪吉利等
2021-09-09,e平台3.0：王传福的下半场，比亚迪的新布局,e平台3.0：王传福的下半场，比亚迪的新布局
2021-09-09,大众持续暴跌！国内车企销量排名大变天：比亚迪成最大赢家 盈利能力下降,大众持续暴跌！国内车企销量排名大变天：比亚迪成最大赢家 盈利能力下降
2021-09-09,汽车与汽车零部件-智能汽车投资框架之三：重构与重估 整车投资新论,汽车与汽车零部件-智能汽车投资框架之三：重构与重估 整车投资新论
2021-09-09,比亚迪：重庆璧山云巴示范线已正式开放运营,比亚迪：重庆璧山云巴示范线已正式开放运营
2021-09-09,丰田威驰升级比亚迪汉，在毛豆新车网置换新能源省钱又省心,丰田威驰升级比亚迪汉，在毛豆新车网置换新能源省钱又省心
2021-09-09,经营范围含新材料技术研发 比亚迪在深圳成立新公司,经营范围含新材料技术研发 比亚迪在深圳成立新公司
2021-09-09,比亚迪e平台3.0告诉我们为什么电子电气架构如此重要,比亚迪e平台3.0告诉我们为什么电子电气架构如此重要
2021-09-09,比亚迪5年获新能源补贴近40亿元｜第一财经汽车日评,比亚迪5年获新能源补贴近40亿元｜第一财经汽车日评
2021-09-09,利润跳水29% 比亚迪能否安然渡过“芯荒”？︱解财报 盈利能力下降,利润跳水29% 比亚迪能否安然渡过“芯荒”？︱解财报 盈利能力下降
2021-09-09,比亚迪发布e平台3.0 助力全球智能电动车加速发展,比亚迪发布e平台3.0 助力全球智能电动车加速发展
2021-09-09,比亚迪发布e平台3.0：王传福承诺的“冬天不怂 平时不慌”能否兑现？,比亚迪发布e平台3.0：王传福承诺的“冬天不怂 平时不慌”能否兑现？
2021-09-09,汽车行业点评报告：2021年8月新能源汽车零售销量环比+12.0% 单月渗透率为17.1%,汽车行业点评报告：2021年8月新能源汽车零售销量环比+12.0% 单月渗透率为17.1%
2021-09-09,观察｜新能源车热潮下，比亚迪纯电专属新平台能贡献几何,观察｜新能源车热潮下，比亚迪纯电专属新平台能贡献几何
2021-09-09,329亿元！新能源“车补”公示了，特斯拉21亿，比亚迪才是最大赢家,329亿元！新能源“车补”公示了，特斯拉21亿，比亚迪才是最大赢家
2021-09-09,汽车行业半年报业绩综述：缺芯致Q2销量下滑 行业复苏延迟但不会缺席 盈利能力下降,汽车行业半年报业绩综述：缺芯致Q2销量下滑 行业复苏延迟但不会缺席 盈利能力下降
2021-09-09,你追我赶！特斯拉拿走政府21亿，比亚迪20亿！,你追我赶！特斯拉拿走政府21亿，比亚迪20亿！
2021-09-09,特斯拉去年获补21亿，比亚迪5年累计39亿，新能源国补刺激行业升级,特斯拉去年获补21亿，比亚迪5年累计39亿，新能源国补刺激行业升级
2021-09-09,【行情】盐湖提锂板块走强，天齐锂业涨超6%，西藏矿业、亿纬锂能、比亚迪、西藏珠峰等跟涨,【行情】盐湖提锂板块走强，天齐锂业涨超6%，西藏矿业、亿纬锂能、比亚迪、西藏珠峰等跟涨
2021-09-09,比亚迪竟然要涨价了！？ 真相是。。。,比亚迪竟然要涨价了！？ 真相是。。。
2021-09-09,比亚迪e平台3.0发布 抢占下一代智能汽车“赛道”,比亚迪e平台3.0发布 抢占下一代智能汽车“赛道”
2021-09-09,比亚迪正式发布了旗下的 e 平台 3.0，还有全新概念车 OceanX,比亚迪正式发布了旗下的 e 平台 3.0，还有全新概念车 OceanX
2021-09-09,基于e平台3.0 比亚迪新一代概念车ocean-X发布,基于e平台3.0 比亚迪新一代概念车ocean-X发布
2021-09-09,动力系统升级 比亚迪新款宋PLUS EV换华为电机,动力系统升级 比亚迪新款宋PLUS EV换华为电机
2021-09-09,解决用户痛点而来 比亚迪e平台3.0解析,解决用户痛点而来 比亚迪e平台3.0解析
2021-09-09,销量连创新高，新能源车市场还有多少潜力可挖,销量连创新高，新能源车市场还有多少潜力可挖
2021-09-09,比亚迪e平台3.0背后的谋局,比亚迪e平台3.0背后的谋局
2021-09-09,“勇敢迪迪，不怕困难” 反向油腻的比亚迪你还会爱么？,“勇敢迪迪，不怕困难” 反向油腻的比亚迪你还会爱么？
2021-09-09,万丰奥威：轻量化镁合金新材料北美市场占有率65%,万丰奥威：轻量化镁合金新材料北美市场占有率65%
2021-09-09,港股盘前必读：比亚迪发布纯电专属平台e平台3.0,港股盘前必读：比亚迪发布纯电专属平台e平台3.0
2021-09-09,北向资金动向盘点：不care元宇宙，涨停甩卖歌尔股份,北向资金动向盘点：不care元宇宙，涨停甩卖歌尔股份
2021-09-09,生产受限现货不足，新车不够展车凑 “芯片荒”加速汽车产业链重构,生产受限现货不足，新车不够展车凑 “芯片荒”加速汽车产业链重构
2021-09-09,汽车与汽车零部件21年中报业绩综述：21Q2行业呈现较强业绩韧性 继续看好电动智能升级机会,汽车与汽车零部件21年中报业绩综述：21Q2行业呈现较强业绩韧性 继续看好电动智能升级机会
2021-09-09,95 后的第一台车 比亚迪海豚对比上汽大众 ID.3,95 后的第一台车 比亚迪海豚对比上汽大众 ID.3
2021-09-09,比亚迪：海洋系列未来计划将推出如“海鸥”、“海豹”、“海狮”等新车型,比亚迪：海洋系列未来计划将推出如“海鸥”、“海豹”、“海狮”等新车型
2021-09-09,一货难求！价格涨500%还供不应求，百家机构调研,一货难求！价格涨500%还供不应求，百家机构调研
2021-09-09,8月新能源车批发销量大超预期，比亚迪在国内车企中领先,8月新能源车批发销量大超预期，比亚迪在国内车企中领先
2021-09-09,批发量及销量不及比亚迪，16万起售新车能否助特斯拉解围？,批发量及销量不及比亚迪，16万起售新车能否助特斯拉解围？
2021-09-09,超级充电：5分钟最大续航150公里 比亚迪发布e平台3.0及全新概念车,超级充电：5分钟最大续航150公里 比亚迪发布e平台3.0及全新概念车
2021-09-09,最快加速2.9秒，比亚迪正式发布e平台3.0,最快加速2.9秒，比亚迪正式发布e平台3.0
2021-09-09,汽车及零部件行业动态：缺芯压制行业产销 新能源汽车消费保持高景气度,汽车及零部件行业动态：缺芯压制行业产销 新能源汽车消费保持高景气度
2021-09-09,比亚迪成立汽车实业新公司，注册资本5000万元,比亚迪成立汽车实业新公司，注册资本5000万元
2021-09-10,国信证券维持比亚迪增持评级，重大事件快评：E平台3.0重磅发布，8 月新能源销量再创新高,国信证券维持比亚迪增持评级，重大事件快评：E平台3.0重磅发布，8 月新能源销量再创新高
2021-09-10,再度刷中国纪录！比亚迪实现新能源乘用车月销三连冠,再度刷中国纪录！比亚迪实现新能源乘用车月销三连冠
2021-09-10,比亚迪正式发布纯电专属平台e平台3.0,比亚迪正式发布纯电专属平台e平台3.0
2021-09-10,这批新能源汽车免征车辆购置税！哪吒V、比亚迪海豚在列,这批新能源汽车免征车辆购置税！哪吒V、比亚迪海豚在列
2021-09-10,王传福为比亚迪交付慢道歉 称四季度会有很大改善,王传福为比亚迪交付慢道歉 称四季度会有很大改善
2021-09-10,工信部公布免征车辆购置税车型目录 哪吒、比亚迪等在列,工信部公布免征车辆购置税车型目录 哪吒、比亚迪等在列
2021-09-10,第46批免购置税目录发布，比亚迪海豚/小鹏P5等288款车型在列,第46批免购置税目录发布，比亚迪海豚/小鹏P5等288款车型在列
2021-09-10,工信部公布新一批免购置税新能源车型：保时捷Taycan、比亚迪海豚在列,工信部公布新一批免购置税新能源车型：保时捷Taycan、比亚迪海豚在列
2021-09-10,8月车企销量TOP10：比亚迪首破6万蝉联冠军 哪吒首上榜,8月车企销量TOP10：比亚迪首破6万蝉联冠军 哪吒首上榜
2021-09-10,从电动化向智能化转变，比亚迪e平台进入3.0时代,从电动化向智能化转变，比亚迪e平台进入3.0时代
2021-09-10,全球汽车零配件短缺，比亚迪未交付订单将延期明年,全球汽车零配件短缺，比亚迪未交付订单将延期明年
2021-09-10,比亚迪与河南省政府签战略合作协议，加强汽车零部件产业等领域合作,比亚迪与河南省政府签战略合作协议，加强汽车零部件产业等领域合作
2021-09-10,比亚迪e平台3.0发布背后：如何平衡技术更新迭代与老车主升级,比亚迪e平台3.0发布背后：如何平衡技术更新迭代与老车主升级
2021-09-10,【数据说话】动力电池8月装机量：宁德时代与比亚迪市占率再提升，国轩高科挺进TOP3！,【数据说话】动力电池8月装机量：宁德时代与比亚迪市占率再提升，国轩高科挺进TOP3！
2021-09-10,新能源补贴“账单”公布：比亚迪5年获40亿，特斯拉1年拿21亿,新能源补贴“账单”公布：比亚迪5年获40亿，特斯拉1年拿21亿
2021-09-10,工信部公示五年间329亿元“新能源车补”，比亚迪特斯拉可获61亿元,工信部公示五年间329亿元“新能源车补”，比亚迪特斯拉可获61亿元
2021-09-10,叫板特斯拉，比亚迪要让全球智能电动车提速3年，奔驰、滴滴、红旗纷纷站队,叫板特斯拉，比亚迪要让全球智能电动车提速3年，奔驰、滴滴、红旗纷纷站队
2021-09-10,董秘指数丨“元宇宙”，真火还是虚火？,董秘指数丨“元宇宙”，真火还是虚火？
2021-09-10,A股资金流向（9月10日）：金融、消费成为中流砥柱，资金回流半导体行业,A股资金流向（9月10日）：金融、消费成为中流砥柱，资金回流半导体行业
2021-09-10,高澜股份(300499)：上调回购价格彰显发展信心,高澜股份(300499)：上调回购价格彰显发展信心
2021-09-10,全网都在吹，比亚迪 DM-i 到底几个油？,全网都在吹，比亚迪 DM-i 到底几个油？
2021-09-10,哪吒、比亚迪部分车型进入新能源目录,哪吒、比亚迪部分车型进入新能源目录
2021-09-10,新能源汽车雄居行业高成长榜首,新能源汽车雄居行业高成长榜首
2021-09-10,碳酸锂价格再上新台阶，概念股年内平均涨幅超两倍,碳酸锂价格再上新台阶，概念股年内平均涨幅超两倍
2021-09-10,河南省政府与比亚迪签署战略合作协议,河南省政府与比亚迪签署战略合作协议
2021-09-10,19股获机构抱团推荐，14股机构看涨空间逾20%（名单）,19股获机构抱团推荐，14股机构看涨空间逾20%（名单）
2021-09-10,2021Q2整车中报综述：自主崛起大周期才真正开始！,2021Q2整车中报综述：自主崛起大周期才真正开始！
2021-09-10,汽车和汽车零配件行业8月乘联会数据跟踪报告：8月销量分化 新能源渗透率加速抬升,汽车和汽车零配件行业8月乘联会数据跟踪报告：8月销量分化 新能源渗透率加速抬升
2021-09-10,8月车企销量TOP 10:上汽大众夺冠，比亚迪入围,8月车企销量TOP 10:上汽大众夺冠，比亚迪入围
2021-09-10,比亚迪推全新e平台3.0版本 布局10万-40万元产品线,比亚迪推全新e平台3.0版本 布局10万-40万元产品线
2021-09-10,比亚迪e平台升级 续航达1000公里/电驱效率提升,比亚迪e平台升级 续航达1000公里/电驱效率提升
2021-09-10,赛轮轮胎：公司已与奇瑞、北汽、长安、哪咤、比亚迪等新能源车企的部分车型进行合作,赛轮轮胎：公司已与奇瑞、北汽、长安、哪咤、比亚迪等新能源车企的部分车型进行合作
2021-09-10,比亚迪(002594)：E平台3.0重磅发布 8月新能源销量再创新高,比亚迪(002594)：E平台3.0重磅发布 8月新能源销量再创新高
2021-09-10,国信证券：维持比亚迪(002594.SZ)“增持”评级 E平台3.0重磅发布 8月新能源销量再创新高,国信证券：维持比亚迪(002594.SZ)“增持”评级 E平台3.0重磅发布 8月新能源销量再创新高
2021-09-10,上汽集团祭新一轮回购计划，公司基本面将迎来拐点？,上汽集团祭新一轮回购计划，公司基本面将迎来拐点？
2021-09-10,全国新能源乘用车8月销30万增2倍,全国新能源乘用车8月销30万增2倍
2021-09-10,杭可科技(688006)：订单质量逐步改善 下半年业绩拐点有望显现,杭可科技(688006)：订单质量逐步改善 下半年业绩拐点有望显现
2021-09-10,比亚迪成立新公司 含新材料技术研发等,比亚迪成立新公司 含新材料技术研发等
2021-09-11,比亚迪又放大招，眼睛、耳朵都有福，这台车首搭！,比亚迪又放大招，眼睛、耳朵都有福，这台车首搭！
2021-09-11,比亚迪单月全球销量力压特斯拉 新能源汽车市场将变天？,比亚迪单月全球销量力压特斯拉 新能源汽车市场将变天？
2021-09-11,比亚迪全球月销量力压特斯拉 新能源车市场变天？,比亚迪全球月销量力压特斯拉 新能源车市场变天？
2021-09-11,比亚迪汉 DM-i 申报：1.5T+ 电机插电式混动系统,比亚迪汉 DM-i 申报：1.5T+ 电机插电式混动系统
2021-09-11,广东区域股市周报：格力电器进入板块市值10强 10亿融资买入比亚迪,广东区域股市周报：格力电器进入板块市值10强 10亿融资买入比亚迪
2021-09-11,世界看中国·中国看深圳 华为中兴比亚迪创想三维等凸显制造业强国根基作用,世界看中国·中国看深圳 华为中兴比亚迪创想三维等凸显制造业强国根基作用
2021-09-11,2021年H1电动车行业数据总结：电动车2021年H1淡季不淡 爆款车型引爆需求,2021年H1电动车行业数据总结：电动车2021年H1淡季不淡 爆款车型引爆需求
2021-09-11,厦门湾峰会参会嘉宾|李云飞-比亚迪品牌及公关事业部总经理,厦门湾峰会参会嘉宾|李云飞-比亚迪品牌及公关事业部总经理
2021-09-11,汽车行业2021年中报总结：销量复苏+费用控制驱动业绩增长 看好下半年补库贡献业绩弹性,汽车行业2021年中报总结：销量复苏+费用控制驱动业绩增长 看好下半年补库贡献业绩弹性
2021-09-11,河南省宣布与比亚迪签署战略合作协议,河南省宣布与比亚迪签署战略合作协议
2021-09-12,8 月新能源车型榜：比亚迪卖疯了，Model 3 消失了,8 月新能源车型榜：比亚迪卖疯了，Model 3 消失了
2021-09-12,下周操盘攻略：市场从独乐乐走向众乐乐,下周操盘攻略：市场从独乐乐走向众乐乐
2021-09-12,比亚迪再“亮剑”，e 平台 3.0 才开始挖掘电动车的潜力？,比亚迪再“亮剑”，e 平台 3.0 才开始挖掘电动车的潜力？
2021-09-12,比亚迪DiLink4.0（5G）车机体验：旗舰豪华水平展现 “快感”从始至终,比亚迪DiLink4.0（5G）车机体验：旗舰豪华水平展现 “快感”从始至终
2021-09-12,车市月观察丨8月乘用车：上汽大众重回第一，比亚迪上榜,车市月观察丨8月乘用车：上汽大众重回第一，比亚迪上榜
2021-09-13,谁最赚钱？15家中国车企半年业绩公布,谁最赚钱？15家中国车企半年业绩公布
2021-09-13,e 平台 3.0 和比亚迪的新能源大航海时代,e 平台 3.0 和比亚迪的新能源大航海时代
2021-09-13,观驾 | 比亚迪唐DM-i，值得再多等两个月,观驾 | 比亚迪唐DM-i，值得再多等两个月
2021-09-13,国创新能与比亚迪通号签署战略合作协议,国创新能与比亚迪通号签署战略合作协议
2021-09-13,新能源车销量跟踪系列：8月国内销量环比大超预期 持续看好板块行情,新能源车销量跟踪系列：8月国内销量环比大超预期 持续看好板块行情
2021-09-13,电动车8月销量点评：国内销量大超预期 自主车企稳步增长 车型向多元化发展,电动车8月销量点评：国内销量大超预期 自主车企稳步增长 车型向多元化发展
2021-09-13,王传福：e平台3.0是比亚迪从电动化转向智能化的关键布局,王传福：e平台3.0是比亚迪从电动化转向智能化的关键布局
2021-09-13,电力设备新能源行业周报：电池龙头加大布局力度 光伏装机四季度旺季确定性高,电力设备新能源行业周报：电池龙头加大布局力度 光伏装机四季度旺季确定性高
2021-09-13,水晶光电布局多种AR、VR显示技术，已与比亚迪有技术交流,水晶光电布局多种AR、VR显示技术，已与比亚迪有技术交流
2021-09-13,电力设备行业：淡季逆势高增 8月中国电车大超预期,电力设备行业：淡季逆势高增 8月中国电车大超预期
2021-09-13,电气设备行业周报：8月新能源汽车产销两旺 光伏产业链价格持续微涨,电气设备行业周报：8月新能源汽车产销两旺 光伏产业链价格持续微涨
2021-09-13,新能源汽车行业：8月销量超预期 磷酸铁锂渗透率大幅攀升,新能源汽车行业：8月销量超预期 磷酸铁锂渗透率大幅攀升
2021-09-13,中信证券：汽车行业需求复苏开启，继续看好板块性投资机会,中信证券：汽车行业需求复苏开启，继续看好板块性投资机会
2021-09-13,比亚迪再放大招，新车设计、动力、科技超惊艳，蔚小理怕了！,比亚迪再放大招，新车设计、动力、科技超惊艳，蔚小理怕了！
2021-09-13,电力设备新能源行业周报：8月新能车市占率再创新高 绿电交易试点启动,电力设备新能源行业周报：8月新能车市占率再创新高 绿电交易试点启动
2021-09-13,汽车行业周报：再论新能源车的下一个超预期,汽车行业周报：再论新能源车的下一个超预期
2021-09-13,e 平台 3.0：布局下一代电动车，比亚迪由内自外重塑,e 平台 3.0：布局下一代电动车，比亚迪由内自外重塑
2021-09-13,特斯拉可旋转式中控大屏现身 网友：抄袭比亚迪？,特斯拉可旋转式中控大屏现身 网友：抄袭比亚迪？
2021-09-13,大行评级 | 富瑞：重申比亚迪AH股买入评级，升公司A股目标价至320元,大行评级 | 富瑞：重申比亚迪AH股买入评级，升公司A股目标价至320元
2021-09-13,磷酸锰铁锂专题报告：大规模商业化应用在即 关注增量供应链,磷酸锰铁锂专题报告：大规模商业化应用在即 关注增量供应链
2021-09-13,比亚迪e平台升级 续航达到1000公里,比亚迪e平台升级 续航达到1000公里
2021-09-14,新能源汽车月度数据跟踪报告：新能源车产销再次加速 渗透率加速上扬,新能源汽车月度数据跟踪报告：新能源车产销再次加速 渗透率加速上扬
2021-09-14,动力锂电行业：八月销量超预期 重视四季度旺季行情,动力锂电行业：八月销量超预期 重视四季度旺季行情
2021-09-14,混合动力春天来了吗？,混合动力春天来了吗？
2021-09-14,新能源行业动态分析：绿电交易市场火爆启动,新能源行业动态分析：绿电交易市场火爆启动
2021-09-14,汽车行业周报：8月销量好于预期 新能源渗透率再创新高,汽车行业周报：8月销量好于预期 新能源渗透率再创新高
2021-09-14,大行评级 | 摩通：升内地2025年新能源车渗透率预测至35% 看好比亚迪、长汽等,大行评级 | 摩通：升内地2025年新能源车渗透率预测至35% 看好比亚迪、长汽等
2021-09-14,A股资金流向（9月14日）：资金出逃高位资源股，锂电滞涨分支挖掘补涨,A股资金流向（9月14日）：资金出逃高位资源股，锂电滞涨分支挖掘补涨
2021-09-14,北向资金今日净卖出超41亿元，中国平安、白酒股持续遭抛售,北向资金今日净卖出超41亿元，中国平安、白酒股持续遭抛售
2021-09-14,【券商聚焦】麦格里予比亚迪、长汽跑赢大市评级 料9-10月进入销售旺季,【券商聚焦】麦格里予比亚迪、长汽跑赢大市评级 料9-10月进入销售旺季
2021-09-14,金融街下午茶2021年9月14日星期二,金融街下午茶2021年9月14日星期二
2021-09-14,比亚迪：海富通基金于9月10日调研我司,比亚迪：海富通基金于9月10日调研我司
2021-09-14,A股收盘综述：金融乏力、煤钢休整，鸿蒙、锂电池、磷化工、盐湖提锂依旧火热,A股收盘综述：金融乏力、煤钢休整，鸿蒙、锂电池、磷化工、盐湖提锂依旧火热
2021-09-14,汽车行业简评报告：8月新能源及出口销量同创历史新高,汽车行业简评报告：8月新能源及出口销量同创历史新高
2021-09-14,华为、比亚迪、荣耀等数千名企9月集聚深圳，中国潮电再出发,华为、比亚迪、荣耀等数千名企9月集聚深圳，中国潮电再出发
2021-09-14,比亚迪领跑新能源汽车产业,比亚迪领跑新能源汽车产业
2021-09-14,摩根大通看好比亚迪等，预计2025年新能源车渗透率达35%,摩根大通看好比亚迪等，预计2025年新能源车渗透率达35%
2021-09-14,汽车行业月报：芯片紧缺导致等车周期显着拉长,汽车行业月报：芯片紧缺导致等车周期显着拉长
2021-09-14,科大国创全资子公司与比亚迪通号签署战略合作协议,科大国创全资子公司与比亚迪通号签署战略合作协议
2021-09-14,比亚迪工程师真实工资曝光：211硕士起薪6800元 4年涨4900,比亚迪工程师真实工资曝光：211硕士起薪6800元 4年涨4900
2021-09-14,资本市场迎来国潮风，国货品牌全面崛起势不可挡,资本市场迎来国潮风，国货品牌全面崛起势不可挡
2021-09-14,汽车行业周报：8月新能源车渗透率触20%大关 比亚迪E3.0平台重磅发布,汽车行业周报：8月新能源车渗透率触20%大关 比亚迪E3.0平台重磅发布
2021-09-14,电气设备行业动态点评：8月持续高增长 渗透率创新高,电气设备行业动态点评：8月持续高增长 渗透率创新高
2021-09-14,北向资金动向盘点：有色大涨，净卖了之,北向资金动向盘点：有色大涨，净卖了之
2021-09-14,万亿巨头135亿砸向锂电池，看中全球最大锂云母矿？,万亿巨头135亿砸向锂电池，看中全球最大锂云母矿？
2021-09-14,科博达：获得了小鹏、比亚迪和理想的DCC、DCC+ASC等域控制器相关项目定点,科博达：获得了小鹏、比亚迪和理想的DCC、DCC+ASC等域控制器相关项目定点
2021-09-14,新能源行业动态点评：单月渗透率达17.8% 新车周期助力销量再创新高,新能源行业动态点评：单月渗透率达17.8% 新车周期助力销量再创新高
2021-09-14,棱镜｜口罩卖不动了！比亚迪上半年净利不到4亿，如何撑起7000亿市值？,棱镜｜口罩卖不动了！比亚迪上半年净利不到4亿，如何撑起7000亿市值？
2021-09-14,盐湖股份：上半年公司盈利水平较上年度大幅提升,盐湖股份：上半年公司盈利水平较上年度大幅提升
2021-09-14,盐湖股份：公司与比亚迪合作拟建设的3万吨电池级碳酸锂项目目前还未实际建设,盐湖股份：公司与比亚迪合作拟建设的3万吨电池级碳酸锂项目目前还未实际建设
2021-09-14,A股午盘综述：宁德时代崛起推升创业板，锂电池、鸿蒙、磷化工爆发,A股午盘综述：宁德时代崛起推升创业板，锂电池、鸿蒙、磷化工爆发
2021-09-14,海豹 / 海狮 / 海鸥 ...... 比亚迪“海洋馆”新车计划曝光,海豹 / 海狮 / 海鸥 ...... 比亚迪“海洋馆”新车计划曝光
2021-09-14,科博达获比亚迪、小鹏、理想域控制器相关项目定点,科博达获比亚迪、小鹏、理想域控制器相关项目定点
2021-09-14,诺德股份(600110)事件点评：量利齐升 迎戴维斯双击,诺德股份(600110)事件点评：量利齐升 迎戴维斯双击
2021-09-14,新能源汽车动力电池FPC行业深度报告：车载动力电池FPC进入爆发期,新能源汽车动力电池FPC行业深度报告：车载动力电池FPC进入爆发期
2021-09-14,比亚迪单月全球新能源销量夺冠，特斯拉时代正在离去？,比亚迪单月全球新能源销量夺冠，特斯拉时代正在离去？
2021-09-14,新能源行业动态点评：市占率进一步提升 铁锂路线逐步成为国际共识,新能源行业动态点评：市占率进一步提升 铁锂路线逐步成为国际共识
2021-09-15,中伟股份(300919)重大事项点评：与厦钨新能签署战略合作协议 强强联合,中伟股份(300919)重大事项点评：与厦钨新能签署战略合作协议 强强联合
2021-09-15,A股资金流向（9月15日）：“打地鼠”行情愈演愈烈，新能源“王位”难以撼动,A股资金流向（9月15日）：“打地鼠”行情愈演愈烈，新能源“王位”难以撼动
2021-09-15,2021年8月国内新能源车销量点评：产销两旺超预期 全年超300万辆可期,2021年8月国内新能源车销量点评：产销两旺超预期 全年超300万辆可期
2021-09-15,电力设备与新能源行业周报：绿点交易试点落地 光伏产业链价格持续上扬 8月电动车销量超预期,电力设备与新能源行业周报：绿点交易试点落地 光伏产业链价格持续上扬 8月电动车销量超预期
2021-09-15,比亚迪：中信证券于9月15日调研我司,比亚迪：中信证券于9月15日调研我司
2021-09-15,王传福“凡”式道歉！比亚迪DM-i混动卖爆了，提车最短得等3个月！,王传福“凡”式道歉！比亚迪DM-i混动卖爆了，提车最短得等3个月！
2021-09-15,中间件又是什么“黑科技”？多家企业正在关注它,中间件又是什么“黑科技”？多家企业正在关注它
2021-09-15,电动悍马将亮相中国市场，比亚迪将用混动取代纯燃油车 | 第一财经汽车日评,电动悍马将亮相中国市场，比亚迪将用混动取代纯燃油车 | 第一财经汽车日评
2021-09-15,“闭眼买，放心开” 比亚迪e平台3.0开启智能电动汽车新纪元,“闭眼买，放心开” 比亚迪e平台3.0开启智能电动汽车新纪元
2021-09-15,北向资金今日净买入逾21亿元，批量扫货光伏股,北向资金今日净买入逾21亿元，批量扫货光伏股
2021-09-15,比亚迪e平台3.0发布，宣告其纯电事业走向下半场,比亚迪e平台3.0发布，宣告其纯电事业走向下半场
2021-09-15,8月新能源批发销量Top30：特斯拉/比亚迪合占前十半数席位 前十不见蔚来与小鹏,8月新能源批发销量Top30：特斯拉/比亚迪合占前十半数席位 前十不见蔚来与小鹏
2021-09-15,超越特斯拉，比亚迪重回全球新能源单月品牌销量榜首,超越特斯拉，比亚迪重回全球新能源单月品牌销量榜首
2021-09-15,比亚迪等29股获融资净买入超亿元,比亚迪等29股获融资净买入超亿元
2021-09-15,A股融资融券日报：两融余额减少10.55亿元（9月14日）,A股融资融券日报：两融余额减少10.55亿元（9月14日）
2021-09-15,混合动力春天已到，渗透率有望快速提升，自主品牌最为受益,混合动力春天已到，渗透率有望快速提升，自主品牌最为受益
2021-09-15,A股早报2021年9月15日星期三,A股早报2021年9月15日星期三
2021-09-15,每日理财观察：互认基金“打头阵”，公募布局“跨境理财通”,每日理财观察：互认基金“打头阵”，公募布局“跨境理财通”
2021-09-15,北向资金动向盘点：周期股下跌，净卖第一却是食品饮料,北向资金动向盘点：周期股下跌，净卖第一却是食品饮料
2021-09-15,聪明资金加仓苹果概念股，两大资金共同加仓股仅3只,聪明资金加仓苹果概念股，两大资金共同加仓股仅3只
2021-09-15,比亚迪DM-i车型逐步取代燃油车 F3计划10月停产 经营问题,比亚迪DM-i车型逐步取代燃油车 F3计划10月停产 经营问题
2021-09-15,强周期品种还能热多久？走着瞧！,强周期品种还能热多久？走着瞧！
2021-09-15,携手共创，比亚迪收购济南富能半导体,携手共创，比亚迪收购济南富能半导体
2021-09-16,2大利空来袭，5万亿锂电板块崩了，真到头了？,2大利空来袭，5万亿锂电板块崩了，真到头了？
2021-09-16,比亚迪今日大宗交易成交40万股，成交价250.0元折价0.4%,比亚迪今日大宗交易成交40万股，成交价250.0元折价0.4%
2021-09-16,比亚迪：控股子公司认购VIP Fund基金份额,比亚迪：控股子公司认购VIP Fund基金份额
2021-09-16,比亚迪：控股子公司Golden Link签署VIP Fund认购协议,比亚迪：控股子公司Golden Link签署VIP Fund认购协议
2021-09-16,中秋假期前外资暂时离场净卖出超30亿，万科A净卖出额创近4年新高,中秋假期前外资暂时离场净卖出超30亿，万科A净卖出额创近4年新高
2021-09-16,“进击”的小米和“爆雷”的比亚迪,“进击”的小米和“爆雷”的比亚迪
2021-09-16,ATFX港股：比亚迪与理想汽车，新能源赛道的两大潜力股,ATFX港股：比亚迪与理想汽车，新能源赛道的两大潜力股
2021-09-16,比亚迪子公司拟参投国际基金实现全球绿色交通领域战略布局,比亚迪子公司拟参投国际基金实现全球绿色交通领域战略布局
2021-09-16,比亚迪：子公司签署VIP Fund基金份额认购协议,比亚迪：子公司签署VIP Fund基金份额认购协议
2021-09-16,中汽协：上市公司上半年业绩表现两重天,中汽协：上市公司上半年业绩表现两重天
2021-09-16,比亚迪(002594.SZ)：子公司拟斥不超5000万美元参投基金 主要投资海外绿色交通项目,比亚迪(002594.SZ)：子公司拟斥不超5000万美元参投基金 主要投资海外绿色交通项目
2021-09-16,百公里4.1L比肩比亚迪DM-i！日产轩逸e-Power将于天津车展首发,百公里4.1L比肩比亚迪DM-i！日产轩逸e-Power将于天津车展首发
2021-09-16,A股资金流向（9月16日）：战神“锂布”马失前蹄，新能源产业链集体遭抛售,A股资金流向（9月16日）：战神“锂布”马失前蹄，新能源产业链集体遭抛售
2021-09-16,A股收盘综述：锂、光伏、稀土等大幅调整，统筹保障动力电池资源供应消息引起波澜,A股收盘综述：锂、光伏、稀土等大幅调整，统筹保障动力电池资源供应消息引起波澜
2021-09-16,新能源汽车产业链强势崛起，潜在空间巨大,新能源汽车产业链强势崛起，潜在空间巨大
2021-09-16,新能源汽车产业链出海，各显神通难免磕碰,新能源汽车产业链出海，各显神通难免磕碰
2021-09-16,半年3倍大牛股取消“宁王”订单，3万股东炸锅？,半年3倍大牛股取消“宁王”订单，3万股东炸锅？
2021-09-16,8 月销量仅差 500 台，比亚迪宋要抢哈弗 H6 的位置，还供不应求？,8 月销量仅差 500 台，比亚迪宋要抢哈弗 H6 的位置，还供不应求？
2021-09-16,比亚迪：应用DM-i超级混动广受好评，目前相关车型订单充足,比亚迪：应用DM-i超级混动广受好评，目前相关车型订单充足
2021-09-16,新能源车产业头部效应凸显，资源整合渐成趋势,新能源车产业头部效应凸显，资源整合渐成趋势
2021-09-16,比亚迪一路高歌猛进 不断刷新月销纪录,比亚迪一路高歌猛进 不断刷新月销纪录
2021-09-16,子公司违规遭限产被罚60万、比亚迪为何突击入股？华盛锂电回复科创板问询,子公司违规遭限产被罚60万、比亚迪为何突击入股？华盛锂电回复科创板问询
2021-09-16,汽车行业21H1中报总结及四季度策略：拥抱新能源 龙头正启航,汽车行业21H1中报总结及四季度策略：拥抱新能源 龙头正启航
2021-09-16,长城汽车(601633)公司首次覆盖报告：自主龙头布局混动赛道 产品力锦上添花,长城汽车(601633)公司首次覆盖报告：自主龙头布局混动赛道 产品力锦上添花
2021-09-16,解决用户痛点而来 比亚迪e平台3.0解析,解决用户痛点而来 比亚迪e平台3.0解析
2021-09-17,A股收盘综述：市场高抛煤、钢、稀土、锂，“吃药喝酒”局面再现或因基金纠正风格漂移,A股收盘综述：市场高抛煤、钢、稀土、锂，“吃药喝酒”局面再现或因基金纠正风格漂移
2021-09-17,EV sales：2021年7月全球新能源品牌销量排名 比亚迪时隔26个月重返榜首,EV sales：2021年7月全球新能源品牌销量排名 比亚迪时隔26个月重返榜首
2021-09-17,机械设备行业动态点评：宁德时代再扩产 锂电设备迎利好,机械设备行业动态点评：宁德时代再扩产 锂电设备迎利好
2021-09-17,比亚迪：股东吕向阳及融捷投资控股合计质押92万股股份,比亚迪：股东吕向阳及融捷投资控股合计质押92万股股份
2021-09-17,比亚迪：股东夏佐全减持964.78万股股份，减持时间将过半 减持股份,比亚迪：股东夏佐全减持964.78万股股份，减持时间将过半 减持股份
2021-09-17,汽车和汽车零部件行业周报：AR-HUD拐点已至 华为引领智能风潮,汽车和汽车零部件行业周报：AR-HUD拐点已至 华为引领智能风潮
2021-09-17,用友网络(600588)深度系列之四：决胜大客户 智造正起航,用友网络(600588)深度系列之四：决胜大客户 智造正起航
2021-09-17,比亚迪：泰康资产于9月17日调研我司,比亚迪：泰康资产于9月17日调研我司
2021-09-17,签下海外最大纯电动大巴订单，比亚迪本周获4家机构调研,签下海外最大纯电动大巴订单，比亚迪本周获4家机构调研
2021-09-17,比亚迪：吕向阳累计质押股数约为9095万股,比亚迪：吕向阳累计质押股数约为9095万股
2021-09-17,汽车行业研究框架报告：2025沙盘推演：乘用车行业的演化路径,汽车行业研究框架报告：2025沙盘推演：乘用车行业的演化路径
2021-09-17,动力电池八月数据点评：八月中国动力电池装机量环比续增 LG化学份额丧失,动力电池八月数据点评：八月中国动力电池装机量环比续增 LG化学份额丧失
2021-09-17,光伏茅获密集推荐，机构热评机械设备板块，22股看涨空间逾20%,光伏茅获密集推荐，机构热评机械设备板块，22股看涨空间逾20%
2021-09-17,再度刷中国纪录！比亚迪实现新能源乘用车月销三连冠,再度刷中国纪录！比亚迪实现新能源乘用车月销三连冠
2021-09-17,未来汽车什么样？未来出行啥体验？比亚迪 e 平台 3.0 告诉你答案！,未来汽车什么样？未来出行啥体验？比亚迪 e 平台 3.0 告诉你答案！
2021-09-17,天融信(002212)公司调研简报：立足传统发力新兴 网安领军有望持续成长,天融信(002212)公司调研简报：立足传统发力新兴 网安领军有望持续成长
2021-09-17,玲珑轮胎(601966)：逆势扩张 长期战略清晰 关注中长期成长性,玲珑轮胎(601966)：逆势扩张 长期战略清晰 关注中长期成长性
2021-09-17,小号“比亚迪汉”，颜值、续航都在线，12.98 万起步，适合家用,小号“比亚迪汉”，颜值、续航都在线，12.98 万起步，适合家用
2021-09-17,投资者早报 | 商务部：支持新能源汽车加快发展，同相关部门开展新能源汽车下乡活动；比亚迪：控股子公司签署VIP Fund认购协议,投资者早报 | 商务部：支持新能源汽车加快发展，同相关部门开展新能源汽车下乡活动；比亚迪：控股子公司签署VIP Fund认购协议
2021-09-17,比亚迪：高盛、T.Rowe Price等2家机构于9月16日调研我司,比亚迪：高盛、T.Rowe Price等2家机构于9月16日调研我司
2021-09-18,"磷酸铁锂“逆袭”:装机量反超三元锂,宁德时代、比亚迪地位生变？","磷酸铁锂“逆袭”:装机量反超三元锂,宁德时代、比亚迪地位生变？"
2021-09-18,老“钠”来袭，锂矿疯狂！钠锂差价巨大，比亚迪们怎么选？,老“钠”来袭，锂矿疯狂！钠锂差价巨大，比亚迪们怎么选？
2021-09-18,电动车2021年8月专题报告：8月国内销量大超预期 海外环比回落不改长期趋势,电动车2021年8月专题报告：8月国内销量大超预期 海外环比回落不改长期趋势
2021-09-18,国内新能源汽车8月产销跟踪：多款热销车型强势放量 国内电车渗透率突破20%,国内新能源汽车8月产销跟踪：多款热销车型强势放量 国内电车渗透率突破20%
2021-09-19,亏电油耗仅3.8L/百公里？解密比亚迪DM-i超级混动如何降维打击同级别燃油车,亏电油耗仅3.8L/百公里？解密比亚迪DM-i超级混动如何降维打击同级别燃油车
2021-09-19,比亚迪的盛世危言,比亚迪的盛世危言
2021-09-19,新款比亚迪唐 EV 申报信息公布 换装家族式前脸,新款比亚迪唐 EV 申报信息公布 换装家族式前脸
2021-09-20,比亚迪搞“针刺”，岚图发“琥珀”和“云母”，他们都有光明的未来,比亚迪搞“针刺”，岚图发“琥珀”和“云母”，他们都有光明的未来
2021-09-21,动力电池疯狂扩张潮,动力电池疯狂扩张潮
2021-09-21,“金九银十”无车可卖，车市供需严重失衡,“金九银十”无车可卖，车市供需严重失衡
2021-09-21,动力电池“疯狂扩产”冲击,动力电池“疯狂扩产”冲击
2021-09-21,停产燃油车，比亚迪是认真的？传 F3 将在下月停产 经营问题,停产燃油车，比亚迪是认真的？传 F3 将在下月停产 经营问题
2021-09-21,机械设备行业周报：蜂巢产能再扩张 光伏硅片价格不断上涨,机械设备行业周报：蜂巢产能再扩张 光伏硅片价格不断上涨
2021-09-21,【券商聚焦】大和重申比亚迪买入评级 料其受芯片短缺影响较小,【券商聚焦】大和重申比亚迪买入评级 料其受芯片短缺影响较小
2021-09-22,汽车行业周报：关注高景气的新能源车产业链,汽车行业周报：关注高景气的新能源车产业链
2021-09-22,比亚迪联姻特斯联！合力开发车规级交互主机系统,比亚迪联姻特斯联！合力开发车规级交互主机系统
2021-09-22,原材料价格疯涨，宁德时代等电池商用价格协议未必能阻挡利润下滑,原材料价格疯涨，宁德时代等电池商用价格协议未必能阻挡利润下滑
2021-09-22,松芝股份：公司未在比亚迪新车海豚上进行配套,松芝股份：公司未在比亚迪新车海豚上进行配套
2021-09-22,延安必康：九九久科技六氟磷酸锂产品已建立了稳定且优质的客户群体，主要客户包括新宙邦、比亚迪、杉杉股份等,延安必康：九九久科技六氟磷酸锂产品已建立了稳定且优质的客户群体，主要客户包括新宙邦、比亚迪、杉杉股份等
2021-09-22,比亚迪在郑州成立子公司 经营范围包含新能源汽车整车销售,比亚迪在郑州成立子公司 经营范围包含新能源汽车整车销售
2021-09-22,2021年8月汽车销量总结：新能源乘用车月销再次刷新历史,2021年8月汽车销量总结：新能源乘用车月销再次刷新历史
2021-09-22,汽车行业简评报告：通用汽车在中国发布“奥特能”电动车平台,汽车行业简评报告：通用汽车在中国发布“奥特能”电动车平台
2021-09-22,2大重仓股赚300亿！高瓴A股投资版图来了（名单）,2大重仓股赚300亿！高瓴A股投资版图来了（名单）
2021-09-22,比亚迪汉EV采用独立升压模块实现高电压充电！完美兼顾充电速度与安全,比亚迪汉EV采用独立升压模块实现高电压充电！完美兼顾充电速度与安全
2021-09-22,下一个市场亮点 中端新能源汽车开始放量,下一个市场亮点 中端新能源汽车开始放量
2021-09-22,汽车周报：8月乘用车上牌量承压 领克09量产开启预售,汽车周报：8月乘用车上牌量承压 领克09量产开启预售
2021-09-22,汽车行业第38周周报：缺芯影响超预期 乘用车9月前两周批发同比-36%,汽车行业第38周周报：缺芯影响超预期 乘用车9月前两周批发同比-36%
2021-09-22,鼎通科技：新能源汽车业务方面，公司目前已组建销售团队,鼎通科技：新能源汽车业务方面，公司目前已组建销售团队
2021-09-22,汽车行业周报：传统旺季来临 静待车企补库,汽车行业周报：传统旺季来临 静待车企补库
2021-09-22,汽车周报：“金九”终端需求旺盛 小鹏P5加速智能家轿进程,汽车周报：“金九”终端需求旺盛 小鹏P5加速智能家轿进程
2021-09-22,比亚迪DM-i超级混动是如何做到的?,比亚迪DM-i超级混动是如何做到的?
2021-09-22,比亚迪半年报营收亮眼 多元业务表现优异,比亚迪半年报营收亮眼 多元业务表现优异
2021-09-23,英唐智控：积累的汽车领域的客户如比亚迪、长安、上汽、吉利、北汽、特斯拉等,英唐智控：积累的汽车领域的客户如比亚迪、长安、上汽、吉利、北汽、特斯拉等
2021-09-23,等来了“海豚”，却还未等到比亚迪的品牌高端化,等来了“海豚”，却还未等到比亚迪的品牌高端化
2021-09-23,曾月销三万“功勋车”比亚迪 F3 退市，继任者上市即爆款！ 退市,曾月销三万“功勋车”比亚迪 F3 退市，继任者上市即爆款！ 退市
2021-09-23,新能源汽车行业周报：新能源汽车自主品牌销量占比提升,新能源汽车行业周报：新能源汽车自主品牌销量占比提升
2021-09-23,比亚迪：Wellington Management于9月22日调研我司,比亚迪：Wellington Management于9月22日调研我司
2021-09-23,盘中大利好！这只A股成为比亚迪正式供应商，股价立马拉升,盘中大利好！这只A股成为比亚迪正式供应商，股价立马拉升
2021-09-23,嗅到牛市味道？这家海外巨头连续3月大笔买入券商股,嗅到牛市味道？这家海外巨头连续3月大笔买入券商股
2021-09-23,比亚迪：NinetyOne、路博迈等2家机构于9月23日调研我司,比亚迪：NinetyOne、路博迈等2家机构于9月23日调研我司
2021-09-23,提前防御？基金机构调研数据显露端倪,提前防御？基金机构调研数据显露端倪
2021-09-23,比亚迪重回全球新能源单月品牌销量榜首，DM-i与EV车型双双上榜,比亚迪重回全球新能源单月品牌销量榜首，DM-i与EV车型双双上榜
2021-09-23,8月十大城市终端销量榜：比亚迪秦PLUS DM-i“悄然”攻占各大城市,8月十大城市终端销量榜：比亚迪秦PLUS DM-i“悄然”攻占各大城市
2021-09-23,深度*行业*机械设备行业周报：宁德时代、蜂巢能源公布新扩产计划 推荐锂电设备板块,深度*行业*机械设备行业周报：宁德时代、蜂巢能源公布新扩产计划 推荐锂电设备板块
2021-09-23,银轮股份：公司当前配套比亚迪电子风扇，电池热管理等产品,银轮股份：公司当前配套比亚迪电子风扇，电池热管理等产品
2021-09-23,比亚迪今日大宗交易成交30万股，成交价249.92元溢价0.0%,比亚迪今日大宗交易成交30万股，成交价249.92元溢价0.0%
2021-09-23,"""顶流""谢治宇大动作，兴全合润、兴全合宜同时打开大额申购","""顶流""谢治宇大动作，兴全合润、兴全合宜同时打开大额申购"
2021-09-23,“中国军团”进军欧洲：新能源汽车出口迎最佳窗口期,“中国军团”进军欧洲：新能源汽车出口迎最佳窗口期
2021-09-23,万里扬(002434)公司深度报告：国产变速箱龙头 油电产品齐绽放,万里扬(002434)公司深度报告：国产变速箱龙头 油电产品齐绽放
2021-09-23,比亚迪：唐 EV 欧洲累计发运突破千台,比亚迪：唐 EV 欧洲累计发运突破千台
2021-09-23,排队等提车！比亚迪海外大受欢迎,排队等提车！比亚迪海外大受欢迎
2021-09-23,安利股份：成为比亚迪供应商并与比亚迪全资子公司签订框架性采购协议,安利股份：成为比亚迪供应商并与比亚迪全资子公司签订框架性采购协议
2021-09-23,安利股份(300218.SZ)成为比亚迪正式供应商 提供生态功能性聚氨酯复合材料,安利股份(300218.SZ)成为比亚迪正式供应商 提供生态功能性聚氨酯复合材料
2021-09-23,安利股份：签订框架性协议 成为比亚迪供应商,安利股份：签订框架性协议 成为比亚迪供应商
2021-09-23,只有更多的比亚迪，才能让宁德时代跑得更快,只有更多的比亚迪，才能让宁德时代跑得更快
2021-09-23,万向钱潮：公司现在为比亚迪、广汽、北汽、小鹏、理想等新能源汽车提供汽车零部件,万向钱潮：公司现在为比亚迪、广汽、北汽、小鹏、理想等新能源汽车提供汽车零部件
2021-09-23,午间公告2021年9月23日星期四,午间公告2021年9月23日星期四
2021-09-24,电气设备行业专题报告：特斯拉及造车新势力中报：二季度盈利持续向好 交付量高增 新车型打开增长空间,电气设备行业专题报告：特斯拉及造车新势力中报：二季度盈利持续向好 交付量高增 新车型打开增长空间
2021-09-24,比亚迪：吕向阳解除质押397万股股份,比亚迪：吕向阳解除质押397万股股份
2021-09-24,平安产险回应“将荣威、比亚迪、小鹏认定为高风险车型”：网传系统截图非公司系统 内容失实,平安产险回应“将荣威、比亚迪、小鹏认定为高风险车型”：网传系统截图非公司系统 内容失实
2021-09-24,盐湖股份：与宁德时代等未有直接的合作,盐湖股份：与宁德时代等未有直接的合作
2021-09-24,汉EV双优安全的背后，是比亚迪造车的韧性与灵性,汉EV双优安全的背后，是比亚迪造车的韧性与灵性
2021-09-24,平安产险回应拒保荣威、比亚迪、小鹏汽车：网传内容失实,平安产险回应拒保荣威、比亚迪、小鹏汽车：网传内容失实
2021-09-24,意华股份(002897)：光伏支架和汽车连接器驱动成长,意华股份(002897)：光伏支架和汽车连接器驱动成长
2021-09-24,比亚迪现1笔大宗交易 共成交636.78万元,比亚迪现1笔大宗交易 共成交636.78万元
2021-09-24,比亚迪：吕向阳将397万股解除质押,比亚迪：吕向阳将397万股解除质押
2021-09-24,比亚迪今日大宗交易成交2.80万股，成交价227.42元折价9.67%,比亚迪今日大宗交易成交2.80万股，成交价227.42元折价9.67%
2021-09-24,网传荣威、比亚迪、小鹏被平安保险认定高风险车型 拒绝投保,网传荣威、比亚迪、小鹏被平安保险认定高风险车型 拒绝投保
2021-09-24,新能源市场持续火爆，助推比亚迪8月销量再创新高,新能源市场持续火爆，助推比亚迪8月销量再创新高
2021-09-24,比亚迪于济南成立新公司，注册资本10亿元,比亚迪于济南成立新公司，注册资本10亿元
2021-09-24,再度刷中国纪录！比亚迪实现新能源乘用车月销三连冠,再度刷中国纪录！比亚迪实现新能源乘用车月销三连冠
2021-09-24,干货！2021年中日锂电池龙头企业对比——日本松下电器VS中国比亚迪,干货！2021年中日锂电池龙头企业对比——日本松下电器VS中国比亚迪
2021-09-24,汽车行业周报：9月狭义乘用车零售预计158万辆,汽车行业周报：9月狭义乘用车零售预计158万辆
2021-09-24,比亚迪(002594.SZ)主要股东吕向阳解除质押397万股,比亚迪(002594.SZ)主要股东吕向阳解除质押397万股
2021-09-25,浙商张建民||意华股份深度：光伏+汽车双轮驱动成长,浙商张建民||意华股份深度：光伏+汽车双轮驱动成长
2021-09-25,纯电动车的悲哀,纯电动车的悲哀
2021-09-25,汽车直营“降维打击”，传统4S店何去何从？,汽车直营“降维打击”，传统4S店何去何从？
2021-09-25,电气设备行业跟踪报告：丰田的电气化发展战略,电气设备行业跟踪报告：丰田的电气化发展战略
2021-09-25,停产 F3？比亚迪欲拉开终结燃油车时代序幕 经营问题,停产 F3？比亚迪欲拉开终结燃油车时代序幕 经营问题
2021-09-26,电池安全竞争逐渐白热化 比亚迪、广汽之后，长城大禹发“重誓”,电池安全竞争逐渐白热化 比亚迪、广汽之后，长城大禹发“重誓”
2021-09-26,电气设备新能源行业周报：二线电池价格探涨缓解成本压力 8月新能源装机超市场预期,电气设备新能源行业周报：二线电池价格探涨缓解成本压力 8月新能源装机超市场预期
2021-09-26,六氟磷酸锂疯涨有钱也买不到货：企业按克售卖 对应报价170万/吨,六氟磷酸锂疯涨有钱也买不到货：企业按克售卖 对应报价170万/吨
2021-09-26,比亚迪DiLink 4.0体验:5G，让车机系统流畅度再上新台阶,比亚迪DiLink 4.0体验:5G，让车机系统流畅度再上新台阶
2021-09-26,2021世界智能网联汽车大会未来汽车开发者大会在京召开,2021世界智能网联汽车大会未来汽车开发者大会在京召开
2021-09-26,汽车行业：复苏时点临近,汽车行业：复苏时点临近
2021-09-26,汽车行业周报：大众在合肥建电池系统工厂 小米领投黑芝麻智能,汽车行业周报：大众在合肥建电池系统工厂 小米领投黑芝麻智能
2021-09-26,8月电机榜：联合汽车电子跻身前三 蜂巢动力首上榜,8月电机榜：联合汽车电子跻身前三 蜂巢动力首上榜
2021-09-26,年营收1565亿！比亚迪上榜2021中国企业500强,年营收1565亿！比亚迪上榜2021中国企业500强
2021-09-26,重庆新能源汽车8月销量达3.4万辆，同比增54.4%,重庆新能源汽车8月销量达3.4万辆，同比增54.4%
2021-09-26,比亚迪1000万元成立乾元新景实业公司,比亚迪1000万元成立乾元新景实业公司
2021-09-26,2021年新能源汽车下半年你更看好谁？这篇文章告诉你答案！,2021年新能源汽车下半年你更看好谁？这篇文章告诉你答案！
2021-09-26,汽车行业周报：９月前三周累计批发环比+8% 看好自主崛起,汽车行业周报：９月前三周累计批发环比+8% 看好自主崛起
2021-09-26,业务范围广泛 比亚迪于济南成立新公司,业务范围广泛 比亚迪于济南成立新公司
2021-09-26,华为不会放弃手机业务！徐直军坦诚回答12个问题,华为不会放弃手机业务！徐直军坦诚回答12个问题
2021-09-26,新能源车的顶级安全如何炼成？从设计到检测，解密比亚迪的体系实力,新能源车的顶级安全如何炼成？从设计到检测，解密比亚迪的体系实力
2021-09-26,从踏板的设置看汉EV和model3对于安全的态度,从踏板的设置看汉EV和model3对于安全的态度
2021-09-26,比亚迪宋 PLUS 第 10 万辆新车明日下线,比亚迪宋 PLUS 第 10 万辆新车明日下线
2021-09-26,8月销量出炉 比亚迪汉持续领跑高端新能源车市场,8月销量出炉 比亚迪汉持续领跑高端新能源车市场
2021-09-27,投行继续看涨比亚迪 原因显示,投行继续看涨比亚迪 原因显示
2021-09-27,光大银行深圳分行落地全国首单汽车金融公司行业绿色信贷ABS,光大银行深圳分行落地全国首单汽车金融公司行业绿色信贷ABS
2021-09-27,有钱也买不到货！六氟磷酸锂价格疯涨，企业按克售卖，对应报价170万/吨,有钱也买不到货！六氟磷酸锂价格疯涨，企业按克售卖，对应报价170万/吨
2021-09-27,热销车型紧缺，优惠大幅缩水，车市这个“金九银十”值得出手吗？,热销车型紧缺，优惠大幅缩水，车市这个“金九银十”值得出手吗？
2021-09-27,国家发改委明确云巴不属于有轨电车,国家发改委明确云巴不属于有轨电车
2021-09-27,比亚迪汉8月销量同比增长125.9% 持续领跑高端新能源轿车市场,比亚迪汉8月销量同比增长125.9% 持续领跑高端新能源轿车市场
2021-09-27,北向资金今日净买入14.77亿元，白酒股连续第二日遭疯抢,北向资金今日净买入14.77亿元，白酒股连续第二日遭疯抢
2021-09-27,比亚迪：FMR、JPM等2家机构于9月24日调研我司,比亚迪：FMR、JPM等2家机构于9月24日调研我司
2021-09-27,电力设备新能源行业周报：新能车厂排产饱满 多地下发风电光伏规划,电力设备新能源行业周报：新能车厂排产饱满 多地下发风电光伏规划
2021-09-27,泉峰汽车(603982)：自主崛起、新能源高景气 核心业务高增可期,泉峰汽车(603982)：自主崛起、新能源高景气 核心业务高增可期
2021-09-27,汽车行业周报：缺芯将持续 关注强势新品车型,汽车行业周报：缺芯将持续 关注强势新品车型
2021-09-27,比亚迪宋PLUS第10万辆正式下线：DM-i四驱版预计月底上市,比亚迪宋PLUS第10万辆正式下线：DM-i四驱版预计月底上市
2021-09-27,首批三季报预增股出炉，新能源板块成业绩10倍股集中地,首批三季报预增股出炉，新能源板块成业绩10倍股集中地
2021-09-27,五款电动车高速续航横评，特斯拉夺冠,五款电动车高速续航横评，特斯拉夺冠
2021-09-27,北向资金净买入14.77亿元，抢筹贵州茅台超11亿元,北向资金净买入14.77亿元，抢筹贵州茅台超11亿元
2021-09-27,国海证券：汽车市场整体仍处在周期向上，恢复性增长的复苏态势持续,国海证券：汽车市场整体仍处在周期向上，恢复性增长的复苏态势持续
2021-09-27,新能源汽车行业周报：行业缺芯影响持续 大众在华投建首座独资电池工厂,新能源汽车行业周报：行业缺芯影响持续 大众在华投建首座独资电池工厂
2021-09-27,A股午盘综述：热门赛道集体重摔，白酒板块崛起未能帮助大市,A股午盘综述：热门赛道集体重摔，白酒板块崛起未能帮助大市
2021-09-27,我市新能源汽车8月销量同比增54.4%,我市新能源汽车8月销量同比增54.4%
2021-09-27,电动车电池针刺测试到底有没有实际意义？,电动车电池针刺测试到底有没有实际意义？
2021-09-27,深交所发布碳科技指数，助力更好服务双碳目标,深交所发布碳科技指数，助力更好服务双碳目标
2021-09-27,高景气赛道抢眼，多家科创板公司前三季业绩预喜,高景气赛道抢眼，多家科创板公司前三季业绩预喜
2021-09-27,比亚迪vs长城汽车：谁将成为中国车企王者？,比亚迪vs长城汽车：谁将成为中国车企王者？
2021-09-27,三季报“预增王”净利增46倍，28股净利同比翻倍,三季报“预增王”净利增46倍，28股净利同比翻倍
2021-09-27,汽车周报：限电停产小幅影响行业排产 蔚来推出三元铁锂电池,汽车周报：限电停产小幅影响行业排产 蔚来推出三元铁锂电池
2021-09-27,全系“佩刀”的比亚迪旗舰，配置拉满、3.9 秒破百，已被彻底捧红,全系“佩刀”的比亚迪旗舰，配置拉满、3.9 秒破百，已被彻底捧红
2021-09-27,和胜股份：公司目前生产经营稳步推进，基本面未发生重大变化；与比亚迪合作刀片电池已经批量供货,和胜股份：公司目前生产经营稳步推进，基本面未发生重大变化；与比亚迪合作刀片电池已经批量供货
2021-09-27,盘点 | 各大企业的不起火电池方案,盘点 | 各大企业的不起火电池方案
2021-09-27,深度体验比亚迪DiLink 4.0(5G),深度体验比亚迪DiLink 4.0(5G)
2021-09-27,比亚迪唐DM i超级混动节油挑战丨智车达人,比亚迪唐DM i超级混动节油挑战丨智车达人
2021-09-27,华为出手！500亿新能车龙头放大招，股民嗨了,华为出手！500亿新能车龙头放大招，股民嗨了
2021-09-27,电气设备行业周报：造车新势力推出“三元铁锂”电池包 8月光伏装机大幅增长,电气设备行业周报：造车新势力推出“三元铁锂”电池包 8月光伏装机大幅增长
2021-09-27,8月交强险数据深度分析：比亚迪、广汽、长城表现亮眼【安信汽车】,8月交强险数据深度分析：比亚迪、广汽、长城表现亮眼【安信汽车】
2021-09-27,宁德时代到顶了吗?,宁德时代到顶了吗?
2021-09-28,大行点评｜瑞信维持比亚迪跑赢大市评级 目标价320元 | 头条金融网,大行点评｜瑞信维持比亚迪跑赢大市评级 目标价320元 | 头条金融网
2021-09-28,比亚迪能干翻特斯拉吗？,比亚迪能干翻特斯拉吗？
2021-09-28,撤退液晶面板，韩企再展电池“图谋”,撤退液晶面板，韩企再展电池“图谋”
2021-09-28,北向资金节前连续三日加仓累计净买入90亿，东方财富净买入超6亿元,北向资金节前连续三日加仓累计净买入90亿，东方财富净买入超6亿元
2021-09-28,新增蓝色外观/橙色内饰！比亚迪汉EV新增车型上市：售25.88万元起,新增蓝色外观/橙色内饰！比亚迪汉EV新增车型上市：售25.88万元起
2021-09-28,斯柯达放弃插电混动，混动技术路线再成电气化转型分歧焦点,斯柯达放弃插电混动，混动技术路线再成电气化转型分歧焦点
2021-09-28,车企纷纷宣称电池“不起火、不爆炸” 业内人士：动力电池没有绝对安全,车企纷纷宣称电池“不起火、不爆炸” 业内人士：动力电池没有绝对安全
2021-09-28,比亚迪在盐城成立新公司,比亚迪在盐城成立新公司
2021-09-28,大消费行业2021年10月金股推荐,大消费行业2021年10月金股推荐
2021-09-28,李书福正式宣布造手机，比亚迪会进场吗？,李书福正式宣布造手机，比亚迪会进场吗？
2021-09-28,比亚迪董秘回复：公司将基于市场需求和自身规划进行产品布局,比亚迪董秘回复：公司将基于市场需求和自身规划进行产品布局
2021-09-28,比亚迪新能源乘用车9月销量再创新高 单月销量破7万辆 | 头条金融网,比亚迪新能源乘用车9月销量再创新高 单月销量破7万辆 | 头条金融网
2021-09-28,小米史上最美手机如何炼成？比亚迪自研工艺立功,小米史上最美手机如何炼成？比亚迪自研工艺立功
2021-09-28,比亚迪木兰荟|爱无反顾,比亚迪木兰荟|爱无反顾
2021-09-28,机构调研“马不停蹄”，布局路线图浮现,机构调研“马不停蹄”，布局路线图浮现
2021-09-28,2万亿茅台时隔6年再涨停，白酒大涨8%！机构、外资却吵翻了,2万亿茅台时隔6年再涨停，白酒大涨8%！机构、外资却吵翻了
2021-09-28,全球锂电军备竞赛：宁德时代和它的海外竞争对手们,全球锂电军备竞赛：宁德时代和它的海外竞争对手们
2021-09-28,白酒股又香了！北向资金买入酿酒行业25亿元，“茅五”被大幅扫货,白酒股又香了！北向资金买入酿酒行业25亿元，“茅五”被大幅扫货
2021-09-28,港股盘前必读：吉利商业卫星步入批量化生产阶段,港股盘前必读：吉利商业卫星步入批量化生产阶段
2021-09-28,南山铝业：公司目前的电池箔客户覆盖了国内动力电池领域的头部企业，主要包括宁德时代、比亚迪、中航锂电、亿纬锂能、国轩高科等,南山铝业：公司目前的电池箔客户覆盖了国内动力电池领域的头部企业，主要包括宁德时代、比亚迪、中航锂电、亿纬锂能、国轩高科等
2021-09-28,比亚迪宋PLUS全系第10万辆新车量产下线,比亚迪宋PLUS全系第10万辆新车量产下线
2021-09-28,比亚迪于盐城成立新公司，注册资本1亿元,比亚迪于盐城成立新公司，注册资本1亿元
2021-09-28,比亚迪接受2家机构调研，海洋系列计划推出新车型,比亚迪接受2家机构调研，海洋系列计划推出新车型
2021-09-28,汽车行业简评报告：世界智能网联汽车大会召开 智能网联车行业稳步发展,汽车行业简评报告：世界智能网联汽车大会召开 智能网联车行业稳步发展
2021-09-28,V3揽获中国新能源物流车挑战赛六项大奖,V3揽获中国新能源物流车挑战赛六项大奖
2021-09-28,北向资金动向盘点：食品饮料大涨，是最大受益者之一,北向资金动向盘点：食品饮料大涨，是最大受益者之一
2021-09-29,李书福造手机进展神速，吉利为什么要展开多元化布局？,李书福造手机进展神速，吉利为什么要展开多元化布局？
2021-09-29,比亚迪：拟向参股公司东莞德瑞采购锂电设备,比亚迪：拟向参股公司东莞德瑞采购锂电设备
2021-09-29,比亚迪：拟不超4.2亿元向参股公司采购锂电设备,比亚迪：拟不超4.2亿元向参股公司采购锂电设备
2021-09-29,在高端自主品牌的红海市场中 长城汽车纾困之路依旧漫长,在高端自主品牌的红海市场中 长城汽车纾困之路依旧漫长
2021-09-29,做内陆高新区发展的“领跑者”——西安高新区30年高质量发展调查,做内陆高新区发展的“领跑者”——西安高新区30年高质量发展调查
2021-09-29,先导智能(300450)：1H21业绩大幅增长,先导智能(300450)：1H21业绩大幅增长
2021-09-29,晚间重要公告2021年9月29日星期三,晚间重要公告2021年9月29日星期三
2021-09-29,英维克(002837)首次覆盖报告：精密温控设备龙头 多点布局市场空间持续扩大,英维克(002837)首次覆盖报告：精密温控设备龙头 多点布局市场空间持续扩大
2021-09-29,比亚迪宋 PLUS DM-i AWD 将于明日上市：四驱混动,比亚迪宋 PLUS DM-i AWD 将于明日上市：四驱混动
2021-09-29,北向资金结束连续3日净买入，宝钢股份净卖出额创新高,北向资金结束连续3日净买入，宝钢股份净卖出额创新高
2021-09-29,打造创新药、新能源产业高地，2021跨国公司投资广东年会走进深圳坪山,打造创新药、新能源产业高地，2021跨国公司投资广东年会走进深圳坪山
2021-09-29,谈谈资源股、周期股、化工股的区别,谈谈资源股、周期股、化工股的区别
2021-09-29,企查查：2021上半年新能源汽车投融资数据,企查查：2021上半年新能源汽车投融资数据
2021-09-29,特立镁为比亚迪供应镁压铸方向盘,特立镁为比亚迪供应镁压铸方向盘
2021-09-29,量话车市│乘用车市场销量8月走势分析,量话车市│乘用车市场销量8月走势分析
2021-09-29,比亚迪半导体 6 款“高精尖”功率器件产品亮相,比亚迪半导体 6 款“高精尖”功率器件产品亮相
2021-09-29,开源证券：首予长远锂科(688779.SH)“买入”评级 上游成本端优势明显,开源证券：首予长远锂科(688779.SH)“买入”评级 上游成本端优势明显
2021-09-29,瑞能股份创新技术 助力新能源电池行业增效降本,瑞能股份创新技术 助力新能源电池行业增效降本
2021-09-29,韩动力电池三巨头今年前8月装机量同比大增,韩动力电池三巨头今年前8月装机量同比大增
2021-09-29,比亚迪汉EV全新配色亮相,比亚迪汉EV全新配色亮相
2021-09-29,科恒股份：募投项目已完成土地购置、环评等，正进行设计规划工作,科恒股份：募投项目已完成土地购置、环评等，正进行设计规划工作
2021-09-29,解锁潮流密码，比亚迪汉EV“极光蓝+金鳞橙”全新配色领潮上市,解锁潮流密码，比亚迪汉EV“极光蓝+金鳞橙”全新配色领潮上市
2021-09-29,多地拉闸限电 比亚迪储能助力能源结构调整,多地拉闸限电 比亚迪储能助力能源结构调整
2021-09-29,20 万内无对手！国产旗舰上新，颜值超高，买车预计要抢！,20 万内无对手！国产旗舰上新，颜值超高，买车预计要抢！
2021-09-29,李书福官宣造手机，背后有什么宏大布局？,李书福官宣造手机，背后有什么宏大布局？
2021-09-29,A股资金流向（9月29日）：节前资金避险欲望强烈，银行股获青睐,A股资金流向（9月29日）：节前资金避险欲望强烈，银行股获青睐
2021-09-30,北向资金9月净买入超300亿连续12个月加仓A股，批量扫货新能源产业链股,北向资金9月净买入超300亿连续12个月加仓A股，批量扫货新能源产业链股
2021-09-30,比亚迪2021年前三季度净利润24.43亿元，同比下降近30% 盈利能力下降,比亚迪2021年前三季度净利润24.43亿元，同比下降近30% 盈利能力下降
2021-09-30,全球新能源汽车销量排名，特斯拉、五菱宏光、比亚迪成前“三甲”,全球新能源汽车销量排名，特斯拉、五菱宏光、比亚迪成前“三甲”
2021-09-30,北向资金今日净流入9.7亿元 长江电力获加仓9.26亿元,北向资金今日净流入9.7亿元 长江电力获加仓9.26亿元
2021-09-30,大行评级 | 大和重申比亚迪(1211.HK)买入评级 目标价382港元,大行评级 | 大和重申比亚迪(1211.HK)买入评级 目标价382港元
2021-09-30,逛完天津车展 20万买SUV 摸着良心看这几款必看,逛完天津车展 20万买SUV 摸着良心看这几款必看
2021-09-30,19.98 万元，比亚迪宋 PLUS DM-i AWD 超级混动车上市,19.98 万元，比亚迪宋 PLUS DM-i AWD 超级混动车上市
2021-09-30,比亚迪 e2 电动汽车新增 301KM 续航版本：刀片电池，8.98 万元,比亚迪 e2 电动汽车新增 301KM 续航版本：刀片电池，8.98 万元
2021-09-30,晚间重要公告2021年9月30日星期四,晚间重要公告2021年9月30日星期四
2021-09-30,5.9s破百！比亚迪爆款SUV四驱版上市：19.98万,5.9s破百！比亚迪爆款SUV四驱版上市：19.98万
2021-09-30,星源材质(300568)：锂电隔膜领先企业 受益下游需求提升,星源材质(300568)：锂电隔膜领先企业 受益下游需求提升
2021-09-30,道恩股份：公司的TPV产品供给比亚迪，用于生产汽车密封条,道恩股份：公司的TPV产品供给比亚迪，用于生产汽车密封条
2021-09-30,又一家锂电池产业链细分龙头冲刺IPO！宁德时代、比亚迪已提前潜伏,又一家锂电池产业链细分龙头冲刺IPO！宁德时代、比亚迪已提前潜伏
2021-09-30,A股收盘综述：两市万亿成交额记录终止，锂电激活题材炒作、煤钢电卷土重来,A股收盘综述：两市万亿成交额记录终止，锂电激活题材炒作、煤钢电卷土重来
2021-09-30,动力电池需求火热！比亚迪采购锂电设备扩产能,动力电池需求火热！比亚迪采购锂电设备扩产能
2021-09-30,中国品牌崛起下的新迪粉“成长记”,中国品牌崛起下的新迪粉“成长记”
2021-09-30,福立旺精密机电(中国)股份有限公司 2021年第三季度报告,福立旺精密机电(中国)股份有限公司 2021年第三季度报告
2021-09-30,资金避险情绪升温，行情调整充分后或孕育转机,资金避险情绪升温，行情调整充分后或孕育转机
2021-09-30,雷科防务：公司与比亚迪已经对接车规级产品,雷科防务：公司与比亚迪已经对接车规级产品
2021-09-30,“限电”下的“果链”上市公司：生产出货基本正常，供应iPhone13影响不大,“限电”下的“果链”上市公司：生产出货基本正常，供应iPhone13影响不大
2021-09-30,北向资金动向盘点：连续第四日净买食品饮料,北向资金动向盘点：连续第四日净买食品饮料
2021-09-30,北向资金最新“购物清单”：增持食品饮料，减持电子元件 减持股份,北向资金最新“购物清单”：增持食品饮料，减持电子元件 减持股份
2021-09-30,产能掣肘，“金九银十”褪色,产能掣肘，“金九银十”褪色
2021-09-30,友商看了集体沉默，双优安全只是汉EV秀出的肱二头肌,友商看了集体沉默，双优安全只是汉EV秀出的肱二头肌
2021-09-30,伊利股份、比亚迪等37股获北向资金增持额超亿元,伊利股份、比亚迪等37股获北向资金增持额超亿元
2021-09-30,MiniLED商业化爆发在即，探路者携“独门优势”进场,MiniLED商业化爆发在即，探路者携“独门优势”进场
2021-09-30,比亚迪拟向参股公司东莞德瑞采购锂电设备 交易金额不超4.2亿元,比亚迪拟向参股公司东莞德瑞采购锂电设备 交易金额不超4.2亿元
2021-09-30,深圳人注意，国庆期间省内这些路段比较“忙”！快绕行,深圳人注意，国庆期间省内这些路段比较“忙”！快绕行
2021-09-30,富临精工：公司子公司江西升华是比亚迪体系内的合格供应商,富临精工：公司子公司江西升华是比亚迪体系内的合格供应商
2021-09-30,37股受青睐，北向资金增持额超亿元,37股受青睐，北向资金增持额超亿元
2021-10-01,2022，新能源 MPV “乱战”一触即发,2022，新能源 MPV “乱战”一触即发
2021-10-01,岚图发布“充电10分钟续航400公里”超充平台 车企充电军备赛升温,岚图发布“充电10分钟续航400公里”超充平台 车企充电军备赛升温
2021-10-01,北向资金扫货过节：大幅增持电力行业，狂买长江电力9亿元，减仓这些个股,北向资金扫货过节：大幅增持电力行业，狂买长江电力9亿元，减仓这些个股
2021-10-01,比亚迪和五菱强强联合密谋“大事”，新项目即将落地,比亚迪和五菱强强联合密谋“大事”，新项目即将落地
2021-10-01,得上游者，得动力电池天下？,得上游者，得动力电池天下？
2021-10-01,宁德时代、比亚迪入股，锂电细分行业龙头冲刺IPO,宁德时代、比亚迪入股，锂电细分行业龙头冲刺IPO
2021-10-02,三季度机构调研名单出炉，772家机构扎堆调研这家公司,三季度机构调研名单出炉，772家机构扎堆调研这家公司
2021-10-02,比亚迪 e2 新增车型上市 补贴售 8.98 万元,比亚迪 e2 新增车型上市 补贴售 8.98 万元
2021-10-02,陆家嘴财经早餐2021年10月2日星期六,陆家嘴财经早餐2021年10月2日星期六
2021-10-02,最火国产 SUV 上新，315kW+ 四驱、5.9 秒破百，不到 20 万可买！,最火国产 SUV 上新，315kW+ 四驱、5.9 秒破百，不到 20 万可买！
2021-10-02,磷酸铁锂行业“老大哥”叩门创业板！受益A股名单来了,磷酸铁锂行业“老大哥”叩门创业板！受益A股名单来了
2021-10-03,苹果突发“人事地震”，“造车梦”要碎？,苹果突发“人事地震”，“造车梦”要碎？
2021-10-03,名人经典伴你过十一：巴菲特、芒格的投资智慧,名人经典伴你过十一：巴菲特、芒格的投资智慧
2021-10-03,比亚迪宋 PLUS 车系第十万辆新车正式下线,比亚迪宋 PLUS 车系第十万辆新车正式下线
2021-10-03,提车要等半年，有品牌涨价5万，今年车市还有“金九银十”吗？,提车要等半年，有品牌涨价5万，今年车市还有“金九银十”吗？
2021-10-03,比亚迪：9 月新能源汽车销量 7.11 万辆，同比增长 257.62%,比亚迪：9 月新能源汽车销量 7.11 万辆，同比增长 257.62%
2021-10-03,销售79037辆 比亚迪乘用车9月销量出炉,销售79037辆 比亚迪乘用车9月销量出炉
2021-10-03,比亚迪9月新能源乘用车销量达70022辆！创新高,比亚迪9月新能源乘用车销量达70022辆！创新高
2021-10-04,比亚迪VS赣锋锂业～在我印象中比亚迪是很强的，看完财报有点失望,比亚迪VS赣锋锂业～在我印象中比亚迪是很强的，看完财报有点失望
2021-10-04,新能源车持续火爆！汽车芯片短缺问题仍在蔓延,新能源车持续火爆！汽车芯片短缺问题仍在蔓延
2021-10-04,【券商聚焦】瑞信维持比亚迪“跑赢大市”评级 指9月新能源汽车销量创新高,【券商聚焦】瑞信维持比亚迪“跑赢大市”评级 指9月新能源汽车销量创新高
2021-10-04,"9月新能源车交付情况:比亚迪交付7.11万辆创新高, 蔚来小鹏首破万","9月新能源车交付情况:比亚迪交付7.11万辆创新高, 蔚来小鹏首破万"
2021-10-04,电动车2021年中报总结：景气度持续向上 价格弹性环节盈利高增,电动车2021年中报总结：景气度持续向上 价格弹性环节盈利高增
2021-10-04,比亚迪新能源乘用车9月销售70022辆,比亚迪新能源乘用车9月销售70022辆
2021-10-04,再度打破销量上限！比亚迪新能源乘用车9月销售70022辆,再度打破销量上限！比亚迪新能源乘用车9月销售70022辆
2021-10-04,大行评级 | 瑞信：比亚迪(1211.HK)9月份销量强劲 维持目标价320港元,大行评级 | 瑞信：比亚迪(1211.HK)9月份销量强劲 维持目标价320港元
2021-10-05,比亚迪：汉车型9月份销量再次破万，同比增82.6%,比亚迪：汉车型9月份销量再次破万，同比增82.6%
2021-10-05,睿智投资｜中国新能源汽车行业 – 缺芯低点已过，四季度产销两旺可期,睿智投资｜中国新能源汽车行业 – 缺芯低点已过，四季度产销两旺可期
2021-10-05,芯片短缺难挡市场回暖，上半年全球电动汽车销量达 260 万辆,芯片短缺难挡市场回暖，上半年全球电动汽车销量达 260 万辆
2021-10-05,新能源车高速服务区排队4小时充电！网友：绿牌比亚迪DM-i、理想ONE笑了,新能源车高速服务区排队4小时充电！网友：绿牌比亚迪DM-i、理想ONE笑了
2021-10-05,比亚迪汉车型9月份销量再次破万,比亚迪汉车型9月份销量再次破万
2021-10-05,深评：新能源行业“并购潮”要来了？,深评：新能源行业“并购潮”要来了？
2021-10-05,比亚迪汉 9 月销量达 10248 辆，同比增长 82.6%,比亚迪汉 9 月销量达 10248 辆，同比增长 82.6%
2021-10-06,每经22点丨《长津湖》总票房突破30亿元；比亚迪斩获北美电动汽车大单；道指跌超300点，美股航空板块普跌,每经22点丨《长津湖》总票房突破30亿元；比亚迪斩获北美电动汽车大单；道指跌超300点，美股航空板块普跌
2021-10-06,比亚迪斩获北美电动汽车大单，全球布局战略提速,比亚迪斩获北美电动汽车大单，全球布局战略提速
2021-10-06,国产集中爆发，空间大、动力强，个个都是省油好手，日系混动忽然不香了！,国产集中爆发，空间大、动力强，个个都是省油好手，日系混动忽然不香了！
2021-10-06,比亚迪、吉利杀入15万级家轿市场 轩逸、朗逸、卡罗拉神车位置难保？,比亚迪、吉利杀入15万级家轿市场 轩逸、朗逸、卡罗拉神车位置难保？
2021-10-06,"【特约大V】郭家耀：市场气氛渐有改善 料指数可继续于23,500至24,500点水平上落","【特约大V】郭家耀：市场气氛渐有改善 料指数可继续于23,500至24,500点水平上落"
2021-10-06,太另类！这只基金今年暴赚77%，不重仓热门赛道，秘诀是什么？,太另类！这只基金今年暴赚77%，不重仓热门赛道，秘诀是什么？
2021-10-06,5000辆！比亚迪斩获北美电动汽车大单，全球布局战略提速,5000辆！比亚迪斩获北美电动汽车大单，全球布局战略提速
2021-10-06,新能源车火爆！比亚迪9月销量大增近3倍，蔚来、小鹏均突破万辆,新能源车火爆！比亚迪9月销量大增近3倍，蔚来、小鹏均突破万辆
2021-10-06,智通港股早知道 | (10月6日) 小摩增持中国平安(02318)6290.20万股，《长津湖》票房超25亿,智通港股早知道 | (10月6日) 小摩增持中国平安(02318)6290.20万股，《长津湖》票房超25亿
2021-10-06,比亚迪股份与Levo联手 拟未来五年合作部署5000辆电池电动汽车,比亚迪股份与Levo联手 拟未来五年合作部署5000辆电池电动汽车
2021-10-06,从数百亿市值到破产重组，重庆首富是如何倒下的？ 减资破产,从数百亿市值到破产重组，重庆首富是如何倒下的？ 减资破产
2021-10-06,十五万的电动比亚迪，哪一款最值得买？,十五万的电动比亚迪，哪一款最值得买？
2021-10-06,比亚迪三季度累计销量破 20 万辆，新能源车型的作用功不可没？,比亚迪三季度累计销量破 20 万辆，新能源车型的作用功不可没？
2021-10-06,这只基金今年暴赚77%，不重仓热门赛道,这只基金今年暴赚77%，不重仓热门赛道
2021-10-07,比亚迪：今年累计销量约45万辆，同比增加68.32%,比亚迪：今年累计销量约45万辆，同比增加68.32%
2021-10-07,乘联会崔东树：9月新能源车持续爆发增长的良好态势,乘联会崔东树：9月新能源车持续爆发增长的良好态势
2021-10-07,晚间重要公告2021年10月7日星期四,晚间重要公告2021年10月7日星期四
2021-10-07,【国金电新&汽车】再议光伏涨价影响，全年装机预期不变；电车销售兑现“金九”旺季，优质供给后劲十足,【国金电新&汽车】再议光伏涨价影响，全年装机预期不变；电车销售兑现“金九”旺季，优质供给后劲十足
2021-10-07,【华创汽车】比亚迪：纯电略超预期，混动平稳爬坡,【华创汽车】比亚迪：纯电略超预期，混动平稳爬坡
2021-10-07,加速美国车队智能电动化 比亚迪携手Levo部署5000辆纯电动车,加速美国车队智能电动化 比亚迪携手Levo部署5000辆纯电动车
2021-10-07,公告精选丨多氟多前三季度净利预增超50倍，比亚迪9月新能源汽车销量7.1万辆,公告精选丨多氟多前三季度净利预增超50倍，比亚迪9月新能源汽车销量7.1万辆
2021-10-07,比亚迪 | 9月：产销紧平衡 量利或双升【华西汽车 崔琰团队】,比亚迪 | 9月：产销紧平衡 量利或双升【华西汽车 崔琰团队】
2021-10-07,比亚迪：1至9月新能源汽车销量同比增长204.29%,比亚迪：1至9月新能源汽车销量同比增长204.29%
2021-10-07,比亚迪9月新能源汽车销量7.1万辆 同比大增,比亚迪9月新能源汽车销量7.1万辆 同比大增
2021-10-07,比亚迪：9月新能源汽车销量71099辆，同比增204.29%,比亚迪：9月新能源汽车销量71099辆，同比增204.29%
2021-10-07,车企造芯PK，谁是未来龙头?,车企造芯PK，谁是未来龙头?
2021-10-07,陆家嘴财经早餐2021年10月7日星期四,陆家嘴财经早餐2021年10月7日星期四
2021-10-07,港股收评：科技股暴动 恒生科技指数大涨逾5% 恒指上扬超700点,港股收评：科技股暴动 恒生科技指数大涨逾5% 恒指上扬超700点
2021-10-07,国庆节假期要闻汇总（10月1日-7日）,国庆节假期要闻汇总（10月1日-7日）
2021-10-07,港股异动丨比亚迪股份(1211.HK)涨约4% 5000辆！斩获北美电动汽车大单,港股异动丨比亚迪股份(1211.HK)涨约4% 5000辆！斩获北美电动汽车大单
2021-10-07,比亚迪再获大订单：未来五年将于美国Levo公司部署超5000辆商用车,比亚迪再获大订单：未来五年将于美国Levo公司部署超5000辆商用车
2021-10-07,【安信汽车】比亚迪：9月销量表现亮眼，汉再次破万,【安信汽车】比亚迪：9月销量表现亮眼，汉再次破万
2021-10-07,2021 年 9 月风云榜 - 新能源篇：比亚迪、蔚来、小鹏位列前三，欧拉、新特排名上升,2021 年 9 月风云榜 - 新能源篇：比亚迪、蔚来、小鹏位列前三，欧拉、新特排名上升
2021-10-07,锂电原材料持续暴涨，电池厂商何以破局？,锂电原材料持续暴涨，电池厂商何以破局？
2021-10-07,比亚迪股份有限公司2021年9月产销快报,比亚迪股份有限公司2021年9月产销快报
2021-10-07,港股高开低走，能源股逆市走强，恒大汽车跌幅扩大至10%,港股高开低走，能源股逆市走强，恒大汽车跌幅扩大至10%
2021-10-07,易车对话一线经销商 如何利用“金九银十”攥紧客户,易车对话一线经销商 如何利用“金九银十”攥紧客户
2021-10-08,8月全球动力电池榜：蜂巢能源首上榜 比亚迪紧逼松下,8月全球动力电池榜：蜂巢能源首上榜 比亚迪紧逼松下
2021-10-08,汽车行业10月投资策略：新能源化进程加速 原材料持续上涨,汽车行业10月投资策略：新能源化进程加速 原材料持续上涨
2021-10-08,汽车行业周报：9月前四周批发零售表现平淡 汽车库存降至近年低位,汽车行业周报：9月前四周批发零售表现平淡 汽车库存降至近年低位
2021-10-08,汽车行业周报：9月新能源车销量持续火爆,汽车行业周报：9月新能源车销量持续火爆
2021-10-08,乘联会：今年8月MPV批发销量8.7万辆，同比下降12.6%,乘联会：今年8月MPV批发销量8.7万辆，同比下降12.6%
2021-10-08,2021年8月全球动力电池装车量25.2GWh！中国企业市占,2021年8月全球动力电池装车量25.2GWh！中国企业市占
2021-10-08,比亚迪：子公司拟出资3亿美元参与投资基金,比亚迪：子公司拟出资3亿美元参与投资基金
2021-10-08,低价高配置 静态图解 2021 款比亚迪 e2,低价高配置 静态图解 2021 款比亚迪 e2
2021-10-08,锂电池原材料迎来涨价潮，宁德时代、比亚迪与原材料厂商长期锁定,锂电池原材料迎来涨价潮，宁德时代、比亚迪与原材料厂商长期锁定
2021-10-08,加速布局海外商用车市场，比亚迪国际化战略提速,加速布局海外商用车市场，比亚迪国际化战略提速
2021-10-08,“卖疯了”的比亚迪 DM-i,“卖疯了”的比亚迪 DM-i
2021-10-08,美团被罚34.42亿，最新回应来了！新能源车持续火爆，龙头创单月销量历史新高，主力资金出逃五大行业（附名单）,美团被罚34.42亿，最新回应来了！新能源车持续火爆，龙头创单月销量历史新高，主力资金出逃五大行业（附名单）
2021-10-08,比亚迪携手Levo 将在美国市场部署5000辆纯电动车,比亚迪携手Levo 将在美国市场部署5000辆纯电动车
2021-10-08,北向资金今日净卖出25.72亿元，贵州茅台遭大幅净卖出超11亿元,北向资金今日净卖出25.72亿元，贵州茅台遭大幅净卖出超11亿元
2021-10-08,电气设备行业周报：全球新能车销量创纪录 锂电高景气 锂资源自主可控,电气设备行业周报：全球新能车销量创纪录 锂电高景气 锂资源自主可控
2021-10-08,浙商证券汽车行业周报：汽车需求向好 行情有望启动,浙商证券汽车行业周报：汽车需求向好 行情有望启动
2021-10-08,华安证券维持比亚迪买入评级：销量持续攀升，混动与纯电双发力,华安证券维持比亚迪买入评级：销量持续攀升，混动与纯电双发力
2021-10-08,比亚迪和Levo宣布未来五年合作部署5000辆新能源汽车,比亚迪和Levo宣布未来五年合作部署5000辆新能源汽车
2021-10-08,比亚迪乘用车9月销售79037辆,比亚迪乘用车9月销售79037辆
2021-10-08,汽车“财”之道·要闻汇总【10月8日】,汽车“财”之道·要闻汇总【10月8日】
2021-10-08,A股早报2021年10月8日星期五,A股早报2021年10月8日星期五
2021-10-08,A股融资融券日报：两融余额减少211.44亿元（9月30日）,A股融资融券日报：两融余额减少211.44亿元（9月30日）
2021-10-08,北向资金增持市值超亿元股票（附名单）,北向资金增持市值超亿元股票（附名单）
2021-10-08,华西证券：维持比亚迪(002594.SZ)“增持”评级 新能源车型热销 量利将迎齐升,华西证券：维持比亚迪(002594.SZ)“增持”评级 新能源车型热销 量利将迎齐升
2021-10-08,华西证券维持比亚迪增持评级：产销紧平衡量利或双升,华西证券维持比亚迪增持评级：产销紧平衡量利或双升
2021-10-08,华创证券：维持比亚迪(002594.SZ)“强推”评级 目标价360.7元,华创证券：维持比亚迪(002594.SZ)“强推”评级 目标价360.7元
2021-10-08,安信证券维持比亚迪买入评级：9月销量表现亮眼，汉再次破万，目标价360元,安信证券维持比亚迪买入评级：9月销量表现亮眼，汉再次破万，目标价360元
2021-10-08,安信证券：维持比亚迪“买入-A”评级 目标价360元,安信证券：维持比亚迪“买入-A”评级 目标价360元
2021-10-08,比亚迪(002594)：销量连续创新高 纯电继续放量 混动交付仍受产能限制,比亚迪(002594)：销量连续创新高 纯电继续放量 混动交付仍受产能限制
2021-10-08,比亚迪新能源车销量占88.6%接近全电动化 全球布局提速获北美5000辆电动车订单,比亚迪新能源车销量占88.6%接近全电动化 全球布局提速获北美5000辆电动车订单
2021-10-08,电力设备行业第40周周报：全国已有8省调整电价 光伏供应链限电限产缺料加剧,电力设备行业第40周周报：全国已有8省调整电价 光伏供应链限电限产缺料加剧
2021-10-08,比亚迪汽车9月销量公布 乘用车达79037辆,比亚迪汽车9月销量公布 乘用车达79037辆
2021-10-09,同比增长 276.4%！比亚迪新能源乘用车 9 月销量再飘红,同比增长 276.4%！比亚迪新能源乘用车 9 月销量再飘红
2021-10-09,新能源产业链核心数据跟踪,新能源产业链核心数据跟踪
2021-10-09,2021年10月金股,2021年10月金股
2021-10-09,9月汽车公司市值榜丨国内车企集体“缩水”4891亿元，“芯荒”下经销商集团“无车可卖”，终端恢复预计仍需3~5个月,9月汽车公司市值榜丨国内车企集体“缩水”4891亿元，“芯荒”下经销商集团“无车可卖”，终端恢复预计仍需3~5个月
2021-10-09,缺芯笼罩车市，但新能源车9月销量仍大幅增长,缺芯笼罩车市，但新能源车9月销量仍大幅增长
2021-10-09,经历了尴尬的十一长假，还是得重新审视一下电动车,经历了尴尬的十一长假，还是得重新审视一下电动车
2021-10-09,比亚迪申请巡洋舰、护卫舰等多项商标,比亚迪申请巡洋舰、护卫舰等多项商标
2021-10-09,比亚迪申请“巡洋舰”、“战列舰”等商标，有望用于新车型,比亚迪申请“巡洋舰”、“战列舰”等商标，有望用于新车型
2021-10-09,芯片短缺引国庆车市大爆发，经销商称“今年是最好的一年” | 调查,芯片短缺引国庆车市大爆发，经销商称“今年是最好的一年” | 调查
2021-10-09,采用多款军舰命名，比亚迪申请注册新商标,采用多款军舰命名，比亚迪申请注册新商标
2021-10-09,10月8日38只个股获券商关注，海康威视目标涨幅达45.8%,10月8日38只个股获券商关注，海康威视目标涨幅达45.8%
2021-10-09,零跑/理想/蔚来/小鹏9月交付4095/7094/10628/10412台等7条快讯,零跑/理想/蔚来/小鹏9月交付4095/7094/10628/10412台等7条快讯
2021-10-09,比亚迪7.27亿元竞得郑州4宗约4104亩工业用地,比亚迪7.27亿元竞得郑州4宗约4104亩工业用地
2021-10-09,新能源汽车也有“成长的烦恼”：节假日高速充电“堵车”引热议,新能源汽车也有“成长的烦恼”：节假日高速充电“堵车”引热议
2021-10-09,律动理念 曝比亚迪元 PLUS 内饰效果图,律动理念 曝比亚迪元 PLUS 内饰效果图
2021-10-09,在郑州竞得4104亩工业用地、成立子公司 比亚迪的野心有多大？,在郑州竞得4104亩工业用地、成立子公司 比亚迪的野心有多大？
2021-10-09,比亚迪：以技术创新为驱动 做绿色梦想实践者,比亚迪：以技术创新为驱动 做绿色梦想实践者
2021-10-09,79037辆，比亚迪刷新月销量,79037辆，比亚迪刷新月销量
2021-10-09,新能源产业链业绩暴增：A股前三季预增超10倍6家公司，5家与新能车相关,新能源产业链业绩暴增：A股前三季预增超10倍6家公司，5家与新能车相关
2021-10-09,煮酒论车丨海豚能否在陆地“狂奔”？,煮酒论车丨海豚能否在陆地“狂奔”？
2021-10-09,东方财富证券维持比亚迪增持评级，动态点评：月销8万创新高，纯电插混引领增长,东方财富证券维持比亚迪增持评级，动态点评：月销8万创新高，纯电插混引领增长
2021-10-09,9月造车新势力销量点评：蔚来、小鹏交付量首破万辆 9月新能源销量有望超35万辆,9月造车新势力销量点评：蔚来、小鹏交付量首破万辆 9月新能源销量有望超35万辆
2021-10-09,汽车行业简评报告：9月新能源车销售预计维持高增长 渗透率有望再创新高,汽车行业简评报告：9月新能源车销售预计维持高增长 渗透率有望再创新高
2021-10-09,比亚迪7.27亿元底价摘得郑州4104亩工业用地,比亚迪7.27亿元底价摘得郑州4104亩工业用地
2021-10-09,重磅！9月主流新能源车企销量排名,重磅！9月主流新能源车企销量排名
2021-10-10,比特斯拉强多了！比亚迪元 PLUS 内饰效果图曝光：设计相当别致,比特斯拉强多了！比亚迪元 PLUS 内饰效果图曝光：设计相当别致
2021-10-10,【周观点】9月前四周累计批发环比-1%，看好自主崛起,【周观点】9月前四周累计批发环比-1%，看好自主崛起
2021-10-10,巡洋舰、驱逐舰，比亚迪注册“军舰”系商标，也学长城出硬派越野车？,巡洋舰、驱逐舰，比亚迪注册“军舰”系商标，也学长城出硬派越野车？
2021-10-10,智能手表也支持比亚迪NFC车钥匙了 仅OPPO一家,智能手表也支持比亚迪NFC车钥匙了 仅OPPO一家
2021-10-10,狂欢的纯电动车在国庆黄金周暴露出短板 | 推本溯源,狂欢的纯电动车在国庆黄金周暴露出短板 | 推本溯源
2021-10-10,比亚迪 元 PLUS 内饰效果图曝光：流线型中控台等,比亚迪 元 PLUS 内饰效果图曝光：流线型中控台等
2021-10-10,比亚迪深度研究 | 中信建投汽车,比亚迪深度研究 | 中信建投汽车
2021-10-10,比亚迪拿下河南郑州4块工业用地 网传集团2025年产能或达300万辆,比亚迪拿下河南郑州4块工业用地 网传集团2025年产能或达300万辆
2021-10-10,芯片短缺引国庆车市大爆发：有甜蜜也有负担,芯片短缺引国庆车市大爆发：有甜蜜也有负担
2021-10-10,瞄准特斯拉的短板，比亚迪一路高歌，拿下美国电动车大单！,瞄准特斯拉的短板，比亚迪一路高歌，拿下美国电动车大单！
2021-10-10,这5款国产车实力出众，销量好，最高价超50万，值得入手？,这5款国产车实力出众，销量好，最高价超50万，值得入手？
2021-10-10,电气设备行业周报：基本面强势得验证 继续看好新能源,电气设备行业周报：基本面强势得验证 继续看好新能源
2021-10-10,8月全球销量榜：比亚迪蝉联冠军 上汽乘用车首超宝马跻身前五,8月全球销量榜：比亚迪蝉联冠军 上汽乘用车首超宝马跻身前五
2021-10-10,中国电动巴士助力巴西交通可持续发展,中国电动巴士助力巴西交通可持续发展
2021-10-10,E周见|缺芯影响扩大/江苏深商重整众泰,E周见|缺芯影响扩大/江苏深商重整众泰
2021-10-10,蜂巢首次进入全球动力电池装机量前十,蜂巢首次进入全球动力电池装机量前十
2021-10-10,借三元铁锂电池，蔚来开启新一轮成本攻势！,借三元铁锂电池，蔚来开启新一轮成本攻势！
2021-10-11,比亚迪汉 DM-i 路试谍照曝光，有望在明年上半年上市,比亚迪汉 DM-i 路试谍照曝光，有望在明年上半年上市
2021-10-11,向世界展示中国自信！比亚迪卫冕8月全球新能源品牌销量冠军,向世界展示中国自信！比亚迪卫冕8月全球新能源品牌销量冠军
2021-10-11,Mysteel：9月新能源车销量超预期，蔚来小鹏交付首破万,Mysteel：9月新能源车销量超预期，蔚来小鹏交付首破万
2021-10-11,融捷股份：近一年与比亚迪签订锂电设备和锂盐产品合同5.09亿元,融捷股份：近一年与比亚迪签订锂电设备和锂盐产品合同5.09亿元
2021-10-11,融捷股份：与关联方比亚迪累计签订5.09亿元锂电设备和锂盐产品合同,融捷股份：与关联方比亚迪累计签订5.09亿元锂电设备和锂盐产品合同
2021-10-11,A股资金流向（10月11日）：资金延续避高就低态势，大金融板块获青睐,A股资金流向（10月11日）：资金延续避高就低态势，大金融板块获青睐
2021-10-11,融捷股份拿下比亚迪超5亿销售合同,融捷股份拿下比亚迪超5亿销售合同
2021-10-11,汽车电子行业月报：新势力9月销量破万 智能化升级加速,汽车电子行业月报：新势力9月销量破万 智能化升级加速
2021-10-11,化工新材料板块双周观点：国务院纠正“一刀切”停产限产 湖南裕能向创业板发起冲击,化工新材料板块双周观点：国务院纠正“一刀切”停产限产 湖南裕能向创业板发起冲击
2021-10-11,比亚迪汉DM-i路试谍照曝光！百公里油耗仅0.8L,比亚迪汉DM-i路试谍照曝光！百公里油耗仅0.8L
2021-10-11,泉峰汽车(603982)：立足压铸匠心为泉 深耕新能源勇攀高峰,泉峰汽车(603982)：立足压铸匠心为泉 深耕新能源勇攀高峰
2021-10-11,苗圩：汽车产业链、供应链在加速重构,苗圩：汽车产业链、供应链在加速重构
2021-10-11,成飞集成：公司目前暂未收到参股公司锂电科技IPO计划的正式通知,成飞集成：公司目前暂未收到参股公司锂电科技IPO计划的正式通知
2021-10-11,国信证券：维持比亚迪“增持”评级 9月新能源车销量创新高,国信证券：维持比亚迪“增持”评级 9月新能源车销量创新高
2021-10-11,比亚迪土？它的高端品牌马上来！车名这么霸气？,比亚迪土？它的高端品牌马上来！车名这么霸气？
2021-10-11,板块异动 | 全球新能源汽车延续高增长 汽车整车板块拉升回暖,板块异动 | 全球新能源汽车延续高增长 汽车整车板块拉升回暖
2021-10-11,东方财富：维持比亚迪(002594.SZ)“增持”评级 月销8万创新高 纯电插混引领增长,东方财富：维持比亚迪(002594.SZ)“增持”评级 月销8万创新高 纯电插混引领增长
2021-10-11,国庆车市大爆发 交付周期延长成“甜蜜的负担”,国庆车市大爆发 交付周期延长成“甜蜜的负担”
2021-10-11,8月全球电动车品牌榜：比亚迪再夺冠，小鹏闯进榜单,8月全球电动车品牌榜：比亚迪再夺冠，小鹏闯进榜单
2021-10-11,22股获券商买入评级，江铃汽车目标涨幅达84.96%,22股获券商买入评级，江铃汽车目标涨幅达84.96%
2021-10-11,传统车企、造车新势力纷纷“抢滩”中端新能源汽车渐热,传统车企、造车新势力纷纷“抢滩”中端新能源汽车渐热
2021-10-11,吉利造手机、小米造汽车：殊途同归？,吉利造手机、小米造汽车：殊途同归？
2021-10-11,A股融资融券日报：两融余额增加127.02亿元（10月8日）,A股融资融券日报：两融余额增加127.02亿元（10月8日）
2021-10-11,【汽车】9月比亚迪与主流造车新势力电动车销量高增——新能源汽车行业周报——看好,【汽车】9月比亚迪与主流造车新势力电动车销量高增——新能源汽车行业周报——看好
2021-10-11,同是油电混动，日产e-POWER与比亚迪的DM-i哪个更省油？,同是油电混动，日产e-POWER与比亚迪的DM-i哪个更省油？
2021-10-11,电气设备行业：9月新势力销量环比超预期 风光政策利好频出,电气设备行业：9月新势力销量环比超预期 风光政策利好频出
2021-10-11,比亚迪(002594)重大事件快评：9月新能源销量创新高 纯电插混并驾齐驱,比亚迪(002594)重大事件快评：9月新能源销量创新高 纯电插混并驾齐驱
2021-10-11,国信证券维持比亚迪增持评级，重大事件快评：9 月新能源销量创新高，纯电插混并驾齐驱,国信证券维持比亚迪增持评级，重大事件快评：9 月新能源销量创新高，纯电插混并驾齐驱
2021-10-11,多只新能源汽车股迎利好：长城汽车涨6%比亚迪涨近5%,多只新能源汽车股迎利好：长城汽车涨6%比亚迪涨近5%
2021-10-11,国庆假期出行如何避免等充电桩充电的尴尬？,国庆假期出行如何避免等充电桩充电的尴尬？
2021-10-11,占比近36%，搭载L2功能新能源车渗透率持续爬升,占比近36%，搭载L2功能新能源车渗透率持续爬升
2021-10-12,A股资金流向（10月12日）：市场热点匮乏，资源股再成杀跌主力,A股资金流向（10月12日）：市场热点匮乏，资源股再成杀跌主力
2021-10-12,主力动向｜资金力挺47股，比亚迪、闽东电力、湖北宜化、万科A、通威股份位居前五！,主力动向｜资金力挺47股，比亚迪、闽东电力、湖北宜化、万科A、通威股份位居前五！
2021-10-12,电动小钢炮！比亚迪海豚高性能版曝光 4.1米车长176匹马力,电动小钢炮！比亚迪海豚高性能版曝光 4.1米车长176匹马力
2021-10-12,北向资金成交缩量全天净卖出近14亿元，东方财富遭大幅净卖出6亿元,北向资金成交缩量全天净卖出近14亿元，东方财富遭大幅净卖出6亿元
2021-10-12,干货！2021年中国动力电池行业市场竞争格局——宁德时代：动力锂电池万亿巨头,干货！2021年中国动力电池行业市场竞争格局——宁德时代：动力锂电池万亿巨头
2021-10-12,九月乘用车数据剖析：新能源势不可当，但更为激烈的市场争夺战也或才刚刚开始,九月乘用车数据剖析：新能源势不可当，但更为激烈的市场争夺战也或才刚刚开始
2021-10-12,比亚迪(002594.SZ)股东吕向阳解除质押737万股,比亚迪(002594.SZ)股东吕向阳解除质押737万股
2021-10-12,9 月燃油车普降，新能源普涨，这奇怪吗？,9 月燃油车普降，新能源普涨，这奇怪吗？
2021-10-12,每46秒卖一辆车，特斯拉杀疯了？,每46秒卖一辆车，特斯拉杀疯了？
2021-10-12,特斯拉第二，比亚迪单月破七万！新能源汽车今年累计销量翻两倍,特斯拉第二，比亚迪单月破七万！新能源汽车今年累计销量翻两倍
2021-10-12,南财脱水研报丨汽车板块三季度业绩前瞻，寻找四季度投资机会,南财脱水研报丨汽车板块三季度业绩前瞻，寻找四季度投资机会
2021-10-12,同惠电子(833509)：电子测量仪器头部企业 受益于新能源景气,同惠电子(833509)：电子测量仪器头部企业 受益于新能源景气
2021-10-12,电气设备行业动力电池深度：从芯出发 回归技术本源、聚焦发展主线,电气设备行业动力电池深度：从芯出发 回归技术本源、聚焦发展主线
2021-10-12,【安信汽车】9月乘用车销量触底回升，新能源车渗透率达21.1%,【安信汽车】9月乘用车销量触底回升，新能源车渗透率达21.1%
2021-10-12,比亚迪亮相2021北京轨道展 通信信号业务助力大中小运量轨道交通协同发展,比亚迪亮相2021北京轨道展 通信信号业务助力大中小运量轨道交通协同发展
2021-10-12,2021年中国新能源二手车市场发展现状分析 交易量同比翻番、车企陆续布局市场,2021年中国新能源二手车市场发展现状分析 交易量同比翻番、车企陆续布局市场
2021-10-12,Model Y挤爆车管所！特斯拉9月国内销量超5万暴涨三倍，仅次比亚迪,Model Y挤爆车管所！特斯拉9月国内销量超5万暴涨三倍，仅次比亚迪
2021-10-12,续航500KM左右，这3款纯电车型不错，城市通勤很香，空间大还好开,续航500KM左右，这3款纯电车型不错，城市通勤很香，空间大还好开
2021-10-12,融捷股份(002192.SZ)：连续12个月内与比亚迪签订多份销售合同 累计达5.09亿元,融捷股份(002192.SZ)：连续12个月内与比亚迪签订多份销售合同 累计达5.09亿元
2021-10-12,国内新能源车9月销量排名：比亚迪稳夺冠军 力压特斯拉,国内新能源车9月销量排名：比亚迪稳夺冠军 力压特斯拉
2021-10-12,任正非亲自督战，华为成立四大军团！研发投入太牛了，超BAT总和！,任正非亲自督战，华为成立四大军团！研发投入太牛了，超BAT总和！
2021-10-12,2021年9月乘用车销量点评：9月新能源零售渗透率突破20% 芯片供应边际改善信号显现,2021年9月乘用车销量点评：9月新能源零售渗透率突破20% 芯片供应边际改善信号显现
2021-10-12,上市公司正负面新闻2021年10月12日星期二,上市公司正负面新闻2021年10月12日星期二
2021-10-12,新能源汽车未来3年如何发展 | 安徽政策浅析,新能源汽车未来3年如何发展 | 安徽政策浅析
2021-10-12,A股早报2021年10月12日星期二,A股早报2021年10月12日星期二
2021-10-12,A股融资融券日报：两融余额增加40.2亿元（10月11日）,A股融资融券日报：两融余额增加40.2亿元（10月11日）
2021-10-12,行业仍维持快速发展态势，国产芯片或助新能源车企跨过“缺芯”难关,行业仍维持快速发展态势，国产芯片或助新能源车企跨过“缺芯”难关
2021-10-12,汽车行业简评报告：预计9月乘用车出口保持增长 看好海外市场成长为增长引擎,汽车行业简评报告：预计9月乘用车出口保持增长 看好海外市场成长为增长引擎
2021-10-12,A股午盘综述：煤炭板块冲高回落，电力、钢铁、燃气、稀土集体调整,A股午盘综述：煤炭板块冲高回落，电力、钢铁、燃气、稀土集体调整
2021-10-12,乘联会：9月乘用车市场零售达158.2万辆，同比下降17.3%,乘联会：9月乘用车市场零售达158.2万辆，同比下降17.3%
2021-10-12,乘联会：9月比亚迪、特斯拉中国等多家厂商批发销量突破万辆,乘联会：9月比亚迪、特斯拉中国等多家厂商批发销量突破万辆
2021-10-12,比亚迪再次夺得新能源汽车冠军宝座，9月销量再创新高达7万辆！,比亚迪再次夺得新能源汽车冠军宝座，9月销量再创新高达7万辆！
2021-10-12,9月汽车市场总体趋冷 新能源车销量逆势同比增长184%,9月汽车市场总体趋冷 新能源车销量逆势同比增长184%
2021-10-12,比亚迪汽车官博：比亚迪勇夺中国新能源乘用车9月销量冠军，再创新高，四个月蝉联销冠,比亚迪汽车官博：比亚迪勇夺中国新能源乘用车9月销量冠军，再创新高，四个月蝉联销冠
2021-10-12,【特约大V】郭家耀：近日升势较急 高位或有整固,【特约大V】郭家耀：近日升势较急 高位或有整固
2021-10-12,中国电动汽车制造商东风小康和比亚迪，涌入日本卡车与客车市场,中国电动汽车制造商东风小康和比亚迪，涌入日本卡车与客车市场
2021-10-13,基础化工行业：六氟磷酸锂景气向上 新型锂盐快速发展,基础化工行业：六氟磷酸锂景气向上 新型锂盐快速发展
2021-10-13,汽车行业月度销量点评：9月销量环比回升 芯片供给压力减弱,汽车行业月度销量点评：9月销量环比回升 芯片供给压力减弱
2021-10-13,A股资金流向（10月13日）：“茅宁”归来，消费、新能源板块携手回暖,A股资金流向（10月13日）：“茅宁”归来，消费、新能源板块携手回暖
2021-10-13,10月13日两市超大账户抢筹的50只个股,10月13日两市超大账户抢筹的50只个股
2021-10-13,9月动力电池装车量TOP10：CATL优势扩大，塔菲尔/欣旺达表现强劲！,9月动力电池装车量TOP10：CATL优势扩大，塔菲尔/欣旺达表现强劲！
2021-10-13,9月吉利零售销量超上汽通用，新能源利好比亚迪成黑马,9月吉利零售销量超上汽通用，新能源利好比亚迪成黑马
2021-10-13,汽车行业周报：缺芯持续 新能源车交付亮眼,汽车行业周报：缺芯持续 新能源车交付亮眼
2021-10-13,A股收盘综述：动力电池、汽车、白酒、光伏板块率先复苏，资金涌入低位价值股,A股收盘综述：动力电池、汽车、白酒、光伏板块率先复苏，资金涌入低位价值股
2021-10-13,比亚迪：董事会谨定于10月28日举行董事会会议,比亚迪：董事会谨定于10月28日举行董事会会议
2021-10-13,聚焦|凶猛“抢锂”，谁是最大赢家？,聚焦|凶猛“抢锂”，谁是最大赢家？
2021-10-13,9月汽车厂商销量榜：上汽大众重回第一 比亚迪挺进国产第三,9月汽车厂商销量榜：上汽大众重回第一 比亚迪挺进国产第三
2021-10-13,数据复盘｜主力资金加仓比亚迪、隆基股份等 龙虎榜机构抢筹17股,数据复盘｜主力资金加仓比亚迪、隆基股份等 龙虎榜机构抢筹17股
2021-10-13,主力资金大幅加仓汽车龙头股，新一轮投资机会来了？,主力资金大幅加仓汽车龙头股，新一轮投资机会来了？
2021-10-13,9月轿车销量榜：特斯拉Model 3、比亚迪秦Plus开始爆发,9月轿车销量榜：特斯拉Model 3、比亚迪秦Plus开始爆发
2021-10-13,国产化数据库正崛起，鲲鹏深耕行业数字化进入核心区,国产化数据库正崛起，鲲鹏深耕行业数字化进入核心区
2021-10-13,汽车行业跟踪点评：9月汽车产销环比改善 新能源车保持强势增长,汽车行业跟踪点评：9月汽车产销环比改善 新能源车保持强势增长
2021-10-13,【车企动态】比亚迪、长城、吉利，孰更技高一筹？,【车企动态】比亚迪、长城、吉利，孰更技高一筹？
2021-10-13,【浙商汽车||王敬】点评报告：重视传统车预期改善的行情,【浙商汽车||王敬】点评报告：重视传统车预期改善的行情
2021-10-13,猛！宁德时代、比亚迪都是大股东，这家锂电池公司成立5年就冲刺IPO,猛！宁德时代、比亚迪都是大股东，这家锂电池公司成立5年就冲刺IPO
2021-10-13,稳如泰山！比亚迪新能源乘用车中国市场月销四连冠达成,稳如泰山！比亚迪新能源乘用车中国市场月销四连冠达成
2021-10-13,两个20%涨停！又见医美大牛股，冷门板块也火了,两个20%涨停！又见医美大牛股，冷门板块也火了
2021-10-13,A股午盘综述：汽车、白酒、教育、光伏复苏，期货剧烈震荡引发煤炭股一度批量跌停,A股午盘综述：汽车、白酒、教育、光伏复苏，期货剧烈震荡引发煤炭股一度批量跌停
2021-10-13,茅台大涨3%，新能车、半导体又火了！千亿巨头狂飙,茅台大涨3%，新能车、半导体又火了！千亿巨头狂飙
2021-10-13,黑色系闪崩，能源股批量跌停！汽车股突然大涨,黑色系闪崩，能源股批量跌停！汽车股突然大涨
2021-10-13,芯片短缺致国内车市连降5个月，新能源车全年销量有望突破300万辆,芯片短缺致国内车市连降5个月，新能源车全年销量有望突破300万辆
2021-10-13,中金公司：汽车零部件板块补库周期将至，新兴需求渐清,中金公司：汽车零部件板块补库周期将至，新兴需求渐清
2021-10-13,9月车企销量TOP10：特斯拉破5万夺亚军 上汽通用五菱跌至第三 盈利能力下降,9月车企销量TOP10：特斯拉破5万夺亚军 上汽通用五菱跌至第三 盈利能力下降
2021-10-13,A股融资融券日报：两融余额减少54.76亿元（10月12日）,A股融资融券日报：两融余额减少54.76亿元（10月12日）
2021-10-13,吉利汽车/创维集团们跨界造车造手机底气何在？,吉利汽车/创维集团们跨界造车造手机底气何在？
2021-10-13,拥有灵魂的比亚迪取得新能源汽车销量第一名！上汽、特斯拉位居二三位,拥有灵魂的比亚迪取得新能源汽车销量第一名！上汽、特斯拉位居二三位
2021-10-13,国内车市连降5个月！新能源车年产销突破200万辆,国内车市连降5个月！新能源车年产销突破200万辆
2021-10-13,比亚迪携手Levo部署5000辆纯电动车，加速美国车队智能电动化,比亚迪携手Levo部署5000辆纯电动车，加速美国车队智能电动化
2021-10-13,比亚迪、亿纬锂能涨超4%，新能源车ETF（159806）涨逾2%,比亚迪、亿纬锂能涨超4%，新能源车ETF（159806）涨逾2%
2021-10-13,汽车行业9月汽车产销分析：芯片短缺略有缓解 产销环比呈正增长,汽车行业9月汽车产销分析：芯片短缺略有缓解 产销环比呈正增长
2021-10-13,和胜股份：公司主营业务聚焦3C产业和新能源汽车两大产业领域,和胜股份：公司主营业务聚焦3C产业和新能源汽车两大产业领域
2021-10-13,和胜股份：公司为宁德时代、比亚迪提供电池托盘等,和胜股份：公司为宁德时代、比亚迪提供电池托盘等
2021-10-13,煤电不香改“喝酒”？一板块多股“20cm”涨停,煤电不香改“喝酒”？一板块多股“20cm”涨停
2021-10-13,国产新能源车企9月纷纷创新高 新能源车型替代加速,国产新能源车企9月纷纷创新高 新能源车型替代加速
2021-10-13,9月底新能源车销售渗透率扩至20.4% 蔚来（NIO.US）小鹏（09868）月交付量均超1万辆,9月底新能源车销售渗透率扩至20.4% 蔚来（NIO.US）小鹏（09868）月交付量均超1万辆
2021-10-13,长城汽车拟收购日产巴塞罗那工厂，全球化战略提速,长城汽车拟收购日产巴塞罗那工厂，全球化战略提速
2021-10-13,9月新能源车销量同比增长近3倍！比亚迪最新产销数据亮眼,9月新能源车销量同比增长近3倍！比亚迪最新产销数据亮眼
2021-10-13,汽车行业点评报告：9月批发环比+15% 芯片改善幅度超预期,汽车行业点评报告：9月批发环比+15% 芯片改善幅度超预期
2021-10-13,盐湖提锂板块大幅反弹，贤丰控股涨停、比亚迪涨超5%,盐湖提锂板块大幅反弹，贤丰控股涨停、比亚迪涨超5%
2021-10-13,诺力股份两日公布三单合同 宁德时代、亿纬锂能等锂电扩产或将持续带来新订单,诺力股份两日公布三单合同 宁德时代、亿纬锂能等锂电扩产或将持续带来新订单
2021-10-14,陕西新能源汽车产量同比增长254.5% 高于全国65个百分点,陕西新能源汽车产量同比增长254.5% 高于全国65个百分点
2021-10-14,车企加紧自组新能源汽车供应链 布局锂资源,车企加紧自组新能源汽车供应链 布局锂资源
2021-10-14,新款吉利星越L申报图曝光，向着比亚迪DM-i发起挑战！,新款吉利星越L申报图曝光，向着比亚迪DM-i发起挑战！
2021-10-14,西安峰会·车企自荐案例|比亚迪×张朝阳一天只睡4小时合作项目,西安峰会·车企自荐案例|比亚迪×张朝阳一天只睡4小时合作项目
2021-10-14,OPPO 为比亚迪、理想汽车等厂商推出车控功能，手表即可开车门,OPPO 为比亚迪、理想汽车等厂商推出车控功能，手表即可开车门
2021-10-14,比亚迪全新轿车F5无伪实车亮相 搭DM-i超级混动系统,比亚迪全新轿车F5无伪实车亮相 搭DM-i超级混动系统
2021-10-14,持续夯实核心业务 盾安环境预计前三季度盈利超3亿元,持续夯实核心业务 盾安环境预计前三季度盈利超3亿元
2021-10-14,西安峰会参会嘉宾|李云飞-比亚迪品牌及公关事业部总经理,西安峰会参会嘉宾|李云飞-比亚迪品牌及公关事业部总经理
2021-10-14,新能源汽车大爆发背后，谁将是下一个万亿级赛道？,新能源汽车大爆发背后，谁将是下一个万亿级赛道？
2021-10-14,海量正版内容提升用户体验 酷狗赋能车载音乐场景,海量正版内容提升用户体验 酷狗赋能车载音乐场景
2021-10-14,9月SUV销量榜大变化：特斯拉跃居S第一，比亚迪宋取得傲人成绩,9月SUV销量榜大变化：特斯拉跃居S第一，比亚迪宋取得傲人成绩
2021-10-14,主业发展入佳境 盾安环境预计前三季度盈利3亿元-3.5亿元 同比扭亏,主业发展入佳境 盾安环境预计前三季度盈利3亿元-3.5亿元 同比扭亏
2021-10-14,“金九”失约，新能源市场却笑开花？,“金九”失约，新能源市场却笑开花？
2021-10-14,新能源汽车行业：9月产销环比大增 磷酸铁锂渗透率屡创新高,新能源汽车行业：9月产销环比大增 磷酸铁锂渗透率屡创新高
2021-10-14,比亚迪纯电动巴士成为第26届联合国气候大会官方接驳车,比亚迪纯电动巴士成为第26届联合国气候大会官方接驳车
2021-10-14,新能源车：9月销量环比持续增长 行业高景气趋势不变,新能源车：9月销量环比持续增长 行业高景气趋势不变
2021-10-14,9月轿车销量榜出炉：日产轩逸稳坐销冠位置，比亚迪秦销量再创新高,9月轿车销量榜出炉：日产轩逸稳坐销冠位置，比亚迪秦销量再创新高
2021-10-14,9月车企销量TOP 10:上汽大众再夺冠，日系仅剩一席,9月车企销量TOP 10:上汽大众再夺冠，日系仅剩一席
2021-10-14,9月SUV销量迎来大变局！特斯拉ModelY反超哈弗H6，比亚迪宋异军突起,9月SUV销量迎来大变局！特斯拉ModelY反超哈弗H6，比亚迪宋异军突起
2021-10-14,宁德时代坐稳动力电池“一哥”！特斯拉“王者归来”？,宁德时代坐稳动力电池“一哥”！特斯拉“王者归来”？
2021-10-14,349批汽车公告：磷酸铁锂电池占据绝对优势，智能汽车申报数量下降,349批汽车公告：磷酸铁锂电池占据绝对优势，智能汽车申报数量下降
2021-10-14,飞度就是穷人的自 high？,飞度就是穷人的自 high？
2021-10-14,7.99 万就能买到的旗舰级 SUV，除了 TA 还有谁？,7.99 万就能买到的旗舰级 SUV，除了 TA 还有谁？
2021-10-14,比亚迪储能荣获“2021中国国际光储充大会”两项大奖,比亚迪储能荣获“2021中国国际光储充大会”两项大奖
2021-10-14,走下万亿“神坛”，A股成交骤降藏何玄机,走下万亿“神坛”，A股成交骤降藏何玄机
2021-10-14,一汽解放董事长、党委书记胡汉杰：做好汽车“新四化”必答题 加快商用车新能源转型步伐,一汽解放董事长、党委书记胡汉杰：做好汽车“新四化”必答题 加快商用车新能源转型步伐
2021-10-14,"百万辆近在咫尺,自主三强下月能否携手撞线?","百万辆近在咫尺,自主三强下月能否携手撞线?"
2021-10-14,第三代半导体“勘误”：比亚迪与斯达半导们的红与黑,第三代半导体“勘误”：比亚迪与斯达半导们的红与黑
2021-10-14,【中原锂电池】锂电池行业月报：销量持续倍增，短期适度关注,【中原锂电池】锂电池行业月报：销量持续倍增，短期适度关注
2021-10-14,9月自主车企表现亮眼 吉利零售销量超上汽通用,9月自主车企表现亮眼 吉利零售销量超上汽通用
2021-10-14,内卷下的自主四强：比亚迪会是最后赢家吗？,内卷下的自主四强：比亚迪会是最后赢家吗？
2021-10-14,每日理财观察：公募基金参与北交所投资蓄势待发,每日理财观察：公募基金参与北交所投资蓄势待发
2021-10-14,豪华品牌才保值？来看最新出炉的二手车保值率报告！,豪华品牌才保值？来看最新出炉的二手车保值率报告！
2021-10-14,A股早报2021年10月14日星期四,A股早报2021年10月14日星期四
2021-10-14,国产“九巨头”9月销量排行榜：红旗破20万，比亚迪再称王？,国产“九巨头”9月销量排行榜：红旗破20万，比亚迪再称王？
2021-10-14,A股融资融券日报：两融余额减少5.34亿元（10月13日）,A股融资融券日报：两融余额减少5.34亿元（10月13日）
2021-10-14,比亚迪、京东方A等9股获融资净买入超亿元,比亚迪、京东方A等9股获融资净买入超亿元
2021-10-14,汽车行业：“金九”成色不足 “银十”渐入佳境,汽车行业：“金九”成色不足 “银十”渐入佳境
2021-10-14,杠杆资金重仓股曝光 比亚迪居首,杠杆资金重仓股曝光 比亚迪居首
2021-10-15,花旗：料汽车股重估势头持续到11月底 首选吉利、比亚迪等四股,花旗：料汽车股重估势头持续到11月底 首选吉利、比亚迪等四股
2021-10-15,比亚迪异军突出，新晋“四强”！销量冠军最终花落谁家？,比亚迪异军突出，新晋“四强”！销量冠军最终花落谁家？
2021-10-15,新材料商德邦科技拟赴科创板：大基金加持 供货比亚迪、宁德时代等大客户,新材料商德邦科技拟赴科创板：大基金加持 供货比亚迪、宁德时代等大客户
2021-10-15,黄奇帆重磅发言：今后15年中国5个新的战略路径变化,黄奇帆重磅发言：今后15年中国5个新的战略路径变化
2021-10-15,A股资金流向（10月15日）：“锂光芯”全线上扬，医疗龙头闪崩频现,A股资金流向（10月15日）：“锂光芯”全线上扬，医疗龙头闪崩频现
2021-10-15,南向资金今日净买入2.07亿港元 比亚迪获净买入3.7亿港元,南向资金今日净买入2.07亿港元 比亚迪获净买入3.7亿港元
2021-10-15,“同归于尽”自曝违规，刚刚“认怂”！互联网大佬宣布辞职,“同归于尽”自曝违规，刚刚“认怂”！互联网大佬宣布辞职
2021-10-15,新能源汽车行业跟踪报告：动力电池产装两旺 磷酸铁锂装机渗透近六成,新能源汽车行业跟踪报告：动力电池产装两旺 磷酸铁锂装机渗透近六成
2021-10-15,数据复盘｜50股获主力加仓超亿元 北向资金抢筹宁德时代、隆基股份等,数据复盘｜50股获主力加仓超亿元 北向资金抢筹宁德时代、隆基股份等
2021-10-15,汽车行业月报：“缺芯”最严重时刻已过 四季度行业复苏可期,汽车行业月报：“缺芯”最严重时刻已过 四季度行业复苏可期
2021-10-15,新能源车环比继续两位数增长，铁锂有望扩大份额优势——国内新能源车月度数据点评,新能源车环比继续两位数增长，铁锂有望扩大份额优势——国内新能源车月度数据点评
2021-10-15,和胜股份三季度业绩环比大增132%，成为比亚迪、宁德时代供应商,和胜股份三季度业绩环比大增132%，成为比亚迪、宁德时代供应商
2021-10-15,汽车销量动态分析：金秋十月 传统销售旺季到来,汽车销量动态分析：金秋十月 传统销售旺季到来
2021-10-15,德赛西威前三季度业绩预告点评：缺芯不改利润增长，IPU04域控制器成功面世【国信汽车】,德赛西威前三季度业绩预告点评：缺芯不改利润增长，IPU04域控制器成功面世【国信汽车】
2021-10-15,9月新能源汽车企业/车型销量一览：比亚迪以69818辆的优势蝉联榜首！,9月新能源汽车企业/车型销量一览：比亚迪以69818辆的优势蝉联榜首！
2021-10-15,万亿“宁王”归来，一度涨超7%！千亿市场彻底火了,万亿“宁王”归来，一度涨超7%！千亿市场彻底火了
2021-10-15,又暴涨！9 月新能源车型销量榜单来了,又暴涨！9 月新能源车型销量榜单来了
2021-10-15,新款比亚迪唐 EV 谍照曝光汉同款前脸,新款比亚迪唐 EV 谍照曝光汉同款前脸
2021-10-15,A股融资融券日报：两融余额增加24.67亿元（10月14日）,A股融资融券日报：两融余额增加24.67亿元（10月14日）
2021-10-15,锂电池原材料价格暴涨！动力电池未来产业发展将会如何？,锂电池原材料价格暴涨！动力电池未来产业发展将会如何？
2021-10-15,2021年9月国内新能源车销量点评：产销再创新高 上调全年销量预期至320万辆+,2021年9月国内新能源车销量点评：产销再创新高 上调全年销量预期至320万辆+
2021-10-15,【行情】比亚迪港股日内涨幅达6.4%，创9月6日以来最大涨幅,【行情】比亚迪港股日内涨幅达6.4%，创9月6日以来最大涨幅
2021-10-15,助力零碳出行 比亚迪电动巴士成为第二十六届联合国气候大会官方接驳车,助力零碳出行 比亚迪电动巴士成为第二十六届联合国气候大会官方接驳车
2021-10-15,【行情】锂电池板块大幅拉升，杉杉股份涨超9%，新宙邦涨超8%，宁德时代涨超7%，比亚迪涨超4%,【行情】锂电池板块大幅拉升，杉杉股份涨超9%，新宙邦涨超8%，宁德时代涨超7%，比亚迪涨超4%
2021-10-15,和胜股份6天2板，与比亚迪合作刀片电池已经批量供货,和胜股份6天2板，与比亚迪合作刀片电池已经批量供货
2021-10-15,9月轿车销量：轩逸再次夺冠，特斯拉第四，比亚迪全线逆势上涨,9月轿车销量：轩逸再次夺冠，特斯拉第四，比亚迪全线逆势上涨
2021-10-15,大举旗帜进军郑州，比亚迪的野心究竟有多大？,大举旗帜进军郑州，比亚迪的野心究竟有多大？
2021-10-15,刺激！半导体突然爆发：最牛7个一字涨停！宁德时代狂飙8%！千亿白马又跌停，预增11倍大牛股竟然跌停，航运茅蒸发千亿，发生了什么？,刺激！半导体突然爆发：最牛7个一字涨停！宁德时代狂飙8%！千亿白马又跌停，预增11倍大牛股竟然跌停，航运茅蒸发千亿，发生了什么？
2021-10-15,半导体爆发：最牛7个一字涨停！各种“茅”却崩了,半导体爆发：最牛7个一字涨停！各种“茅”却崩了
2021-10-15,宁德时代、比亚迪并驾齐驱，动力电池板块连续拉升,宁德时代、比亚迪并驾齐驱，动力电池板块连续拉升
2021-10-16,售价 15.18 万元 比亚迪 D1 上市 网约车专用,售价 15.18 万元 比亚迪 D1 上市 网约车专用
2021-10-16,全球第二大工业铝材商出现严重经营困难，众多A股公司是其客户 经营问题,全球第二大工业铝材商出现严重经营困难，众多A股公司是其客户 经营问题
2021-10-16,抄底阿里，巴菲特的老搭档芒格能复制比亚迪的神话吗？,抄底阿里，巴菲特的老搭档芒格能复制比亚迪的神话吗？
2021-10-16,续航和配置都要，30 万纯电 SUV 选谁更合适？,续航和配置都要，30 万纯电 SUV 选谁更合适？
2021-10-16,中国可持续交通技术创新增益全球绿色复苏,中国可持续交通技术创新增益全球绿色复苏
2021-10-16,省油和性能兼得的高颜值 SUV 解析比亚迪宋 PLUS DM-i,省油和性能兼得的高颜值 SUV 解析比亚迪宋 PLUS DM-i
2021-10-16,金九不金？新能源车企谁能把握住今年的风口？,金九不金？新能源车企谁能把握住今年的风口？
2021-10-16,新能源车板块分化，高估值能否持续？还能买吗？投资要注意什么？专家独家解答→,新能源车板块分化，高估值能否持续？还能买吗？投资要注意什么？专家独家解答→
2021-10-16,贵州茅台ESG遭MSCI“减分”侧影：多公募责任主题基金重仓，折射价值理念仍有分歧,贵州茅台ESG遭MSCI“减分”侧影：多公募责任主题基金重仓，折射价值理念仍有分歧
2021-10-17,特斯拉力压丰田大众，前十有三款国产车，9 月轿车销量排行榜出炉,特斯拉力压丰田大众，前十有三款国产车，9 月轿车销量排行榜出炉
2021-10-17,汽车行业周报：9月整体批发环比+15% 看好自主崛起,汽车行业周报：9月整体批发环比+15% 看好自主崛起
2021-10-17,金属新材料高频数据周报：无锡电子盘电碳价格破20万元每吨 10月主流电池厂排产环比增加9.6%,金属新材料高频数据周报：无锡电子盘电碳价格破20万元每吨 10月主流电池厂排产环比增加9.6%
2021-10-17,聚焦老主业开辟新市场 盾安环境前三季度业绩预计扭亏为盈,聚焦老主业开辟新市场 盾安环境前三季度业绩预计扭亏为盈
2021-10-17,【国金电新&汽车】电价市场化令风光储发展如虎添翼；电车开启Q4抢装，整车及零部件基本面拐点确立；龙头引领绿氢市场起步。,【国金电新&汽车】电价市场化令风光储发展如虎添翼；电车开启Q4抢装，整车及零部件基本面拐点确立；龙头引领绿氢市场起步。
2021-10-18,2021年中国电动汽车用电机市场竞争现状及发展趋势分析 预计车企电机配套自主性提升,2021年中国电动汽车用电机市场竞争现状及发展趋势分析 预计车企电机配套自主性提升
2021-10-18,赢合科技：公司今年以来合作的主要客户包括宁德时代、蜂巢能源、亿纬锂能、珠海冠宇、比亚迪、LG新能源等国内外一流电池企业,赢合科技：公司今年以来合作的主要客户包括宁德时代、蜂巢能源、亿纬锂能、珠海冠宇、比亚迪、LG新能源等国内外一流电池企业
2021-10-18,广汽本田皓影锐混动e+上市：免税挂绿牌 24.78万起,广汽本田皓影锐混动e+上市：免税挂绿牌 24.78万起
2021-10-18,九月集体销量再遭“滑铁卢”，日系车在国内的“好日子”也快到头了？ 盈利能力下降,九月集体销量再遭“滑铁卢”，日系车在国内的“好日子”也快到头了？ 盈利能力下降
2021-10-18,销量飙升vs缺芯 比亚迪新车交付周期大幅拉长,销量飙升vs缺芯 比亚迪新车交付周期大幅拉长
2021-10-18,汇北川完成1亿元A轮融资，指数资本担任独家财务顾问,汇北川完成1亿元A轮融资，指数资本担任独家财务顾问
2021-10-18,深度*行业*电力设备与新能源行业10月第2周周报：国常会部署缓解电荒,深度*行业*电力设备与新能源行业10月第2周周报：国常会部署缓解电荒
2021-10-18,重磅！首批MSCI中国A50互联互通ETF获批,重磅！首批MSCI中国A50互联互通ETF获批
2021-10-18,9月汽车销量TOP15变化大：BBA均落榜，丰田全军覆没，比亚迪宋继续提升！,9月汽车销量TOP15变化大：BBA均落榜，丰田全军覆没，比亚迪宋继续提升！
2021-10-18,比亚迪会是投资中大概率正确的事吗？,比亚迪会是投资中大概率正确的事吗？
2021-10-18,华安鑫创：公司与比亚迪的合作领域包括车载中控和液晶仪表显示模组的供应及UI设计开发,华安鑫创：公司与比亚迪的合作领域包括车载中控和液晶仪表显示模组的供应及UI设计开发
2021-10-18,郭台铭亲自驾车入场 富士康和比亚迪的竞争从代工延伸到汽车,郭台铭亲自驾车入场 富士康和比亚迪的竞争从代工延伸到汽车
2021-10-18,首批MSCI中国A50互联互通ETF获批，大白马将迎增量资金,首批MSCI中国A50互联互通ETF获批，大白马将迎增量资金
2021-10-18,电气设备行业周报：市场主线将回归长期成长 进一步关注后周期,电气设备行业周报：市场主线将回归长期成长 进一步关注后周期
2021-10-18,来了！比亚迪第9大电池生产基地！,来了！比亚迪第9大电池生产基地！
2021-10-18,汽车行业周报：9月产销好于预期 新能源渗透率持续提升,汽车行业周报：9月产销好于预期 新能源渗透率持续提升
2021-10-18,“芯荒”之下，自主品牌在新能源和豪华车市场加速超车,“芯荒”之下，自主品牌在新能源和豪华车市场加速超车
2021-10-18,利檀投资陈昊扬：锂电龙头高估值难以持续，港股迎“10年一遇”抄底机会,利檀投资陈昊扬：锂电龙头高估值难以持续，港股迎“10年一遇”抄底机会
2021-10-18,花数百亿抢锂囤磷，“宁王”真可以高枕无忧？,花数百亿抢锂囤磷，“宁王”真可以高枕无忧？
2021-10-18,浙商机械 邱世梁‖王华君【锂电设备】锂电设备持续力推：9月电动车销量大增，LG能源重启IPO,浙商机械 邱世梁‖王华君【锂电设备】锂电设备持续力推：9月电动车销量大增，LG能源重启IPO
2021-10-18,比亚迪PK特斯拉：谁能成为中国“街头霸王”？,比亚迪PK特斯拉：谁能成为中国“街头霸王”？
2021-10-18,汽车行业周报：9月汽车产销环比改善 布局零部件正当时,汽车行业周报：9月汽车产销环比改善 布局零部件正当时
2021-10-18,首批MSCI中国A50ETF获批，4家基金火速尝鲜！,首批MSCI中国A50ETF获批，4家基金火速尝鲜！
2021-10-18,宁德时代等要警醒！美国将在新能源赛道阻击中国,宁德时代等要警醒！美国将在新能源赛道阻击中国
2021-10-18,MSCI再推重磅A股指数，海外资金加速布局A股龙头,MSCI再推重磅A股指数，海外资金加速布局A股龙头
2021-10-18,65年，130届！广交会从未间断，还不断“上新”,65年，130届！广交会从未间断，还不断“上新”
2021-10-18,"9月SUV销量""五连降"" 新能源""新贵""涌现榜单 盈利能力下降","9月SUV销量""五连降"" 新能源""新贵""涌现榜单 盈利能力下降"
2021-10-18,今天首只香港A股指数期货开始交易，对A股有何影响？,今天首只香港A股指数期货开始交易，对A股有何影响？
2021-10-18,汽车周报：国产崛起+缺芯反转共振 汽车零部件迎配置良机,汽车周报：国产崛起+缺芯反转共振 汽车零部件迎配置良机
2021-10-18,广和通(300638)：业绩延续高增长 车载模组龙头冉冉升起,广和通(300638)：业绩延续高增长 车载模组龙头冉冉升起
2021-10-18,40公顷！比亚迪新电池基地来了！,40公顷！比亚迪新电池基地来了！
2021-10-18,亿航智能展示自动驾驶空中交通解决方案,亿航智能展示自动驾驶空中交通解决方案
2021-10-18,【东吴电新】 电动车9月销量点评：国内销量大超预期，自主车企稳步增长，车型向多元化发展,【东吴电新】 电动车9月销量点评：国内销量大超预期，自主车企稳步增长，车型向多元化发展
2021-10-18,A股融资融券日报：两融余额减少36.07亿元（10月15日）,A股融资融券日报：两融余额减少36.07亿元（10月15日）
2021-10-18,融捷股份与比亚迪累计签订多份销售合同 涉资5.09亿元,融捷股份与比亚迪累计签订多份销售合同 涉资5.09亿元
2021-10-18,辣评9月新能源车企丨多个品牌吃到微型电动车发展红利 蔚小理仅理想月销不破万,辣评9月新能源车企丨多个品牌吃到微型电动车发展红利 蔚小理仅理想月销不破万
2021-10-18,9月新能源榜：特斯拉单一车型强势，比亚迪全线热销,9月新能源榜：特斯拉单一车型强势，比亚迪全线热销
2021-10-18,宁德时代行至“泥沼”,宁德时代行至“泥沼”
2021-10-18,特斯拉起诉多位车主，中国消费者为何还在热烈追捧特斯拉？ 诉讼纠纷,特斯拉起诉多位车主，中国消费者为何还在热烈追捧特斯拉？ 诉讼纠纷
2021-10-18,9月SUV销量榜：特斯拉ModelY成为销冠，比亚迪宋持续稳定增长,9月SUV销量榜：特斯拉ModelY成为销冠，比亚迪宋持续稳定增长
2021-10-18,9月自主三强破十万 新能源利好比亚迪成黑马,9月自主三强破十万 新能源利好比亚迪成黑马
2021-10-18,比亚迪2.42亿拿下深圳工业用地 拟打造汽车工业园（深汕）项目,比亚迪2.42亿拿下深圳工业用地 拟打造汽车工业园（深汕）项目
2021-10-18,汽车行业周报：9月新能源乘用车国内零售渗透率21.1%,汽车行业周报：9月新能源乘用车国内零售渗透率21.1%
2021-10-18,越来越多上市公司捡起VC/PE这杆枪,越来越多上市公司捡起VC/PE这杆枪
2021-10-18,吉利混动擅自“封神”引热议！网友：比亚迪、长城混动算啥,吉利混动擅自“封神”引热议！网友：比亚迪、长城混动算啥
2021-10-18,大众终于反攻了，新能源车“大卖”，下一目标是比亚迪？,大众终于反攻了，新能源车“大卖”，下一目标是比亚迪？
2021-10-18,融资丨新能源汽车核心电子零部件供应商「汇北川」获1亿元A轮融资，和利资本领投,融资丨新能源汽车核心电子零部件供应商「汇北川」获1亿元A轮融资，和利资本领投
2021-10-19,广东区域股市周报：板块总市值涨268亿 贤丰控股涨29.91%涨幅第一,广东区域股市周报：板块总市值涨268亿 贤丰控股涨29.91%涨幅第一
2021-10-19,218亿！世界第一大汽车巨头建立首个美国电池工厂,218亿！世界第一大汽车巨头建立首个美国电池工厂
2021-10-19,汽车行业简评报告：积极参与补库行情,汽车行业简评报告：积极参与补库行情
2021-10-19,9 月车卖得最多的 10 家车企，吉利再赢长安当大哥，丰田跌出前十,9 月车卖得最多的 10 家车企，吉利再赢长安当大哥，丰田跌出前十
2021-10-19,数百款新能源车型拟不再减免车船税及购置税！含理想ONE等,数百款新能源车型拟不再减免车船税及购置税！含理想ONE等
2021-10-19,华为一鸣惊人！万亿赛道爆发在即，该买什么？,华为一鸣惊人！万亿赛道爆发在即，该买什么？
2021-10-19,同级音响天花板居然是比亚迪，只卖八千,同级音响天花板居然是比亚迪，只卖八千
2021-10-19,上海证券：给予比亚迪买入评级,上海证券：给予比亚迪买入评级
2021-10-19,华阳集团：公司汽车电子、精密压铸业务与比亚迪均有业务合作,华阳集团：公司汽车电子、精密压铸业务与比亚迪均有业务合作
2021-10-19,比亚迪慈善基金会携手宁泉资产启动云南蒙自助学项目,比亚迪慈善基金会携手宁泉资产启动云南蒙自助学项目
2021-10-19,小米汽车将在2024年正式量产，将会与比亚迪、一汽擦出怎样的火花？,小米汽车将在2024年正式量产，将会与比亚迪、一汽擦出怎样的火花？
2021-10-19,泉峰汽车(603982)：扣非环比增长27% 新增产能于Q4释放,泉峰汽车(603982)：扣非环比增长27% 新增产能于Q4释放
2021-10-19,9月新能源车终端销量榜：Model Y暴涨夺亚军 宋PLUS DM-i跻身前五,9月新能源车终端销量榜：Model Y暴涨夺亚军 宋PLUS DM-i跻身前五
2021-10-19,比亚迪慈善基金会携手宁泉资产在云南蒙自启动“班班有个图书角”公益助学项目,比亚迪慈善基金会携手宁泉资产在云南蒙自启动“班班有个图书角”公益助学项目
2021-10-19,争夺战升温：动力电池出海的危与机,争夺战升温：动力电池出海的危与机
2021-10-19,引爆1.2万亿赛道？华为出击，超级赛道提前大涨,引爆1.2万亿赛道？华为出击，超级赛道提前大涨
2021-10-19,A股融资融券日报：两融余额增加74.53亿元（10月18日）,A股融资融券日报：两融余额增加74.53亿元（10月18日）
2021-10-19,明年卖车150万辆！比亚迪或跻身四强，自主品牌头部阵营很可能将迎来变革,明年卖车150万辆！比亚迪或跻身四强，自主品牌头部阵营很可能将迎来变革
2021-10-19,中金：9月经济数据解读与资产配置,中金：9月经济数据解读与资产配置
2021-10-19,比亚迪40公顷电池基地落户山东济南,比亚迪40公顷电池基地落户山东济南
2021-10-19,9月交强险数据深度分析：一线城市新能源渗透率表现亮眼【安信汽车】,9月交强险数据深度分析：一线城市新能源渗透率表现亮眼【安信汽车】
2021-10-19,盐湖股份：目前盐湖比亚迪3万吨电池级碳酸锂项目相关工艺技术正在进行中试,盐湖股份：目前盐湖比亚迪3万吨电池级碳酸锂项目相关工艺技术正在进行中试
2021-10-19,【行情】汽车整车板块持续走高，小康股份涨近6%，汉马科技、长城汽车、比亚迪跟涨,【行情】汽车整车板块持续走高，小康股份涨近6%，汉马科技、长城汽车、比亚迪跟涨
2021-10-20,【要闻回顾】牙博士冲刺港股 猿辅导投资服饰转型卖羽绒服,【要闻回顾】牙博士冲刺港股 猿辅导投资服饰转型卖羽绒服
2021-10-20,北向资金两日净买入80亿，连续五日加仓宁德时代,北向资金两日净买入80亿，连续五日加仓宁德时代
2021-10-20,易方达MSCI中国A50互联互通ETF投资价值分析：一键均衡布局A股核心资产,易方达MSCI中国A50互联互通ETF投资价值分析：一键均衡布局A股核心资产
2021-10-20,双环传动(002472)：开拓全球新能源汽车市场 彰显硬实力,双环传动(002472)：开拓全球新能源汽车市场 彰显硬实力
2021-10-20,1300MWh！华为斩获全球最大储能项目！,1300MWh！华为斩获全球最大储能项目！
2021-10-20,四川路桥拟引能投集团和比亚迪为战投 三方将联手拓路锂电产业,四川路桥拟引能投集团和比亚迪为战投 三方将联手拓路锂电产业
2021-10-20,比亚迪、华为相继拿地，深圳再次证明“只要是符合产业方向的优质项目，一定有地可落”,比亚迪、华为相继拿地，深圳再次证明“只要是符合产业方向的优质项目，一定有地可落”
2021-10-20,四川路桥(600039.SH)：拟通过定增引入战略投资者能投集团、比亚迪等,四川路桥(600039.SH)：拟通过定增引入战略投资者能投集团、比亚迪等
2021-10-20,四川路桥(600039.SH)拟收购交通基础设施建设资产 定增引入能投集团、比亚迪作为战投,四川路桥(600039.SH)拟收购交通基础设施建设资产 定增引入能投集团、比亚迪作为战投
2021-10-20,安利股份(300218)：成本施压短期业绩 高端产能助推长期业绩释放,安利股份(300218)：成本施压短期业绩 高端产能助推长期业绩释放
2021-10-20,南欧市场捷报频传 西班牙意大利两市首迎比亚迪纯电动大巴,南欧市场捷报频传 西班牙意大利两市首迎比亚迪纯电动大巴
2021-10-20,四川路桥：拟通过非公开发行股票引入能投集团、比亚迪作为战略投资者,四川路桥：拟通过非公开发行股票引入能投集团、比亚迪作为战略投资者
2021-10-20,宝明科技：公司有与小米建立合作关系,宝明科技：公司有与小米建立合作关系
2021-10-20,比亚迪1211｜获港交所同意分拆半导体子公司深圳上市 | 头条金融网,比亚迪1211｜获港交所同意分拆半导体子公司深圳上市 | 头条金融网
2021-10-20,比亚迪国内首批纯电动铰接车投运宜昌，最大续航可达 500 公里,比亚迪国内首批纯电动铰接车投运宜昌，最大续航可达 500 公里
2021-10-20,A股收盘综述：“煤超风”迎来强监管、兖煤等跌停，电力股逆市大面积涨停,A股收盘综述：“煤超风”迎来强监管、兖煤等跌停，电力股逆市大面积涨停
2021-10-20,2021“中国汽车工业科学技术奖”名单出炉 比亚迪获唯一大奖 蔚来上榜,2021“中国汽车工业科学技术奖”名单出炉 比亚迪获唯一大奖 蔚来上榜
2021-10-20,【中原汽车】汽车行业深度分析：2021中报总结：大宗上涨扰动有限，重视“量”对盈利的拉动,【中原汽车】汽车行业深度分析：2021中报总结：大宗上涨扰动有限，重视“量”对盈利的拉动
2021-10-20,富士康能否凭量产电动车拿到苹果汽车的订单？,富士康能否凭量产电动车拿到苹果汽车的订单？
2021-10-20,9月车企排名大洗牌，上汽大众重回王座，丰田系跌出前十,9月车企排名大洗牌，上汽大众重回王座，丰田系跌出前十
2021-10-20,凌云股份：公司向比亚迪汽车供应轻量化安全结构产品、热成型产品和汽车管路,凌云股份：公司向比亚迪汽车供应轻量化安全结构产品、热成型产品和汽车管路
2021-10-20,凯中精密业绩变脸三季度盈转亏超2716万 拟推员工持股计划实控人夫妇却接连减持 拟减持股份,凯中精密业绩变脸三季度盈转亏超2716万 拟推员工持股计划实控人夫妇却接连减持 拟减持股份
2021-10-20,宁德时代、比亚迪、特拉斯“跨界”抢锂，全球锂矿资源争夺战加剧,宁德时代、比亚迪、特拉斯“跨界”抢锂，全球锂矿资源争夺战加剧
2021-10-20,A股午盘综述：电力、锂、汽车板块携手护盘，限价引发煤炭板块大调整,A股午盘综述：电力、锂、汽车板块携手护盘，限价引发煤炭板块大调整
2021-10-20,新能源汽车产业链行业周报(10月第3周)：9月新能源汽车产销创新高 乘用车渗透率近两成,新能源汽车产业链行业周报(10月第3周)：9月新能源汽车产销创新高 乘用车渗透率近两成
2021-10-20,长安汽车冲击涨停，汽车板块午后继续拉升,长安汽车冲击涨停，汽车板块午后继续拉升
2021-10-20,A股融资融券日报：两融余额增加48.77亿元（10月19日）,A股融资融券日报：两融余额增加48.77亿元（10月19日）
2021-10-21,辣评9月自主车企品牌销量 | “缺芯”致“金九”成色不足 自主品牌势不可挡,辣评9月自主车企品牌销量 | “缺芯”致“金九”成色不足 自主品牌势不可挡
2021-10-21,A股资金流向（10月21日）：新能源板块显露疲态，资金避高就低流入大金融龙头,A股资金流向（10月21日）：新能源板块显露疲态，资金避高就低流入大金融龙头
2021-10-21,贯穿尾灯酷似汉！比亚迪F5最新实车谍照曝光：DM-i插电混动系统,贯穿尾灯酷似汉！比亚迪F5最新实车谍照曝光：DM-i插电混动系统
2021-10-21,北向资金持续加仓三日抢购A股超180亿，中国平安获大幅净买入超10亿,北向资金持续加仓三日抢购A股超180亿，中国平安获大幅净买入超10亿
2021-10-21,车市月观察丨9月自主品牌：份额上升至46.9%,车市月观察丨9月自主品牌：份额上升至46.9%
2021-10-21,9月十大城市终端销量榜：上海破2.5万辆霸榜 杭州成都首破万辆,9月十大城市终端销量榜：上海破2.5万辆霸榜 杭州成都首破万辆
2021-10-21,四川路桥(600039)：工程业务重组、员工激励草案发布以及重磅战投引入 “1+3”战略加速推进,四川路桥(600039)：工程业务重组、员工激励草案发布以及重磅战投引入 “1+3”战略加速推进
2021-10-21,特斯拉宣布全球范围内采用磷酸铁锂电池,特斯拉宣布全球范围内采用磷酸铁锂电池
2021-10-21,特斯拉全球范围采用磷酸铁锂电池，宁德时代和比亚迪或将得利！,特斯拉全球范围采用磷酸铁锂电池，宁德时代和比亚迪或将得利！
2021-10-21,数据解放生产力——琰究摩托车数据系列（2021年9月）【华西汽车 崔琰团队】,数据解放生产力——琰究摩托车数据系列（2021年9月）【华西汽车 崔琰团队】
2021-10-21,下游扩产拉动锂电设备需求 杭可科技拟13.37亿元加码产能,下游扩产拉动锂电设备需求 杭可科技拟13.37亿元加码产能
2021-10-21,从首三季度销量看汽车行业：行业分化，新能源车企赚翻天,从首三季度销量看汽车行业：行业分化，新能源车企赚翻天
2021-10-21,定增购买交建资产 引入比亚迪等战投 四川路桥复牌“一”字涨停,定增购买交建资产 引入比亚迪等战投 四川路桥复牌“一”字涨停
2021-10-21,比亚迪获深股通连续3日净买入 累计净买入6.98亿元,比亚迪获深股通连续3日净买入 累计净买入6.98亿元
2021-10-21,拟定增引入比亚迪、能投集团为战投，共拓能源板块，四川路桥复牌涨停,拟定增引入比亚迪、能投集团为战投，共拓能源板块，四川路桥复牌涨停
2021-10-21,9月乘用车量-库-价深度：产批零表现超预期，芯片缓解加速,9月乘用车量-库-价深度：产批零表现超预期，芯片缓解加速
2021-10-21,智能电动汽车10月策略：华为产业链持续推进，看好自主崛起,智能电动汽车10月策略：华为产业链持续推进，看好自主崛起
2021-10-21,四川路桥重大事项点评：工程业务重组、员工激励草案发布以及重磅战投引入，“1+3”战略加速推进,四川路桥重大事项点评：工程业务重组、员工激励草案发布以及重磅战投引入，“1+3”战略加速推进
2021-10-21,汽车芯片“黑市”：价格飙涨数百倍，“芯荒”至暗时刻还要多久？,汽车芯片“黑市”：价格飙涨数百倍，“芯荒”至暗时刻还要多久？
2021-10-21,自主品牌新冠军长安汽车的近忧与远虑,自主品牌新冠军长安汽车的近忧与远虑
2021-10-21,st德新：高精密模具的隐形龙头,st德新：高精密模具的隐形龙头
2021-10-21,9月新能源批发销量Top30： 特斯拉Model Y/3 入围前三 吉利仅帝豪EV入围,9月新能源批发销量Top30： 特斯拉Model Y/3 入围前三 吉利仅帝豪EV入围
2021-10-21,新能源车销量再提速 充电桩的建设再快点就完美了,新能源车销量再提速 充电桩的建设再快点就完美了
2021-10-21,四川路桥拟引入能投集团和比亚迪为战投，加码锂电产业！,四川路桥拟引入能投集团和比亚迪为战投，加码锂电产业！
2021-10-21,中国和德国品牌投诉量较高 9月投诉报告,中国和德国品牌投诉量较高 9月投诉报告
2021-10-21,比亚迪入股！一则公告让投资者直呼“王炸”，这家公司要搞大事？,比亚迪入股！一则公告让投资者直呼“王炸”，这家公司要搞大事？
2021-10-21,亚太股份：公司是比亚迪的供应商,亚太股份：公司是比亚迪的供应商
2021-10-21,A股早报2021年10月21日星期四,A股早报2021年10月21日星期四
2021-10-21,四川路桥涨停，拟通过定增引入能投集团、比亚迪作为战略投资者,四川路桥涨停，拟通过定增引入能投集团、比亚迪作为战略投资者
2021-10-21,拟引能投集团和比亚迪为战投 四川路桥开盘一字涨停,拟引能投集团和比亚迪为战投 四川路桥开盘一字涨停
2021-10-21,跨界造车持续火热？三六零入股哪吒汽车收到上交所监管函 问询,跨界造车持续火热？三六零入股哪吒汽车收到上交所监管函 问询
2021-10-21,四川路桥：拟购买交建资产并引入战略投资者能投集团和比亚迪,四川路桥：拟购买交建资产并引入战略投资者能投集团和比亚迪
2021-10-21,国盛证券：给予四川路桥买入评级,国盛证券：给予四川路桥买入评级
2021-10-21,五大“争议”畅销SUV：特斯拉Model Y销量翻3倍超哈弗H6，数据有猫腻？,五大“争议”畅销SUV：特斯拉Model Y销量翻3倍超哈弗H6，数据有猫腻？
2021-10-21,引入比亚迪作战投四川路桥定增方案拟打通锂电上下游复牌一字涨停,引入比亚迪作战投四川路桥定增方案拟打通锂电上下游复牌一字涨停
2021-10-21,爆了！供应宁德时代与比亚迪，全面转型成功！补涨在即！错过20倍的诺德股份，不要错过它，30亿市值仅23倍PE,爆了！供应宁德时代与比亚迪，全面转型成功！补涨在即！错过20倍的诺德股份，不要错过它，30亿市值仅23倍PE
2021-10-21,四川路桥：拟购买交建资产并引入比亚迪等重磅战投,四川路桥：拟购买交建资产并引入比亚迪等重磅战投
2021-10-21,比亚迪突然出手！这家A股公司立马“一字涨停”,比亚迪突然出手！这家A股公司立马“一字涨停”
2021-10-21,涨停！四川路桥拟定增募资不超25亿 引入比亚迪、能投集团战投合作布局锂电、储能等,涨停！四川路桥拟定增募资不超25亿 引入比亚迪、能投集团战投合作布局锂电、储能等
2021-10-21,资产注入+比亚迪入股+成渝经济圈，这家A股公司站上风口,资产注入+比亚迪入股+成渝经济圈，这家A股公司站上风口
2021-10-21,特斯拉宣布重大决定！比亚迪听了狂喜,特斯拉宣布重大决定！比亚迪听了狂喜
2021-10-21,引比亚迪、能投集团两大公司入股，四川路桥一字涨停,引比亚迪、能投集团两大公司入股，四川路桥一字涨停
2021-10-21,特斯拉标准续航版Model 3/Y全面搭载磷酸铁锂电池 市场再传比亚迪将供货,特斯拉标准续航版Model 3/Y全面搭载磷酸铁锂电池 市场再传比亚迪将供货
2021-10-22,比亚迪(002594.SZ)拟出资1亿元参设大湾区科创基金,比亚迪(002594.SZ)拟出资1亿元参设大湾区科创基金
2021-10-22,比亚迪：拟1亿元参投大湾区科创基金,比亚迪：拟1亿元参投大湾区科创基金
2021-10-22,创新公司评测室|奇瑞新能源乘用车业务增长153.4%，专利布局短板依旧明显,创新公司评测室|奇瑞新能源乘用车业务增长153.4%，专利布局短板依旧明显
2021-10-22,比亚迪：拟参与投资大湾区科创基金,比亚迪：拟参与投资大湾区科创基金
2021-10-22,特斯拉要全面使用磷酸铁锂电池，相关概念股大涨！万亿“宁王”加紧布局，比亚迪已获特斯拉订单？,特斯拉要全面使用磷酸铁锂电池，相关概念股大涨！万亿“宁王”加紧布局，比亚迪已获特斯拉订单？
2021-10-22,比亚迪已拿到特斯拉10GWh电池订单？官方表示不予置评,比亚迪已拿到特斯拉10GWh电池订单？官方表示不予置评
2021-10-22,外资猛灌A股，发生了什么？,外资猛灌A股，发生了什么？
2021-10-22,中熔电气：公司的熔断器有销往上汽集团与比亚迪,中熔电气：公司的熔断器有销往上汽集团与比亚迪
2021-10-22,A股资金流向（10月22日）：外资连续两日净入百亿撑起盘面，核心资产成最大赢家,A股资金流向（10月22日）：外资连续两日净入百亿撑起盘面，核心资产成最大赢家
2021-10-22,主力动向｜资金青睐89股，比亚迪、美的集团、江特电机、五粮液、伊利股份位居前五！,主力动向｜资金青睐89股，比亚迪、美的集团、江特电机、五粮液、伊利股份位居前五！
2021-10-22,支持产业生态体系建设 比亚迪(002594.SZ)拟1亿元参投大湾区科创基金,支持产业生态体系建设 比亚迪(002594.SZ)拟1亿元参投大湾区科创基金
2021-10-22,发行大战打响！首批4只MSCI中国A50ETF火线问世,发行大战打响！首批4只MSCI中国A50ETF火线问世
2021-10-22,昔日“老头乐”霸主借芒果台杀出江湖，连比亚迪唐都只能甘拜下风！靠营销出圈？,昔日“老头乐”霸主借芒果台杀出江湖，连比亚迪唐都只能甘拜下风！靠营销出圈？
2021-10-22,北上资金本周净买入233.03亿元,北上资金本周净买入233.03亿元
2021-10-22,法拉利电动化“欲迎还拒”，速度不再值钱？,法拉利电动化“欲迎还拒”，速度不再值钱？
2021-10-22,数据复盘｜主力资金抛售有色金属股 北向资金抢筹宁德时代、比亚迪等,数据复盘｜主力资金抛售有色金属股 北向资金抢筹宁德时代、比亚迪等
2021-10-22,五菱官微爆料：男子向其半价求购比亚迪电动车！比亚迪回应,五菱官微爆料：男子向其半价求购比亚迪电动车！比亚迪回应
2021-10-22,北向资金单周涌入233亿，历史数据看A股后市表现,北向资金单周涌入233亿，历史数据看A股后市表现
2021-10-22,晚间公告｜10月22日这些公告有看头,晚间公告｜10月22日这些公告有看头
2021-10-22,8只股获北向资金连续净买入,8只股获北向资金连续净买入
2021-10-22,引入比亚迪等战投，四川路桥拟定增25亿强化锂电产业链,引入比亚迪等战投，四川路桥拟定增25亿强化锂电产业链
2021-10-22,比亚迪获得特斯拉10GWh刀片电池大单！,比亚迪获得特斯拉10GWh刀片电池大单！
2021-10-22,中企受益！特斯拉：将在所有标准续航版中使用磷酸铁锂电池,中企受益！特斯拉：将在所有标准续航版中使用磷酸铁锂电池
2021-10-22,车市月观察丨9月新能源汽车：比亚迪的夺冠毫无悬念,车市月观察丨9月新能源汽车：比亚迪的夺冠毫无悬念
2021-10-22,富士康造车背后，电动汽车的“圈地运动”开始了,富士康造车背后，电动汽车的“圈地运动”开始了
2021-10-22,宁德时代的“钱”去哪了,宁德时代的“钱”去哪了
2021-10-22,比亚迪参与投资粤港澳大湾区科技创新产业投资基金,比亚迪参与投资粤港澳大湾区科技创新产业投资基金
2021-10-22,北向资金一年来首次连续两日加仓超百亿，七天爆买宁德时代近50亿,北向资金一年来首次连续两日加仓超百亿，七天爆买宁德时代近50亿
2021-10-22,锂电池定增项目受追捧 四川路桥两个一字涨停,锂电池定增项目受追捧 四川路桥两个一字涨停
2021-10-22,磷酸铁锂电池狂飙突进！比亚迪、特斯拉和大众等众多厂商纷纷入局,磷酸铁锂电池狂飙突进！比亚迪、特斯拉和大众等众多厂商纷纷入局
2021-10-22,特斯拉市值冲击9000亿美元 新能源汽车企业估值新征程,特斯拉市值冲击9000亿美元 新能源汽车企业估值新征程
2021-10-22,传苹果与宁德时代和比亚迪谈判陷入停滞,传苹果与宁德时代和比亚迪谈判陷入停滞
2021-10-22,"刚刚，5万亿巨头宣布重磅消息，引爆两大板块！万亿""宁王""也在加速布局，概念股还能飞多久？","刚刚，5万亿巨头宣布重磅消息，引爆两大板块！万亿""宁王""也在加速布局，概念股还能飞多久？"
2021-10-22,市场人士称部分资产注入概念股股价或将面临短期剧烈波动,市场人士称部分资产注入概念股股价或将面临短期剧烈波动
2021-10-22,特斯拉/岚图：圆柱电池的好你们不懂,特斯拉/岚图：圆柱电池的好你们不懂
2021-10-22,四川路桥拟定增25亿收购控股股东资产 引入战投比亚迪及能投集团强化产业联动,四川路桥拟定增25亿收购控股股东资产 引入战投比亚迪及能投集团强化产业联动
2021-10-22,5万亿巨头重磅消息，引爆两大板块！万亿宁王也在加速布局,5万亿巨头重磅消息，引爆两大板块！万亿宁王也在加速布局
2021-10-22,拟引入比亚迪做战投 四川路桥加码培育能源板块,拟引入比亚迪做战投 四川路桥加码培育能源板块
2021-10-22,【浙商电新|邓伟】9月电池装机/电动车销量再创佳绩──新能源汽车及锂电系列之十,【浙商电新|邓伟】9月电池装机/电动车销量再创佳绩──新能源汽车及锂电系列之十
2021-10-22,湾区企业借广交会转型升级,湾区企业借广交会转型升级
2021-10-22,车企缺芯真相,车企缺芯真相
2021-10-22,未来五年磷酸铁锂出货将达800GWh 材料厂商扩产又掀高潮,未来五年磷酸铁锂出货将达800GWh 材料厂商扩产又掀高潮
2021-10-22,A股融资融券日报：两融余额减少6.9亿元（10月21日）,A股融资融券日报：两融余额减少6.9亿元（10月21日）
2021-10-22,港股汽车股走强 比亚迪(01211)涨4.40%,港股汽车股走强 比亚迪(01211)涨4.40%
2021-10-22,港股异动 | 汽车股普涨 比亚迪(1211.HK)盘中创历史新高！,港股异动 | 汽车股普涨 比亚迪(1211.HK)盘中创历史新高！
2021-10-22,跃跃御市:宝马5系后来居上，比亚迪汉今年冲击10万辆,跃跃御市:宝马5系后来居上，比亚迪汉今年冲击10万辆
2021-10-22,万亿“宁王”布局磷酸铁锂，半导体20股市值蒸发超百亿,万亿“宁王”布局磷酸铁锂，半导体20股市值蒸发超百亿
2021-10-22,科技+时尚双破圈，体验汉EV全新配色和5G丹拿智能音乐座舱,科技+时尚双破圈，体验汉EV全新配色和5G丹拿智能音乐座舱
2021-10-22,消息称苹果与宁德时代及比亚迪谈判陷入停顿,消息称苹果与宁德时代及比亚迪谈判陷入停顿
2021-10-22,消息人士：苹果与宁德时代和比亚迪有关其计划中的电动汽车电池供应的谈判基本上陷入僵局,消息人士：苹果与宁德时代和比亚迪有关其计划中的电动汽车电池供应的谈判基本上陷入僵局
2021-10-22,消息人士：苹果(AAPL.O)与宁德时代和比亚迪(01211.HK)有关其计划中的电动汽车电池供应的谈判基本上陷入僵局，宁德时代和比亚迪拒绝为苹果在美国建立独立的团队或建厂，苹果一直在考虑日本电池制造,消息人士：苹果(AAPL.O)与宁德时代和比亚迪(01211.HK)有关其计划中的电动汽车电池供应的谈判基本上陷入僵局，宁德时代和比亚迪拒绝为苹果在美国建立独立的团队或建厂，苹果一直在考虑日本电池制造
2021-10-22,产投联“芯” 智驱无疆·比亚迪半导体携重点产品亮相2021小米Demo Day,产投联“芯” 智驱无疆·比亚迪半导体携重点产品亮相2021小米Demo Day
2021-10-22,财联社10月22日电， 据媒体报道，苹果将PANASONIC（松下）视为潜在的电动汽车电池供应商。三位知情人士称，苹果与宁德时代和比亚迪就其计划电动汽车的电池供应所进行的谈判基本停滞。但另一位知情人士,财联社10月22日电， 据媒体报道，苹果将PANASONIC（松下）视为潜在的电动汽车电池供应商。三位知情人士称，苹果与宁德时代和比亚迪就其计划电动汽车的电池供应所进行的谈判基本停滞。但另一位知情人士
2021-10-22,当“芯荒”遇上新能源车“浪潮”，车企们能否突出重围？,当“芯荒”遇上新能源车“浪潮”，车企们能否突出重围？
2021-10-22,中欧盛世成长时隔一年业绩“冰火两重天”，明星基金经理频繁换股成主因？,中欧盛世成长时隔一年业绩“冰火两重天”，明星基金经理频繁换股成主因？
2021-10-22,奇瑞公布新能源成绩单，增长153.4%难掩技术储备薄弱,奇瑞公布新能源成绩单，增长153.4%难掩技术储备薄弱
2021-10-22,A股午盘综述：半导体产业链、地产、家电复苏，煤炭、钢铁板块调整,A股午盘综述：半导体产业链、地产、家电复苏，煤炭、钢铁板块调整
2021-10-22,宁德时代与比亚迪即是客户又是股东，湖南裕能高额关联交易引关注,宁德时代与比亚迪即是客户又是股东，湖南裕能高额关联交易引关注
2021-10-22,港股异动 | 比亚迪股份(01211)涨超5%创历史新高 特斯拉部分车型搭载磷酸铁锂电池 比亚迪或成电池供应商,港股异动 | 比亚迪股份(01211)涨超5%创历史新高 特斯拉部分车型搭载磷酸铁锂电池 比亚迪或成电池供应商
2021-10-22,9月多家车企产量腰斩，英菲尼迪、奥迪跌幅超60%,9月多家车企产量腰斩，英菲尼迪、奥迪跌幅超60%
2021-10-23,银河龙头股票同类排名垫底，短期业绩遭质疑,银河龙头股票同类排名垫底，短期业绩遭质疑
2021-10-23,M7发布！威马沈晖：造车新势力应该抢比亚迪、通用、本田份额,M7发布！威马沈晖：造车新势力应该抢比亚迪、通用、本田份额
2021-10-23,比亚迪拟参投大湾区科创基金,比亚迪拟参投大湾区科创基金
2021-10-23,"男子向五菱官方半价求购比亚迪？五菱汽车@比亚迪：建议""宋""一辆","男子向五菱官方半价求购比亚迪？五菱汽车@比亚迪：建议""宋""一辆"
2021-10-23,A股ESG评级整体偏低？MSCI专家独家解读：中国公司正展示出强劲的上升动能,A股ESG评级整体偏低？MSCI专家独家解读：中国公司正展示出强劲的上升动能
2021-10-23,电气设备行业点评报告：特斯拉三季报业绩亮眼 海外铁锂需求望持续放量,电气设备行业点评报告：特斯拉三季报业绩亮眼 海外铁锂需求望持续放量
2021-10-23,汽车芯片“黑市”：自供出路何在,汽车芯片“黑市”：自供出路何在
2021-10-23,流入300亿+！外资大幅加仓宁德时代、五粮液、茅台等巨头,流入300亿+！外资大幅加仓宁德时代、五粮液、茅台等巨头
2021-10-23,深度*行业*汽车行业月报：9月产销同比下降但环比增长 新能源产销再创新高,深度*行业*汽车行业月报：9月产销同比下降但环比增长 新能源产销再创新高
2021-10-23,蔚来、小鹏月销首次破万辆，宁德时代市值逆势增超700亿元！9月新能源车市现“两副面孔”，全年销量有望突破310万辆？,蔚来、小鹏月销首次破万辆，宁德时代市值逆势增超700亿元！9月新能源车市现“两副面孔”，全年销量有望突破310万辆？
2021-10-23,锂矿股“下半场”：去年天气旧亭台，似曾相识燕归来？,锂矿股“下半场”：去年天气旧亭台，似曾相识燕归来？
2021-10-23,比亚迪(002594)　利润拐点在即,比亚迪(002594)　利润拐点在即
2021-10-23,宁德时代、比亚迪拒绝为苹果独立建厂！电动汽车电池供应谈判陷入僵局,宁德时代、比亚迪拒绝为苹果独立建厂！电动汽车电池供应谈判陷入僵局
2021-10-24,下周操盘攻略：3大央行将发声、迎战超级财报周,下周操盘攻略：3大央行将发声、迎战超级财报周
2021-10-24,芯片供应紧张进一步影响车市 “金九”黯然失色,芯片供应紧张进一步影响车市 “金九”黯然失色
2021-10-24,车载大屏领域要火！多家A股公司相关订单需求爆表,车载大屏领域要火！多家A股公司相关订单需求爆表
2021-10-24,中信证券：低位价值的趋势性行情开始确立,中信证券：低位价值的趋势性行情开始确立
2021-10-24,聪明资金连续2日净买超百亿！18股持股量翻倍,聪明资金连续2日净买超百亿！18股持股量翻倍
2021-10-24,消息称苹果与宁德时代、比亚迪谈判停滞 苹果要求太高,消息称苹果与宁德时代、比亚迪谈判停滞 苹果要求太高
2021-10-24,富士康高调发布3款新车，碰瓷特斯拉，瞄准比亚迪？,富士康高调发布3款新车，碰瓷特斯拉，瞄准比亚迪？
2021-10-24,四川路桥加码锂电产业链布局！拟引入比亚迪与能投集团为战略投资者,四川路桥加码锂电产业链布局！拟引入比亚迪与能投集团为战略投资者
2021-10-24,磷酸铁锂概念股大涨！宁德时代和比亚迪又笑了？,磷酸铁锂概念股大涨！宁德时代和比亚迪又笑了？
2021-10-24,一周热点 | 特斯拉柏林工厂量产再推迟；传苹果与比亚迪/宁德时代谈判陷入僵局,一周热点 | 特斯拉柏林工厂量产再推迟；传苹果与比亚迪/宁德时代谈判陷入僵局
2021-10-24,网传比亚迪拿下特斯拉10GWh电池大单 Model Y将首搭刀片电池,网传比亚迪拿下特斯拉10GWh电池大单 Model Y将首搭刀片电池
2021-10-24,周末连发重磅合作！万亿“宁王”携手巨头发力储能业务,周末连发重磅合作！万亿“宁王”携手巨头发力储能业务
2021-10-25,卡位新能源汽车产业“黄金窗口期”：龙头企业加速整合产业链，搭建生态布局标准制定权,卡位新能源汽车产业“黄金窗口期”：龙头企业加速整合产业链，搭建生态布局标准制定权
2021-10-25,丰元股份：公司子公司山东丰元锂能科技有限公司向比亚迪供应磷酸铁锂正极材料产品,丰元股份：公司子公司山东丰元锂能科技有限公司向比亚迪供应磷酸铁锂正极材料产品
2021-10-25,北向资金连续5日加仓累计扫货超300亿，阳光电源、天赐材料净买入额均超新高,北向资金连续5日加仓累计扫货超300亿，阳光电源、天赐材料净买入额均超新高
2021-10-25,国际化的A股新风向标来了！ 易方达MSCI中国A50ETF发行,国际化的A股新风向标来了！ 易方达MSCI中国A50ETF发行
2021-10-25,马斯克的一句话，引爆A股市场？宁德时代/比亚迪股价双双创纪录,马斯克的一句话，引爆A股市场？宁德时代/比亚迪股价双双创纪录
2021-10-25,A股资金流向（10月25日）：碳中和再成市场共识，“风光车储”全线开花,A股资金流向（10月25日）：碳中和再成市场共识，“风光车储”全线开花
2021-10-25,新能源引爆A股，房地产却绿了！发生了什么？,新能源引爆A股，房地产却绿了！发生了什么？
2021-10-25,盐湖股份：目前盐湖比亚迪3万吨电池级碳酸锂项目相关工艺技术正在进行中试,盐湖股份：目前盐湖比亚迪3万吨电池级碳酸锂项目相关工艺技术正在进行中试
2021-10-25,【每日收评】沪指收复3600点！新能源赛道全天大涨 宁德时代、比亚迪创历史新高,【每日收评】沪指收复3600点！新能源赛道全天大涨 宁德时代、比亚迪创历史新高
2021-10-25,大和：料比亚迪未来或可成特斯拉磷酸铁锂电池供应商 重申”买入“评级,大和：料比亚迪未来或可成特斯拉磷酸铁锂电池供应商 重申”买入“评级
2021-10-25,车市周观察 | 皓影插混上市，长安CS75蓝鲸版上岗,车市周观察 | 皓影插混上市，长安CS75蓝鲸版上岗
2021-10-25,比亚迪盘中股价再创新高！这家券商给出372元目标价,比亚迪盘中股价再创新高！这家券商给出372元目标价
2021-10-25,A股收盘综述：碳中和主宰市场，宁德时代、比亚迪、国电南瑞齐创新高,A股收盘综述：碳中和主宰市场，宁德时代、比亚迪、国电南瑞齐创新高
2021-10-25,“笑傲”新能源车企，比亚迪市值9100亿创历史新高！,“笑傲”新能源车企，比亚迪市值9100亿创历史新高！
2021-10-25,聪明资金持仓“宁王”首次破千亿，储能概念掀起涨停潮,聪明资金持仓“宁王”首次破千亿，储能概念掀起涨停潮
2021-10-25,聪明资金持仓“宁王”首次破千亿，储能概念掀起涨停潮！社保基金最痴情股出炉，最长坚守22个季度,聪明资金持仓“宁王”首次破千亿，储能概念掀起涨停潮！社保基金最痴情股出炉，最长坚守22个季度
2021-10-25,苹果与宁德时代、比亚迪就动力电池供应谈判陷僵局,苹果与宁德时代、比亚迪就动力电池供应谈判陷僵局
2021-10-25,市场情绪回暖 三季报考验来临,市场情绪回暖 三季报考验来临
2021-10-25,晚间公告热点追踪：香港联交所同意分拆比亚迪半导体至创业板上市,晚间公告热点追踪：香港联交所同意分拆比亚迪半导体至创业板上市
2021-10-25,三季度基民都在买啥？靠重仓新能源，有基金规模涨了逾9倍！,三季度基民都在买啥？靠重仓新能源，有基金规模涨了逾9倍！
2021-10-25,智能汽车的「芯」战役,智能汽车的「芯」战役
2021-10-25,比亚迪：港交所同意分拆子公司比亚迪半导体至深交所创业板上市,比亚迪：港交所同意分拆子公司比亚迪半导体至深交所创业板上市
2021-10-25,把保值率作为购车首选的一定要看！,把保值率作为购车首选的一定要看！
2021-10-25,又一波明星基金经理持仓浮出水面！刘格菘增配光伏新能源车，黄兴亮减持比亚迪，陈一峰看好地产轻工 减持股份,又一波明星基金经理持仓浮出水面！刘格菘增配光伏新能源车，黄兴亮减持比亚迪，陈一峰看好地产轻工 减持股份
2021-10-25,比亚迪：香港联交所同意公司分拆比亚迪半导体至深交所创业板上市,比亚迪：香港联交所同意公司分拆比亚迪半导体至深交所创业板上市
2021-10-25,意华股份(002897)：原材料价格管理成效显现 归母净利润环比提升,意华股份(002897)：原材料价格管理成效显现 归母净利润环比提升
2021-10-25,比亚迪：联交所同意分拆比亚迪半导体至创业板上市,比亚迪：联交所同意分拆比亚迪半导体至创业板上市
2021-10-25,两天大卖120亿！这一重磅创新产品“火了”,两天大卖120亿！这一重磅创新产品“火了”
2021-10-25,黄兴亮旗下万家行业优选最新持仓：减持比亚迪、圣邦股份 减持股份,黄兴亮旗下万家行业优选最新持仓：减持比亚迪、圣邦股份 减持股份
2021-10-25,意华股份(002897)：经营向好 合同负债增长明显 发展可期,意华股份(002897)：经营向好 合同负债增长明显 发展可期
2021-10-25,比亚迪：香港联交所同意公司分拆所属子公司比亚迪半导体股份有限公司至深交所创业板上市，并同意豁免公司向公司股东提供保证配额,比亚迪：香港联交所同意公司分拆所属子公司比亚迪半导体股份有限公司至深交所创业板上市，并同意豁免公司向公司股东提供保证配额
2021-10-25,【行情】汽车整车板块持续走高，长城汽车涨超7%，比亚迪、广汽集团、海马汽车跟涨,【行情】汽车整车板块持续走高，长城汽车涨超7%，比亚迪、广汽集团、海马汽车跟涨
2021-10-25,一份文件再次引爆新能源概念！“宁王”、比亚迪市值创新高,一份文件再次引爆新能源概念！“宁王”、比亚迪市值创新高
2021-10-25,预计售价15万！比亚迪宋Pro DM-i四季度上市 续航1090公里,预计售价15万！比亚迪宋Pro DM-i四季度上市 续航1090公里
2021-10-25,【行情】比亚迪涨近6%，创历史新高,【行情】比亚迪涨近6%，创历史新高
2021-10-25,“宁王”牵手两大央企，华为签全球最大储能项目，概念股掀起涨停潮,“宁王”牵手两大央企，华为签全球最大储能项目，概念股掀起涨停潮
2021-10-25,比亚迪涨近6%创历史新高，紧跟宁德时代,比亚迪涨近6%创历史新高，紧跟宁德时代
2021-10-25,【行情】汽车整车板块短线拉升，广汽集团涨超5%，比亚迪、长城汽车、江淮汽车跟涨,【行情】汽车整车板块短线拉升，广汽集团涨超5%，比亚迪、长城汽车、江淮汽车跟涨
2021-10-25,港股异动 | 比亚迪股份(1211.HK)突破300港元大关 再创历史新高,港股异动 | 比亚迪股份(1211.HK)突破300港元大关 再创历史新高
2021-10-25,宁德时代、比亚迪等43股获北向资金增持额超亿元,宁德时代、比亚迪等43股获北向资金增持额超亿元
2021-10-25,比亚迪涨超5% 创历史新高,比亚迪涨超5% 创历史新高
2021-10-25,比亚迪PK宁德时代，2021全年动力电池预测,比亚迪PK宁德时代，2021全年动力电池预测
2021-10-25,苹果与宁德时代、比亚迪谈判陷入停顿,苹果与宁德时代、比亚迪谈判陷入停顿
2021-10-25,比亚迪、舍得酒业等10股获融资净买入超亿元,比亚迪、舍得酒业等10股获融资净买入超亿元
2021-10-25,A股融资融券日报：两融余额减少66.73亿元（10月22日）,A股融资融券日报：两融余额减少66.73亿元（10月22日）
2021-10-25,A股早报2021年10月25日星期一,A股早报2021年10月25日星期一
2021-10-25,未来最好的资产或许就是A股,未来最好的资产或许就是A股
2021-10-25,受“芯荒”影响 9月国内20余个汽车品牌产量下跌超30%,受“芯荒”影响 9月国内20余个汽车品牌产量下跌超30%
2021-10-25,特斯拉美国又涨价 中国车主直呼真香！,特斯拉美国又涨价 中国车主直呼真香！
2021-10-25,比亚迪AH股均创历史新高,比亚迪AH股均创历史新高
2021-10-25,汽车周报：缺芯改善+库存低位+大宗商品价格高位震荡边际回落 再次确认行业配置良机,汽车周报：缺芯改善+库存低位+大宗商品价格高位震荡边际回落 再次确认行业配置良机
2021-10-25,比亚迪大涨6%股价创新高，市值9100亿元超中国银行跻身A股第十,比亚迪大涨6%股价创新高，市值9100亿元超中国银行跻身A股第十
2021-10-25,财信证券汽车行业2021年10月月度报告：缺芯问题有望缓解，新能源汽车产销再破记录,财信证券汽车行业2021年10月月度报告：缺芯问题有望缓解，新能源汽车产销再破记录
2021-10-25,邵阳液压：宁德时代 、比亚迪 、中航锂电是公司的终端客户,邵阳液压：宁德时代 、比亚迪 、中航锂电是公司的终端客户
2021-10-25,宁德时代、比亚迪股价创新高，布局核心资产的A50ETF（159601）认购中,宁德时代、比亚迪股价创新高，布局核心资产的A50ETF（159601）认购中
2021-10-25,比亚迪、万里扬涨超5%，汽车ETF（516110）涨超2%,比亚迪、万里扬涨超5%，汽车ETF（516110）涨超2%
2021-10-25,鼎通科技：目前公司与比亚迪的合作尚在小批量试产的环节中,鼎通科技：目前公司与比亚迪的合作尚在小批量试产的环节中
2021-10-25,鼎通科技：目前公司通讯和汽车的业务大概比例为8:2,鼎通科技：目前公司通讯和汽车的业务大概比例为8:2
2021-10-25,40公顷！比亚迪又一电池基地落户山东,40公顷！比亚迪又一电池基地落户山东
2021-10-25,邵阳液压：宁德时代、比亚迪、中航锂电是公司的终端客户,邵阳液压：宁德时代、比亚迪、中航锂电是公司的终端客户
2021-10-25,"打新的哭了！刚刚，两新股罕见首日破发，最惨亏超10%！引爆涨停潮，新能源果然炸了！千亿大白马狂飙10%，宁德时代、比亚迪又新高！
亏损","打新的哭了！刚刚，两新股罕见首日破发，最惨亏超10%！引爆涨停潮，新能源果然炸了！千亿大白马狂飙10%，宁德时代、比亚迪又新高！
亏损"
2021-10-25,燃油车占比持续下跌，重庆9月销量达3.57万辆,燃油车占比持续下跌，重庆9月销量达3.57万辆
2021-10-25,零百加速10.4s 表显续航实打实！比亚迪海豚媒体实测,零百加速10.4s 表显续航实打实！比亚迪海豚媒体实测
2021-10-25,比亚迪涨近6%最高达317.81元，创历史新高,比亚迪涨近6%最高达317.81元，创历史新高
2021-10-25,A股午盘综述：碳中和扛旗引领市场方向，宁德时代、比亚迪均创新高,A股午盘综述：碳中和扛旗引领市场方向，宁德时代、比亚迪均创新高
2021-10-25,两新股首日破发，最惨亏超10%！新能源果然炸了,两新股首日破发，最惨亏超10%！新能源果然炸了
2021-10-25,比亚迪大涨6% 股价创历史新高,比亚迪大涨6% 股价创历史新高
2021-10-26,股价创新高！港交所批准比亚迪半导体赴A股上市,股价创新高！港交所批准比亚迪半导体赴A股上市
2021-10-26,比亚迪：电池统一上涨不低于20% 11月1日正式生效,比亚迪：电池统一上涨不低于20% 11月1日正式生效
2021-10-26,A股资金流向（10月26日）：新能源板块遭获利盘打压，超跌TMT成为避风港,A股资金流向（10月26日）：新能源板块遭获利盘打压，超跌TMT成为避风港
2021-10-26,2021胡润品牌榜揭晓：贵州茅台、五粮液、中华位居前三,2021胡润品牌榜揭晓：贵州茅台、五粮液、中华位居前三
2021-10-26,2021胡润品牌榜：美团和中国平安跌出十强，品牌价值都下降四成左右,2021胡润品牌榜：美团和中国平安跌出十强，品牌价值都下降四成左右
2021-10-26,比亚迪电池涨价不低于20%？已有多家企业发函、锂电池全面涨价潮来临,比亚迪电池涨价不低于20%？已有多家企业发函、锂电池全面涨价潮来临
2021-10-26,比亚迪锂电池或涨价 20%，11 月 1 日执行！,比亚迪锂电池或涨价 20%，11 月 1 日执行！
2021-10-26,“神话”破灭，A股巨变正在形成！,“神话”破灭，A股巨变正在形成！
2021-10-26,看得让人心颤！9000亿巨头放大招，股价再创历史新高！明星基金经理持仓曝光，刘格菘：高端制造可能迎来“黄金成长期”,看得让人心颤！9000亿巨头放大招，股价再创历史新高！明星基金经理持仓曝光，刘格菘：高端制造可能迎来“黄金成长期”
2021-10-26,兆威机电：公司与比亚迪有合作关系,兆威机电：公司与比亚迪有合作关系
2021-10-26,新能源销量大好，动力电池却纷纷要涨价！连比亚迪都扛不住了，什么原因？,新能源销量大好，动力电池却纷纷要涨价！连比亚迪都扛不住了，什么原因？
2021-10-26,特斯拉市值破万亿美元，比亚迪能否成为中国版特斯拉？,特斯拉市值破万亿美元，比亚迪能否成为中国版特斯拉？
2021-10-26,乘联会秘书长：动力电池原材料上涨暂不会传导至整车消费端,乘联会秘书长：动力电池原材料上涨暂不会传导至整车消费端
2021-10-26,锂电池、盐湖提锂概念走强，丰元股份、贤丰控股等涨停,锂电池、盐湖提锂概念走强，丰元股份、贤丰控股等涨停
2021-10-26,快讯丨电池产品单价将上涨20%？比亚迪回应：不予置评,快讯丨电池产品单价将上涨20%？比亚迪回应：不予置评
2021-10-26,成本上升压力山大！动力电池成本增高20%至25%，比亚迪锂电池拟统一涨价,成本上升压力山大！动力电池成本增高20%至25%，比亚迪锂电池拟统一涨价
2021-10-26,比亚迪半导体拆分上市获通过，千亿级IGBT市场鹿死谁手？,比亚迪半导体拆分上市获通过，千亿级IGBT市场鹿死谁手？
2021-10-26,传比亚迪计划提价锂电池：不低于20%，11月开始执行,传比亚迪计划提价锂电池：不低于20%，11月开始执行
2021-10-26,比亚迪电池涨价20%？股价又创新高！多个厂家喊涨,比亚迪电池涨价20%？股价又创新高！多个厂家喊涨
2021-10-26,比亚迪电池即将涨价，涨幅超20%！电动汽车等等党输了？,比亚迪电池即将涨价，涨幅超20%！电动汽车等等党输了？
2021-10-26,Option Jack：比亚迪业绩前后部署策略,Option Jack：比亚迪业绩前后部署策略
2021-10-26,傅鹏博、赵诣、冯明远、林英睿、赵枫持仓思路各有不同,傅鹏博、赵诣、冯明远、林英睿、赵枫持仓思路各有不同
2021-10-26,比亚迪拿下特斯拉电池大单，Model Y搭载刀片电池的概率有多大？,比亚迪拿下特斯拉电池大单，Model Y搭载刀片电池的概率有多大？
2021-10-26,李志林丨小幅震荡放量整固3600点，新能源高科技消费显强势,李志林丨小幅震荡放量整固3600点，新能源高科技消费显强势
2021-10-26,比亚迪电池若提价20% 国产电动车会不会跟风上涨？,比亚迪电池若提价20% 国产电动车会不会跟风上涨？
2021-10-26,网传比亚迪锂电池涨价20%？比亚迪：正在核实,网传比亚迪锂电池涨价20%？比亚迪：正在核实
2021-10-26,“燃油SUV颠覆者”2022款宋Pro DM-i刷新15万级SUV的认知,“燃油SUV颠覆者”2022款宋Pro DM-i刷新15万级SUV的认知
2021-10-26,晨化股份：公司与宁德时代和比亚迪等公司无直接业务往来,晨化股份：公司与宁德时代和比亚迪等公司无直接业务往来
2021-10-26,明星基金三季度调仓观察：冯明远减仓宁德时代，葛兰加仓爱尔眼科,明星基金三季度调仓观察：冯明远减仓宁德时代，葛兰加仓爱尔眼科
2021-10-26,300亿A股副总：“明年市值没500亿切腹谢罪”,300亿A股副总：“明年市值没500亿切腹谢罪”
2021-10-26,胡润研究院：2021年胡润中国品牌榜 国有品牌占比40%,胡润研究院：2021年胡润中国品牌榜 国有品牌占比40%
2021-10-26,建筑装饰周观点：中央推动城乡绿色发展 重点推荐光储钢结构等绿色低碳赛道,建筑装饰周观点：中央推动城乡绿色发展 重点推荐光储钢结构等绿色低碳赛道
2021-10-26,湘油泵(603319)点评：泵类增量订单贡献超越行业表现 21Q3业绩符合预期,湘油泵(603319)点评：泵类增量订单贡献超越行业表现 21Q3业绩符合预期
2021-10-26,深度*公司*恩捷股份(002812)：业绩高增长持续 优势产能加速扩张,深度*公司*恩捷股份(002812)：业绩高增长持续 优势产能加速扩张
2021-10-26,电机、电控喜忧参半 芯片国产化亟待突破,电机、电控喜忧参半 芯片国产化亟待突破
2021-10-26,特斯拉股价大涨拉动作用有限，A股汽车板块今日高开低走,特斯拉股价大涨拉动作用有限，A股汽车板块今日高开低走
2021-10-26,特斯拉击败多款畅销燃油车，登顶欧洲汽车9月销量榜 | 第一财经汽车日评,特斯拉击败多款畅销燃油车，登顶欧洲汽车9月销量榜 | 第一财经汽车日评
2021-10-26,10万辆订单创纪录，市值首破万亿…特斯拉“一单吃到饱”！A股影响如何？,10万辆订单创纪录，市值首破万亿…特斯拉“一单吃到饱”！A股影响如何？
2021-10-26,南财脱水研报｜盐湖提锂王者归来！持续涨价、“新能源+储能”加持，锂电池yyds!,南财脱水研报｜盐湖提锂王者归来！持续涨价、“新能源+储能”加持，锂电池yyds!
2021-10-26,【热点零距离】触及333.33元！比亚迪股价再创历史新高，市值破9100亿！,【热点零距离】触及333.33元！比亚迪股价再创历史新高，市值破9100亿！
2021-10-26,电池原材料价格暴涨超20%！曝比亚迪扛不住了，旧合同全部作废,电池原材料价格暴涨超20%！曝比亚迪扛不住了，旧合同全部作废
2021-10-26,【明日主题前瞻】四季度并网“冲刺” 这种新能源装机总量或成全球最大,【明日主题前瞻】四季度并网“冲刺” 这种新能源装机总量或成全球最大
2021-10-26,原材料价格上涨，动力电池成本增加约20%-25%，涨价压力将传至终端？,原材料价格上涨，动力电池成本增加约20%-25%，涨价压力将传至终端？
2021-10-26,乘联会：9月MPV批发销量9.6万辆，同比下降13.8%,乘联会：9月MPV批发销量9.6万辆，同比下降13.8%
2021-10-26,比亚迪半导体分拆上市获香港联交所批准,比亚迪半导体分拆上市获香港联交所批准
2021-10-26,比亚迪回复涨价函：不予置评,比亚迪回复涨价函：不予置评
2021-10-26,2021年中国新能源客车行业市场现状及竞争格局分析 大中型新能源客车销量持续低迷,2021年中国新能源客车行业市场现状及竞争格局分析 大中型新能源客车销量持续低迷
2021-10-26,比亚迪股价又创新高！多家电池制造企业喊涨,比亚迪股价又创新高！多家电池制造企业喊涨
2021-10-26,电池涨价20%？比亚迪股价又创新高！多家电池制造企业喊涨,电池涨价20%？比亚迪股价又创新高！多家电池制造企业喊涨
2021-10-26,电池全面涨价潮已至！比亚迪电池价格上涨不低于20%、款到发货,电池全面涨价潮已至！比亚迪电池价格上涨不低于20%、款到发货
2021-10-26,14000亿巨头套人，原因曝光了,14000亿巨头套人，原因曝光了
2021-10-26,比亚迪电池涨价20%以上！,比亚迪电池涨价20%以上！
2021-10-26,比亚迪回应电池涨价：需内部确认 宁德时代：不跟,比亚迪回应电池涨价：需内部确认 宁德时代：不跟
2021-10-26,股市动态 | A股盘中大转身！新能源冲高回落，电子消费抬头明显,股市动态 | A股盘中大转身！新能源冲高回落，电子消费抬头明显
2021-10-26,犀牛晚讯：金诚信第三季度净利1.16亿 上海家化第三季度净利1.35亿,犀牛晚讯：金诚信第三季度净利1.16亿 上海家化第三季度净利1.35亿
2021-10-26,金融街下午茶2021年10月26日星期二,金融街下午茶2021年10月26日星期二
2021-10-26,比亚迪电池此番涨价背后，对电池市场供给关系有无影响？,比亚迪电池此番涨价背后，对电池市场供给关系有无影响？
2021-10-26,A股这一神话突然破灭，千亿资金酝酿新动向,A股这一神话突然破灭，千亿资金酝酿新动向
2021-10-26,比亚迪分拆半导体上市再进一步 依赖母公司成发展最大的槛？,比亚迪分拆半导体上市再进一步 依赖母公司成发展最大的槛？
2021-10-26,比亚迪提价20%助推锂电池涨价潮？宁德时代：不跟,比亚迪提价20%助推锂电池涨价潮？宁德时代：不跟
2021-10-26,锂电巨头提价？股价再创新高！新股却又破发，盘中跌超10%，中一签亏损4600…啥情况？ 亏损,锂电巨头提价？股价再创新高！新股却又破发，盘中跌超10%，中一签亏损4600…啥情况？ 亏损
2021-10-26,新能源汽车产业链开盘大涨 宁德时代 比亚迪再创新高丨板块牛熊榜,新能源汽车产业链开盘大涨 宁德时代 比亚迪再创新高丨板块牛熊榜
2021-10-26,宁德时代、比亚迪、长城汽车开盘均创历史新高,宁德时代、比亚迪、长城汽车开盘均创历史新高
2021-10-26,新能源行业再迎利好！比亚迪两市股价创新高,新能源行业再迎利好！比亚迪两市股价创新高
2021-10-26,比亚迪、北方稀土等23股获融资净买入超亿元,比亚迪、北方稀土等23股获融资净买入超亿元
2021-10-26,据报比亚迪(01211)电池下月1日起加价最少20%,据报比亚迪(01211)电池下月1日起加价最少20%
2021-10-26,传比亚迪电池提价不低于20%？内部人士：正在核实,传比亚迪电池提价不低于20%？内部人士：正在核实
2021-10-26,每经9点丨发改委：引导煤炭价格长期稳定在合理区间 ；媒体：比亚迪电池提价不低于20%，11月1日执行；多机构看好地产板块后市,每经9点丨发改委：引导煤炭价格长期稳定在合理区间 ；媒体：比亚迪电池提价不低于20%，11月1日执行；多机构看好地产板块后市
2021-10-26,A股融资融券日报：两融余额增加78.07亿元（10月25日）,A股融资融券日报：两融余额增加78.07亿元（10月25日）
2021-10-26,小K播早报|特斯拉喜提10万辆汽车订单 第三季度在华收入同比大增78.5%,小K播早报|特斯拉喜提10万辆汽车订单 第三季度在华收入同比大增78.5%
2021-10-26,A股早报2021年10月26日星期二,A股早报2021年10月26日星期二
2021-10-26,锂电又爆发！宁王再创新高，2500亿白马却跳水,锂电又爆发！宁王再创新高，2500亿白马却跳水
2021-10-26,深夜突发！股价刚创新高，9000亿巨头电池涨价20%！股民欢呼：稳了,深夜突发！股价刚创新高，9000亿巨头电池涨价20%！股民欢呼：稳了
2021-10-26,比亚迪电池提价不低于20%，11月1日执行,比亚迪电池提价不低于20%，11月1日执行
2021-10-26,比亚迪股份涨超5% 分拆比亚迪半导体上市获联交所同意,比亚迪股份涨超5% 分拆比亚迪半导体上市获联交所同意
2021-10-26,比亚迪动手了？电池提价不低于20%，11月1日执行,比亚迪动手了？电池提价不低于20%，11月1日执行
2021-10-26,犀牛早讯：中青宝收关注函 众兴菌业第三季净亏6153.6万,犀牛早讯：中青宝收关注函 众兴菌业第三季净亏6153.6万
2021-10-26,苹果与比亚迪、宁德时代合作谈崩！松下接棒 官方回应,苹果与比亚迪、宁德时代合作谈崩！松下接棒 官方回应
2021-10-26,万家基金经理黄家兴：增持思瑞浦、华大基因 减持圣邦股份、比亚迪 减持股份,万家基金经理黄家兴：增持思瑞浦、华大基因 减持圣邦股份、比亚迪 减持股份
2021-10-26,历史时刻：特斯拉市值正式突破1万亿美元,历史时刻：特斯拉市值正式突破1万亿美元
2021-10-26,聪明资金持仓“宁王”首破千亿、社保基金最痴情股出炉,聪明资金持仓“宁王”首破千亿、社保基金最痴情股出炉
2021-10-26,明星基金集体发力，刘格菘、傅鹏博、梁跃军动向曝光,明星基金集体发力，刘格菘、傅鹏博、梁跃军动向曝光
2021-10-26,泉峰汽车深度研究 | 中信建投汽车,泉峰汽车深度研究 | 中信建投汽车
2021-10-26,中美新能源三巨头股价齐创历史：特斯拉比亚迪冲万亿，宁王1.5万亿,中美新能源三巨头股价齐创历史：特斯拉比亚迪冲万亿，宁王1.5万亿
2021-10-26,增量资金入场，A股有望延续震荡上行趋势,增量资金入场，A股有望延续震荡上行趋势
2021-10-26,躺赚神话破灭？A股新股接连破发！今后打新注意3个字,躺赚神话破灭？A股新股接连破发！今后打新注意3个字
2021-10-26,新能源板块齐发力，多位明星基金经理再加仓,新能源板块齐发力，多位明星基金经理再加仓
2021-10-26,屡受消费者吐槽，但特斯拉中国营收再创新高，9月更是狂飙猛进,屡受消费者吐槽，但特斯拉中国营收再创新高，9月更是狂飙猛进
2021-10-26,刘格菘、黄兴亮、邹曦、陈一峰等知名基金经理三季报持仓大曝光！,刘格菘、黄兴亮、邹曦、陈一峰等知名基金经理三季报持仓大曝光！
2021-10-26,胜宏科技(300476)：业绩保持高增长 产品结构持续优化,胜宏科技(300476)：业绩保持高增长 产品结构持续优化
2021-10-26,锂电池11月起至少提价20%？比亚迪：内部正在核实,锂电池11月起至少提价20%？比亚迪：内部正在核实
2021-10-26,比亚迪半导体IPO进程再进一步：分拆上市获联交所同意,比亚迪半导体IPO进程再进一步：分拆上市获联交所同意
2021-10-26,快讯：新能源汽车产业链个股大涨 宁德时代、比亚迪等创历史新高,快讯：新能源汽车产业链个股大涨 宁德时代、比亚迪等创历史新高
2021-10-26,一公里 3 毛钱，又一款 DM-i 新车亮相，价格有惊喜！,一公里 3 毛钱，又一款 DM-i 新车亮相，价格有惊喜！
2021-10-26,新股又破发，盘中跌超10%，中一签亏损4600 亏损,新股又破发，盘中跌超10%，中一签亏损4600 亏损
2021-10-26,比亚迪AH股均高开再创历史新高 传电池提价不低于20%,比亚迪AH股均高开再创历史新高 传电池提价不低于20%
2021-10-26,比亚迪IPO上市加速 分拆上市获联交所同意,比亚迪IPO上市加速 分拆上市获联交所同意
2021-10-26,比亚迪回应11月1日起电池涨价不低于20%：不予置评,比亚迪回应11月1日起电池涨价不低于20%：不予置评
2021-10-26,强者恒强！两大锂电池巨头市值携手再新高，背后是一则锂电池涨价函？,强者恒强！两大锂电池巨头市值携手再新高，背后是一则锂电池涨价函？
2021-10-26,比亚迪创新高，新能源板块持续发力，能不能追？丨一大板块,比亚迪创新高，新能源板块持续发力，能不能追？丨一大板块
2021-10-26,突发！传比亚迪11月锂电池涨价，子公司IPO进程再进一步！,突发！传比亚迪11月锂电池涨价，子公司IPO进程再进一步！
2021-10-26,午评：港股恒指跌0.39% 内房股下跌啤酒股、汽车股上涨,午评：港股恒指跌0.39% 内房股下跌啤酒股、汽车股上涨
2021-10-26,锂电池因原材料涨价提价20%？比亚迪：不予置评,锂电池因原材料涨价提价20%？比亚迪：不予置评
2021-10-26,比亚迪回应“电池11月起至少调价20%传闻”：不予置评,比亚迪回应“电池11月起至少调价20%传闻”：不予置评
2021-10-26,股价再创新高！比亚迪回应电池涨价传闻：在进行内部确认核实,股价再创新高！比亚迪回应电池涨价传闻：在进行内部确认核实
2021-10-26,A股午盘综述：盐湖提锂、稀土、苹果、特斯拉板块走强，量能放大市场人气继续复苏,A股午盘综述：盐湖提锂、稀土、苹果、特斯拉板块走强，量能放大市场人气继续复苏
2021-10-26,锂电池盈利拐点在望：比亚迪加入涨价大潮 与“宁王”并肩再创新高,锂电池盈利拐点在望：比亚迪加入涨价大潮 与“宁王”并肩再创新高
2021-10-26,汽车行业简评报告：特斯拉3季度业绩创新高 国内市场缺芯缓解逐步兑现,汽车行业简评报告：特斯拉3季度业绩创新高 国内市场缺芯缓解逐步兑现
2021-10-26,【行情】汽车整车板块开盘拉升，比亚迪涨近4%，小康股份、江淮汽车、长城汽车跟涨,【行情】汽车整车板块开盘拉升，比亚迪涨近4%，小康股份、江淮汽车、长城汽车跟涨
2021-10-26,油价又涨，吉利、长安、长城慌了，电动化进程刻不容缓,油价又涨，吉利、长安、长城慌了，电动化进程刻不容缓
2021-10-26,酷狗合作鸿蒙系统一年：车载听歌“跨屏协同”、智能音箱“一碰传音”,酷狗合作鸿蒙系统一年：车载听歌“跨屏协同”、智能音箱“一碰传音”
2021-10-26,港股异动 | 比亚迪股份(01211)高开逾5%破顶 网传比亚迪电池提价不低于20% 11月1日执行,港股异动 | 比亚迪股份(01211)高开逾5%破顶 网传比亚迪电池提价不低于20% 11月1日执行
2021-10-26,港股汽车股集体走强 小鹏、理想、比亚迪创历史新高,港股汽车股集体走强 小鹏、理想、比亚迪创历史新高
2021-10-26,比亚迪回应“锂电池提价20%”：内部正在核实,比亚迪回应“锂电池提价20%”：内部正在核实
2021-10-26,新能源车股拉升 宁德时代、比亚迪等创历史新高,新能源车股拉升 宁德时代、比亚迪等创历史新高
2021-10-26,传比亚迪上调部分电池产品价格，公司回应正在内部核实,传比亚迪上调部分电池产品价格，公司回应正在内部核实
2021-10-26,9000亿巨头电池涨价20%，比亚迪高开超4%，股价续刷新高,9000亿巨头电池涨价20%，比亚迪高开超4%，股价续刷新高
2021-10-26,A股港股新能源车板块集体拉升，比亚迪、宁德时代创历史新高，隔夜特斯拉市值突破万亿美元,A股港股新能源车板块集体拉升，比亚迪、宁德时代创历史新高，隔夜特斯拉市值突破万亿美元
2021-10-26,比亚迪锂电池涨价20%？原材料价格上扬汽车电池制造商压力陡增,比亚迪锂电池涨价20%？原材料价格上扬汽车电池制造商压力陡增
2021-10-26,电池原材料价格暴涨！比亚迪扛不住了 旧合同全部作废,电池原材料价格暴涨！比亚迪扛不住了 旧合同全部作废
2021-10-26,A股新能源汽车概念大涨，宁德时代、比亚迪开盘创历史新高,A股新能源汽车概念大涨，宁德时代、比亚迪开盘创历史新高
2021-10-27,每股涨142万元，伯克希尔A类股盘后暴涨！洪灏：巴菲特90年赚的钱还多不及马斯克九个月,每股涨142万元，伯克希尔A类股盘后暴涨！洪灏：巴菲特90年赚的钱还多不及马斯克九个月
2021-10-27,精进电动科创板上市：新能源汽车产业链会再次起飞吗？,精进电动科创板上市：新能源汽车产业链会再次起飞吗？
2021-10-27,车市月观察丨9月自主SUV：“神车”光环消散，一线混战时代开启,车市月观察丨9月自主SUV：“神车”光环消散，一线混战时代开启
2021-10-27,A股收盘综述：电力、新能源汽车产业链、碳中和逆市走升，宁德时代比亚迪收红,A股收盘综述：电力、新能源汽车产业链、碳中和逆市走升，宁德时代比亚迪收红
2021-10-27,29亿入股哪吒，造车能为周鸿祎的“生态梦”注入灵魂？,29亿入股哪吒，造车能为周鸿祎的“生态梦”注入灵魂？
2021-10-27,千亿半导体巨头跌11%！格力大跌，新能源掀涨停潮,千亿半导体巨头跌11%！格力大跌，新能源掀涨停潮
2021-10-27,震裕科技(300953)2021年三季报点评：成本上涨业绩短期承压 双重受益行业高景气度,震裕科技(300953)2021年三季报点评：成本上涨业绩短期承压 双重受益行业高景气度
2021-10-27,锂电池涨价潮 头部动力电池企业酝酿涨价,锂电池涨价潮 头部动力电池企业酝酿涨价
2021-10-27,比亚迪于东莞成立新公司，经营范围含保险代理业务等,比亚迪于东莞成立新公司，经营范围含保险代理业务等
2021-10-27,比亚迪e平台3.0如何重塑智能电动汽车？,比亚迪e平台3.0如何重塑智能电动汽车？
2021-10-27,每股442万元，伯克希尔A类股盘后暴涨51%！洪灏：巴菲特90年赚的钱还多不及马斯克九个月,每股442万元，伯克希尔A类股盘后暴涨51%！洪灏：巴菲特90年赚的钱还多不及马斯克九个月
2021-10-27,9月电机榜：比亚迪霸榜，智新科技首上榜,9月电机榜：比亚迪霸榜，智新科技首上榜
2021-10-27,比亚迪不是中国特斯拉,比亚迪不是中国特斯拉
2021-10-27,锂又嗨了！冯明远、赵诣加仓，持续涨价、“新能源+储能”加持，锂电池yyds？,锂又嗨了！冯明远、赵诣加仓，持续涨价、“新能源+储能”加持，锂电池yyds？
2021-10-27,比亚迪超跑惊现街头 网友直呼太帅！原来是汉EV原型车,比亚迪超跑惊现街头 网友直呼太帅！原来是汉EV原型车
2021-10-27,川环科技：比亚迪的燃油车和新能源汽车，我们都有配套,川环科技：比亚迪的燃油车和新能源汽车，我们都有配套
2021-10-27,比亚迪：持股5%以上股东部分股份质押及解除质押,比亚迪：持股5%以上股东部分股份质押及解除质押
2021-10-27,比亚迪：吕向阳及融捷投资控股质押0.1%股份,比亚迪：吕向阳及融捷投资控股质押0.1%股份
2021-10-27,特斯拉Model S/X长续航版价格再上调，今年已涨价9万元,特斯拉Model S/X长续航版价格再上调，今年已涨价9万元
2021-10-27,珠海冠宇动力电池布局或失先机 多起核心技术专利申请不具创造性遭驳回,珠海冠宇动力电池布局或失先机 多起核心技术专利申请不具创造性遭驳回
2021-10-27,胡润富豪百强超三成出自大湾区，总财富约为上海去年GDP,胡润富豪百强超三成出自大湾区，总财富约为上海去年GDP
2021-10-27,基金最新“十大抱团股”名单出炉！,基金最新“十大抱团股”名单出炉！
2021-10-27,前三季度狂赚超77亿元，扩产、投资动作频频，万亿宁德时代又称王,前三季度狂赚超77亿元，扩产、投资动作频频，万亿宁德时代又称王
2021-10-27,比亚迪DM-i车型热销趋势不减 独家曲轴供应商福达股份或将长期受益,比亚迪DM-i车型热销趋势不减 独家曲轴供应商福达股份或将长期受益
2021-10-27,比亚迪、长城盘中创下新高，特斯拉市值破万亿美元，新能源赛道估值无限！,比亚迪、长城盘中创下新高，特斯拉市值破万亿美元，新能源赛道估值无限！
2021-10-27,电池技术路线要变天？特斯拉、苹果造车采用磷酸铁锂电池,电池技术路线要变天？特斯拉、苹果造车采用磷酸铁锂电池
2021-10-27,特斯拉市值破万亿美元！中国的下一个万亿，宁德时代还是比亚迪？,特斯拉市值破万亿美元！中国的下一个万亿，宁德时代还是比亚迪？
2021-10-27,A股午盘综述：电力、新能源、碳中和炒作依旧活跃，煤炭、家电、白酒调整,A股午盘综述：电力、新能源、碳中和炒作依旧活跃，煤炭、家电、白酒调整
2021-10-27,新能源要狂欢？国务院重磅：大力推广新能源车，2030年占比40%！万亿宁王放大招：四年营收不低于6200亿！基金经理买疯了,新能源要狂欢？国务院重磅：大力推广新能源车，2030年占比40%！万亿宁王放大招：四年营收不低于6200亿！基金经理买疯了
2021-10-27,动力电池成本增加约20%-25%，涨价压力将传至终端？,动力电池成本增加约20%-25%，涨价压力将传至终端？
2021-10-27,内外资联手加仓，新能源板块成近期行情主角,内外资联手加仓，新能源板块成近期行情主角
2021-10-27,多家电池厂商传涨价信号，能否落实存疑,多家电池厂商传涨价信号，能否落实存疑
2021-10-27,新能源交通工具比例达到40%！国务院发布2030前碳达峰行动方案,新能源交通工具比例达到40%！国务院发布2030前碳达峰行动方案
2021-10-27,多地出现菜价比肉价贵，李子柒起诉前经纪公司 | 财经日日评 诉讼纠纷,多地出现菜价比肉价贵，李子柒起诉前经纪公司 | 财经日日评 诉讼纠纷
2021-10-27,"【财富早知道】突发！湖南富豪被立案调查，还是A股公司实控人；高瓴又出手！千亿白马遭减持；快看！天府金融论坛来了
董监高成员异常事件","【财富早知道】突发！湖南富豪被立案调查，还是A股公司实控人；高瓴又出手！千亿白马遭减持；快看！天府金融论坛来了
董监高成员异常事件"
2021-10-27,比亚迪距离全球汽车龙头还有多远,比亚迪距离全球汽车龙头还有多远
2021-10-27,燃油机“淡出”沃德十佳！老美的混动，中国人不认？,燃油机“淡出”沃德十佳！老美的混动，中国人不认？
2021-10-27,中国领衔，特斯拉倒戈，全球汽车动力电池将重回磷酸铁锂时代？,中国领衔，特斯拉倒戈，全球汽车动力电池将重回磷酸铁锂时代？
2021-10-27,新能源电池的中场战事,新能源电池的中场战事
2021-10-27,电池喊涨 暂未波及电动车,电池喊涨 暂未波及电动车
2021-10-27,融资客大举加仓的业绩暴增股来了,融资客大举加仓的业绩暴增股来了
2021-10-27,中金国货崛起系列研究 | 汽车：乘电动智能东风，国货汽车崛起正当时,中金国货崛起系列研究 | 汽车：乘电动智能东风，国货汽车崛起正当时
2021-10-27,常铝股份：新能源电池壳后处理生产线顺利通过比亚迪审核,常铝股份：新能源电池壳后处理生产线顺利通过比亚迪审核
2021-10-27,四川路桥5天3板,四川路桥5天3板
2021-10-27,比亚迪半导体拆分上市，能成为“中国英飞凌”吗？,比亚迪半导体拆分上市，能成为“中国英飞凌”吗？
2021-10-27,沙特推广电动车！万亿宁王四年营收目标6200亿,沙特推广电动车！万亿宁王四年营收目标6200亿
2021-10-27,焦点分析 | 拿下全球最大储能项目，华为进入万亿新战场,焦点分析 | 拿下全球最大储能项目，华为进入万亿新战场
2021-10-27,一电观察 | 比亚迪动力电池不会涨价,一电观察 | 比亚迪动力电池不会涨价
2021-10-27,大公司早报｜腾讯三季度反舞弊调查处理59人 李子柒正式起诉MCN机构微念,大公司早报｜腾讯三季度反舞弊调查处理59人 李子柒正式起诉MCN机构微念
2021-10-27,A股融资融券日报：两融余额增加17.51亿元（10月26日）,A股融资融券日报：两融余额增加17.51亿元（10月26日）
2021-10-27,恒大 40 个在建项目已逐步复工复产,恒大 40 个在建项目已逐步复工复产
2021-10-27,原材料价格暴涨，比亚迪锂电池全面涨价20%以上,原材料价格暴涨，比亚迪锂电池全面涨价20%以上
2021-10-28,比亚迪电子：现有股东同意按其各自的持股比例向比亚迪汽车金融合共注资25亿元,比亚迪电子：现有股东同意按其各自的持股比例向比亚迪汽车金融合共注资25亿元
2021-10-28,比亚迪最新公告：第三季度净利润12.7亿元,比亚迪最新公告：第三季度净利润12.7亿元
2021-10-28,比亚迪第三季度净利润12.7亿元！问鼎9月中国新能源乘用车销量冠军,比亚迪第三季度净利润12.7亿元！问鼎9月中国新能源乘用车销量冠军
2021-10-28,比亚迪前三季营收增长近四成，净利润下滑近三成,比亚迪前三季营收增长近四成，净利润下滑近三成
2021-10-28,国盛证券：给予丰元股份买入评级,国盛证券：给予丰元股份买入评级
2021-10-28,ATFX港股：谁，会成为中国版的特斯拉？,ATFX港股：谁，会成为中国版的特斯拉？
2021-10-28,比亚迪：前三季度净利润同比减少28.43% 盈利能力下降,比亚迪：前三季度净利润同比减少28.43% 盈利能力下降
2021-10-28,动力电池涨价 龙头企业大规模扩产,动力电池涨价 龙头企业大规模扩产
2021-10-28,湖州银行拟发起设立绿色消费金融公司 2020年净利润下滑8.75%,湖州银行拟发起设立绿色消费金融公司 2020年净利润下滑8.75%
2021-10-28,比亚迪电池带头涨价？新能源车是否会跟继涨价？,比亚迪电池带头涨价？新能源车是否会跟继涨价？
2021-10-28,电动车太火，电池原料每吨“日均涨3000元”？比亚迪、国轩高科扛不住,电动车太火，电池原料每吨“日均涨3000元”？比亚迪、国轩高科扛不住
2021-10-28,比亚迪：2021年第三季度净利润约12.7亿元,比亚迪：2021年第三季度净利润约12.7亿元
2021-10-28,比亚迪前三季度净利润同比下降28.43%,比亚迪前三季度净利润同比下降28.43%
2021-10-28,动力电池的龙头企业们正集体酝酿涨价,动力电池的龙头企业们正集体酝酿涨价
2021-10-28,比亚迪汽车金融拟获比亚迪及其子公司增资20亿,比亚迪汽车金融拟获比亚迪及其子公司增资20亿
2021-10-28,9000亿比亚迪三季度净利降27.5%，夏佐全减持，北上资金买买买,9000亿比亚迪三季度净利降27.5%，夏佐全减持，北上资金买买买
2021-10-28,比亚迪Q3财报：营收1451.92亿元，同比增长38.25%，但净利润同比下降27.5%,比亚迪Q3财报：营收1451.92亿元，同比增长38.25%，但净利润同比下降27.5%
2021-10-28,比亚迪三季度扣非净利降67%，前9月净利政府补助占六成，新能源车销量增2倍,比亚迪三季度扣非净利降67%，前9月净利政府补助占六成，新能源车销量增2倍
2021-10-28,川能动力：拟与四川路桥、比亚迪合资开发磷酸铁锂项目,川能动力：拟与四川路桥、比亚迪合资开发磷酸铁锂项目
2021-10-28,川能动力(000155.SZ)：拟与四川路桥、比亚迪合资开发马边县磷矿资源及磷酸铁锂项目,川能动力(000155.SZ)：拟与四川路桥、比亚迪合资开发马边县磷矿资源及磷酸铁锂项目
2021-10-28,极氪这把尖刀，李书福指望得上吗？,极氪这把尖刀，李书福指望得上吗？
2021-10-28,每经22点 | 热门中概股多数下跌；黑龙江省黑河市新增4例新冠肺炎确诊病例；农业农村部召开全国水产种业振兴行动工作推进会,每经22点 | 热门中概股多数下跌；黑龙江省黑河市新增4例新冠肺炎确诊病例；农业农村部召开全国水产种业振兴行动工作推进会
2021-10-28,10月29日上市公司重要公告集锦：比亚迪前三季度净利同比减少28.43%,10月29日上市公司重要公告集锦：比亚迪前三季度净利同比减少28.43%
2021-10-28,实在是扛不住了！动力电池企业“试探”涨价,实在是扛不住了！动力电池企业“试探”涨价
2021-10-28,北向资金逆市加仓超71亿，贵州茅台获大幅净买入13亿元,北向资金逆市加仓超71亿，贵州茅台获大幅净买入13亿元
2021-10-28,一天卖车1863辆！新能源车“一哥”业绩下滑近三成，下车还是上车？,一天卖车1863辆！新能源车“一哥”业绩下滑近三成，下车还是上车？
2021-10-28,比亚迪公布三季报 前三季净利减少28.43%,比亚迪公布三季报 前三季净利减少28.43%
2021-10-28,比亚迪：第三季度净利润12.7亿元 同比下降27.5%,比亚迪：第三季度净利润12.7亿元 同比下降27.5%
2021-10-28,数据复盘｜主力资金抛售化工股、有色金属股 北向资金抢筹贵州茅台、比亚迪等,数据复盘｜主力资金抛售化工股、有色金属股 北向资金抢筹贵州茅台、比亚迪等
2021-10-28,福蓉科技：公司主要为比亚迪提供手机铝制中框材料及平板电脑背板材料，“中山和胜”系公司竞争对手之一,福蓉科技：公司主要为比亚迪提供手机铝制中框材料及平板电脑背板材料，“中山和胜”系公司竞争对手之一
2021-10-28,5年收益翻倍！MSCI大中华区高层详解这一产品，计划把全球好的指数推广至A股,5年收益翻倍！MSCI大中华区高层详解这一产品，计划把全球好的指数推广至A股
2021-10-28,残酷真相：中国车企市值总和不敌特斯拉的一半,残酷真相：中国车企市值总和不敌特斯拉的一半
2021-10-28,银轮股份(002126)：新能源贡献营收增长 盈利能力短期承压,银轮股份(002126)：新能源贡献营收增长 盈利能力短期承压
2021-10-28,基金A股持仓创历史新高，“顶流”投资路线曝光,基金A股持仓创历史新高，“顶流”投资路线曝光
2021-10-28,电池库存足 车价不跟涨,电池库存足 车价不跟涨
2021-10-28,长城魏建军成中国富豪榜造车首富，但汽车人都比不过锂电大王,长城魏建军成中国富豪榜造车首富，但汽车人都比不过锂电大王
2021-10-28,港股盘前必读：中国平安前三季度净利润816.38亿元同比下降20.8%,港股盘前必读：中国平安前三季度净利润816.38亿元同比下降20.8%
2021-10-28,中金喊出800元！万亿宁王业绩翻倍，高瓴却接连减持,中金喊出800元！万亿宁王业绩翻倍，高瓴却接连减持
2021-10-28,融资客青睐7股，未来股份买入占比高达57.18%,融资客青睐7股，未来股份买入占比高达57.18%
2021-10-28,回购+大股东增持！Q3表现好于预期的永达汽车(3669.HK)迎价值回归？,回购+大股东增持！Q3表现好于预期的永达汽车(3669.HK)迎价值回归？
2021-10-28,比亚迪9月新能源汽车销量高歌猛进！背后藏着怎样的奥秘？,比亚迪9月新能源汽车销量高歌猛进！背后藏着怎样的奥秘？
2021-10-28,锂又“嗨”了！冯明远、赵诣加仓,锂又“嗨”了！冯明远、赵诣加仓
2021-10-28,硬刚特斯拉？奔驰将采用磷酸铁锂电池，其电动汽车售价或大幅降低,硬刚特斯拉？奔驰将采用磷酸铁锂电池，其电动汽车售价或大幅降低
2021-10-28,面对yyds的宁德时代，是否还要敬畏估值？,面对yyds的宁德时代，是否还要敬畏估值？
2021-10-28,A股融资融券日报：两融余额减少19.89亿元（10月27日）,A股融资融券日报：两融余额减少19.89亿元（10月27日）
2021-10-28,特斯拉市值首破万亿，新能源汽车的火还能烧多久？,特斯拉市值首破万亿，新能源汽车的火还能烧多久？
2021-10-28,热衷于买买买的“宁王” 诠释何为供应链的掌控力,热衷于买买买的“宁王” 诠释何为供应链的掌控力
2021-10-28,A股资金流向：周期股下挫，新能源板块出现剧烈分歧,A股资金流向：周期股下挫，新能源板块出现剧烈分歧
2021-10-28,9种MSCI中国A股指数，布局A股优质资产哪家强？,9种MSCI中国A股指数，布局A股优质资产哪家强？
2021-10-28,巨头大跌超10%，“女版巴菲特”密集抛售特斯拉,巨头大跌超10%，“女版巴菲特”密集抛售特斯拉
2021-10-28,中国新能源汽车连续六年全球第一，谁将是下一个“特斯拉”？,中国新能源汽车连续六年全球第一，谁将是下一个“特斯拉”？
2021-10-28,盐湖股份封住跌停板、比亚迪跌5%，盐湖提锂板块尾盘继续下滑,盐湖股份封住跌停板、比亚迪跌5%，盐湖提锂板块尾盘继续下滑
2021-10-28,【行情】汽车整车持续走低，东风汽车跌近8%，福田汽车、一汽解放、长安汽车、比亚迪等跟跌,【行情】汽车整车持续走低，东风汽车跌近8%，福田汽车、一汽解放、长安汽车、比亚迪等跟跌
2021-10-28,越来越快！“蔚小理”聚首“10万俱乐部”！,越来越快！“蔚小理”聚首“10万俱乐部”！
2021-10-28,38股创新高，38倍牛股开盘巨量跌停，什么情况,38股创新高，38倍牛股开盘巨量跌停，什么情况
2021-10-28,10万订单不值万亿，特斯拉最值钱的是它的发展布局,10万订单不值万亿，特斯拉最值钱的是它的发展布局
2021-10-28,38倍牛股开盘20%巨量跌停，什么情况？年内首只10倍股或将诞生，一批新能源牛股新高不断（附股）,38倍牛股开盘20%巨量跌停，什么情况？年内首只10倍股或将诞生，一批新能源牛股新高不断（附股）
2021-10-28,助力零碳出行 比亚迪纯电动巴士成为第26届联合国气候大会官方接驳车,助力零碳出行 比亚迪纯电动巴士成为第26届联合国气候大会官方接驳车
2021-10-28,上游原材料“厮杀”，动力电池传涨价信号，电动车要迎涨价潮？,上游原材料“厮杀”，动力电池传涨价信号，电动车要迎涨价潮？
2021-10-29,新能源汽车空前繁荣背后：产业链涨价何时是尽头？,新能源汽车空前繁荣背后：产业链涨价何时是尽头？
2021-10-29,业绩快报丨比亚迪三季报来了，日均卖1863辆车，净利润却同比下降三成 盈利能力下降,业绩快报丨比亚迪三季报来了，日均卖1863辆车，净利润却同比下降三成 盈利能力下降
2021-10-29,新能源车销量翻倍、扣非净利润腰斩 比亚迪三季度再陷“增收不增利”怪圈 盈利能力下降,新能源车销量翻倍、扣非净利润腰斩 比亚迪三季度再陷“增收不增利”怪圈 盈利能力下降
2021-10-29,量话车市│轿车市场2021年9月销量解读,量话车市│轿车市场2021年9月销量解读
2021-10-29,比亚迪(002594)：三季报业绩符合预期 现金流亮眼,比亚迪(002594)：三季报业绩符合预期 现金流亮眼
2021-10-29,量话车市│乘用车市场销量9月走势分析,量话车市│乘用车市场销量9月走势分析
2021-10-29,比亚迪前三季度实现净利24.43亿元 新能源车成最强增长点,比亚迪前三季度实现净利24.43亿元 新能源车成最强增长点
2021-10-29,长沙弗迪电池：明年产值可望过百亿元,长沙弗迪电池：明年产值可望过百亿元
2021-10-29,小摩：予比亚迪股份增持评级，H股目标价升至400港元,小摩：予比亚迪股份增持评级，H股目标价升至400港元
2021-10-29,四川路桥(600039)季报点评：盈利能力、现金流优异 资源板块加速布局,四川路桥(600039)季报点评：盈利能力、现金流优异 资源板块加速布局
2021-10-29,小摩：予比亚迪股份增持评级 目标价升至400港元,小摩：予比亚迪股份增持评级 目标价升至400港元
2021-10-29,财报解析 | 原材料涨价 宁德时代毛利率不降反增/但现金流已受影响,财报解析 | 原材料涨价 宁德时代毛利率不降反增/但现金流已受影响
2021-10-29,动力电池产业链暗流涌动，宁德时代要如何掌舵一艘万亿市值的巨轮？,动力电池产业链暗流涌动，宁德时代要如何掌舵一艘万亿市值的巨轮？
2021-10-29,比亚迪&51换电合作签约，首批电池顺利交付,比亚迪&51换电合作签约，首批电池顺利交付
2021-10-29,中金：全球电动突破临界，明年有望千万销量,中金：全球电动突破临界，明年有望千万销量
2021-10-29,文件显示：比亚迪寻求通过配售H股融资18亿美元,文件显示：比亚迪寻求通过配售H股融资18亿美元
2021-10-29,中国“新万亿”公司就快多出一个比亚迪？,中国“新万亿”公司就快多出一个比亚迪？
2021-10-29,北向资金连续13个月加仓A股，隆基股份获大幅净买入超10亿,北向资金连续13个月加仓A股，隆基股份获大幅净买入超10亿
2021-10-29,千亿龙头冲击涨停！人气王十连板，主力抢筹12亿,千亿龙头冲击涨停！人气王十连板，主力抢筹12亿
2021-10-29,比亚迪(002594)公司点评：需求饱满全力扩产技术领先出海加速,比亚迪(002594)公司点评：需求饱满全力扩产技术领先出海加速
2021-10-29,比亚迪上月按年升2.49倍 | 头条金融网,比亚迪上月按年升2.49倍 | 头条金融网
2021-10-29,比亚迪2021年三季报点评：量利齐升，环比改善【国信汽车】,比亚迪2021年三季报点评：量利齐升，环比改善【国信汽车】
2021-10-29,比亚迪三季度再现“增收不增利”：营收增长超两成，利润下滑近三成 盈利能力下降,比亚迪三季度再现“增收不增利”：营收增长超两成，利润下滑近三成 盈利能力下降
2021-10-29,和胜股份(002824)2021年三季报点评：业绩符合预期 成本扰动下逆势提升净利率,和胜股份(002824)2021年三季报点评：业绩符合预期 成本扰动下逆势提升净利率
2021-10-29,“聪明钱”单月狂买近60亿！万亿“宁王”彻底火了,“聪明钱”单月狂买近60亿！万亿“宁王”彻底火了
2021-10-29,股市风光难掩盈利之痛，新能源车企拨起了算盘,股市风光难掩盈利之痛，新能源车企拨起了算盘
2021-10-29,华西证券维持比亚迪增持评级：需求饱满全力扩产技术领先出海加速,华西证券维持比亚迪增持评级：需求饱满全力扩产技术领先出海加速
2021-10-29,再次爆发！周期股企稳，外资助推A股走一波小高潮？,再次爆发！周期股企稳，外资助推A股走一波小高潮？
2021-10-29,比亚迪三季报出炉AH股走势分化：原材料上涨利润降近三成 对电池涨价函“不予置评” 盈利能力下降,比亚迪三季报出炉AH股走势分化：原材料上涨利润降近三成 对电池涨价函“不予置评” 盈利能力下降
2021-10-29,“缺芯”冲击下车企三季报出炉 比亚迪稳增长的秘诀是什么？,“缺芯”冲击下车企三季报出炉 比亚迪稳增长的秘诀是什么？
2021-10-29,首批四驱高性能版旗舰型比亚迪汉 EV 亮相拉美,首批四驱高性能版旗舰型比亚迪汉 EV 亮相拉美
2021-10-29,360选择入股哪吒汽车，一场“多赢”的合作,360选择入股哪吒汽车，一场“多赢”的合作
2021-10-29,比亚迪第三季度营收543.07亿元，同比增长21.98%,比亚迪第三季度营收543.07亿元，同比增长21.98%
2021-10-29,ATFX港股：创出新高的长城汽车，上涨逻辑是什么？,ATFX港股：创出新高的长城汽车，上涨逻辑是什么？
2021-10-29,上海证券维持比亚迪买入评级：现金流亮眼，汽车等业务盈利改善,上海证券维持比亚迪买入评级：现金流亮眼，汽车等业务盈利改善
2021-10-29,9000亿的比亚迪：原来爱搭不理，如今高攀不起？,9000亿的比亚迪：原来爱搭不理，如今高攀不起？
2021-10-29,比亚迪1211｜折让近7%配股集筹137.4亿 | 头条金融网,比亚迪1211｜折让近7%配股集筹137.4亿 | 头条金融网
2021-10-29,摩通：上调比亚迪H股目标价至400港元，盈利表现稳固,摩通：上调比亚迪H股目标价至400港元，盈利表现稳固
2021-10-29,A股融资融券日报：两融余额减少165.82亿元（10月28日）,A股融资融券日报：两融余额减少165.82亿元（10月28日）
2021-10-29,郑煤机：公司下属的“亚新科”有成功进入小鹏、蔚来、长安新能源、比亚迪等新能源客户的供应链体系，部分产品已实现批量供货,郑煤机：公司下属的“亚新科”有成功进入小鹏、蔚来、长安新能源、比亚迪等新能源客户的供应链体系，部分产品已实现批量供货
2021-10-29,动力电池涨价“风起”?,动力电池涨价“风起”?
2021-10-29,比亚迪前三季度营业收入同比增长38.25%,比亚迪前三季度营业收入同比增长38.25%
2021-10-29,10月29日投资避雷针：比亚迪、万科A第三季度净利同比下降超20%,10月29日投资避雷针：比亚迪、万科A第三季度净利同比下降超20%
2021-10-29,北向资金抄底A股超71亿元，增持汽车白酒减持水泥建材，大幅加仓这些个股,北向资金抄底A股超71亿元，增持汽车白酒减持水泥建材，大幅加仓这些个股
2021-10-29,资金流向现分歧，A股后市料“换挡”前行,资金流向现分歧，A股后市料“换挡”前行
2021-10-29,A股新股破发成常态，中证协、沪深交易所联手整治网下报价异常,A股新股破发成常态，中证协、沪深交易所联手整治网下报价异常
2021-10-29,动力电池企业集体酝酿涨价：实在是扛不住了！,动力电池企业集体酝酿涨价：实在是扛不住了！
2021-10-29,A股连续调整，行情风格要切换？,A股连续调整，行情风格要切换？
2021-10-29,全球新能源汽车产业提速,全球新能源汽车产业提速
2021-10-29,扩产能拼成本 上市公司“逐鹿”磷酸铁锂产业链,扩产能拼成本 上市公司“逐鹿”磷酸铁锂产业链
2021-10-29,9000亿比亚迪也要雷？净利下滑近30%！,9000亿比亚迪也要雷？净利下滑近30%！
2021-10-29,"36万股民炸锅！9000亿比亚迪也要雷？净利下滑近30%！股吧吵翻，券商却说""钞能力""展现！两趟进京高铁紧急中断行程，发生了什么","36万股民炸锅！9000亿比亚迪也要雷？净利下滑近30%！股吧吵翻，券商却说""钞能力""展现！两趟进京高铁紧急中断行程，发生了什么"
2021-10-29,TOP10出炉！2021年1-9月全球动力电池装机达197G,TOP10出炉！2021年1-9月全球动力电池装机达197G
2021-10-29,比亚迪上榜2021年最受赞赏的中国公司,比亚迪上榜2021年最受赞赏的中国公司
2021-10-29,比亚迪三季度净利下降27.5%，美股比亚迪ADR收跌6.39%,比亚迪三季度净利下降27.5%，美股比亚迪ADR收跌6.39%
2021-10-29,2021胡润富豪榜财富增长Top10，新能源汽车占6位,2021胡润富豪榜财富增长Top10，新能源汽车占6位
2021-10-29,合资四大重磅A级车来袭，“油耗”都是杀手锏，谁能叫板比亚迪？,合资四大重磅A级车来袭，“油耗”都是杀手锏，谁能叫板比亚迪？
2021-10-29,芯片短缺问题仍在蔓延，比亚迪电子前三季度净利润大幅下跌,芯片短缺问题仍在蔓延，比亚迪电子前三季度净利润大幅下跌
2021-10-29,华安证券维持比亚迪买入评级：业绩符合预期，销量稳步向上,华安证券维持比亚迪买入评级：业绩符合预期，销量稳步向上
2021-10-29,提价预期高涨，千亿啤酒龙头冲击涨停！人气王十连板，主力抢筹12亿,提价预期高涨，千亿啤酒龙头冲击涨停！人气王十连板，主力抢筹12亿
2021-10-29,和胜股份首板，第三季度净利润同比增长179.11%,和胜股份首板，第三季度净利润同比增长179.11%
2021-10-29,一天卖车1863辆，比亚迪三季度净利下滑近30% 盈利能力下降,一天卖车1863辆，比亚迪三季度净利下滑近30% 盈利能力下降
2021-10-29,特斯拉向宁德时代预订45GWh电池，明年销量有望增一倍,特斯拉向宁德时代预订45GWh电池，明年销量有望增一倍
2021-10-29,单月销量过万辆，比亚迪汉仍需要“新花样”,单月销量过万辆，比亚迪汉仍需要“新花样”
2021-10-29,拿放大镜来寻找比亚迪财报中的亮点,拿放大镜来寻找比亚迪财报中的亮点
2021-10-29,比亚迪：卖最多的车，赚最少的钱,比亚迪：卖最多的车，赚最少的钱
2021-10-29,四川路桥7天4板,四川路桥7天4板
2021-10-29,疯狂的市值 | 新能源催生出的富豪,疯狂的市值 | 新能源催生出的富豪
2021-10-29,贵州茅台、比亚迪等38股获北向资金增持额超亿元,贵州茅台、比亚迪等38股获北向资金增持额超亿元
2021-10-29,津荣天宇：公司取得丰田27PL及丰田与比亚迪合作290D新能源汽车配套产品,津荣天宇：公司取得丰田27PL及丰田与比亚迪合作290D新能源汽车配套产品
2021-10-29,杭州高新：公司尚未直接向新能源汽车制造企业供货,杭州高新：公司尚未直接向新能源汽车制造企业供货
2021-10-29,锂电材料报价继续上涨 磷酸铁锂涨5000元/吨,锂电材料报价继续上涨 磷酸铁锂涨5000元/吨
2021-10-29,暴雷！新能源汽车“一哥”比亚迪净利润暴跌近3成 盈利能力下降,暴雷！新能源汽车“一哥”比亚迪净利润暴跌近3成 盈利能力下降
2021-10-30,格力为什么不涨，而比亚迪为什么老涨？,格力为什么不涨，而比亚迪为什么老涨？
2021-10-30,原材料价格上涨、业务扩张，比亚迪增收不增利 | 看财报 盈利能力下降,原材料价格上涨、业务扩张，比亚迪增收不增利 | 看财报 盈利能力下降
2021-10-30,【华创汽车】比亚迪：Q3业绩符合预期，强劲扩张的左侧,【华创汽车】比亚迪：Q3业绩符合预期，强劲扩张的左侧
2021-10-30,北向资金本周加仓106亿，却大幅抛售这两只电器龙头股（名单）,北向资金本周加仓106亿，却大幅抛售这两只电器龙头股（名单）
2021-10-30,锂电产业链价格持续上涨 车企成本再度受压陷入“两难”,锂电产业链价格持续上涨 车企成本再度受压陷入“两难”
2021-10-30,比亚迪前三季度净利同比降28%，分析师：受原材料涨价影响 盈利能力下降,比亚迪前三季度净利同比降28%，分析师：受原材料涨价影响 盈利能力下降
2021-10-30,中信证券：比亚迪Q3业绩符合预期 车型放量迎盈利拐点,中信证券：比亚迪Q3业绩符合预期 车型放量迎盈利拐点
2021-10-30,科博达(603786)：芯片影响盈利 预计新业务将是增长点,科博达(603786)：芯片影响盈利 预计新业务将是增长点
2021-10-30,比亚迪（002594/01211.HK）：Q3业绩符合预期，车型放量迎盈利拐点,比亚迪（002594/01211.HK）：Q3业绩符合预期，车型放量迎盈利拐点
2021-10-30,科创板公司三季报延续高增长，半导体和新能源“长势”喜人,科创板公司三季报延续高增长，半导体和新能源“长势”喜人
2021-10-30,中信证券：比亚迪第三季度业绩符合预期，车型放量迎盈利拐点,中信证券：比亚迪第三季度业绩符合预期，车型放量迎盈利拐点
2021-10-31,国海证券给予比亚迪买入评级：毛利率边际改善,国海证券给予比亚迪买入评级：毛利率边际改善
2021-10-31,乘联会：2021年1-9月MPV车市批发72万辆 增长率8.9%,乘联会：2021年1-9月MPV车市批发72万辆 增长率8.9%
2021-10-31,各板块Q3业绩如何？,各板块Q3业绩如何？
2021-10-31,【国金电新&汽车】光伏三季报整体优异，环节与公司存分化；铁锂短期风头劲，三元回调创布局机会,【国金电新&汽车】光伏三季报整体优异，环节与公司存分化；铁锂短期风头劲，三元回调创布局机会
2021-10-31,深圳市上市公司家数达500家，总市值15万亿！,深圳市上市公司家数达500家，总市值15万亿！
2021-10-31,四川路桥2021年三季报点评：主业稳健高增，新能源业务快速推进,四川路桥2021年三季报点评：主业稳健高增，新能源业务快速推进
2021-10-31,本周操盘攻略：坚守新能源or布局低估蓝筹,本周操盘攻略：坚守新能源or布局低估蓝筹
2021-10-31,动力电池之争反转，磷酸铁锂“逆袭”成功,动力电池之争反转，磷酸铁锂“逆袭”成功
2021-10-31,15亿补贴难救场，净利下滑近三成，比亚迪远逊特斯拉 盈利能力下降,15亿补贴难救场，净利下滑近三成，比亚迪远逊特斯拉 盈利能力下降
2021-10-31,DM-i订单持续火热，比亚迪第三季度营收净利润双增长,DM-i订单持续火热，比亚迪第三季度营收净利润双增长
2021-10-31,9月全球动力电池榜：力神电池首上榜，中航锂电逼近三星SDI,9月全球动力电池榜：力神电池首上榜，中航锂电逼近三星SDI
2021-10-31,里程碑！深圳市上市公司家数达500家，总市值15万亿，超上海+广州之和，抵1个德国2.7个巴西,里程碑！深圳市上市公司家数达500家，总市值15万亿，超上海+广州之和，抵1个德国2.7个巴西
2021-10-31,含保险代理等 比亚迪于东莞成立新公司,含保险代理等 比亚迪于东莞成立新公司
2021-10-31,全球新能源汽车领域十大富豪，中国霸占8席，3人身价超千亿,全球新能源汽车领域十大富豪，中国霸占8席，3人身价超千亿
2021-10-31,原材料涨价“吞噬”利润，动力电池厂商密集提价预期再起，磷酸铁锂电池或“逆袭”成功,原材料涨价“吞噬”利润，动力电池厂商密集提价预期再起，磷酸铁锂电池或“逆袭”成功
2021-11-01,9月新能源客车销量：大订单拉动市场增长，比亚迪跃居第二,9月新能源客车销量：大订单拉动市场增长，比亚迪跃居第二
2021-11-01,北向资金今日净买入7.11亿元，连续13日抢筹宁德时代累计加仓超76亿元,北向资金今日净买入7.11亿元，连续13日抢筹宁德时代累计加仓超76亿元
2021-11-01,利润环比增超35%，新能源车销量涨超200%，比亚迪实力尽显,利润环比增超35%，新能源车销量涨超200%，比亚迪实力尽显
2021-11-01,开源证券：给予比亚迪买入评级,开源证券：给予比亚迪买入评级
2021-11-01,港股收评：恒指跌0.88% 保利协鑫暴涨82%,港股收评：恒指跌0.88% 保利协鑫暴涨82%
2021-11-01,万亿“宁王”再创新高，股价究竟何时见顶？1225只基金重仓，华夏基金部分持仓收益达8倍,万亿“宁王”再创新高，股价究竟何时见顶？1225只基金重仓，华夏基金部分持仓收益达8倍
2021-11-01,新能源e周报丨2030年前碳达峰行动方案发布，79家锂电池公司披露三季度业绩，券商最新研判来了,新能源e周报丨2030年前碳达峰行动方案发布，79家锂电池公司披露三季度业绩，券商最新研判来了
2021-11-01,福达股份前三季度净利润增逾20% 在新能源车领域进行更多探索,福达股份前三季度净利润增逾20% 在新能源车领域进行更多探索
2021-11-01,四川路桥收重组问询函 需要说明公司是否具备与能投集团、比亚迪开展合作的能力 问询,四川路桥收重组问询函 需要说明公司是否具备与能投集团、比亚迪开展合作的能力 问询
2021-11-01,招银国际：维持比亚迪股份(01211)“买入”评级 目标价升至425港元,招银国际：维持比亚迪股份(01211)“买入”评级 目标价升至425港元
2021-11-01,比亚迪再度配股，发生了什么？中国奥园大跌10%，医药股再度大跌，当代置业迎解困？,比亚迪再度配股，发生了什么？中国奥园大跌10%，医药股再度大跌，当代置业迎解困？
2021-11-01,花旗：下调比亚迪电目标价至36港元 评级买入 机构下调估值,花旗：下调比亚迪电目标价至36港元 评级买入 机构下调估值
2021-11-01,比亚迪(002594)：前三季度营收高增 新车型放量助推景气周期,比亚迪(002594)：前三季度营收高增 新车型放量助推景气周期
2021-11-01,A股资金流向：新能源板块冲高回落，资金分歧较大,A股资金流向：新能源板块冲高回落，资金分歧较大
2021-11-01,干货！2021年中国动力锂电池龙头企业市场竞争格局分析 宁德时代VS比亚迪下谁为“王”？,干货！2021年中国动力锂电池龙头企业市场竞争格局分析 宁德时代VS比亚迪下谁为“王”？
2021-11-01,10月车企投诉指数排行：续航不足成新痛点,10月车企投诉指数排行：续航不足成新痛点
2021-11-01,成本上涨、芯片短缺：9家A股整车上市公司业绩普遍承压 第三季度无一营收、净利双涨 盈利能力下降,成本上涨、芯片短缺：9家A股整车上市公司业绩普遍承压 第三季度无一营收、净利双涨 盈利能力下降
2021-11-01,拖累整体业绩表现，比亚迪的手机代工生意不好做 盈利能力下降,拖累整体业绩表现，比亚迪的手机代工生意不好做 盈利能力下降
2021-11-01,手机代工生意不好做，比亚迪近万亿元的市值还得靠汽车撑起,手机代工生意不好做，比亚迪近万亿元的市值还得靠汽车撑起
2021-11-01,比亚迪三季报：去年靠口罩增利，今年靠降杠杆主业扭亏,比亚迪三季报：去年靠口罩增利，今年靠降杠杆主业扭亏
2021-11-01,巨额募资138亿港元！比亚迪将加大动力电池布局,巨额募资138亿港元！比亚迪将加大动力电池布局
2021-11-01,【明日主题前瞻】特斯拉促销费又“放大招” 可零首付购买车辆,【明日主题前瞻】特斯拉促销费又“放大招” 可零首付购买车辆
2021-11-01,10月汽车股：长城、比亚迪股价狂飙24%领涨，特斯拉市值月增2万亿,10月汽车股：长城、比亚迪股价狂飙24%领涨，特斯拉市值月增2万亿
2021-11-01,【趣点】前三季度动力电池装机量：宁德时代占半壁江山！比亚迪“小跑追赶”,【趣点】前三季度动力电池装机量：宁德时代占半壁江山！比亚迪“小跑追赶”
2021-11-01,股价大涨，收益却在下滑！车企消失的利润哪去了？ 盈利能力下降,股价大涨，收益却在下滑！车企消失的利润哪去了？ 盈利能力下降
2021-11-01,名家汇定增竞价结果出炉 比亚迪、瑞银等重金“捧场”,名家汇定增竞价结果出炉 比亚迪、瑞银等重金“捧场”
2021-11-01,重庆9月新能源车市生变 特斯拉和比亚迪上演“王者之争” 个人消费占绝大多数,重庆9月新能源车市生变 特斯拉和比亚迪上演“王者之争” 个人消费占绝大多数
2021-11-01,每天车闻：现代起亚与美国电池制造商开发固态电池,每天车闻：现代起亚与美国电池制造商开发固态电池
2021-11-01,名家汇定增竞价结果出炉：比亚迪、瑞银现身认购名单,名家汇定增竞价结果出炉：比亚迪、瑞银现身认购名单
2021-11-01,恩捷股份：现在公司每月对比亚迪的隔膜供应量均有增加,恩捷股份：现在公司每月对比亚迪的隔膜供应量均有增加
2021-11-01,比亚迪前三季度业绩承压，年内二次配售“补血”138亿港元 盈利能力下降,比亚迪前三季度业绩承压，年内二次配售“补血”138亿港元 盈利能力下降
2021-11-01,公募三季度全景图绘出， “百亿俱乐部”规模缩水,公募三季度全景图绘出， “百亿俱乐部”规模缩水
2021-11-01,“车茅”比亚迪(002594.SZ)的Q3表现该怎么看？,“车茅”比亚迪(002594.SZ)的Q3表现该怎么看？
2021-11-01,新能源巨头再次大手笔融资！投向这些领域,新能源巨头再次大手笔融资！投向这些领域
2021-11-01,快讯：港股恒指低开0.43% 比亚迪配售跌1.55%第一服务暴涨52.55%,快讯：港股恒指低开0.43% 比亚迪配售跌1.55%第一服务暴涨52.55%
2021-11-01,比亚迪、隆基股份等14股获融资净买入超亿元,比亚迪、隆基股份等14股获融资净买入超亿元
2021-11-01,五菱/比亚迪/特斯拉销量占新能源销量超40%,五菱/比亚迪/特斯拉销量占新能源销量超40%
2021-11-01,A股融资融券日报：两融余额减少52.62亿元（10月29日）,A股融资融券日报：两融余额减少52.62亿元（10月29日）
2021-11-01,杠杆资金重仓股曝光 比亚迪居首,杠杆资金重仓股曝光 比亚迪居首
2021-11-01,比亚迪：将配售5000万股新H股,比亚迪：将配售5000万股新H股
2021-11-01,奔驰入门级纯电汽车将使用磷酸铁锂电池,奔驰入门级纯电汽车将使用磷酸铁锂电池
2021-11-01,推动当地电动化进程 比亚迪汉 EV 亮相拉美地区,推动当地电动化进程 比亚迪汉 EV 亮相拉美地区
2021-11-01,山西证券：新能源车渗透率将逐步提升 关注新能源产业链等标的,山西证券：新能源车渗透率将逐步提升 关注新能源产业链等标的
2021-11-01,比亚迪将配售5000万股新H股 预计融资约138亿港元,比亚迪将配售5000万股新H股 预计融资约138亿港元
2021-11-01,公募三季度全景图绘出“百亿俱乐部”规模缩水,公募三季度全景图绘出“百亿俱乐部”规模缩水
2021-11-01,三季报收官，A股“硬科技”板块表现抢眼,三季报收官，A股“硬科技”板块表现抢眼
2021-11-01,开这几台车代步，比坐公交车还省！,开这几台车代步，比坐公交车还省！
2021-11-01,芯片短缺、原材料涨价，比亚迪、东风汽车三季度净利润下滑超20% 盈利能力下降,芯片短缺、原材料涨价，比亚迪、东风汽车三季度净利润下滑超20% 盈利能力下降
2021-11-01,和胜股份2连板，与比亚迪合作刀片电池已经批量供货,和胜股份2连板，与比亚迪合作刀片电池已经批量供货
2021-11-01,福达股份前三季度净利润同比增逾两成 新能源汽车业务前景喜人,福达股份前三季度净利润同比增逾两成 新能源汽车业务前景喜人
2021-11-01,比亚迪时隔9个月再次巨额融资 将加大动力电池布局,比亚迪时隔9个月再次巨额融资 将加大动力电池布局
2021-11-01,东吴证券给予比亚迪买入评级：纯电与混动齐发力，铁锂刀片电池提升竞争力,东吴证券给予比亚迪买入评级：纯电与混动齐发力，铁锂刀片电池提升竞争力
2021-11-01,5000亿巨头闪崩，万亿宁王却创新高！极致行情上演,5000亿巨头闪崩，万亿宁王却创新高！极致行情上演
2021-11-01,拿下全球最大储能项目，华为进入万亿新战场,拿下全球最大储能项目，华为进入万亿新战场
2021-11-01,"重磅突发！5000亿巨头闪崩跌停，又有新股破发，万亿""宁王""却创新高！""极致""行情再度上演，分析师：难言趋势性机会","重磅突发！5000亿巨头闪崩跌停，又有新股破发，万亿""宁王""却创新高！""极致""行情再度上演，分析师：难言趋势性机会"
2021-11-01,睿智投资｜比亚迪控股 - H (1211 HK) – 汽车电池业务成型，中长期估值有望抬升,睿智投资｜比亚迪控股 - H (1211 HK) – 汽车电池业务成型，中长期估值有望抬升
2021-11-01,近7成上市车企三季度净利下滑，上汽狂砸126亿死嗑研发 盈利能力下降,近7成上市车企三季度净利下滑，上汽狂砸126亿死嗑研发 盈利能力下降
2021-11-01,午评：港股恒指跌1.1% 内房股、医药股大跌第一服务涨55%,午评：港股恒指跌1.1% 内房股、医药股大跌第一服务涨55%
2021-11-01,招财日报2021.11.1｜看好三一重工、三一国际；上调比亚迪、长城汽车目标价,招财日报2021.11.1｜看好三一重工、三一国际；上调比亚迪、长城汽车目标价
2021-11-01,【行业深度】洞察2022：中国电动叉车行业竞争格局及市场份额(附市场集中度、企业竞争力评价等),【行业深度】洞察2022：中国电动叉车行业竞争格局及市场份额(附市场集中度、企业竞争力评价等)
2021-11-01,广汽埃安将新建自研电池试制线,广汽埃安将新建自研电池试制线
2021-11-01,29亿入股哪吒汽车 360押宝“造车”胜算几何？,29亿入股哪吒汽车 360押宝“造车”胜算几何？
2021-11-01,比亚迪全新轿车F5内饰谍照曝光 秦Plus DM-i车上的大槽点没了,比亚迪全新轿车F5内饰谍照曝光 秦Plus DM-i车上的大槽点没了
2021-11-01,新能源“造富”进行时 有人却说只是美丽的泡沫,新能源“造富”进行时 有人却说只是美丽的泡沫
2021-11-01,一箱油跑1090Km！比亚迪宋Pro DM-i官图出炉：国潮轻奢大5座SUV,一箱油跑1090Km！比亚迪宋Pro DM-i官图出炉：国潮轻奢大5座SUV
2021-11-01,2022 款比亚迪宋 Pro DM-i 官宣,2022 款比亚迪宋 Pro DM-i 官宣
2021-11-02,名家汇定增，为何引来比亚迪“捧场”？,名家汇定增，为何引来比亚迪“捧场”？
2021-11-02,增收不增利！比亚迪回应：受原材料涨价影响丨一只热股 盈利能力下降,增收不增利！比亚迪回应：受原材料涨价影响丨一只热股 盈利能力下降
2021-11-02,瞰鉴鲁股：板块总市值排名下降，前三季新增上市公司数量创最高纪录,瞰鉴鲁股：板块总市值排名下降，前三季新增上市公司数量创最高纪录
2021-11-02,多元化发展，比亚迪扩张产能，2022年交付量150万辆,多元化发展，比亚迪扩张产能，2022年交付量150万辆
2021-11-02,A股收盘综述：“宁王”力扛创业板，多只航母概念股尾盘暴拉涨停,A股收盘综述：“宁王”力扛创业板，多只航母概念股尾盘暴拉涨停
2021-11-02,魏建军做对了什么？,魏建军做对了什么？
2021-11-02,比亚迪半导体拆分上市 能成为“中国英飞凌”吗？,比亚迪半导体拆分上市 能成为“中国英飞凌”吗？
2021-11-02,比亚迪汉凭什么月销过万？,比亚迪汉凭什么月销过万？
2021-11-02,【兴证策略 | 陆股通】北上资金继续布局科创成长方向,【兴证策略 | 陆股通】北上资金继续布局科创成长方向
2021-11-02,比亚迪 F5 DM-i 内饰谍照曝光，采用悬浮式液晶仪表和中控屏设计,比亚迪 F5 DM-i 内饰谍照曝光，采用悬浮式液晶仪表和中控屏设计
2021-11-02,比亚迪汉EV登录拉美市场 推动拉美交通电动化,比亚迪汉EV登录拉美市场 推动拉美交通电动化
2021-11-02,四川路桥定增募资25亿打通锂电 上交所问业务协同性,四川路桥定增募资25亿打通锂电 上交所问业务协同性
2021-11-02,比亚迪拟出资1亿元，参设粤港澳大湾区科技创新产业投资基金,比亚迪拟出资1亿元，参设粤港澳大湾区科技创新产业投资基金
2021-11-02,10月权益基业绩表现亮眼，最高大赚超15%,10月权益基业绩表现亮眼，最高大赚超15%
2021-11-02,10月车型投诉指数排行：七成车型投诉趋势上涨,10月车型投诉指数排行：七成车型投诉趋势上涨
2021-11-02,消失的利润：上市车企三季度业绩承压，“增收不增利”难题待解 盈利能力下降,消失的利润：上市车企三季度业绩承压，“增收不增利”难题待解 盈利能力下降
2021-11-02,“万亿”比亚迪也“爆雷”了？,“万亿”比亚迪也“爆雷”了？
2021-11-02,磷酸铁锂“一哥”湖南裕能闯关创业板：宁德时代、比亚迪参股，发明专利均为受让取得,磷酸铁锂“一哥”湖南裕能闯关创业板：宁德时代、比亚迪参股，发明专利均为受让取得
2021-11-02,上游原材料价格普涨 动力电池成本涨幅超20% 新能源车价也要跟着涨？,上游原材料价格普涨 动力电池成本涨幅超20% 新能源车价也要跟着涨？
2021-11-02,【国金通信】小米汽车专题分析报告：小米造车的启示,【国金通信】小米汽车专题分析报告：小米造车的启示
2021-11-02,A股异动 | 名家汇涨9% 定增竞价结果出炉 比亚迪、瑞银现身认购名单,A股异动 | 名家汇涨9% 定增竞价结果出炉 比亚迪、瑞银现身认购名单
2021-11-02,北向资金连续4日净买入累计扫货近150亿，新能源龙头股集体获抢筹,北向资金连续4日净买入累计扫货近150亿，新能源龙头股集体获抢筹
2021-11-02,中金：外资A股投资策略生变，未来趋势“多元化”,中金：外资A股投资策略生变，未来趋势“多元化”
2021-11-02,A股午盘综述：“宁王”走强力挺创业板，煤炭、银行、电力板块调整,A股午盘综述：“宁王”走强力挺创业板，煤炭、银行、电力板块调整
2021-11-02,比亚迪汉EV登陆拉美 实力推动绿色产业,比亚迪汉EV登陆拉美 实力推动绿色产业
2021-11-02,比亚迪:盈利能力下降受原材料涨价影响丨公司问答 盈利能力下降,比亚迪:盈利能力下降受原材料涨价影响丨公司问答 盈利能力下降
2021-11-02,销量大跌、巨亏91亿，北汽难逃ST结局？ 重大损失,销量大跌、巨亏91亿，北汽难逃ST结局？ 重大损失
2021-11-02,成本上涨！又一食品龙头宣布提价，PPI正在向消费传导？,成本上涨！又一食品龙头宣布提价，PPI正在向消费传导？
2021-11-02,从“茅指数”到“宁组合”，三季报交出的答卷你满意吗？,从“茅指数”到“宁组合”，三季报交出的答卷你满意吗？
2021-11-02,钛媒体科股早知道：军工板块行业景气度持续提升；苹果或在2022年推出混合现实设备,钛媒体科股早知道：军工板块行业景气度持续提升；苹果或在2022年推出混合现实设备
2021-11-02,北向资金连续3日净买入，增持电子元件近17亿，大幅加仓这些龙头股（名单）,北向资金连续3日净买入，增持电子元件近17亿，大幅加仓这些龙头股（名单）
2021-11-02,A股融资融券日报：两融余额增加47.83亿元（11月1日）,A股融资融券日报：两融余额增加47.83亿元（11月1日）
2021-11-02,【CV晨读】增速不及预期5000亿中免跌停，比亚迪增发募资138亿港元,【CV晨读】增速不及预期5000亿中免跌停，比亚迪增发募资138亿港元
2021-11-02,【机会挖掘】特斯拉上线全新融资租赁产品 销量有望带来更大增量,【机会挖掘】特斯拉上线全新融资租赁产品 销量有望带来更大增量
2021-11-02,江苏博云：公司与特斯拉，比亚迪尚未有合作,江苏博云：公司与特斯拉，比亚迪尚未有合作
2021-11-02,北向资金实际净买入超20亿元,北向资金实际净买入超20亿元
2021-11-02,北向资金动向盘点：大消费，大失望,北向资金动向盘点：大消费，大失望
2021-11-02,观驾丨“海洋”是比亚迪的纯电动归宿吗？,观驾丨“海洋”是比亚迪的纯电动归宿吗？
2021-11-02,赣锋锂业、比亚迪涨超5%，新能源车ETF（159806）涨超2%,赣锋锂业、比亚迪涨超5%，新能源车ETF（159806）涨超2%
2021-11-02,10月汽车公司市值榜丨近七成企业市值“飘红”，特斯拉跻身“万亿美元”俱乐部,10月汽车公司市值榜丨近七成企业市值“飘红”，特斯拉跻身“万亿美元”俱乐部
2021-11-02,【AH互动】比亚迪股份(01211)涨3.69% 小摩：维持其“增持”评级,【AH互动】比亚迪股份(01211)涨3.69% 小摩：维持其“增持”评级
2021-11-02,比亚迪于聊城成立新公司，经营范围含二手车交易市场经营等,比亚迪于聊城成立新公司，经营范围含二手车交易市场经营等
2021-11-02,小摩：维持比亚迪“增持”评级，目标价上调至400港元,小摩：维持比亚迪“增持”评级，目标价上调至400港元
2021-11-02,开源证券：维持比亚迪(002594.SZ)“买入”评级 盈利拐点已现 整车及电池业务迎快速放量,开源证券：维持比亚迪(002594.SZ)“买入”评级 盈利拐点已现 整车及电池业务迎快速放量
2021-11-02,【汽车】比亚迪 — 新能源销量高速增长，2022年业绩有望爆发,【汽车】比亚迪 — 新能源销量高速增长，2022年业绩有望爆发
2021-11-02,新能源汽车攻势凌厉，领军者比亚迪却出现利润下滑，到底谁赚钱了？ 盈利能力下降,新能源汽车攻势凌厉，领军者比亚迪却出现利润下滑，到底谁赚钱了？ 盈利能力下降
2021-11-02,盐湖提锂板块连续拉升，贤丰控股涨停、比亚迪涨超5%,盐湖提锂板块连续拉升，贤丰控股涨停、比亚迪涨超5%
2021-11-03,为什么全球汽车制造商都开始自己生产电池了？,为什么全球汽车制造商都开始自己生产电池了？
2021-11-03,比亚迪：1-10月新能源汽车销量同比增长212%,比亚迪：1-10月新能源汽车销量同比增长212%
2021-11-03,比亚迪开启整车电池无铅化，以科技成就绿色梦想,比亚迪开启整车电池无铅化，以科技成就绿色梦想
2021-11-03,比亚迪于荆州成立新公司，经营范围含二手车经销等,比亚迪于荆州成立新公司，经营范围含二手车经销等
2021-11-03,三季度“成绩单”冷热不均：特斯拉净利润上涨389%，有车企亏损超8亿元,三季度“成绩单”冷热不均：特斯拉净利润上涨389%，有车企亏损超8亿元
2021-11-03,A股资金流向：资金高位出逃新能源，隆基股份净卖出超18亿,A股资金流向：资金高位出逃新能源，隆基股份净卖出超18亿
2021-11-03,一号位｜ 对话淦家阅：吉利2025战略的背后逻辑,一号位｜ 对话淦家阅：吉利2025战略的背后逻辑
2021-11-03,采用全新设计语言 比亚迪 F5 实车谍照曝光,采用全新设计语言 比亚迪 F5 实车谍照曝光
2021-11-03,[公司]斥资102万美元携手李尔成立合资公司 欣锐科技欲抢占全球车载充电机市场份额,[公司]斥资102万美元携手李尔成立合资公司 欣锐科技欲抢占全球车载充电机市场份额
2021-11-03,农业拉升电新杀跌，强势板块回调市场见底？,农业拉升电新杀跌，强势板块回调市场见底？
2021-11-03,靠新能源翻盘？比亚迪10月新能源汽车销售8.1万辆,靠新能源翻盘？比亚迪10月新能源汽车销售8.1万辆
2021-11-03,深扒小米造车布局：投资5家电池公司，4类激光雷达，小米汽车产业链初显,深扒小米造车布局：投资5家电池公司，4类激光雷达，小米汽车产业链初显
2021-11-03,比亚迪前10月新能源汽车累计销量同比增长212.03%,比亚迪前10月新能源汽车累计销量同比增长212.03%
2021-11-03,格隆汇港股聚焦(11.3)︱比亚迪10月新能源汽车销量同比大增249%；恒基地产508亿港元中标中环海滨地块,格隆汇港股聚焦(11.3)︱比亚迪10月新能源汽车销量同比大增249%；恒基地产508亿港元中标中环海滨地块
2021-11-03,晚间重要公告2021年11月3日星期三,晚间重要公告2021年11月3日星期三
2021-11-03,公告精选：隆基股份回应美国海关暂扣令报道；比亚迪10月新能源汽车销量大增,公告精选：隆基股份回应美国海关暂扣令报道；比亚迪10月新能源汽车销量大增
2021-11-03,比亚迪：10月总销量约8.99万辆，同比增加88.42%,比亚迪：10月总销量约8.99万辆，同比增加88.42%
2021-11-03,比亚迪(002594.SZ)：10月新能源汽车销量8.104万辆 同比增长249.05%,比亚迪(002594.SZ)：10月新能源汽车销量8.104万辆 同比增长249.05%
2021-11-03,比亚迪前10月新能源车销量约41.86万辆，同比增加212.03%,比亚迪前10月新能源车销量约41.86万辆，同比增加212.03%
2021-11-03,比亚迪(002594.SZ)前十个月新能源汽车累计销量同比增长212.03%至41.86万辆,比亚迪(002594.SZ)前十个月新能源汽车累计销量同比增长212.03%至41.86万辆
2021-11-03,比亚迪前10月燃油汽车累计销量约12.41万辆，同比减少32.04% 盈利能力下降,比亚迪前10月燃油汽车累计销量约12.41万辆，同比减少32.04% 盈利能力下降
2021-11-03,五度刷新销量纪录！比亚迪10月乘用车全系销售88898辆,五度刷新销量纪录！比亚迪10月乘用车全系销售88898辆
2021-11-03,晚间要闻2021年11月3日星期三,晚间要闻2021年11月3日星期三
2021-11-03,锂电相关企业前三季超八成净利增长，产业链却“上热下冷”,锂电相关企业前三季超八成净利增长，产业链却“上热下冷”
2021-11-03,原材料普涨致电池成本增幅超20%，新能源车价格要跟涨？,原材料普涨致电池成本增幅超20%，新能源车价格要跟涨？
2021-11-03,前有智己，后有飞凡，能撑起上汽的新能源高端梦吗？,前有智己，后有飞凡，能撑起上汽的新能源高端梦吗？
2021-11-03,比亚迪：10 月新能源汽车产量89028辆，销量 81040 辆,比亚迪：10 月新能源汽车产量89028辆，销量 81040 辆
2021-11-03,中银证券：维持比亚迪(002594.SZ)“买入”评级 新能源销量高增 明年业绩有望爆发,中银证券：维持比亚迪(002594.SZ)“买入”评级 新能源销量高增 明年业绩有望爆发
2021-11-03,比亚迪于广州成立新公司，经营范围含二手车经销等,比亚迪于广州成立新公司，经营范围含二手车经销等
2021-11-03,138亿！比亚迪巨额融资要有大计划？,138亿！比亚迪巨额融资要有大计划？
2021-11-03,比亚迪10月连获大奖 誉满新能源汽车行业,比亚迪10月连获大奖 誉满新能源汽车行业
2021-11-03,欣锐科技：交银施罗德基金、华夏基金等20家机构于10月29日调研我司,欣锐科技：交银施罗德基金、华夏基金等20家机构于10月29日调研我司
2021-11-03,比亚迪股份有限公司2021年10月产销快报,比亚迪股份有限公司2021年10月产销快报
2021-11-03,9月全球Top 20电动车榜单：中国电动车占据12个席位，雷丁芒果首上榜,9月全球Top 20电动车榜单：中国电动车占据12个席位，雷丁芒果首上榜
2021-11-03,新势力销量跟踪报告：供应链短缺影响犹存 蔚来受工厂升级影响,新势力销量跟踪报告：供应链短缺影响犹存 蔚来受工厂升级影响
2021-11-03,中信证券：比亚迪H股闪电配售，电动智能再加码,中信证券：比亚迪H股闪电配售，电动智能再加码
2021-11-03,中信证券：吉利汽车主力车型博越将迎来换代,中信证券：吉利汽车主力车型博越将迎来换代
2021-11-03,三季报:长城最赚钱 长安最有钱 比亚迪“最花钱”,三季报:长城最赚钱 长安最有钱 比亚迪“最花钱”
2021-11-03,A股融资融券日报：两融余额减少75.11亿元（11月2日）,A股融资融券日报：两融余额减少75.11亿元（11月2日）
2021-11-03,北向资金动向盘点：冷静应对巨幅波动,北向资金动向盘点：冷静应对巨幅波动
2021-11-03,苹果公司能否顺利与宁德时代、比亚迪进行动力电池合作,苹果公司能否顺利与宁德时代、比亚迪进行动力电池合作
2021-11-03,磷酸铁锂是如何打败三元锂电池的？,磷酸铁锂是如何打败三元锂电池的？
2021-11-03,比亚迪关联公司经营范围新增房地产咨询等,比亚迪关联公司经营范围新增房地产咨询等
2021-11-03,比亚迪（002594/01211.HK）：H股闪电配售，电动智能再加码,比亚迪（002594/01211.HK）：H股闪电配售，电动智能再加码
2021-11-03,比亚迪于贵阳成立新公司，经营范围含汽车新车销售等,比亚迪于贵阳成立新公司，经营范围含汽车新车销售等
2021-11-03,A股收盘综述：“光伏茅”放量迫近跌停恫吓热门赛道，煤炭、地产、防疫板块逆市上扬,A股收盘综述：“光伏茅”放量迫近跌停恫吓热门赛道，煤炭、地产、防疫板块逆市上扬
2021-11-03,回天新材：与宁德时代和比亚迪实现多产品合作,回天新材：与宁德时代和比亚迪实现多产品合作
2021-11-03,9.38万起！ 比亚迪海豚10月订单9963台：空间碾压飞度,9.38万起！ 比亚迪海豚10月订单9963台：空间碾压飞度
2021-11-03,比亚迪济南电池项目正在公示,比亚迪济南电池项目正在公示
2021-11-03,【行情】汽车整车板块午后持续走低，长城汽车跌近8%，江淮汽车、比亚迪、北汽蓝谷跟跌,【行情】汽车整车板块午后持续走低，长城汽车跌近8%，江淮汽车、比亚迪、北汽蓝谷跟跌
2021-11-03,隆重揭晓！证券时报独家发布ESG系列榜单,隆重揭晓！证券时报独家发布ESG系列榜单
2021-11-03,欣锐科技抢占全球车载充电机市场份额,欣锐科技抢占全球车载充电机市场份额
2021-11-03,汽车行业周报：双碳文件指引汽车行业关注节能减排和新能源,汽车行业周报：双碳文件指引汽车行业关注节能减排和新能源
2021-11-03,比亚迪拟募资约138亿港元，持续加大动力电池产能布局,比亚迪拟募资约138亿港元，持续加大动力电池产能布局
2021-11-03,A股午盘综述：宁德时代、比亚迪、隆基股份集体调整，煤炭、地产板块复苏,A股午盘综述：宁德时代、比亚迪、隆基股份集体调整，煤炭、地产板块复苏
2021-11-03,吉利的2025战略为何强调智能？下一个五年打算怎么做？,吉利的2025战略为何强调智能？下一个五年打算怎么做？
2021-11-03,电动车爆发，半导体准备好了吗？,电动车爆发，半导体准备好了吗？
2021-11-03,科技制造行业11月月报：新能源仍是焦点 继续布局估值和增长匹配的制造业专精特新标的,科技制造行业11月月报：新能源仍是焦点 继续布局估值和增长匹配的制造业专精特新标的
2021-11-04,中信建投：维持比亚迪(002594.SZ)“买入”评级 新能源车销量环比高增 海豚表现超预期,中信建投：维持比亚迪(002594.SZ)“买入”评级 新能源车销量环比高增 海豚表现超预期
2021-11-04,大行评级 | 瑞信：予比亚迪(1211.HK)目标价350港元 重申跑赢大市评级,大行评级 | 瑞信：予比亚迪(1211.HK)目标价350港元 重申跑赢大市评级
2021-11-04,比亚迪：公司车型广受市场认可，在手订单饱满，公司也积极进行产能扩张以满足市场需求，近几月来产销量节节攀升,比亚迪：公司车型广受市场认可，在手订单饱满，公司也积极进行产能扩张以满足市场需求，近几月来产销量节节攀升
2021-11-04,A股资金流向：新能源、白酒集体获资金抢筹，比亚迪净流入超14亿,A股资金流向：新能源、白酒集体获资金抢筹，比亚迪净流入超14亿
2021-11-04,瑞信：维持比亚迪目标价350港元，10月销量大致符预期,瑞信：维持比亚迪目标价350港元，10月销量大致符预期
2021-11-04,港股反弹终结七连跌，可选消费、科技网络股领涨,港股反弹终结七连跌，可选消费、科技网络股领涨
2021-11-04,一则公告，9000亿车茅再度暴涨！有股民回顾两年持仓之路，从股市小白到500%收益，总结的这三点值得反复看！,一则公告，9000亿车茅再度暴涨！有股民回顾两年持仓之路，从股市小白到500%收益，总结的这三点值得反复看！
2021-11-04,业内：比亚迪预计受资金追捧 有望上攻324.8港元丨亚太市场,业内：比亚迪预计受资金追捧 有望上攻324.8港元丨亚太市场
2021-11-04,A股收盘综述：风电股、汽车零部件股批量封板，比亚迪、金龙鱼大涨超7%,A股收盘综述：风电股、汽车零部件股批量封板，比亚迪、金龙鱼大涨超7%
2021-11-04,群狼围猎猛虎！争相夺食的自主车企会给丰田的霸主地位造成多大的威胁？,群狼围猎猛虎！争相夺食的自主车企会给丰田的霸主地位造成多大的威胁？
2021-11-04,华西证券：给予比亚迪增持评级,华西证券：给予比亚迪增持评级
2021-11-04,【行情】比亚迪现涨7%，成交额100亿元,【行情】比亚迪现涨7%，成交额100亿元
2021-11-04,安信证券维持比亚迪买入评级：10月份销量表现优异，海豚引领公司进入全新时代，目标价360元,安信证券维持比亚迪买入评级：10月份销量表现优异，海豚引领公司进入全新时代，目标价360元
2021-11-04,"A股首次全线红盘，风电爆发,“光伏茅”也涨了","A股首次全线红盘，风电爆发,“光伏茅”也涨了"
2021-11-04,比亚迪涨超8%，汽车ETF（516110）涨超4%,比亚迪涨超8%，汽车ETF（516110）涨超4%
2021-11-04,【行情】新能源车板块继续拉升，比亚迪大涨超8%，中通客车、亚星客车此前涨停，国机汽车、泉峰汽车、安凯客车等涨幅居前,【行情】新能源车板块继续拉升，比亚迪大涨超8%，中通客车、亚星客车此前涨停，国机汽车、泉峰汽车、安凯客车等涨幅居前
2021-11-04,十月新能源车销量出炉！比亚迪：我要打十个！,十月新能源车销量出炉！比亚迪：我要打十个！
2021-11-04,比亚迪涨超8%，主力净流入已超25亿元,比亚迪涨超8%，主力净流入已超25亿元
2021-11-04,比亚迪现涨7%，成交额100亿元。,比亚迪现涨7%，成交额100亿元。
2021-11-04,比亚迪全系爆发 领全球新能源汽车销量之王,比亚迪全系爆发 领全球新能源汽车销量之王
2021-11-04,涨停复盘 | 超3300股飘红！风电、消费、新能源车“涨”声四起,涨停复盘 | 超3300股飘红！风电、消费、新能源车“涨”声四起
2021-11-04,比亚迪：公司DM-i车型由公司生产,比亚迪：公司DM-i车型由公司生产
2021-11-04,10月份销量表现优异 比亚迪盘中涨超7%,10月份销量表现优异 比亚迪盘中涨超7%
2021-11-04,超音速中标比亚迪焊后检测项目,超音速中标比亚迪焊后检测项目
2021-11-04,销量爆发！前十月售出40万辆新能源汽车，比亚迪市值日涨超600亿元,销量爆发！前十月售出40万辆新能源汽车，比亚迪市值日涨超600亿元
2021-11-04,晚间重要公告2021年11月4日星期四,晚间重要公告2021年11月4日星期四
2021-11-04,四川路桥(600039)：经营延续改善 全面加码上游新材料,四川路桥(600039)：经营延续改善 全面加码上游新材料
2021-11-04,四川路桥(600039)：激励/整合快马加鞭 能源战投促成长,四川路桥(600039)：激励/整合快马加鞭 能源战投促成长
2021-11-04,8.1万辆！比亚迪新能源车月销量再创新高：特斯拉也被远远甩开,8.1万辆！比亚迪新能源车月销量再创新高：特斯拉也被远远甩开
2021-11-04,行业深度！一文详细了解2021年中国新能源汽车行业市场现状、竞争格局及发展前景,行业深度！一文详细了解2021年中国新能源汽车行业市场现状、竞争格局及发展前景
2021-11-04,合力泰：公司与二股东比亚迪主要在汽车电子部件方面有合作,合力泰：公司与二股东比亚迪主要在汽车电子部件方面有合作
2021-11-04,股价创历史新高股一览,股价创历史新高股一览
2021-11-04,金融街下午茶2021年11月4日星期四,金融街下午茶2021年11月4日星期四
2021-11-04,数据复盘｜主力资金加仓比亚迪、金风科技等股 北向资金连续6日净流入,数据复盘｜主力资金加仓比亚迪、金风科技等股 北向资金连续6日净流入
2021-11-04,三丰智能(300276.SZ)中标1.77亿元济南比亚迪新能源总装线项目,三丰智能(300276.SZ)中标1.77亿元济南比亚迪新能源总装线项目
2021-11-04,9月全球动力电池装机量Top10：中国占6席，力神上榜即排第9！,9月全球动力电池装机量Top10：中国占6席，力神上榜即排第9！
2021-11-04,比亚迪：公司将基于市场需求及自身规划进行车型的设计及推出,比亚迪：公司将基于市场需求及自身规划进行车型的设计及推出
2021-11-04,北向资金稳步加仓连续6日净买入，新能源、大消费集体获抢筹,北向资金稳步加仓连续6日净买入，新能源、大消费集体获抢筹
2021-11-04,沸腾了！万亿级利好来袭,沸腾了！万亿级利好来袭
2021-11-04,港股收盘(11.04)|恒指收涨0.8% 风电产业链强势，比亚迪(01211)升近8%,港股收盘(11.04)|恒指收涨0.8% 风电产业链强势，比亚迪(01211)升近8%
2021-11-04,比亚迪10月新能源汽车销量80003辆，同比增长262.9%,比亚迪10月新能源汽车销量80003辆，同比增长262.9%
2021-11-04,快讯：汽车整车板块午后持续拉升 比亚迪涨逾7%,快讯：汽车整车板块午后持续拉升 比亚迪涨逾7%
2021-11-04,比亚迪：10月动力电池及储能电池装机总量约为4.557GWh,比亚迪：10月动力电池及储能电池装机总量约为4.557GWh
2021-11-04,大和：予比亚迪(1211.HK)买入评级，料公司可受惠电动车前景,大和：予比亚迪(1211.HK)买入评级，料公司可受惠电动车前景
2021-11-04,【安信汽车】10月份销量表现优异，海豚引领公司进入全新时代,【安信汽车】10月份销量表现优异，海豚引领公司进入全新时代
2021-11-04,左手比亚迪，右手华为，深圳能否拿下新能源之战？,左手比亚迪，右手华为，深圳能否拿下新能源之战？
2021-11-04,汽车板块急速拉升，中通客车、安凯客车、亚星客车涨停,汽车板块急速拉升，中通客车、安凯客车、亚星客车涨停
2021-11-04,【行情】汽车整车板块开盘拉升，亚星客车触及涨停，比亚迪、小康股份、广汽集团跟涨,【行情】汽车整车板块开盘拉升，亚星客车触及涨停，比亚迪、小康股份、广汽集团跟涨
2021-11-04,快讯：港股恒指高开0.46% 奥园健康高开逾2%比亚迪涨近2%,快讯：港股恒指高开0.46% 奥园健康高开逾2%比亚迪涨近2%
2021-11-04,新款比亚迪宋Pro DM-i曝光：外观更霸气，内饰换新,新款比亚迪宋Pro DM-i曝光：外观更霸气，内饰换新
2021-11-04,新能源汽车的“财富密码”,新能源汽车的“财富密码”
2021-11-04,A股早报2021年11月4日星期四,A股早报2021年11月4日星期四
2021-11-04,A股融资融券日报：两融余额减少44.29亿元（11月3日）,A股融资融券日报：两融余额减少44.29亿元（11月3日）
2021-11-04,"10月比亚迪新能源车共销售81,040辆，占总体销量九成","10月比亚迪新能源车共销售81,040辆，占总体销量九成"
2021-11-04,电气设备行业：特斯拉：崛起中的能源新势力,电气设备行业：特斯拉：崛起中的能源新势力
2021-11-04,重庆动力电池产业实现“从无到有”到“接二连三”,重庆动力电池产业实现“从无到有”到“接二连三”
2021-11-04,比亚迪10月燃油车占比跌破10%，“禁燃”大计或进入倒计时,比亚迪10月燃油车占比跌破10%，“禁燃”大计或进入倒计时
2021-11-04,缺芯潮制约新能源车销量 本土汽车芯片厂商迎来新机遇,缺芯潮制约新能源车销量 本土汽车芯片厂商迎来新机遇
2021-11-04,5000亿巨头大跌，北向资金抛售16亿，影响多大？,5000亿巨头大跌，北向资金抛售16亿，影响多大？
2021-11-04,东方财富证券维持比亚迪增持评级：Q3业绩环比向上，新能源车引领增长,东方财富证券维持比亚迪增持评级：Q3业绩环比向上，新能源车引领增长
2021-11-04,"车企将获""降本增收""历史良机 新能源车中国力量崛起","车企将获""降本增收""历史良机 新能源车中国力量崛起"
2021-11-04,东方财富证券：给予比亚迪增持评级,东方财富证券：给予比亚迪增持评级
2021-11-04,趋势发布 | 国潮当红，合资式微 汽车新势力格局或重塑,趋势发布 | 国潮当红，合资式微 汽车新势力格局或重塑
2021-11-04,港A汽车股集体走强：中通、安凯和亚星客车涨停，比亚迪A股涨超4%,港A汽车股集体走强：中通、安凯和亚星客车涨停，比亚迪A股涨超4%
2021-11-04,港股开盘(11.4)︱恒指涨0.46% 比亚迪股份(01211)高开1.78%,港股开盘(11.4)︱恒指涨0.46% 比亚迪股份(01211)高开1.78%
2021-11-04,美银证券：维持比亚迪(1211.HK)买入评级 目标价405港元,美银证券：维持比亚迪(1211.HK)买入评级 目标价405港元
2021-11-04,【AH互动】比亚迪(01211)AH股齐走强 10月新能源汽车销量同比增长249%,【AH互动】比亚迪(01211)AH股齐走强 10月新能源汽车销量同比增长249%
2021-11-04,全球新能源汽车销量占比首超10%，中国车企出海迎来历史机遇,全球新能源汽车销量占比首超10%，中国车企出海迎来历史机遇
2021-11-04,【行情】汽车整车板块午后持续拉升，中通客车、亚星客车此前涨停，江淮汽车、比亚迪跟涨,【行情】汽车整车板块午后持续拉升，中通客车、亚星客车此前涨停，江淮汽车、比亚迪跟涨
2021-11-04,比亚迪(002594)：DMI销量稳步爬升 海豚表现超预期,比亚迪(002594)：DMI销量稳步爬升 海豚表现超预期
2021-11-04,午评：港股恒指涨0.27% 比亚迪涨超6%佳兆业跌近12%,午评：港股恒指涨0.27% 比亚迪涨超6%佳兆业跌近12%
2021-11-04,比亚迪亮眼销量未改低端定位 以量补价策略能走多远?,比亚迪亮眼销量未改低端定位 以量补价策略能走多远?
2021-11-04,比亚迪10月新能源汽车销售比超过90% 累计销量增长2倍以上,比亚迪10月新能源汽车销售比超过90% 累计销量增长2倍以上
2021-11-04,比亚迪：牵头完成的项目获国家科学技术进步奖,比亚迪：牵头完成的项目获国家科学技术进步奖
2021-11-04,A股午盘综述：风电股大面积涨停，宁德时代、隆基股份、比亚迪集体反弹,A股午盘综述：风电股大面积涨停，宁德时代、隆基股份、比亚迪集体反弹
2021-11-04,比亚迪大涨近7% 10月新能源汽车销量同比增长249%,比亚迪大涨近7% 10月新能源汽车销量同比增长249%
2021-11-04,安信证券：比亚迪(002594.SZ)目标价360元 10月份销量表现优异,安信证券：比亚迪(002594.SZ)目标价360元 10月份销量表现优异
2021-11-04,比亚迪披露10月产销快报，新能源车销量环比增速微降 盈利能力下降,比亚迪披露10月产销快报，新能源车销量环比增速微降 盈利能力下降
2021-11-04,企查查显示比亚迪关联公司经营范围新增拖拉机制造等,企查查显示比亚迪关联公司经营范围新增拖拉机制造等
2021-11-04,每日财报|比亚迪10月销量大增249% 东诚药业拟募资3.5亿,每日财报|比亚迪10月销量大增249% 东诚药业拟募资3.5亿
2021-11-04,比亚迪于郑州成立新公司，经营范围含二手车交易市场经营等,比亚迪于郑州成立新公司，经营范围含二手车交易市场经营等
2021-11-04,四季度喜迎开门红！比亚迪新能源乘用车10月销售80003辆,四季度喜迎开门红！比亚迪新能源乘用车10月销售80003辆
2021-11-04,ESG百强公司责任与回报兼备 有望成高质量发展新标杆,ESG百强公司责任与回报兼备 有望成高质量发展新标杆
2021-11-04,销售88898辆 比亚迪发布10月销量数据,销售88898辆 比亚迪发布10月销量数据
2021-11-04,汽车板块拉升走高，中通客车等涨停，比亚迪大涨,汽车板块拉升走高，中通客车等涨停，比亚迪大涨
2021-11-04,主力加仓比亚迪超10亿，汽车缺芯缓解，新一轮行情将开启,主力加仓比亚迪超10亿，汽车缺芯缓解，新一轮行情将开启
2021-11-04,比亚迪彻底卖爆！新能源8月暴涨超260% 破8万辆,比亚迪彻底卖爆！新能源8月暴涨超260% 破8万辆
2021-11-05,A股资金流向：电力、光伏板块遭批量出货，锂电池板块资金分歧较大,A股资金流向：电力、光伏板块遭批量出货，锂电池板块资金分歧较大
2021-11-05,挪威10月电动车销量占比下跌 比亚迪唐排名第七 盈利能力下降,挪威10月电动车销量占比下跌 比亚迪唐排名第七 盈利能力下降
2021-11-05,“芯慌”之后，新能源还是四季度投资主线吗?,“芯慌”之后，新能源还是四季度投资主线吗?
2021-11-05,A股收盘综述：元宇宙一枝独秀，周期、新能源、房地产、电力板块集体哑火,A股收盘综述：元宇宙一枝独秀，周期、新能源、房地产、电力板块集体哑火
2021-11-05,长城汽车靠什么支撑高估值,长城汽车靠什么支撑高估值
2021-11-05,徐成城：9月新能车销量超预期，新能车长期投资价值凸显,徐成城：9月新能车销量超预期，新能车长期投资价值凸显
2021-11-05,全球电池厂商大PK，一二线差距究竟有多大？,全球电池厂商大PK，一二线差距究竟有多大？
2021-11-05,隆基机械：目前，公司正在为比亚迪、奇瑞、吉利、广汽、北汽、江淮、长安、柳汽、威马、小鹏、小康、江铃、宝骏、领跑等新能源品牌批量供货,隆基机械：目前，公司正在为比亚迪、奇瑞、吉利、广汽、北汽、江淮、长安、柳汽、威马、小鹏、小康、江铃、宝骏、领跑等新能源品牌批量供货
2021-11-05,比亚迪、长安与长城进军国际市场，自主品牌逐步走向强大,比亚迪、长安与长城进军国际市场，自主品牌逐步走向强大
2021-11-05,华创证券：维持比亚迪(002594.SZ)“强推”评级 目标价426.6元,华创证券：维持比亚迪(002594.SZ)“强推”评级 目标价426.6元
2021-11-05,博俊科技：公司系比亚迪的二级供应商,博俊科技：公司系比亚迪的二级供应商
2021-11-05,9月全球新能源汽车销量榜：特斯拉彻底封神 国产车太亮眼,9月全球新能源汽车销量榜：特斯拉彻底封神 国产车太亮眼
2021-11-05,北向资金结束连续6日净买入，隆基股份连续3日遭抛售累计净卖出超30亿,北向资金结束连续6日净买入，隆基股份连续3日遭抛售累计净卖出超30亿
2021-11-05,车企新能源月度销量波动明显，谁是背后推手？,车企新能源月度销量波动明显，谁是背后推手？
2021-11-05,金融街下午茶2021年11月5日星期五,金融街下午茶2021年11月5日星期五
2021-11-05,蔚来“倒车”，小鹏登顶，哪吒“闹海”,蔚来“倒车”，小鹏登顶，哪吒“闹海”
2021-11-05,缺芯影响集中显现 7成上市车企第三季度利润下滑 盈利能力下降,缺芯影响集中显现 7成上市车企第三季度利润下滑 盈利能力下降
2021-11-05,A股半导体公司前三季度业绩报告：136家公司合计盈利655亿元 60家公司翻倍增长,A股半导体公司前三季度业绩报告：136家公司合计盈利655亿元 60家公司翻倍增长
2021-11-05,工信部发布免征车辆购置税的新能源汽车车型目录,工信部发布免征车辆购置税的新能源汽车车型目录
2021-11-05,工信部发布免征车辆购置税的新能源汽车车型目录（第四十八批），比亚迪元PLUS、比亚迪海豚，比亚迪EA1在列,工信部发布免征车辆购置税的新能源汽车车型目录（第四十八批），比亚迪元PLUS、比亚迪海豚，比亚迪EA1在列
2021-11-05,北上资金本周净买入44.14亿元 连续4周净买入,北上资金本周净买入44.14亿元 连续4周净买入
2021-11-05,每经20点丨教育部：学生体质健康达标优良率等指标将进行量化考核；海底捞回应关停约300门店；吉利汽车获南向资金净买入超5亿港元,每经20点丨教育部：学生体质健康达标优良率等指标将进行量化考核；海底捞回应关停约300门店；吉利汽车获南向资金净买入超5亿港元
2021-11-05,智能电动汽车2022年投资策略：电动汽车普及 智能化加速,智能电动汽车2022年投资策略：电动汽车普及 智能化加速
2021-11-05,车企Q3财报出炉 芯荒之下陷入增产不增利怪圈,车企Q3财报出炉 芯荒之下陷入增产不增利怪圈
2021-11-05,晚间要闻2021年11月5日星期五,晚间要闻2021年11月5日星期五
2021-11-05,汽车行业2021年三季报业绩综述：渡过芯片和原材料最大压力时刻 后续有望企稳回升,汽车行业2021年三季报业绩综述：渡过芯片和原材料最大压力时刻 后续有望企稳回升
2021-11-05,极氪汽车又双叒被维权了,极氪汽车又双叒被维权了
2021-11-05,北向资金结束连续6日净买入，这些股获加仓,北向资金结束连续6日净买入，这些股获加仓
2021-11-05,比亚迪(002594)：海豚贡献纯电增量 混动稳步爬坡,比亚迪(002594)：海豚贡献纯电增量 混动稳步爬坡
2021-11-05,西安：打造全国一流新能源汽车产业基地，2025年建成新能源车充电站350个,西安：打造全国一流新能源汽车产业基地，2025年建成新能源车充电站350个
2021-11-05,常铝股份：公司动力电池用电池箔方面供货宁德时代暂无最新进展,常铝股份：公司动力电池用电池箔方面供货宁德时代暂无最新进展
2021-11-05,华阳集团：公司HUD产品目前获得比亚迪一个车型的项目定点,华阳集团：公司HUD产品目前获得比亚迪一个车型的项目定点
2021-11-05,广东嘉元科技股份有限公司2021年度向特定对象发行A股股票预案（下转C38版）,广东嘉元科技股份有限公司2021年度向特定对象发行A股股票预案（下转C38版）
2021-11-05,超 8 万辆！比亚迪新能源销量创新高,超 8 万辆！比亚迪新能源销量创新高
2021-11-05,上汽集团10月份新能源车销量增长近六成,上汽集团10月份新能源车销量增长近六成
2021-11-05,动力电池涨价呼声高涨 新一轮行业洗牌悄然开启,动力电池涨价呼声高涨 新一轮行业洗牌悄然开启
2021-11-05,欣锐科技：中信证券、招商证券等19家机构于11月2日调研我司,欣锐科技：中信证券、招商证券等19家机构于11月2日调研我司
2021-11-05,谁能举起“雷神之锤”,谁能举起“雷神之锤”
2021-11-05,新能源大消费联袂走强，沪指重回3500点,新能源大消费联袂走强，沪指重回3500点
2021-11-05,动力电池涨价呼声高涨，新一轮行业洗牌悄然开启,动力电池涨价呼声高涨，新一轮行业洗牌悄然开启
2021-11-05,港股盘前必读：中国移动A股IPO获证监会审核通过,港股盘前必读：中国移动A股IPO获证监会审核通过
2021-11-05,11月4日115只个股获券商关注，药明康德目标涨幅达73.63%,11月4日115只个股获券商关注，药明康德目标涨幅达73.63%
2021-11-05,常铝股份：公司向比亚迪供货，三季度环比稳中有升,常铝股份：公司向比亚迪供货，三季度环比稳中有升
2021-11-05,A股早报2021年11月5日星期五,A股早报2021年11月5日星期五
2021-11-05,年产值百亿级！荣耀自制工厂亮相，对产业链影响几何？,年产值百亿级！荣耀自制工厂亮相，对产业链影响几何？
2021-11-05,3000亿国货巨头铁腕反腐、多家行业龙头先后加入,3000亿国货巨头铁腕反腐、多家行业龙头先后加入
2021-11-05,罗永浩也要进军“元宇宙”？概念股持续火爆 机构这么看,罗永浩也要进军“元宇宙”？概念股持续火爆 机构这么看
2021-11-05,“新能源之城”日渐标签化，如何讲述新故事？,“新能源之城”日渐标签化，如何讲述新故事？
2021-11-05,【华创汽车】比亚迪：销量符合预期，海豚初显热度,【华创汽车】比亚迪：销量符合预期，海豚初显热度
2021-11-05,西安比亚迪经营范围新增餐饮服务等,西安比亚迪经营范围新增餐饮服务等
2021-11-05,缺芯、原材料涨价下的车企三季报：成本压力大增 部分增收不增利 盈利能力下降,缺芯、原材料涨价下的车企三季报：成本压力大增 部分增收不增利 盈利能力下降
2021-11-05,A股融资融券日报：两融余额增加33.85亿元（11月4日）,A股融资融券日报：两融余额增加33.85亿元（11月4日）
2021-11-05,新能源玩家们的储能路径,新能源玩家们的储能路径
2021-11-05,前三季度全球销量TOP10电动乘用车配套电池“解码”,前三季度全球销量TOP10电动乘用车配套电池“解码”
2021-11-05,浙江世宝：公司与华为在汽车转向领域有商谈合作，公司与特斯拉尚无合作,浙江世宝：公司与华为在汽车转向领域有商谈合作，公司与特斯拉尚无合作
2021-11-05,比亚迪零排放纯电动巴士亮相联合国气候大会，为“奔向零碳”保驾护航,比亚迪零排放纯电动巴士亮相联合国气候大会，为“奔向零碳”保驾护航
2021-11-05,卖疯了：比亚迪汉10月份热销11087台 单月销量再破万,卖疯了：比亚迪汉10月份热销11087台 单月销量再破万
2021-11-05,A股异动 | 三丰智能(300276.SZ)一度大涨超10% 中标比亚迪济南基地招标项目,A股异动 | 三丰智能(300276.SZ)一度大涨超10% 中标比亚迪济南基地招标项目
2021-11-05,9月全球销量榜：特斯拉突破14万辆重夺销冠，雷丁芒果首上榜,9月全球销量榜：特斯拉突破14万辆重夺销冠，雷丁芒果首上榜
2021-11-05,2100亿锂电巨头大动作，万亿赛道突然狂飙,2100亿锂电巨头大动作，万亿赛道突然狂飙
2021-11-06,IPO观察|湖南裕能携两巨头冲刺IPO 原材料暴涨下毛利率能否持续,IPO观察|湖南裕能携两巨头冲刺IPO 原材料暴涨下毛利率能否持续
2021-11-06,赛道为王！新能源、周期股催生出一批公募明星，有基金年内收益率已经超过100%,赛道为王！新能源、周期股催生出一批公募明星，有基金年内收益率已经超过100%
2021-11-06,缺芯影响集中显现，7成上市车企第三季度利润下滑 盈利能力下降,缺芯影响集中显现，7成上市车企第三季度利润下滑 盈利能力下降
2021-11-06,德赛西威(002920)：业绩高速增长 智能驾驶业务持续成长,德赛西威(002920)：业绩高速增长 智能驾驶业务持续成长
2021-11-06,新能源车险市场争夺战加剧：主机厂、电池厂入局,新能源车险市场争夺战加剧：主机厂、电池厂入局
2021-11-06,乘用车板块营收同比逆增长　零部件板块利润短期承压,乘用车板块营收同比逆增长　零部件板块利润短期承压
2021-11-06,产销量高歌猛进 新能源汽车渗透率快速提升,产销量高歌猛进 新能源汽车渗透率快速提升
2021-11-06,特斯拉市值首破万亿美元，新能源汽车的火还能烧多久？,特斯拉市值首破万亿美元，新能源汽车的火还能烧多久？
2021-11-07,盖世周报 | 赣锋锂业与特斯拉再签三年订单；富士康或在印尼建完整产业链,盖世周报 | 赣锋锂业与特斯拉再签三年订单；富士康或在印尼建完整产业链
2021-11-07,比亚迪海豚10月销量激增：比9月份多一倍！,比亚迪海豚10月销量激增：比9月份多一倍！
2021-11-07,要求过于苛刻？苹果与宁德时代、比亚迪谈判陷入僵局,要求过于苛刻？苹果与宁德时代、比亚迪谈判陷入僵局
2021-11-07,比亚迪获颁国内首张SGS承诺碳中和符合声明证书,比亚迪获颁国内首张SGS承诺碳中和符合声明证书
2021-11-07,四会富仕：公司已与比亚迪建立了合作联系，相关事项正常推进中,四会富仕：公司已与比亚迪建立了合作联系，相关事项正常推进中
2021-11-08,比亚迪大宗交易成交220.50万元，卖方为机构专用席位,比亚迪大宗交易成交220.50万元，卖方为机构专用席位
2021-11-08,10月交付破5万辆仅次于比亚迪，特斯拉不受芯片短缺影响？,10月交付破5万辆仅次于比亚迪，特斯拉不受芯片短缺影响？
2021-11-08,大增245%！特斯拉中国10月份批发销量再超5万 仅次于比亚迪,大增245%！特斯拉中国10月份批发销量再超5万 仅次于比亚迪
2021-11-08,产销量高歌猛进 新能源汽车渗透率快速提升,产销量高歌猛进 新能源汽车渗透率快速提升
2021-11-08,北水大手笔加仓腾讯超10亿港元，甩卖药明生物超8亿港元；南水卖出恒瑞医药、比亚迪,北水大手笔加仓腾讯超10亿港元，甩卖药明生物超8亿港元；南水卖出恒瑞医药、比亚迪
2021-11-08,北向资金今日净流出10亿元 上汽集团获加仓4.9亿元,北向资金今日净流出10亿元 上汽集团获加仓4.9亿元
2021-11-08,福立旺：公司与新能源汽车厂商比亚迪有业务往来,福立旺：公司与新能源汽车厂商比亚迪有业务往来
2021-11-08,2000亿市值巨头股价大涨，公告霸气侧漏：未来4年营收增长7倍,2000亿市值巨头股价大涨，公告霸气侧漏：未来4年营收增长7倍
2021-11-08,新纶新材：宁德时代、比亚迪一直是公司的战略合作客户,新纶新材：宁德时代、比亚迪一直是公司的战略合作客户
2021-11-08,A股成交量，五分之一来自锂电板块,A股成交量，五分之一来自锂电板块
2021-11-08,乘联会公布10月新能源销量：比亚迪80373辆一骑绝尘 特斯拉54391辆,乘联会公布10月新能源销量：比亚迪80373辆一骑绝尘 特斯拉54391辆
2021-11-08,比亚迪现1笔大宗交易 共成交220.50万元,比亚迪现1笔大宗交易 共成交220.50万元
2021-11-08,比亚迪今日大宗交易成交0.70万股，成交价315.0元溢价0.0%,比亚迪今日大宗交易成交0.70万股，成交价315.0元溢价0.0%
2021-11-08,新能源二手车10月成交量排名TOP 3有哪些？天天拍车大数据告诉你,新能源二手车10月成交量排名TOP 3有哪些？天天拍车大数据告诉你
2021-11-08,涨价潮下的新能源车产业链：中小厂商接单就亏损 ，龙头企业现金流承压 亏损,涨价潮下的新能源车产业链：中小厂商接单就亏损 ，龙头企业现金流承压 亏损
2021-11-08,比亚迪：完成配售H股 所得款项净额约137.44亿港元,比亚迪：完成配售H股 所得款项净额约137.44亿港元
2021-11-08,比亚迪：“汉”系列车型10月销量达11087辆 DM-i超级混动相关车型订单充足,比亚迪：“汉”系列车型10月销量达11087辆 DM-i超级混动相关车型订单充足
2021-11-08,比亚迪：“汉”系列车型10月销量达11087辆,比亚迪：“汉”系列车型10月销量达11087辆
2021-11-08,美股盘前：三大股指期货窄幅震荡 马斯克抛股牵动市场神经,美股盘前：三大股指期货窄幅震荡 马斯克抛股牵动市场神经
2021-11-08,车市“金九银十”变身“银九金十” 乘联会：三季度芯片供给走出“至暗时刻”,车市“金九银十”变身“银九金十” 乘联会：三季度芯片供给走出“至暗时刻”
2021-11-08,10月新能源汽车销量持续大增 四季度及2022年依旧向好,10月新能源汽车销量持续大增 四季度及2022年依旧向好
2021-11-08,比亚迪：汉10月销量达11087辆 持续领跑中国品牌中大型轿车市场,比亚迪：汉10月销量达11087辆 持续领跑中国品牌中大型轿车市场
2021-11-08,比亚迪(002594.SZ)：成功配售5000万股新H股 净筹137.44亿港元,比亚迪(002594.SZ)：成功配售5000万股新H股 净筹137.44亿港元
2021-11-08,比亚迪接受3家机构调研！短期主力资金净流入，市场资金或早已察觉,比亚迪接受3家机构调研！短期主力资金净流入，市场资金或早已察觉
2021-11-08,吕向阳质押比亚迪0.01%股份,吕向阳质押比亚迪0.01%股份
2021-11-08,晚间重要公告2021年11月8日星期一,晚间重要公告2021年11月8日星期一
2021-11-08,四川路桥(600039)：净利增101%好于预期 引入比亚迪等战投布局新能源,四川路桥(600039)：净利增101%好于预期 引入比亚迪等战投布局新能源
2021-11-08,新能源汽车行业周报：10月比亚迪新能源销量高增 上汽环比两位数增长,新能源汽车行业周报：10月比亚迪新能源销量高增 上汽环比两位数增长
2021-11-08,比亚迪：按配售价276港元向不少于六名承配人配发及发行合计5000万股新H股,比亚迪：按配售价276港元向不少于六名承配人配发及发行合计5000万股新H股
2021-11-08,乘联会：10月新能源乘用车市场多元化发力，上汽、广汽表现相对较强，传统车企亮点突出,乘联会：10月新能源乘用车市场多元化发力，上汽、广汽表现相对较强，传统车企亮点突出
2021-11-08,“宁王”新焦虑！技术、成本难题接踵而至，电池龙头还能当多久？,“宁王”新焦虑！技术、成本难题接踵而至，电池龙头还能当多久？
2021-11-08,比亚迪：完成配售5000万股H股，所得款项净额约137.44亿港元,比亚迪：完成配售5000万股H股，所得款项净额约137.44亿港元
2021-11-08,乘联会：10月份特斯拉中国批发销量达54391辆,乘联会：10月份特斯拉中国批发销量达54391辆
2021-11-08,干货！2021年中国新能源汽车行业龙头企业市场竞争格局分析 比亚迪VS上汽集团？,干货！2021年中国新能源汽车行业龙头企业市场竞争格局分析 比亚迪VS上汽集团？
2021-11-08,乘联会：10月新能源乘用车市场零售量同比上涨141%,乘联会：10月新能源乘用车市场零售量同比上涨141%
2021-11-08,第48批免购置税新能源车型目录发布，Mustang Mach-E GT/比亚迪海豚/智己L7等车型在列,第48批免购置税新能源车型目录发布，Mustang Mach-E GT/比亚迪海豚/智己L7等车型在列
2021-11-08,撤销免征购置税背后 车企提升自身竞争力,撤销免征购置税背后 车企提升自身竞争力
2021-11-08,恒生指数25000点预计有较强支撑,恒生指数25000点预计有较强支撑
2021-11-08,A股融资融券日报：两融余额减少121.85亿元（11月5日）,A股融资融券日报：两融余额减少121.85亿元（11月5日）
2021-11-08,每日理财观察: 基金投顾迎强监管,每日理财观察: 基金投顾迎强监管
2021-11-08,上市车企三季度财报出炉，仅一家实现净利润增长,上市车企三季度财报出炉，仅一家实现净利润增长
2021-11-08,东方财富：维持比亚迪(002594.SZ)“增持”评级 “汉”及DM-i助力10月销量高增,东方财富：维持比亚迪(002594.SZ)“增持”评级 “汉”及DM-i助力10月销量高增
2021-11-08,四川路桥160亿资产重组标的业绩离奇波动 战投比亚迪仅持股0.61%参与治理存疑,四川路桥160亿资产重组标的业绩离奇波动 战投比亚迪仅持股0.61%参与治理存疑
2021-11-08,千亿龙头携手4倍大牛股放大招！万亿赛道再加火,千亿龙头携手4倍大牛股放大招！万亿赛道再加火
2021-11-08,比亚迪，一个打十个,比亚迪，一个打十个
2021-11-08,东方财富证券维持比亚迪增持评级：新能源车月销破8万，产品结构质变,东方财富证券维持比亚迪增持评级：新能源车月销破8万，产品结构质变
2021-11-08,财联社11月8日电，乘联会数据显示，10月新能源车出口呈现爆发式增长，特斯拉中国出口40666辆，上汽乘用车的新能源出口6659辆，比亚迪1026辆，一汽红旗出口424辆，其他车企新能源车出口也正蓄势,财联社11月8日电，乘联会数据显示，10月新能源车出口呈现爆发式增长，特斯拉中国出口40666辆，上汽乘用车的新能源出口6659辆，比亚迪1026辆，一汽红旗出口424辆，其他车企新能源车出口也正蓄势
2021-11-08,李云迪事件余震 车企选代言人有多难？,李云迪事件余震 车企选代言人有多难？
2021-11-08,车企消失的利润哪去了？,车企消失的利润哪去了？
2021-11-08,比亚迪新款宋Pro发布，哈弗H6销冠又要没了？,比亚迪新款宋Pro发布，哈弗H6销冠又要没了？
2021-11-08,【电新】深度研究：复盘海外，铝塑膜国产替代看设备、材料国产化和Know-how积累,【电新】深度研究：复盘海外，铝塑膜国产替代看设备、材料国产化和Know-how积累
2021-11-08,又一台爆款车型！比亚迪元PLUS内饰曝光：同价位质感无敌,又一台爆款车型！比亚迪元PLUS内饰曝光：同价位质感无敌
2021-11-08,四大国产品牌不为人知的“副业”：吉利放卫星，奇瑞造飞机引擎？,四大国产品牌不为人知的“副业”：吉利放卫星，奇瑞造飞机引擎？
2021-11-08,三元锂电池不香了？,三元锂电池不香了？
2021-11-08,比亚迪有弗迪，长城有蜂巢能源，主机厂为何下场造电芯？,比亚迪有弗迪，长城有蜂巢能源，主机厂为何下场造电芯？
2021-11-08,比亚迪发布《China-汉》限量 NFT 音乐典藏：丹拿音效，共 999 份,比亚迪发布《China-汉》限量 NFT 音乐典藏：丹拿音效，共 999 份
2021-11-08,中汽协数据：比亚迪10月份销售89935辆，同比增加88.42%,中汽协数据：比亚迪10月份销售89935辆，同比增加88.42%
2021-11-08,中汽协发布主要汽车企业10月份销量数据：比亚迪同比增88.42%,中汽协发布主要汽车企业10月份销量数据：比亚迪同比增88.42%
2021-11-08,193位百亿级基金经理，最新重仓股看好哪六大板块？,193位百亿级基金经理，最新重仓股看好哪六大板块？
2021-11-08,汽车行业基金持仓报告：Q3配置环比提升 预计Q4行业景气度进一步上行,汽车行业基金持仓报告：Q3配置环比提升 预计Q4行业景气度进一步上行
2021-11-08,这5家车企10月份销量公布：林肯、比亚迪、东风风神表现抢眼,这5家车企10月份销量公布：林肯、比亚迪、东风风神表现抢眼
2021-11-08,销量暴跌财报袭来 蔚来汽车还值得投资者买入吗？ 盈利能力下降,销量暴跌财报袭来 蔚来汽车还值得投资者买入吗？ 盈利能力下降
2021-11-08,如同豪车般精致，比亚迪元 PLUS 内饰官图公布,如同豪车般精致，比亚迪元 PLUS 内饰官图公布
2021-11-08,中国车企吉利、比亚迪你追我赶，自研芯片避免受制于人,中国车企吉利、比亚迪你追我赶，自研芯片避免受制于人
2021-11-08,建筑钢铁行业周报：本周我们推出了钢铁行业系列深度之第一篇,建筑钢铁行业周报：本周我们推出了钢铁行业系列深度之第一篇
2021-11-08,朝闻国盛：衰退式交易还将持续多久？,朝闻国盛：衰退式交易还将持续多久？
2021-11-08,10月国内汽车质量投诉指数分析报告：SUV继续位居细分领域首位,10月国内汽车质量投诉指数分析报告：SUV继续位居细分领域首位
2021-11-08,比亚迪，你清醒一下,比亚迪，你清醒一下
2021-11-09,今年已融资437亿港元，比亚迪的胃口究竟有多大？,今年已融资437亿港元，比亚迪的胃口究竟有多大？
2021-11-09,A股资金流向：“茅族”表现欠佳，成长股集体走强,A股资金流向：“茅族”表现欠佳，成长股集体走强
2021-11-09,业内：比亚迪产业链全面 首选新能源汽车板块丨亚太市场,业内：比亚迪产业链全面 首选新能源汽车板块丨亚太市场
2021-11-09,【浙商汽车||王敬】点评报告:芯片环比改善，新能源再创新高,【浙商汽车||王敬】点评报告:芯片环比改善，新能源再创新高
2021-11-09,A股收盘综述：市场资金再度涌入半导体板块，碳中和题材强势依旧,A股收盘综述：市场资金再度涌入半导体板块，碳中和题材强势依旧
2021-11-09,宝明科技：公司有与小米建立合作关系,宝明科技：公司有与小米建立合作关系
2021-11-09,比亚迪新能源车销量冰火两重天：乘用车大涨客车大跌,比亚迪新能源车销量冰火两重天：乘用车大涨客车大跌
2021-11-09,气温骤降电动车续航缩水 这些新技术号称可缓解焦虑,气温骤降电动车续航缩水 这些新技术号称可缓解焦虑
2021-11-09,比亚迪10月新能源乘用车销量达80003辆,比亚迪10月新能源乘用车销量达80003辆
2021-11-09,比亚迪元PLUS内饰官图曝光，这套“硬核金属摇滚风”你怎么看？,比亚迪元PLUS内饰官图曝光，这套“硬核金属摇滚风”你怎么看？
2021-11-09,里程碑将至！2022年全球新能源车销量有望突破千万,里程碑将至！2022年全球新能源车销量有望突破千万
2021-11-09,“双十一”到了　在电商买车要注意啥？,“双十一”到了　在电商买车要注意啥？
2021-11-09,恒生指数收涨0.2%报24813点 药明生物(02269)涨10.2%,恒生指数收涨0.2%报24813点 药明生物(02269)涨10.2%
2021-11-09,北上资金活跃股名单(11月9日),北上资金活跃股名单(11月9日)
2021-11-09,北向资金成交低迷连续3日净卖出，中国平安遭大幅净卖出超10亿元,北向资金成交低迷连续3日净卖出，中国平安遭大幅净卖出超10亿元
2021-11-09,比亚迪：吕向阳累计质押股数约为6465万股,比亚迪：吕向阳累计质押股数约为6465万股
2021-11-09,金融街下午茶2021年11月9日星期二,金融街下午茶2021年11月9日星期二
2021-11-09,10月新能源销量榜：宏光MINI继续霸榜 比亚迪彻底卖疯,10月新能源销量榜：宏光MINI继续霸榜 比亚迪彻底卖疯
2021-11-09,10月厂商销量榜：合资国产车企一片哀嚎 比亚迪逆势暴涨9成,10月厂商销量榜：合资国产车企一片哀嚎 比亚迪逆势暴涨9成
2021-11-09,汽车行业专题研究：芯片供给改善 关注车市年底冲量,汽车行业专题研究：芯片供给改善 关注车市年底冲量
2021-11-09,收盘综述：三大指数齐上涨 转基因概念领涨,收盘综述：三大指数齐上涨 转基因概念领涨
2021-11-09,比亚迪公司李云飞：中国汽车品牌的品质不输国外品牌,比亚迪公司李云飞：中国汽车品牌的品质不输国外品牌
2021-11-09,中国银河维持有色金属行业推荐评级：旺季中新能源汽车产业链成有色金属行业最大亮点,中国银河维持有色金属行业推荐评级：旺季中新能源汽车产业链成有色金属行业最大亮点
2021-11-09,10月乘用车：一汽-大众重回第一，新能源再创新高,10月乘用车：一汽-大众重回第一，新能源再创新高
2021-11-09,比亚迪(002594)：持股5%以上股东部分股份质押及解除质押,比亚迪(002594)：持股5%以上股东部分股份质押及解除质押
2021-11-09,比亚迪新款唐 EV 申报：外观大改，动力下滑，续航提到 700 公里,比亚迪新款唐 EV 申报：外观大改，动力下滑，续航提到 700 公里
2021-11-09,亿纬锂能加码大圆柱电池，多厂商推进相关材料或受益——锂电池行业系列报告,亿纬锂能加码大圆柱电池，多厂商推进相关材料或受益——锂电池行业系列报告
2021-11-09,比亚迪李云飞：发力品牌年轻化 高端品牌预计明年推出,比亚迪李云飞：发力品牌年轻化 高端品牌预计明年推出
2021-11-09,多家锂电企业募资扩产，嘉元科技拟定增49亿元布局锂电铜箔,多家锂电企业募资扩产，嘉元科技拟定增49亿元布局锂电铜箔
2021-11-09,主力动向｜111股主力买入超亿元，比亚迪、隆基股份、亿纬锂能、露笑科技、湖北宜化位居前五！,主力动向｜111股主力买入超亿元，比亚迪、隆基股份、亿纬锂能、露笑科技、湖北宜化位居前五！
2021-11-09,汽车股多数走强 吉利汽车(00175)涨3.35%,汽车股多数走强 吉利汽车(00175)涨3.35%
2021-11-09,凯联资本袁振波：“双碳”背景下，新能源汽车还是不是伪命题？,凯联资本袁振波：“双碳”背景下，新能源汽车还是不是伪命题？
2021-11-09,重庆：“东方底特律”转型谋变 加快布局新能源车全产业链,重庆：“东方底特律”转型谋变 加快布局新能源车全产业链
2021-11-09,首批MSCI中国A50ETF上市火爆,首批MSCI中国A50ETF上市火爆
2021-11-09,化工企业“带资”驶入新赛道，磷酸铁锂大宗化进程加速,化工企业“带资”驶入新赛道，磷酸铁锂大宗化进程加速
2021-11-09,首批A50ETF上市首日总成交破百亿　多只成份股近期创历史新高,首批A50ETF上市首日总成交破百亿　多只成份股近期创历史新高
2021-11-09,比亚迪股份有限公司 关于完成配售H股的公告,比亚迪股份有限公司 关于完成配售H股的公告
2021-11-09,8天入账近140亿港元！电动车龙头比亚迪完成H股配售 股价半年已翻倍,8天入账近140亿港元！电动车龙头比亚迪完成H股配售 股价半年已翻倍
2021-11-09,小K播早报|宁德时代将参与哪吒汽车D2轮融资 海光信息的科创板IPO申请获受理,小K播早报|宁德时代将参与哪吒汽车D2轮融资 海光信息的科创板IPO申请获受理
2021-11-09,【安信汽车】10月乘用车销量持续向好，新能源车渗透率达18.6%,【安信汽车】10月乘用车销量持续向好，新能源车渗透率达18.6%
2021-11-09,这个国家，特斯拉成了街车，中国车企也「挤破了头」,这个国家，特斯拉成了街车，中国车企也「挤破了头」
2021-11-09,北向资金连续第二日净卖出，抛售医药、酿酒股，却增持这只汽车股近5亿元,北向资金连续第二日净卖出，抛售医药、酿酒股，却增持这只汽车股近5亿元
2021-11-09,北向资金动向盘点：继续重手买入电力设备新能源,北向资金动向盘点：继续重手买入电力设备新能源
2021-11-09,A股融资融券日报：两融余额增加39.23亿元（11月8日）,A股融资融券日报：两融余额增加39.23亿元（11月8日）
2021-11-09,乘联会：10月新能源乘用车零售销量32.1万辆，同比增长141.1%,乘联会：10月新能源乘用车零售销量32.1万辆，同比增长141.1%
2021-11-09,上市公司正负面新闻2021年11月9日星期二,上市公司正负面新闻2021年11月9日星期二
2021-11-09,一线|“缺芯”下的新能源汽车：供给受阻但终端热度持续,一线|“缺芯”下的新能源汽车：供给受阻但终端热度持续
2021-11-09,比亚迪开启整车电池无铅化，以科技成就绿色梦想,比亚迪开启整车电池无铅化，以科技成就绿色梦想
2021-11-09,【热点零距离】拟定增49亿扩产！铜箔龙头嘉元科技积极布局锂电铜箔,【热点零距离】拟定增49亿扩产！铜箔龙头嘉元科技积极布局锂电铜箔
2021-11-09,突破13亿，中国A50ETF（563000）成交排名市场股票ETF第一,突破13亿，中国A50ETF（563000）成交排名市场股票ETF第一
2021-11-09,宁德时代再度投资新能源车企，“宁王”是否会布局造车业务？,宁德时代再度投资新能源车企，“宁王”是否会布局造车业务？
2021-11-09,CNESA储能行业景气度指数10月：业绩速报、动态、政策、事件,CNESA储能行业景气度指数10月：业绩速报、动态、政策、事件
2021-11-09,【AH互动】比亚迪(01211)AH股同步走高 完成配售5000万股新H股,【AH互动】比亚迪(01211)AH股同步走高 完成配售5000万股新H股
2021-11-09,Mysteel：10月新能源汽车销量环比下降，比亚迪和上汽集团大增 盈利能力下降,Mysteel：10月新能源汽车销量环比下降，比亚迪和上汽集团大增 盈利能力下降
2021-11-09,比亚迪AH股拉升涨超4% “汉”系列车型10月销量再度破万,比亚迪AH股拉升涨超4% “汉”系列车型10月销量再度破万
2021-11-09,乘联会：10 月新能源乘用车市场零售同比上涨 141%，比亚迪批发销量 80373 辆、特斯拉中国 54391 辆,乘联会：10 月新能源乘用车市场零售同比上涨 141%，比亚迪批发销量 80373 辆、特斯拉中国 54391 辆
2021-11-09,又卖爆！特斯拉月销再超 5 万辆,又卖爆！特斯拉月销再超 5 万辆
2021-11-09,动力电池成本暴涨 电动汽车迎来涨价潮？,动力电池成本暴涨 电动汽车迎来涨价潮？
2021-11-09,比亚迪：“汉”系列车型10月销量达11087辆，实现连续七个月销量正增长,比亚迪：“汉”系列车型10月销量达11087辆，实现连续七个月销量正增长
2021-11-09,搞大事！腾讯阿里之后，比亚迪也入局了,搞大事！腾讯阿里之后，比亚迪也入局了
2021-11-10,比亚迪与歌尔丹拿达成战略合作 助力汽车行业智能化发展进入快车道,比亚迪与歌尔丹拿达成战略合作 助力汽车行业智能化发展进入快车道
2021-11-10,数据复盘｜主力资金撤离赣锋锂业、比亚迪等股 北向资金净流出118亿元,数据复盘｜主力资金撤离赣锋锂业、比亚迪等股 北向资金净流出118亿元
2021-11-10,歌尔丹拿：与比亚迪战略合作,歌尔丹拿：与比亚迪战略合作
2021-11-10,新能源汽车销量排行榜公布：特斯拉只排第三！比亚迪太猛了,新能源汽车销量排行榜公布：特斯拉只排第三！比亚迪太猛了
2021-11-10,风格切换下A股资金去了哪里？,风格切换下A股资金去了哪里？
2021-11-10,21硬核投研丨“火红”的磷酸铁锂：上市公司疯狂跨界扩产 2023年产能或面临过剩节点？,21硬核投研丨“火红”的磷酸铁锂：上市公司疯狂跨界扩产 2023年产能或面临过剩节点？
2021-11-10,比亚迪与歌尔丹拿达成战略合作，致力于提升汽车智能水平,比亚迪与歌尔丹拿达成战略合作，致力于提升汽车智能水平
2021-11-10,“火红”的磷酸铁锂：上市公司疯狂跨界扩产，2023年产能或面临过剩节点？,“火红”的磷酸铁锂：上市公司疯狂跨界扩产，2023年产能或面临过剩节点？
2021-11-10,连特斯拉都望尘莫及？比亚迪新能源10月销量突破8万辆！,连特斯拉都望尘莫及？比亚迪新能源10月销量突破8万辆！
2021-11-10,工信部发布第350批新能源汽车《公告》行业点评：长城摩卡PHEV亮相 宁德时代配套近四成纯电车型,工信部发布第350批新能源汽车《公告》行业点评：长城摩卡PHEV亮相 宁德时代配套近四成纯电车型
2021-11-10,多国联合签署零排放汽车宣言 比亚迪等车企签名承诺,多国联合签署零排放汽车宣言 比亚迪等车企签名承诺
2021-11-10,金融街下午茶2021年11月10日星期三,金融街下午茶2021年11月10日星期三
2021-11-10,10月动力电池装车量TOP10：前4稳定，塔菲尔/亿纬/蜂巢/欣旺达/瑞浦/孚能分列5-10位！,10月动力电池装车量TOP10：前4稳定，塔菲尔/亿纬/蜂巢/欣旺达/瑞浦/孚能分列5-10位！
2021-11-10,如虎添翼！比亚迪与顶级汽车音响品牌丹拿达成合作：你的耳朵有福了,如虎添翼！比亚迪与顶级汽车音响品牌丹拿达成合作：你的耳朵有福了
2021-11-10,【中概股大盘点】群雄角逐，蔚来的未来还没到来？,【中概股大盘点】群雄角逐，蔚来的未来还没到来？
2021-11-10,六家车企签署承诺2040年前淘汰燃油车，包含比亚迪、奔驰、路虎等,六家车企签署承诺2040年前淘汰燃油车，包含比亚迪、奔驰、路虎等
2021-11-10,锂电材料企业湖南裕能冲创业板 共有4项发明专利均为受让取得,锂电材料企业湖南裕能冲创业板 共有4项发明专利均为受让取得
2021-11-10,比亚迪牵手歌尔丹拿，将打造汽车智能化解决方案,比亚迪牵手歌尔丹拿，将打造汽车智能化解决方案
2021-11-10,万亿赛道被“暂停”，2100亿龙头重挫，发生了什么？,万亿赛道被“暂停”，2100亿龙头重挫，发生了什么？
2021-11-10,比亚迪为什么有三个股票？比亚迪销量怎么样？,比亚迪为什么有三个股票？比亚迪销量怎么样？
2021-11-10,A股资金流向：锂电三杰遭抛售，恒瑞医药午后暴拉吸金,A股资金流向：锂电三杰遭抛售，恒瑞医药午后暴拉吸金
2021-11-10,北向资金半日流出近80亿！“最强赛道”熄火，2000亿巨头暴跌8%,北向资金半日流出近80亿！“最强赛道”熄火，2000亿巨头暴跌8%
2021-11-10,只剩不到20年荣光！比亚迪、奔驰确认淘汰燃油车,只剩不到20年荣光！比亚迪、奔驰确认淘汰燃油车
2021-11-10,广州峰会·车企自荐案例|比亚迪《中国龙一路向前》龙舟入奥体育营销,广州峰会·车企自荐案例|比亚迪《中国龙一路向前》龙舟入奥体育营销
2021-11-10,开新能源汽车，上绿色低碳“高速路”,开新能源汽车，上绿色低碳“高速路”
2021-11-10,突发！万亿赛道再迎重磅消息，广州、深圳放大招！新能源汽车又要爆卖？特斯拉突然暴跌4400亿，啥情况？,突发！万亿赛道再迎重磅消息，广州、深圳放大招！新能源汽车又要爆卖？特斯拉突然暴跌4400亿，啥情况？
2021-11-10,嘉元科技(688388)首次覆盖报告：高性能锂电铜箔紧俏 优质龙头乘东风,嘉元科技(688388)首次覆盖报告：高性能锂电铜箔紧俏 优质龙头乘东风
2021-11-10,气温骤降动力电池“不抗冻” 这些新技术号称可缓解焦虑,气温骤降动力电池“不抗冻” 这些新技术号称可缓解焦虑
2021-11-10,比亚迪新能源车销量大增 但电动客车滑坡,比亚迪新能源车销量大增 但电动客车滑坡
2021-11-10,国产车 10 月销量出炉：卖更多的车，赚更少的钱,国产车 10 月销量出炉：卖更多的车，赚更少的钱
2021-11-10,储能政策驱动提速　储能概念站上风口,储能政策驱动提速　储能概念站上风口
2021-11-10,连续3个涨停后股价巨震，大量资金撤离！换手率达37%,连续3个涨停后股价巨震，大量资金撤离！换手率达37%
2021-11-10,计算机行业：高通芯片进展迅速 地平线崛起进行时,计算机行业：高通芯片进展迅速 地平线崛起进行时
2021-11-10,政策密集出台，多地加码发展新能源汽车产业,政策密集出台，多地加码发展新能源汽车产业
2021-11-10,"10月SUV依旧“恍惚”,自主强者不强、合资劲旅掉队","10月SUV依旧“恍惚”,自主强者不强、合资劲旅掉队"
2021-11-10,注册制新股纵览：金钟股份：具备全球化供应能力的专业汽车内外饰件制造商,注册制新股纵览：金钟股份：具备全球化供应能力的专业汽车内外饰件制造商
2021-11-10,北京EU5 PLUS车电价值分离 这才是性价比之王,北京EU5 PLUS车电价值分离 这才是性价比之王
2021-11-10,A股午盘综述：隔夜特斯拉暴跌12%，新能源汽车产业链跟风卧倒,A股午盘综述：隔夜特斯拉暴跌12%，新能源汽车产业链跟风卧倒
2021-11-10,力压比亚迪秦PLUS DM-i 宏光MINI EV 10月再夺冠：同比大增131.9%,力压比亚迪秦PLUS DM-i 宏光MINI EV 10月再夺冠：同比大增131.9%
2021-11-10,廉价版“秦PLUS DM-i” 比亚迪F5实车遭曝光：油耗1.58升,廉价版“秦PLUS DM-i” 比亚迪F5实车遭曝光：油耗1.58升
2021-11-10,每日理财观察: 盯紧北交所机遇，长线资金摩拳擦掌,每日理财观察: 盯紧北交所机遇，长线资金摩拳擦掌
2021-11-10,A股融资融券日报：两融余额增加23.63亿元（11月9日）,A股融资融券日报：两融余额增加23.63亿元（11月9日）
2021-11-10,A股早报2021年11月10日星期三,A股早报2021年11月10日星期三
2021-11-10,8000亿电动车龙头比亚迪完成H股配售！,8000亿电动车龙头比亚迪完成H股配售！
2021-11-11,蓝色光标：比亚迪和宁德时代目前还不是公司客户,蓝色光标：比亚迪和宁德时代目前还不是公司客户
2021-11-11,王传福卸任武汉比亚迪董事长职务：副总裁何龙接任 董监高成员变化,王传福卸任武汉比亚迪董事长职务：副总裁何龙接任 董监高成员变化
2021-11-11,新增人数全国第一！这些博士后为何选择扎根大湾区？,新增人数全国第一！这些博士后为何选择扎根大湾区？
2021-11-11,碳中和路上的中国——汽车篇,碳中和路上的中国——汽车篇
2021-11-11,A股收盘综述：地产股掀起涨停潮，半导体、元宇宙高空加油,A股收盘综述：地产股掀起涨停潮，半导体、元宇宙高空加油
2021-11-11,2021年新能源车型加速渗透 国产品牌布局出海,2021年新能源车型加速渗透 国产品牌布局出海
2021-11-11,比亚迪“唐宋元明”王朝都有了 为啥没有魏？与长城汽车有关,比亚迪“唐宋元明”王朝都有了 为啥没有魏？与长城汽车有关
2021-11-11,王传福卸任武汉比亚迪董事长，此前已退出多家关联公司董事长 董监高成员变化,王传福卸任武汉比亚迪董事长，此前已退出多家关联公司董事长 董监高成员变化
2021-11-11,浙江世宝：公司与比亚迪的配套业务是为其商用车提供转向产品，目前尚未与长城有配套合作,浙江世宝：公司与比亚迪的配套业务是为其商用车提供转向产品，目前尚未与长城有配套合作
2021-11-11,逆转：磷酸铁锂电池累计产量首次超过三元锂！,逆转：磷酸铁锂电池累计产量首次超过三元锂！
2021-11-11,比亚迪将商标“魏”转让给长城汽车,比亚迪将商标“魏”转让给长城汽车
2021-11-11,2021中国汽车产业高峰论坛：变革已至踏浪而行 透视汽车产业发展新路径,2021中国汽车产业高峰论坛：变革已至踏浪而行 透视汽车产业发展新路径
2021-11-11,比亚迪首款高端大7座MPV首度曝光：在线征集配置 DM-i技术或加身,比亚迪首款高端大7座MPV首度曝光：在线征集配置 DM-i技术或加身
2021-11-11,隆基机械：公司已为比亚迪的唐、宋、夏、秦、汉等12个车型配套,隆基机械：公司已为比亚迪的唐、宋、夏、秦、汉等12个车型配套
2021-11-11,伊戈尔：近年来，公司和国家电网、比亚迪无业务往来,伊戈尔：近年来，公司和国家电网、比亚迪无业务往来
2021-11-11,10月汽车销量排名再变脸：五家自主品牌进前十，日系仅占两席 盈利能力下降,10月汽车销量排名再变脸：五家自主品牌进前十，日系仅占两席 盈利能力下降
2021-11-11,一年五次押注整车，危机之下，宁德时代赌了把大的,一年五次押注整车，危机之下，宁德时代赌了把大的
2021-11-11,电池隔膜的中场战事,电池隔膜的中场战事
2021-11-11,2021年“余额”不足 七大车企中有四家因汽车芯片供应短缺完成全年销量目标恐无望 盈利能力下降,2021年“余额”不足 七大车企中有四家因汽车芯片供应短缺完成全年销量目标恐无望 盈利能力下降
2021-11-11,马斯克出售逾450万股特斯拉股票 A股龙头“纹丝未动” 鲸平台专家：市场认知正在变化,马斯克出售逾450万股特斯拉股票 A股龙头“纹丝未动” 鲸平台专家：市场认知正在变化
2021-11-11,比亚迪高端品牌来了！将涵盖MPV车型,比亚迪高端品牌来了！将涵盖MPV车型
2021-11-11,国海证券：给予比亚迪买入评级,国海证券：给予比亚迪买入评级
2021-11-11,比亚迪与歌尔丹拿达成战略合作，打造汽车智能化解决方案,比亚迪与歌尔丹拿达成战略合作，打造汽车智能化解决方案
2021-11-11,吉利王者之路：打败日系混动，难，但不得不做 | 甲子光年,吉利王者之路：打败日系混动，难，但不得不做 | 甲子光年
2021-11-11,“雷神”助阵！明年的吉利会成为今年的比亚迪吗？,“雷神”助阵！明年的吉利会成为今年的比亚迪吗？
2021-11-11,比亚迪、吉利、上汽：迥然不同的智能化角逐逻辑,比亚迪、吉利、上汽：迥然不同的智能化角逐逻辑
2021-11-11,西安：到2030年全面实现电动化,西安：到2030年全面实现电动化
2021-11-11,室友薪资比我高三倍？汽车专业学生的“鄙视链”,室友薪资比我高三倍？汽车专业学生的“鄙视链”
2021-11-11,比亚迪：申万宏源证券、南方基金等3家机构于11月8日调研我司,比亚迪：申万宏源证券、南方基金等3家机构于11月8日调研我司
2021-11-11,比亚迪：中信证券于11月9日调研我司,比亚迪：中信证券于11月9日调研我司
2021-11-11,车企扎堆大手笔融资竞逐新能源赛道,车企扎堆大手笔融资竞逐新能源赛道
2021-11-11,EV晨报 | 10月新能源汽车销量38.3万辆；恒大汽车拟融资5亿港元；特斯拉一夜暴跌近12%,EV晨报 | 10月新能源汽车销量38.3万辆；恒大汽车拟融资5亿港元；特斯拉一夜暴跌近12%
2021-11-11,无惧外资砸盘，A股自力更生,无惧外资砸盘，A股自力更生
2021-11-11,10月铁锂装机环比下降11.6%，电池格局有新变化？,10月铁锂装机环比下降11.6%，电池格局有新变化？
2021-11-11,哈弗 H6 重回第一，比亚迪宋系列位列第二，10 月 SUV 销量榜出炉,哈弗 H6 重回第一，比亚迪宋系列位列第二，10 月 SUV 销量榜出炉
2021-11-11,新款比亚迪唐曝光，外观大变样，爆款提前锁定！,新款比亚迪唐曝光，外观大变样，爆款提前锁定！
2021-11-11,A股融资融券日报：两融余额增加15.9亿元（11月10日）,A股融资融券日报：两融余额增加15.9亿元（11月10日）
2021-11-11,每日理财观察: 10月金融数据企稳反弹,每日理财观察: 10月金融数据企稳反弹
2021-11-11,紧抓建筑和交通业减排，助力“双碳”目标实现,紧抓建筑和交通业减排，助力“双碳”目标实现
2021-11-11,比亚迪、奔驰、沃尔沃、通用等11家整车厂承诺在2040年前逐步淘汰燃油车,比亚迪、奔驰、沃尔沃、通用等11家整车厂承诺在2040年前逐步淘汰燃油车
2021-11-11,国海证券维持比亚迪买入评级，事件点评：DM-i 销量持续火爆，海豚月销破 6000,国海证券维持比亚迪买入评级，事件点评：DM-i 销量持续火爆，海豚月销破 6000
2021-11-11,比亚迪与丹拿音响正式签约合作！比亚迪汉已搭载 买音响“送车”,比亚迪与丹拿音响正式签约合作！比亚迪汉已搭载 买音响“送车”
2021-11-11,特斯拉股价暴跌，对新能源汽车行业影响几何？,特斯拉股价暴跌，对新能源汽车行业影响几何？
2021-11-11,电动车三季报总结之三-电池：盈利底部 迎接量利齐升,电动车三季报总结之三-电池：盈利底部 迎接量利齐升
2021-11-11,国海证券：维持比亚迪(002594.SZ)“买入”评级 DM-i销量持续火爆 海豚月销突破六千,国海证券：维持比亚迪(002594.SZ)“买入”评级 DM-i销量持续火爆 海豚月销突破六千
2021-11-11,北交所市值第一名：贝特瑞（835185）全球锂电负极材料龙头,北交所市值第一名：贝特瑞（835185）全球锂电负极材料龙头
2021-11-11,国金证券：汽零行业将迎来几个季度的修复,国金证券：汽零行业将迎来几个季度的修复
2021-11-11,三大“争议SUV”申报：恒大汽车来袭，比亚迪唐要放弃“龙脸”？,三大“争议SUV”申报：恒大汽车来袭，比亚迪唐要放弃“龙脸”？
2021-11-11,10月SUV销量榜：长城、比亚迪、长安，自主品牌包揽前四名！,10月SUV销量榜：长城、比亚迪、长安，自主品牌包揽前四名！
2021-11-11,乘联会公布10月零售销量排名：宏光，比亚迪秦，特斯拉前三,乘联会公布10月零售销量排名：宏光，比亚迪秦，特斯拉前三
2021-11-11,10月车市下行 比亚迪新能源车型暴增,10月车市下行 比亚迪新能源车型暴增
2021-11-12,有资金潜伏，这些低位股偷偷连涨，10股业绩高增长,有资金潜伏，这些低位股偷偷连涨，10股业绩高增长
2021-11-12,ATFX港股：比亚迪创新高失败，存在深幅回调可能,ATFX港股：比亚迪创新高失败，存在深幅回调可能
2021-11-12,福立旺：公司为比亚迪供应门锁和天线,福立旺：公司为比亚迪供应门锁和天线
2021-11-12,光大证券：给予星云股份买入评级,光大证券：给予星云股份买入评级
2021-11-12,博士后“扎堆”粤港澳大湾区 注入科创动能,博士后“扎堆”粤港澳大湾区 注入科创动能
2021-11-12,汽车与零部件行业深度报告：行业最差时期过去 优质整车和零部件盈利和估值将共振,汽车与零部件行业深度报告：行业最差时期过去 优质整车和零部件盈利和估值将共振
2021-11-12,“王朝”旗舰SUV！新款比亚迪唐EV专利图曝光：龙颜大增,“王朝”旗舰SUV！新款比亚迪唐EV专利图曝光：龙颜大增
2021-11-12,比亚迪高居新能源销量“榜首”意味着什么？,比亚迪高居新能源销量“榜首”意味着什么？
2021-11-12,比亚迪：聘任吴越先生担任公司证券事务代表,比亚迪：聘任吴越先生担任公司证券事务代表
2021-11-12,君子成人之美 比亚迪转让“魏”商标给长城：一分钱不要,君子成人之美 比亚迪转让“魏”商标给长城：一分钱不要
2021-11-12,比亚迪：拟将“18亚迪G1”票面利率由4.98%下调至2.50%,比亚迪：拟将“18亚迪G1”票面利率由4.98%下调至2.50%
2021-11-12,10月新能源乘用车企业销量：比亚迪遥遥领先，特斯拉出口数量创新高,10月新能源乘用车企业销量：比亚迪遥遥领先，特斯拉出口数量创新高
2021-11-12,车市调查|电动车冬季续航里程或打七折，车主的焦虑能缓解吗？,车市调查|电动车冬季续航里程或打七折，车主的焦虑能缓解吗？
2021-11-12,比亚迪加入签署联合国协议呼吁实现中、重型卡车100%零排放,比亚迪加入签署联合国协议呼吁实现中、重型卡车100%零排放
2021-11-12,寻找中国新能源汽车产业高地⑦ ｜南京：黄宏生和创维汽车能成为新招牌吗？,寻找中国新能源汽车产业高地⑦ ｜南京：黄宏生和创维汽车能成为新招牌吗？
2021-11-12,汽车行业月报：复苏进行时 未来尤可期,汽车行业月报：复苏进行时 未来尤可期
2021-11-12,汽车行业周报：电动智能变革下零部件的投资机会,汽车行业周报：电动智能变革下零部件的投资机会
2021-11-12,数读港美丨全球新能源车企排位大洗牌！Rivian突破千亿直逼比亚迪,数读港美丨全球新能源车企排位大洗牌！Rivian突破千亿直逼比亚迪
2021-11-12,中国9月动力电池企业装车量排名：宁德时代独占超半壁江山,中国9月动力电池企业装车量排名：宁德时代独占超半壁江山
2021-11-12,10月新能源批发销量Top30： 宏光MINI稳居首位 科莱威CLEVER排名上升,10月新能源批发销量Top30： 宏光MINI稳居首位 科莱威CLEVER排名上升
2021-11-12,比亚迪：2040年前实现中、重型卡车100%零排放,比亚迪：2040年前实现中、重型卡车100%零排放
2021-11-12,比亚迪自主IGBT芯片国内汽车市场占有率由空白提升至18％,比亚迪自主IGBT芯片国内汽车市场占有率由空白提升至18％
2021-11-12,比亚迪连涨数月不止步！双料发力，全系销量飘红,比亚迪连涨数月不止步！双料发力，全系销量飘红
2021-11-12,储能业务有望与动力电池业务并驾齐驱，宁德时代是否还要敬畏其估值？,储能业务有望与动力电池业务并驾齐驱，宁德时代是否还要敬畏其估值？
2021-11-12,中国科技的家底是什么？,中国科技的家底是什么？
2021-11-12,电动车10月销量点评：国内销量持续向上 自主车企表现亮眼,电动车10月销量点评：国内销量持续向上 自主车企表现亮眼
2021-11-12,大众 CEO：ID. 家族销量超过蔚小理,大众 CEO：ID. 家族销量超过蔚小理
2021-11-12,10 月轿车 /SUV/MPV 畅销车型榜,10 月轿车 /SUV/MPV 畅销车型榜
2021-11-12,汽车产业创新链竞逐“隐形冠军”,汽车产业创新链竞逐“隐形冠军”
2021-11-12,国产新能源汽车驶进“景气赛道” 10月份产销量同比均猛增1.3倍,国产新能源汽车驶进“景气赛道” 10月份产销量同比均猛增1.3倍
2021-11-12,六氟磷酸锂毛利高企，头部企业产能扩张,六氟磷酸锂毛利高企，头部企业产能扩张
2021-11-12,"跃跃御市:10月自主销冠存争议,""潜力股""全年冲击70万辆","跃跃御市:10月自主销冠存争议,""潜力股""全年冲击70万辆"
2021-11-12,【中原锂电池】锂电池行业月报：销量再创新高，短期持续关注,【中原锂电池】锂电池行业月报：销量再创新高，短期持续关注
2021-11-12,长安汽车新能源领域疑“掉队” CS75销量回暖难掩颓势,长安汽车新能源领域疑“掉队” CS75销量回暖难掩颓势
2021-11-12,31家车企10月销量一览：上汽、广汽等多车企表现超9月，自主板块强势增长,31家车企10月销量一览：上汽、广汽等多车企表现超9月，自主板块强势增长
2021-11-12,比亚迪、奔驰等6家车企承诺淘汰燃油车！丰田唱反调：没做好准备,比亚迪、奔驰等6家车企承诺淘汰燃油车！丰田唱反调：没做好准备
2021-11-12,1-10月份新能源汽乘用车销量公布：比亚迪夺冠！,1-10月份新能源汽乘用车销量公布：比亚迪夺冠！
2021-11-12,加速自动驾驶卡车商业落地，比亚迪首批无座舱式港口牵引车下线,加速自动驾驶卡车商业落地，比亚迪首批无座舱式港口牵引车下线
2021-11-12,拿放大镜来寻找比亚迪财报中的亮点：新能源汽车销量大放异彩,拿放大镜来寻找比亚迪财报中的亮点：新能源汽车销量大放异彩
2021-11-12,静评比亚迪秦PLUS DM-i，值不值等三个月？,静评比亚迪秦PLUS DM-i，值不值等三个月？
2021-11-12,中汽协陈士华：汽车芯片短缺态势可能将持续至2022年下半年,中汽协陈士华：汽车芯片短缺态势可能将持续至2022年下半年
2021-11-12,比亚迪首批无座舱港口牵引车正式下线,比亚迪首批无座舱港口牵引车正式下线
2021-11-12,10月车企销量榜：特斯拉再次暴跌至第四 理想再上榜 盈利能力下降,10月车企销量榜：特斯拉再次暴跌至第四 理想再上榜 盈利能力下降
2021-11-12,占比超42%！特斯拉大幅拉动L2级智能网联车占比,占比超42%！特斯拉大幅拉动L2级智能网联车占比
2021-11-12,1-10月新能源乘用车品牌销量排行榜,1-10月新能源乘用车品牌销量排行榜
2021-11-12,全球新能源汽车前三季销量出炉：特斯拉彻底封神,全球新能源汽车前三季销量出炉：特斯拉彻底封神
2021-11-13,E周新势力 | 蔚来公布三季度财报；小米汽车多个商标获得审批；小鹏官方发布全新G系列SUV,E周新势力 | 蔚来公布三季度财报；小米汽车多个商标获得审批；小鹏官方发布全新G系列SUV
2021-11-13,跨界大牛股！不到1年68个涨停，股价大涨10倍,跨界大牛股！不到1年68个涨停，股价大涨10倍
2021-11-13,北向资金本周净卖出约27亿元，抛售医药制造、酿酒行业，大幅加仓“宁王”和这只券商股,北向资金本周净卖出约27亿元，抛售医药制造、酿酒行业，大幅加仓“宁王”和这只券商股
2021-11-13,安 纳 达：比亚迪目前不是子公司的直接客户，铜陵纳源也没有拆分上市的规划,安 纳 达：比亚迪目前不是子公司的直接客户，铜陵纳源也没有拆分上市的规划
2021-11-13,强瑞技术：公司主要为手机品牌商及其代工厂商提供治具、设备等产品，公司正在积极拓展与比亚迪关于半导体领域的业务,强瑞技术：公司主要为手机品牌商及其代工厂商提供治具、设备等产品，公司正在积极拓展与比亚迪关于半导体领域的业务
2021-11-13,比亚迪将商标“魏”转让给了长城汽车，网友：这就是格局,比亚迪将商标“魏”转让给了长城汽车，网友：这就是格局
2021-11-13,10月这15款车卖得好，月冠军易主，丰田回归 控制人变化,10月这15款车卖得好，月冠军易主，丰田回归 控制人变化
2021-11-13,比亚迪首次明确燃油车停产时间表 或为全球扩张做准备 经营问题,比亚迪首次明确燃油车停产时间表 或为全球扩张做准备 经营问题
2021-11-13,全球汽车巨头发力“脱碳”，到2040年逐步停止燃油车生产,全球汽车巨头发力“脱碳”，到2040年逐步停止燃油车生产
2021-11-13,“特斯拉杀手”众生相：被高估的Rivian，被低估的“蔚小理”,“特斯拉杀手”众生相：被高估的Rivian，被低估的“蔚小理”
2021-11-13,汽车“财”之道·要闻汇总【11月13日】,汽车“财”之道·要闻汇总【11月13日】
2021-11-13,2021年中国新能源汽车市场竞争格局及发展趋势分析 多重因素推动比亚迪抢占市场,2021年中国新能源汽车市场竞争格局及发展趋势分析 多重因素推动比亚迪抢占市场
2021-11-13,银十未至！长城等车企销量跌，新能源销量持续增长渗透率超16%,银十未至！长城等车企销量跌，新能源销量持续增长渗透率超16%
2021-11-13,38 年历史，大众桑塔纳即将正式停产 经营问题,38 年历史，大众桑塔纳即将正式停产 经营问题
2021-11-13,新能源车渗透率13%背后：普及率不足4%、主力市场未启动,新能源车渗透率13%背后：普及率不足4%、主力市场未启动
2021-11-13,新“背锅侠”：车企业绩表现差全赖缺芯？,新“背锅侠”：车企业绩表现差全赖缺芯？
2021-11-13,比亚迪王朝旗舰车型首次亮相澳门车展 特首大赞,比亚迪王朝旗舰车型首次亮相澳门车展 特首大赞
2021-11-14,招商策略：风格悄然变化原因和年底布局思路,招商策略：风格悄然变化原因和年底布局思路
2021-11-14,新能源汽车特斯拉市占率居首，五菱宏光、比亚迪分列二三,新能源汽车特斯拉市占率居首，五菱宏光、比亚迪分列二三
2021-11-14,2700亿大白马火了！外资最新加仓股名单来了,2700亿大白马火了！外资最新加仓股名单来了
2021-11-14,电气设备行业周报：回归长期成长 关注后周期,电气设备行业周报：回归长期成长 关注后周期
2021-11-14,纯电动汽车调查：特斯拉市占率第一，五菱宏光、比亚迪第二、三,纯电动汽车调查：特斯拉市占率第一，五菱宏光、比亚迪第二、三
2021-11-14,10 月车企排名：自主迎来光辉时刻,10 月车企排名：自主迎来光辉时刻
2021-11-14,拔剑四顾，谁能真正的挑战特斯拉？,拔剑四顾，谁能真正的挑战特斯拉？
2021-11-14,E周见|MINI新战略/Rivian市值比肩通用,E周见|MINI新战略/Rivian市值比肩通用
2021-11-14,陆家嘴财经早餐2021年11月14日星期日,陆家嘴财经早餐2021年11月14日星期日
2021-11-14,传统车企开始还击，新能源车销量飙升，新势力难逃厄运？,传统车企开始还击，新能源车销量飙升，新势力难逃厄运？
2021-11-14,比亚迪无偿转让“魏”商标给长城 网友：大格局,比亚迪无偿转让“魏”商标给长城 网友：大格局
2021-11-14,王传福的半个“豪言”，2025年争做全球第一,王传福的半个“豪言”，2025年争做全球第一
2021-11-15,巴菲特在电动汽车领域投资比亚迪的原因,巴菲特在电动汽车领域投资比亚迪的原因
2021-11-15,金融街下午茶2021年11月15日星期一,金融街下午茶2021年11月15日星期一
2021-11-15,北向资金连续3日净买入累计加仓近160亿，中国中免获净买入超6亿元,北向资金连续3日净买入累计加仓近160亿，中国中免获净买入超6亿元
2021-11-15,A股收跌 机构称配置安全边际较高低估值板块 | 思维市场关注,A股收跌 机构称配置安全边际较高低估值板块 | 思维市场关注
2021-11-15,打破合资垄断，国产四大“混动”谁最符合国人的需求？,打破合资垄断，国产四大“混动”谁最符合国人的需求？
2021-11-15,多氟多(002407.SZ)拟向比亚迪供应不低于5.605万吨六氟磷酸锂产品,多氟多(002407.SZ)拟向比亚迪供应不低于5.605万吨六氟磷酸锂产品
2021-11-15,多氟多：比亚迪拟向公司采购不低于56050吨六氟磷酸锂产品,多氟多：比亚迪拟向公司采购不低于56050吨六氟磷酸锂产品
2021-11-15,多氟多：比亚迪拟向公司采购不低于5.6万吨六氟磷酸锂产品,多氟多：比亚迪拟向公司采购不低于5.6万吨六氟磷酸锂产品
2021-11-15,曝比亚迪 F5 将被命名为驱逐舰 05,曝比亚迪 F5 将被命名为驱逐舰 05
2021-11-15,摩恩电气：截止目前，公司客户中未有比亚迪,摩恩电气：截止目前，公司客户中未有比亚迪
2021-11-15,比亚迪F5将命名为驱逐舰05！DM-i混动油耗低至1.58L,比亚迪F5将命名为驱逐舰05！DM-i混动油耗低至1.58L
2021-11-15,A股资金流向：新能源遭资金集中抛售,A股资金流向：新能源遭资金集中抛售
2021-11-15,陆股通净买入33.82亿元，连续3日净买入,陆股通净买入33.82亿元，连续3日净买入
2021-11-15,7.98 万起 比亚迪新款元 Pro 上市 最高续航 401 公里,7.98 万起 比亚迪新款元 Pro 上市 最高续航 401 公里
2021-11-15,草蛇灰线，伏脉千里，究竟是什么撑起比亚迪的近万亿市值？,草蛇灰线，伏脉千里，究竟是什么撑起比亚迪的近万亿市值？
2021-11-15,比亚迪助力零排放 2040年停产燃油卡车 经营问题,比亚迪助力零排放 2040年停产燃油卡车 经营问题
2021-11-15,滴滴或将“重生”,滴滴或将“重生”
2021-11-15,晚间重要公告2021年11月15日星期一,晚间重要公告2021年11月15日星期一
2021-11-15,【明日主题前瞻】特斯拉将开始提供“星链”服务 卫星互联网已被列入新基建范畴,【明日主题前瞻】特斯拉将开始提供“星链”服务 卫星互联网已被列入新基建范畴
2021-11-15,公告精选：南钢股份拟分拆子公司至北交所上市；比亚迪拟向多氟多采购六氟磷酸锂,公告精选：南钢股份拟分拆子公司至北交所上市；比亚迪拟向多氟多采购六氟磷酸锂
2021-11-15,2021年10月汽车销量跟踪报告：10月新能源汽车产销同比翻倍 均创历史新高,2021年10月汽车销量跟踪报告：10月新能源汽车产销同比翻倍 均创历史新高
2021-11-15,2022年投资策略报告之新能源汽车行业：电流奔涌 在时代的赛道上飞驰,2022年投资策略报告之新能源汽车行业：电流奔涌 在时代的赛道上飞驰
2021-11-15,车企因燃油车禁售时间出现分歧：比亚迪支持电动化提速，丰田、大众不同意,车企因燃油车禁售时间出现分歧：比亚迪支持电动化提速，丰田、大众不同意
2021-11-15,更精致时尚 2021 款比亚迪 e2 拥有刀片电池和 401km 续航,更精致时尚 2021 款比亚迪 e2 拥有刀片电池和 401km 续航
2021-11-15,销量又暴涨！“金九银十”结束后，正式跨入比亚迪的时代！,销量又暴涨！“金九银十”结束后，正式跨入比亚迪的时代！
2021-11-15,抱紧比亚迪的“大腿”！多氟多再签“大单” 四年供应6.5万吨六氟磷酸锂,抱紧比亚迪的“大腿”！多氟多再签“大单” 四年供应6.5万吨六氟磷酸锂
2021-11-15,比亚迪生产奔驰设计！腾势 X PHEV 亮相海口车展,比亚迪生产奔驰设计！腾势 X PHEV 亮相海口车展
2021-11-15,比亚迪获深股通连续3日净买入 累计净买入3.66亿元,比亚迪获深股通连续3日净买入 累计净买入3.66亿元
2021-11-15,特斯拉Model Y和比亚迪宋，搅动SUV市场一池春水,特斯拉Model Y和比亚迪宋，搅动SUV市场一池春水
2021-11-15,中国新能源车企有很多，唯有比亚迪能与特斯拉硬扛！,中国新能源车企有很多，唯有比亚迪能与特斯拉硬扛！
2021-11-15,比亚迪在第26届联合国气候大会签署协议，倡导全球零碳出行,比亚迪在第26届联合国气候大会签署协议，倡导全球零碳出行
2021-11-15,碳中和行业(电新+环保)周报：高镍三元一体化降本加速 南网发布“十四五”发展规划,碳中和行业(电新+环保)周报：高镍三元一体化降本加速 南网发布“十四五”发展规划
2021-11-15,UNI-V、拿铁等齐亮相，想买国产新车的别错过,UNI-V、拿铁等齐亮相，想买国产新车的别错过
2021-11-15,陆家嘴财经早餐2021年11月15日星期一,陆家嘴财经早餐2021年11月15日星期一
2021-11-15,突发！万亿宁王又出手：狂买这家公司！8万股民嗨了,突发！万亿宁王又出手：狂买这家公司！8万股民嗨了
2021-11-15,长城汽车WEY品牌销量下滑29%连降7月 魏建军坚持“不跨界”负债两年陡增619亿 盈利能力下降,长城汽车WEY品牌销量下滑29%连降7月 魏建军坚持“不跨界”负债两年陡增619亿 盈利能力下降
2021-11-15,天风汽车【日报】沙龙亮相广州车展；现代推出移动应用商店；比亚迪参与加速向零排放汽车和货车转型宣言；沃尔玛使用全自动驾驶卡车,天风汽车【日报】沙龙亮相广州车展；现代推出移动应用商店；比亚迪参与加速向零排放汽车和货车转型宣言；沃尔玛使用全自动驾驶卡车
2021-11-15,比亚迪将停产燃油车！ 经营问题,比亚迪将停产燃油车！ 经营问题
2021-11-15,A股融资融券日报：两融余额减少22.02亿元（11月12日）,A股融资融券日报：两融余额减少22.02亿元（11月12日）
2021-11-15,胜蓝股份：目前公司和比亚迪是直接合作关系，暂未与华为、大众、宝马有直接业务合作,胜蓝股份：目前公司和比亚迪是直接合作关系，暂未与华为、大众、宝马有直接业务合作
2021-11-15,比亚迪首次明确燃油车停产时间表 2040年前将取消燃油车生产 经营问题,比亚迪首次明确燃油车停产时间表 2040年前将取消燃油车生产 经营问题
2021-11-15,采用骁龙芯片 比亚迪DiLink 4.0参数曝光,采用骁龙芯片 比亚迪DiLink 4.0参数曝光
2021-11-15,化工行业动态：化工布局磷酸铁梳理 看好三氯蔗糖高景气,化工行业动态：化工布局磷酸铁梳理 看好三氯蔗糖高景气
2021-11-15,汽车行业第46周周报：10月汽车产销降幅收窄 自主品牌份额提升,汽车行业第46周周报：10月汽车产销降幅收窄 自主品牌份额提升
2021-11-15,比亚迪元 Plus 即将亮相，e 平台 3.0 首款 A 级潮跑 SUV,比亚迪元 Plus 即将亮相，e 平台 3.0 首款 A 级潮跑 SUV
2021-11-15,谁说自主品牌 7 座 SUV 费油？亏电实测百公里 5.0L 比亚迪唐 DM-i 了解一下,谁说自主品牌 7 座 SUV 费油？亏电实测百公里 5.0L 比亚迪唐 DM-i 了解一下
2021-11-15,动力电池技术路线的更迭引发市场竞争格局变化，宁德时代就此声名鹊起,动力电池技术路线的更迭引发市场竞争格局变化，宁德时代就此声名鹊起
2021-11-15,10 月销量盘点，哈弗 H6 重回榜首，宏光 MINIEV 超轩逸摘冠,10 月销量盘点，哈弗 H6 重回榜首，宏光 MINIEV 超轩逸摘冠
2021-11-15,“翻倍基”时隐时现，基金经理血拼排名战,“翻倍基”时隐时现，基金经理血拼排名战
2021-11-15,比亚迪元PLUS国潮版广州车展发布！内饰大变 喇叭造型罕见,比亚迪元PLUS国潮版广州车展发布！内饰大变 喇叭造型罕见
2021-11-15,智能变色玻璃研发商光羿科技获华平投资、比亚迪、蔚来资本等数亿美元投资,智能变色玻璃研发商光羿科技获华平投资、比亚迪、蔚来资本等数亿美元投资
2021-11-15,企查查显示比亚迪关联公司经营范围新增特种设备制造等,企查查显示比亚迪关联公司经营范围新增特种设备制造等
2021-11-15,一电观察 | 比亚迪疯狂增长的天花板在哪里？,一电观察 | 比亚迪疯狂增长的天花板在哪里？
2021-11-15,锂电池股全线下跌，宁德时代、比亚迪跌超4%,锂电池股全线下跌，宁德时代、比亚迪跌超4%
2021-11-15,混动车市场迎来大发展优质曲轴配套商福达股份尽享行业发展红利,混动车市场迎来大发展优质曲轴配套商福达股份尽享行业发展红利
2021-11-15,沃尔沃、福特、戴姆勒、比亚迪等全球汽车巨头发力“脱碳”,沃尔沃、福特、戴姆勒、比亚迪等全球汽车巨头发力“脱碳”
2021-11-15,争当可持续发展先锋，比亚迪获SGS承诺碳中和符合声明证书,争当可持续发展先锋，比亚迪获SGS承诺碳中和符合声明证书
2021-11-15,港股汽车股普跌，比亚迪跌超3%,港股汽车股普跌，比亚迪跌超3%
2021-11-15,比亚迪李云飞：发力品牌年轻化 高端品牌预计明年推出,比亚迪李云飞：发力品牌年轻化 高端品牌预计明年推出
2021-11-16,汽车行业2022年度策略报告：靓丽时刻的交错,汽车行业2022年度策略报告：靓丽时刻的交错
2021-11-16,纯电动汽车“主动碰撞”后起火，碰撞测试这关怎么过的？,纯电动汽车“主动碰撞”后起火，碰撞测试这关怎么过的？
2021-11-16,多家汽车巨头承诺2040年前淘汰燃油车，比亚迪是唯一中国车企,多家汽车巨头承诺2040年前淘汰燃油车，比亚迪是唯一中国车企
2021-11-16,10月终端销量榜：宏光MINI逼近5万辆霸榜 比亚迪海豚首上榜,10月终端销量榜：宏光MINI逼近5万辆霸榜 比亚迪海豚首上榜
2021-11-16,比亚迪：融捷投资控股质押200万股公司A股股份,比亚迪：融捷投资控股质押200万股公司A股股份
2021-11-16,兴证策略：北上资金转为流出 成交热度继续回落,兴证策略：北上资金转为流出 成交热度继续回落
2021-11-16,北向资金再度加仓近42亿连续4日净买入，批量扫货白酒医药股,北向资金再度加仓近42亿连续4日净买入，批量扫货白酒医药股
2021-11-16,9月全球动力电池装机量TOP10：中国占6席，力神上榜,9月全球动力电池装机量TOP10：中国占6席，力神上榜
2021-11-16,融捷投资控股质押比亚迪0.07%股份,融捷投资控股质押比亚迪0.07%股份
2021-11-16,比亚迪广州车展新车阵容曝光，主打新能源SUV,比亚迪广州车展新车阵容曝光，主打新能源SUV
2021-11-16,晚间重要公告2021年11月16日星期二,晚间重要公告2021年11月16日星期二
2021-11-16,再探特斯拉市值冲破1万亿美元大关，背后的逻辑不简单,再探特斯拉市值冲破1万亿美元大关，背后的逻辑不简单
2021-11-16,“傍上”比亚迪，多氟多再次签大单四年供应5.6万吨六氟磷酸锂！,“傍上”比亚迪，多氟多再次签大单四年供应5.6万吨六氟磷酸锂！
2021-11-16,福立旺(688678.SH)股价异动 与比亚迪的合作目前只在天窗、门锁和天线等业务,福立旺(688678.SH)股价异动 与比亚迪的合作目前只在天窗、门锁和天线等业务
2021-11-16,新能源周周看：中美发布联合宣言，气候合作再进一步,新能源周周看：中美发布联合宣言，气候合作再进一步
2021-11-16,百公里加速4秒多 国产最强插电混动SUV现身：比亚迪唐DM-p实车首曝,百公里加速4秒多 国产最强插电混动SUV现身：比亚迪唐DM-p实车首曝
2021-11-16,10万级又一爆品！比亚迪首款海洋美学轿车来了：油耗1.58L,10万级又一爆品！比亚迪首款海洋美学轿车来了：油耗1.58L
2021-11-16,长城汽车获赠比亚迪“魏”标，WEY销量却连续7个月下降 盈利能力下降,长城汽车获赠比亚迪“魏”标，WEY销量却连续7个月下降 盈利能力下降
2021-11-16,预售 15.38 万起，比亚迪宋 PLUS DM-i 配置首曝,预售 15.38 万起，比亚迪宋 PLUS DM-i 配置首曝
2021-11-16,比亚迪元 PLUS 将亮相 2021 广州车展,比亚迪元 PLUS 将亮相 2021 广州车展
2021-11-16,e平台3.0首款A级潮跑SUV！比亚迪元PLUS正式公布：2021广州车展见,e平台3.0首款A级潮跑SUV！比亚迪元PLUS正式公布：2021广州车展见
2021-11-16,比亚迪(002594)：持股5%以上股东部分股份质押,比亚迪(002594)：持股5%以上股东部分股份质押
2021-11-16,比亚迪增收不增利 VS 丰田增利不增收 盈利能力下降,比亚迪增收不增利 VS 丰田增利不增收 盈利能力下降
2021-11-16,10 月销量：“银十”成色不足，但新能源真的很能打！,10 月销量：“银十”成色不足，但新能源真的很能打！
2021-11-16,采购量增加近9倍！电池材料龙头再拿比亚迪302亿大单！,采购量增加近9倍！电池材料龙头再拿比亚迪302亿大单！
2021-11-16,北交所首批81家公司全扫描,北交所首批81家公司全扫描
2021-11-16,新能源概念突然“哑火”，汽车零部件板块延续强势,新能源概念突然“哑火”，汽车零部件板块延续强势
2021-11-16,全球车企巨头纷纷发布停产燃油车时间表 经营问题,全球车企巨头纷纷发布停产燃油车时间表 经营问题
2021-11-16,十月车市同比六连跌，比亚迪却“杀疯了”！,十月车市同比六连跌，比亚迪却“杀疯了”！
2021-11-16,比亚迪连续3日获北向资金净买入,比亚迪连续3日获北向资金净买入
2021-11-16,每日理财观察: 北交所首批81家上市公司正式亮相,每日理财观察: 北交所首批81家上市公司正式亮相
2021-11-16,A股融资融券日报：两融余额减少2.07亿元（11月15日）,A股融资融券日报：两融余额减少2.07亿元（11月15日）
2021-11-16,停售燃油车！这家中国企业正式宣布时间表 业务变化,停售燃油车！这家中国企业正式宣布时间表 业务变化
2021-11-16,作为曾经比亚迪重注的技术路线，磷酸锰铁锂或将上演一出逆袭大戏！,作为曾经比亚迪重注的技术路线，磷酸锰铁锂或将上演一出逆袭大戏！
2021-11-16,比亚迪于泰州成立新公司，经营范围含充电桩销售,比亚迪于泰州成立新公司，经营范围含充电桩销售
2021-11-16,消费行业动态分析：上周大盘反弹 消费板块表现亮眼,消费行业动态分析：上周大盘反弹 消费板块表现亮眼
2021-11-16,最大续航 1200km，宋 PLUS DM-i 将 3 月 25 日上市,最大续航 1200km，宋 PLUS DM-i 将 3 月 25 日上市
2021-11-16,再获比亚迪逾5.6万吨六氟磷酸锂订单！多氟多一周内连签两笔大单,再获比亚迪逾5.6万吨六氟磷酸锂订单！多氟多一周内连签两笔大单
2021-11-16,“锂电池之父”预警：锂电池原材料5-10年将消耗殆尽,“锂电池之父”预警：锂电池原材料5-10年将消耗殆尽
2021-11-16,锂电池界的“八爪鱼”亿纬锂能，能否借助4680电池这块踏板大展宏图？,锂电池界的“八爪鱼”亿纬锂能，能否借助4680电池这块踏板大展宏图？
2021-11-16,比亚迪储能及新型电池事业部郭彬：储能技术创新助力实现双碳目标,比亚迪储能及新型电池事业部郭彬：储能技术创新助力实现双碳目标
2021-11-16,电子行业周观点：新能源汽车市场成长与竞争皆呈快速上行趋势,电子行业周观点：新能源汽车市场成长与竞争皆呈快速上行趋势
2021-11-16,宁德时代、特斯拉、大众入局CTC，电池车身一体化或成未来发展新趋势！,宁德时代、特斯拉、大众入局CTC，电池车身一体化或成未来发展新趋势！
2021-11-16,国海证券：予多氟多(002407.SZ)“买入”评级 长单保障业绩持续增长,国海证券：予多氟多(002407.SZ)“买入”评级 长单保障业绩持续增长
2021-11-16,[公司]多氟多六氟磷酸锂斩获比亚迪采购大单 拟4年供应不低于5.61万吨产品,[公司]多氟多六氟磷酸锂斩获比亚迪采购大单 拟4年供应不低于5.61万吨产品
2021-11-16,【东吴电新】 电动车10月销量点评：国内销量持续向上，自主车企表现亮眼,【东吴电新】 电动车10月销量点评：国内销量持续向上，自主车企表现亮眼
2021-11-16,吉利混动系统弯道超车日系双田？从雷神动力看自主品牌混动新格局,吉利混动系统弯道超车日系双田？从雷神动力看自主品牌混动新格局
2021-11-16,涨幅最高的锂电材料之一！宁德时代先下大单后入股,涨幅最高的锂电材料之一！宁德时代先下大单后入股
2021-11-16,比亚迪：海洋美学设计理念首款轿车广州车展首发亮相,比亚迪：海洋美学设计理念首款轿车广州车展首发亮相
2021-11-17,大众汽车再次停产，又是因为缺“芯”！,大众汽车再次停产，又是因为缺“芯”！
2021-11-17,比亚迪秦 Plus 姊妹车型曝光，命名为驱逐舰 05！,比亚迪秦 Plus 姊妹车型曝光，命名为驱逐舰 05！
2021-11-17,“魏”标冲喜，能否拯救持续下滑的?城WEY品牌,“魏”标冲喜，能否拯救持续下滑的?城WEY品牌
2021-11-17,北向资金结束连续4日净买入，贵州茅台遭大幅抛售超11亿元,北向资金结束连续4日净买入，贵州茅台遭大幅抛售超11亿元
2021-11-17,新能源汽车赛道火热，锂电池需求攀升，成就比亚迪与宁德时代,新能源汽车赛道火热，锂电池需求攀升，成就比亚迪与宁德时代
2021-11-17,三军会师阿维塔，CHN是否“貌合神离”？,三军会师阿维塔，CHN是否“貌合神离”？
2021-11-17,10月新能源汽车：纪录持续被改写，高端车型市占率上升,10月新能源汽车：纪录持续被改写，高端车型市占率上升
2021-11-17,比亚迪员工猝死在出租屋，生前一个月曾连续夜班、每班 12 小时,比亚迪员工猝死在出租屋，生前一个月曾连续夜班、每班 12 小时
2021-11-17,新能源10月月报：新能源渗透率&自主市占率微幅回落 长期趋势依然向上,新能源10月月报：新能源渗透率&自主市占率微幅回落 长期趋势依然向上
2021-11-17,贝特瑞：国内以宁德时代和比亚迪等客户为主,贝特瑞：国内以宁德时代和比亚迪等客户为主
2021-11-17,员工出租屋猝死，比亚迪人员称与公司没什么关系,员工出租屋猝死，比亚迪人员称与公司没什么关系
2021-11-17,盘点8家新能源汽车背后的金融服务机构,盘点8家新能源汽车背后的金融服务机构
2021-11-17,新能源车产量环比回升，高端需求刺激三元装车回暖——国内新能源车月度数据点评,新能源车产量环比回升，高端需求刺激三元装车回暖——国内新能源车月度数据点评
2021-11-17,9家公募集体调研北交所“一哥”贝特瑞，透露了这些事,9家公募集体调研北交所“一哥”贝特瑞，透露了这些事
2021-11-17,国常会传来利好，万科又在筹备过冬，比亚迪摊上事了！,国常会传来利好，万科又在筹备过冬，比亚迪摊上事了！
2021-11-17,广州车展：双销售渠道再添新成员，驱逐舰 05 要来了？,广州车展：双销售渠道再添新成员，驱逐舰 05 要来了？
2021-11-17,比亚迪“战舰”系新车或命名为“驱逐舰05” 明年冲击100万辆新能源目标,比亚迪“战舰”系新车或命名为“驱逐舰05” 明年冲击100万辆新能源目标
2021-11-17,创业七年死磕超大尺寸触控技术，联想、比亚迪老兵如何在ITO产业蔓延下寻找“生”机？,创业七年死磕超大尺寸触控技术，联想、比亚迪老兵如何在ITO产业蔓延下寻找“生”机？
2021-11-17,电动车10月月报：行业景气度持续向上 电池技术升级加速,电动车10月月报：行业景气度持续向上 电池技术升级加速
2021-11-17,比亚迪1211｜王传福预计明年底新能源车渗透率超过35% | 头条金融网,比亚迪1211｜王传福预计明年底新能源车渗透率超过35% | 头条金融网
2021-11-17,港股盘前必读：腾讯控股再度减持1.14亿股恒腾网络股份涉资1.81亿港元,港股盘前必读：腾讯控股再度减持1.14亿股恒腾网络股份涉资1.81亿港元
2021-11-17,比亚迪连续4日获北向资金净买入,比亚迪连续4日获北向资金净买入
2021-11-17,比亚迪开启电池无铅化 以科技成就绿色梦想,比亚迪开启电池无铅化 以科技成就绿色梦想
2021-11-17,格力电器(000651)：拟并购盾安环境 跨界是战略目标,格力电器(000651)：拟并购盾安环境 跨界是战略目标
2021-11-17,银十车市跌势未改 新能源销量创历史新高,银十车市跌势未改 新能源销量创历史新高
2021-11-17,比亚迪DM-i超级混动最强对手！长城玛奇朵PHEV今日上市：亏电油耗4.4L,比亚迪DM-i超级混动最强对手！长城玛奇朵PHEV今日上市：亏电油耗4.4L
2021-11-17,比亚迪：eStarPro战队首款潮改共创联名版海豚车型将亮相广州车展,比亚迪：eStarPro战队首款潮改共创联名版海豚车型将亮相广州车展
2021-11-17,【安信汽车】10月交强险数据深度分析：比亚迪销量持续创新高,【安信汽车】10月交强险数据深度分析：比亚迪销量持续创新高
2021-11-17,汽车行业简评报告：10月新能源、出口两大增长引擎强劲,汽车行业简评报告：10月新能源、出口两大增长引擎强劲
2021-11-17,大玩家“疯抢”六氟磷酸锂,大玩家“疯抢”六氟磷酸锂
2021-11-17,大行点评｜汇丰研究上调比亚迪目标价至455元 评级买入 | 头条金融网,大行点评｜汇丰研究上调比亚迪目标价至455元 评级买入 | 头条金融网
2021-11-17,新能源五连销冠增速超200%，乘风破浪的比亚迪看头却在水面下,新能源五连销冠增速超200%，乘风破浪的比亚迪看头却在水面下
2021-11-17,比亚迪：公司充分关注行业各技术路线的发展并将基于市场希求及自身规划进行产品的研发及推出,比亚迪：公司充分关注行业各技术路线的发展并将基于市场希求及自身规划进行产品的研发及推出
2021-11-17,比亚迪：公司充分关注市场各技术路线的发展，并将基于市场需求及自身规划进行产品的研发及应用,比亚迪：公司充分关注市场各技术路线的发展，并将基于市场需求及自身规划进行产品的研发及应用
2021-11-17,最前线 | 持续向零碳发力，比亚迪称在2040年前实现100%销售零排放车型,最前线 | 持续向零碳发力，比亚迪称在2040年前实现100%销售零排放车型
2021-11-17,新能源汽车用户对15-20万车型搜索占比超20%，比亚迪三款车位列前三甲,新能源汽车用户对15-20万车型搜索占比超20%，比亚迪三款车位列前三甲
2021-11-18,员工猝死比亚迪赔20万，一个月工作280小时有违劳动法,员工猝死比亚迪赔20万，一个月工作280小时有违劳动法
2021-11-18,70个涨停！这家公司10个月涨近10倍,70个涨停！这家公司10个月涨近10倍
2021-11-18,智通每日大行研报丨百度(09888)绩后遭大行齐降目标价 比亚迪股份(01211)获汇丰研究唱好 机构下调估值,智通每日大行研报丨百度(09888)绩后遭大行齐降目标价 比亚迪股份(01211)获汇丰研究唱好 机构下调估值
2021-11-18,比亚迪免费赠送“魏”商标 长城最新回应：天下车企一家亲,比亚迪免费赠送“魏”商标 长城最新回应：天下车企一家亲
2021-11-18,霸榜10月新能源市场 比亚迪跻身自主品牌头部阵营,霸榜10月新能源市场 比亚迪跻身自主品牌头部阵营
2021-11-18,它是北向资金最看重的汽车股,它是北向资金最看重的汽车股
2021-11-18,蓝海华腾：公司的新能源电机控制器有向比亚迪销售,蓝海华腾：公司的新能源电机控制器有向比亚迪销售
2021-11-18,亏电油耗4.4L！比亚迪2022款宋Pro DM-i来了：广州车展见,亏电油耗4.4L！比亚迪2022款宋Pro DM-i来了：广州车展见
2021-11-18,李佳琦薇娅双双暂停与欧莱雅合作；华为发布口红耳机，售价1699元,李佳琦薇娅双双暂停与欧莱雅合作；华为发布口红耳机，售价1699元
2021-11-18,天奈科技(688116)首次覆盖报告：国内碳管领跑者 技术驱动持续加深护城河,天奈科技(688116)首次覆盖报告：国内碳管领跑者 技术驱动持续加深护城河
2021-11-18,比亚迪：将“18亚迪G1”票面利率由4.98%下调至2.5%,比亚迪：将“18亚迪G1”票面利率由4.98%下调至2.5%
2021-11-18,10月自主品牌：年销冠军悬念再起，长安被反超,10月自主品牌：年销冠军悬念再起，长安被反超
2021-11-18,汽车行业深度研究：特斯拉生产制造革命：4680CTC,汽车行业深度研究：特斯拉生产制造革命：4680CTC
2021-11-18,蓝思科技(300433)：玻璃行业龙头 消费电子／汽车／光伏多点布局,蓝思科技(300433)：玻璃行业龙头 消费电子／汽车／光伏多点布局
2021-11-18,油价飙涨利好混动？轩逸、雷克萨斯NX等广州车展“通电”，续航上千不是梦,油价飙涨利好混动？轩逸、雷克萨斯NX等广州车展“通电”，续航上千不是梦
2021-11-18,中国青年报：比亚迪员工连续上7个夜班后猝死，公司关爱不该“迟到”,中国青年报：比亚迪员工连续上7个夜班后猝死，公司关爱不该“迟到”
2021-11-18,今天行情的一些看法,今天行情的一些看法
2021-11-18,比亚迪高端品牌首款车型浮出水面，从GT超跑变成MPV？,比亚迪高端品牌首款车型浮出水面，从GT超跑变成MPV？
2021-11-18,联赢激光(688518)：激光焊接领先者 受益于动力电池扩产红利,联赢激光(688518)：激光焊接领先者 受益于动力电池扩产红利
2021-11-18,竞逐“新能源汽车之都”：合肥继续“加注”，西安还有机会吗？,竞逐“新能源汽车之都”：合肥继续“加注”，西安还有机会吗？
2021-11-18,大行评级丨汇丰力捧比亚迪再涨50%！大摩唱高元宇宙概念股Roblox,大行评级丨汇丰力捧比亚迪再涨50%！大摩唱高元宇宙概念股Roblox
2021-11-18,4680、刀片、6条电池谁是颠覆者？,4680、刀片、6条电池谁是颠覆者？
2021-11-18,澎湃新闻评“比亚迪员工猝死”：“赔钱”不是终点，需彻底反思加班文化,澎湃新闻评“比亚迪员工猝死”：“赔钱”不是终点，需彻底反思加班文化
2021-11-18,格力电器(000651)：拟控股盾安环境 增强产业链实力 新能源布局更进一步,格力电器(000651)：拟控股盾安环境 增强产业链实力 新能源布局更进一步
2021-11-18,小孩子才做选择！广州车展上那些可油可电的插混「小可爱」,小孩子才做选择！广州车展上那些可油可电的插混「小可爱」
2021-11-18,格力收购盾安、海信拟购西门子交通业务，中国家电企业再掀“买买买”潮,格力收购盾安、海信拟购西门子交通业务，中国家电企业再掀“买买买”潮
2021-11-18,棋逢对手 玛奇朵DHT-PHEV正式上市,棋逢对手 玛奇朵DHT-PHEV正式上市
2021-11-18,年末密集调研，海外资管巨头盯上A股“便宜货”,年末密集调研，海外资管巨头盯上A股“便宜货”
2021-11-18,新能源又火了？1500亿龙头涨停，还有公司营收为0市值已超9000亿,新能源又火了？1500亿龙头涨停，还有公司营收为0市值已超9000亿
2021-11-18,80万豪车要来了：比亚迪公开回应换车标,80万豪车要来了：比亚迪公开回应换车标
2021-11-18,瑞鹄模具：公司与比亚迪暂未开展合作,瑞鹄模具：公司与比亚迪暂未开展合作
2021-11-18,A股融资融券日报：两融余额增加35.43亿元（11月17日）,A股融资融券日报：两融余额增加35.43亿元（11月17日）
2021-11-18,比亚迪F5正式命名驱逐舰05，全新系列“军舰”也正式开始生涯,比亚迪F5正式命名驱逐舰05，全新系列“军舰”也正式开始生涯
2021-11-18,前三季全球电动车销量超300万：比亚迪挺进前四！特斯拉占两成,前三季全球电动车销量超300万：比亚迪挺进前四！特斯拉占两成
2021-11-18,玲珑轮胎董事长王峰到访比亚迪,玲珑轮胎董事长王峰到访比亚迪
2021-11-18,安信研究|晨会在线20211118,安信研究|晨会在线20211118
2021-11-18,10万价位最值得买的纯电SUV：比亚迪元PLUS来了,10万价位最值得买的纯电SUV：比亚迪元PLUS来了
2021-11-18,2021年10月动力电池、BMS TOP10：宁德时代和比亚迪占据近3/4电池市场,2021年10月动力电池、BMS TOP10：宁德时代和比亚迪占据近3/4电池市场
2021-11-18,汇丰研究：维持比亚迪股份(01211)“买入”评级 目标价升至455港元,汇丰研究：维持比亚迪股份(01211)“买入”评级 目标价升至455港元
2021-11-18,海洋美学设计首款轿车 比亚迪全新车型将亮相：或命名驱逐舰05,海洋美学设计首款轿车 比亚迪全新车型将亮相：或命名驱逐舰05
2021-11-18,奔驰E级今年首次登上榜单之首 拿下10月销冠,奔驰E级今年首次登上榜单之首 拿下10月销冠
2021-11-18,百公里油耗低至0.45升 比亚迪唐DM-i最强对手：魏牌摩卡插混版来了,百公里油耗低至0.45升 比亚迪唐DM-i最强对手：魏牌摩卡插混版来了
2021-11-18,全球车企市值排行榜：Rivian交付仅千辆 超大众、比亚迪排全球第三,全球车企市值排行榜：Rivian交付仅千辆 超大众、比亚迪排全球第三
2021-11-18,比亚迪36岁员工猝死，西安劳动监察部门回应：已介入调查,比亚迪36岁员工猝死，西安劳动监察部门回应：已介入调查
2021-11-18,比亚迪创新的“车车互充技术”，会是未来的电动车充电形式吗？,比亚迪创新的“车车互充技术”，会是未来的电动车充电形式吗？
2021-11-18,“比亚迪员工连续值夜猝死出租屋”续：企业补偿家属20万元,“比亚迪员工连续值夜猝死出租屋”续：企业补偿家属20万元
2021-11-18,【大行观察】汇丰看好比亚迪新能源车前景 予全城最牛目标价455港元,【大行观察】汇丰看好比亚迪新能源车前景 予全城最牛目标价455港元
2021-11-19,"""燃油SUV颠覆者""2022款宋Pro DM-i11月30日开启预售","""燃油SUV颠覆者""2022款宋Pro DM-i11月30日开启预售"
2021-11-19,宝马、丰田、大众等传统车企拒签停售燃油车承诺 业务变化,宝马、丰田、大众等传统车企拒签停售燃油车承诺 业务变化
2021-11-19,比亚迪王传福：新能源车同价位已经全面超越燃油车,比亚迪王传福：新能源车同价位已经全面超越燃油车
2021-11-19,比亚迪今日大宗交易成交4.30万股，成交价296.85元溢价0.01%,比亚迪今日大宗交易成交4.30万股，成交价296.85元溢价0.01%
2021-11-19,比亚迪今日大宗交易成交8.60万股，成交价296.85元溢价0.01%,比亚迪今日大宗交易成交8.60万股，成交价296.85元溢价0.01%
2021-11-19,延安必康：目前九九久科技六氟磷酸锂实际产能已超过6400吨/年,延安必康：目前九九久科技六氟磷酸锂实际产能已超过6400吨/年
2021-11-19,一箱油跑1090km！比亚迪宋Pro DM-i亮相：价格成唯一悬念,一箱油跑1090km！比亚迪宋Pro DM-i亮相：价格成唯一悬念
2021-11-19,"比亚迪现1笔大宗交易 共成交1,276.46万元","比亚迪现1笔大宗交易 共成交1,276.46万元"
2021-11-19,比亚迪总裁王传福：中国是全球最大的市场，一定会培养出世界级的企业,比亚迪总裁王传福：中国是全球最大的市场，一定会培养出世界级的企业
2021-11-19,比亚迪总裁王传福：因为缺芯，今年全球汽车工业可能少七八百万台车,比亚迪总裁王传福：因为缺芯，今年全球汽车工业可能少七八百万台车
2021-11-19,比亚迪最新的产品及营销战略：一张海洋网，两大产品阵营,比亚迪最新的产品及营销战略：一张海洋网，两大产品阵营
2021-11-19,北向资金今日大幅净买入近83亿，再度爆买宁德时代超14亿,北向资金今日大幅净买入近83亿，再度爆买宁德时代超14亿
2021-11-19,比亚迪：拟对全资子公司“汽车工业”增资17亿美元或等值人民币,比亚迪：拟对全资子公司“汽车工业”增资17亿美元或等值人民币
2021-11-19,晚间要闻2021年11月19日星期五,晚间要闻2021年11月19日星期五
2021-11-19,比亚迪：拟对全资子公司比亚迪汽车工业有限公司增资17亿美元,比亚迪：拟对全资子公司比亚迪汽车工业有限公司增资17亿美元
2021-11-19,比亚迪：拟对全资子公司比亚迪汽车工业增资17亿美元或等值人民币,比亚迪：拟对全资子公司比亚迪汽车工业增资17亿美元或等值人民币
2021-11-19,比亚迪(002594.SZ)：拟对子公司汽车工业增资17亿美元 进一步提升其产品研发能力及运营能力,比亚迪(002594.SZ)：拟对子公司汽车工业增资17亿美元 进一步提升其产品研发能力及运营能力
2021-11-19,比亚迪拟对全资子公司汽车工业增资17亿美元或等值人民币,比亚迪拟对全资子公司汽车工业增资17亿美元或等值人民币
2021-11-19,每经20点丨教育部：高校不得以“研究生”等名义办课程进修班；比亚迪拟对全资子公司增资17亿美元；碧桂园服务获南向资金净买9亿港元,每经20点丨教育部：高校不得以“研究生”等名义办课程进修班；比亚迪拟对全资子公司增资17亿美元；碧桂园服务获南向资金净买9亿港元
2021-11-19,【晚间公告抢先看】比亚迪拟对子公司增资17亿美元、中银绒业拟20亿元投建8万吨锂电池正极材料磷酸铁锂项目,【晚间公告抢先看】比亚迪拟对子公司增资17亿美元、中银绒业拟20亿元投建8万吨锂电池正极材料磷酸铁锂项目
2021-11-19,广州车展直击|比亚迪驱逐舰05正式亮相 搭载DM-i混动技术,广州车展直击|比亚迪驱逐舰05正式亮相 搭载DM-i混动技术
2021-11-19,晚间重要公告2021年11月19日星期五,晚间重要公告2021年11月19日星期五
2021-11-19,科创板晚报| 1-10月太阳能发电装机容量同比增23.7% 容百科技与华友钴业签订战略合作协议,科创板晚报| 1-10月太阳能发电装机容量同比增23.7% 容百科技与华友钴业签订战略合作协议
2021-11-19,公告精选丨蹭华为热度？深赛格收关注函；比亚迪拟以17亿美元增资子公司 关注函,公告精选丨蹭华为热度？深赛格收关注函；比亚迪拟以17亿美元增资子公司 关注函
2021-11-19,揭开当代996用工博弈真相：“浪潮式加班”和“国美式摸鱼”，为啥会同时发生？,揭开当代996用工博弈真相：“浪潮式加班”和“国美式摸鱼”，为啥会同时发生？
2021-11-19,36岁比亚迪员工猝死在出租屋，公司仅补偿20万，评论区句句扎心,36岁比亚迪员工猝死在出租屋，公司仅补偿20万，评论区句句扎心
2021-11-19,比亚迪拟对子公司增资,比亚迪拟对子公司增资
2021-11-19,比亚迪：拟对全资子公司增资17亿美元,比亚迪：拟对全资子公司增资17亿美元
2021-11-19,比亚迪总裁王传福：经过近二十年的坚持准备 我们在今年迎来技术、产品和市场的全面爆发,比亚迪总裁王传福：经过近二十年的坚持准备 我们在今年迎来技术、产品和市场的全面爆发
2021-11-19,比亚迪总裁王传福：中国人在新生事物转换的时候，比世界上任何一个国家都来的快,比亚迪总裁王传福：中国人在新生事物转换的时候，比世界上任何一个国家都来的快
2021-11-19,新能源汽车反弹比亚迪翻红 透视8600亿“霸主”：营运效率增高,新能源汽车反弹比亚迪翻红 透视8600亿“霸主”：营运效率增高
2021-11-19,比亚迪元 Plus 发布：最大续航510公里，明年 1 月 1 日开启预售,比亚迪元 Plus 发布：最大续航510公里，明年 1 月 1 日开启预售
2021-11-19,千亿市值不是梦，Lucid上升潜力巨大,千亿市值不是梦，Lucid上升潜力巨大
2021-11-19,车门可以弹琴 比亚迪元 PLUS 首次车内体验,车门可以弹琴 比亚迪元 PLUS 首次车内体验
2021-11-19,大变动！！最新全球车企市值排行榜,大变动！！最新全球车企市值排行榜
2021-11-19,经济日报：不要贩卖燃油车禁售的焦虑,经济日报：不要贩卖燃油车禁售的焦虑
2021-11-19,动力电池，乱了,动力电池，乱了
2021-11-19,员工连续值夜班猝死 比亚迪赔20万 警方：已排除刑案,员工连续值夜班猝死 比亚迪赔20万 警方：已排除刑案
2021-11-19,港股盘前必读：中国两大电商巨头阿里、京东公布最新业绩,港股盘前必读：中国两大电商巨头阿里、京东公布最新业绩
2021-11-19,相近价格下，您会选择比亚迪还是特斯拉？,相近价格下，您会选择比亚迪还是特斯拉？
2021-11-19,杀进10月国内A级车销量前三甲！比亚迪秦PLUS有多少“杀手锏”？,杀进10月国内A级车销量前三甲！比亚迪秦PLUS有多少“杀手锏”？
2021-11-19,5.7万亿板块迎最强风口！5只低估值股业绩望爆发,5.7万亿板块迎最强风口！5只低估值股业绩望爆发
2021-11-19,新能源、环保领域碳中和动态追踪(三十七)：《锂离子电池行业规范条件》征求意见 提出电池能量密度指引,新能源、环保领域碳中和动态追踪(三十七)：《锂离子电池行业规范条件》征求意见 提出电池能量密度指引
2021-11-19,汽车行业2022年投资策略报告：供需错配待修复 属性变迁迎变局,汽车行业2022年投资策略报告：供需错配待修复 属性变迁迎变局
2021-11-19,“双碳”任务重？不如试试混动,“双碳”任务重？不如试试混动
2021-11-19,【行情】汽车整车板块持续走弱，北汽蓝谷跌超3%，江淮汽车、海马汽车、比亚迪跟跌,【行情】汽车整车板块持续走弱，北汽蓝谷跌超3%，江淮汽车、海马汽车、比亚迪跟跌
2021-11-19,为什么百度ANP上车难？,为什么百度ANP上车难？
2021-11-19,比亚迪王传福：电池走错方向可能100亿元打水漂,比亚迪王传福：电池走错方向可能100亿元打水漂
2021-11-19,比亚迪海豚王者荣耀 eStarPro 战队联名款亮相，外观炫酷,比亚迪海豚王者荣耀 eStarPro 战队联名款亮相，外观炫酷
2021-11-19,比亚迪王传福：电动车对半导体的需求较传统车增加5-10倍,比亚迪王传福：电动车对半导体的需求较传统车增加5-10倍
2021-11-19,国内最火混动？王传福：比亚迪DM-i车型订单达20万台,国内最火混动？王传福：比亚迪DM-i车型订单达20万台
2021-11-19,刀片电池续航510公里！比亚迪元Plus正式发布：内饰头次见,刀片电池续航510公里！比亚迪元Plus正式发布：内饰头次见
2021-11-19,携手《王者荣耀》冠军战队 比亚迪海豚eStarPro共创联名版亮相,携手《王者荣耀》冠军战队 比亚迪海豚eStarPro共创联名版亮相
2021-11-19,比亚迪王传福：预计到明年年底新能源车渗透率超过35%,比亚迪王传福：预计到明年年底新能源车渗透率超过35%
2021-11-19,王传福：预计明年底中国新能源车渗透率超过35%,王传福：预计明年底中国新能源车渗透率超过35%
2021-11-19,汽车行业11月投资策略：经销商库存处于低位 缺芯有望缓解,汽车行业11月投资策略：经销商库存处于低位 缺芯有望缓解
2021-11-19,比亚迪海洋网正式发布,比亚迪海洋网正式发布
2021-11-19,比亚迪DM-i军舰系列发布 首款车型驱逐舰05亮相：明年初上市,比亚迪DM-i军舰系列发布 首款车型驱逐舰05亮相：明年初上市
2021-11-19,比亚迪海洋网正式发布 首款轿车定名驱逐舰05,比亚迪海洋网正式发布 首款轿车定名驱逐舰05
2021-11-19,油耗4.9L比亚迪DM-i最强对手！长城新车开卖：电磁悬挂上车,油耗4.9L比亚迪DM-i最强对手！长城新车开卖：电磁悬挂上车
2021-11-20,首款轿车定名驱逐舰05，比亚迪海洋网正式发布 | 2021广州车展,首款轿车定名驱逐舰05，比亚迪海洋网正式发布 | 2021广州车展
2021-11-20,2万亿赛道突然爆发，第三轮上涨即将来临？,2万亿赛道突然爆发，第三轮上涨即将来临？
2021-11-20,网传比亚迪宋Pro DM-i预售价11.98万起！官方回应假的,网传比亚迪宋Pro DM-i预售价11.98万起！官方回应假的
2021-11-20,自动驾驶，一场车企们心照不宣的共谋与盛宴,自动驾驶，一场车企们心照不宣的共谋与盛宴
2021-11-20,满油满电续航1090公里 最值得购买的15万级SUV亮相广州车展,满油满电续航1090公里 最值得购买的15万级SUV亮相广州车展
2021-11-20,比亚迪海洋网正式发布：升级海洋、军舰两大产品序列，驱逐舰05首发亮相,比亚迪海洋网正式发布：升级海洋、军舰两大产品序列，驱逐舰05首发亮相
2021-11-20,2022年元旦开启预售!比亚迪元PLUS四大亮点惊艳广州车展,2022年元旦开启预售!比亚迪元PLUS四大亮点惊艳广州车展
2021-11-20,拼1000公里续航，内卷激光雷达，智能电动车大战元年将至 | 广州车展新风向,拼1000公里续航，内卷激光雷达，智能电动车大战元年将至 | 广州车展新风向
2021-11-20,比亚迪海洋系列规划曝光！登陆舰、巡洋舰等全来了,比亚迪海洋系列规划曝光！登陆舰、巡洋舰等全来了
2021-11-20,比亚迪汽车：比亚迪海洋网今日正式发布，首款轿车“驱逐舰05”亮相,比亚迪汽车：比亚迪海洋网今日正式发布，首款轿车“驱逐舰05”亮相
2021-11-20,上游抢矿、中游扩产，锂电行业未来产能会过剩吗？,上游抢矿、中游扩产，锂电行业未来产能会过剩吗？
2021-11-20,重磅信号！2万亿赛道突然爆发，发生了什么？一则会议纪要引爆，第三轮上涨即将来临？又有巨头大扩产,重磅信号！2万亿赛道突然爆发，发生了什么？一则会议纪要引爆，第三轮上涨即将来临？又有巨头大扩产
2021-11-20,比亚迪：“宋ProDM-i预售价格11.98万-14.68万”为不实消息,比亚迪：“宋ProDM-i预售价格11.98万-14.68万”为不实消息
2021-11-20,“律动空间”理念内饰设计，比亚迪元 PLUS 内饰解读,“律动空间”理念内饰设计，比亚迪元 PLUS 内饰解读
2021-11-20,比亚迪汉充电时起火燃烧？官方辟谣：被附近起火车辆引燃 安全事故,比亚迪汉充电时起火燃烧？官方辟谣：被附近起火车辆引燃 安全事故
2021-11-20,2021广州车展：比亚迪驱逐舰05首发亮相,2021广州车展：比亚迪驱逐舰05首发亮相
2021-11-20,比亚迪辟谣“汉充电时起火燃烧”：被附近车辆引燃 安全事故,比亚迪辟谣“汉充电时起火燃烧”：被附近车辆引燃 安全事故
2021-11-20,比亚迪王传福：新能源汽车未来三五年是非常好的发展机会,比亚迪王传福：新能源汽车未来三五年是非常好的发展机会
2021-11-20,上市公司正负面新闻2021年11月20日星期六,上市公司正负面新闻2021年11月20日星期六
2021-11-20,“千公里续航”新能源车型亮相,“千公里续航”新能源车型亮相
2021-11-20,小桔智能与比亚迪设立合营企业案违反反垄断法，分别被罚50万元,小桔智能与比亚迪设立合营企业案违反反垄断法，分别被罚50万元
2021-11-20,比亚迪网络举报中心：比亚迪“宋ProDM-i预售价格11.98万-14.68万”为不实消息,比亚迪网络举报中心：比亚迪“宋ProDM-i预售价格11.98万-14.68万”为不实消息
2021-11-20,双车预售时间发布，比亚迪加紧电动化“王朝”建立,双车预售时间发布，比亚迪加紧电动化“王朝”建立
2021-11-20,DM-i亏电油耗仅3.8L！消息称比亚迪驱逐舰05售价或在12-15万元,DM-i亏电油耗仅3.8L！消息称比亚迪驱逐舰05售价或在12-15万元
2021-11-20,刀片电池续航510公里：比亚迪元PLUS将于2022年1月1日开启预售,刀片电池续航510公里：比亚迪元PLUS将于2022年1月1日开启预售
2021-11-21,赴港上市仍未明确，蔚来在美融资20亿美元“补血”,赴港上市仍未明确，蔚来在美融资20亿美元“补血”
2021-11-21,A股“抢锂”大战：资源仅7%，需求占全球一半，海外拿矿国内扩产一样不能少,A股“抢锂”大战：资源仅7%，需求占全球一半，海外拿矿国内扩产一样不能少
2021-11-21,【天风汽车】北汽蓝谷：ARCFOX极狐——华为Inside赋能,【天风汽车】北汽蓝谷：ARCFOX极狐——华为Inside赋能
2021-11-21,从三强到多强，自主格局在追赶中重构,从三强到多强，自主格局在追赶中重构
2021-11-21,长城轿车卖 40 多万，9 万元新车动力超思域，这批重磅新车别错过！,长城轿车卖 40 多万，9 万元新车动力超思域，这批重磅新车别错过！
2021-11-21,广州车展：比亚迪驱逐舰 05、长安 UNI-V 这么强、领克 03 还值得关注？,广州车展：比亚迪驱逐舰 05、长安 UNI-V 这么强、领克 03 还值得关注？
2021-11-21,2021年中国新能源汽车产业链现状及市场竞争格局分析 政策推动下本土企业积极布局,2021年中国新能源汽车产业链现状及市场竞争格局分析 政策推动下本土企业积极布局
2021-11-21,碳中和行业(电新+环保)周报：美国新能源车刺激政策有望出台 10月新增光伏装机环比增速转正,碳中和行业(电新+环保)周报：美国新能源车刺激政策有望出台 10月新增光伏装机环比增速转正
2021-11-21,比亚迪推插混车原因透露！王传福：中国六成家庭还没车,比亚迪推插混车原因透露！王传福：中国六成家庭还没车
2021-11-21,追赶比亚迪 长城推出第二代“短刀片”电池！,追赶比亚迪 长城推出第二代“短刀片”电池！
2021-11-21,陆家嘴财经早餐2021年11月21日星期日,陆家嘴财经早餐2021年11月21日星期日
2021-11-22,电力设备与新能源行业周报：22 年底新能源车渗透率或超35% 光伏组件出口高增,电力设备与新能源行业周报：22 年底新能源车渗透率或超35% 光伏组件出口高增
2021-11-22,ST板块再遭“寒流”，如何防范风险？,ST板块再遭“寒流”，如何防范风险？
2021-11-22,比亚迪将推高端越野车型 售价50-90万,比亚迪将推高端越野车型 售价50-90万
2021-11-22,宁德时代跃居A股市值第二，新能源成大市值公司进阶秘籍,宁德时代跃居A股市值第二，新能源成大市值公司进阶秘籍
2021-11-22,四方股份：公司与宁德时代、比亚迪等公司暂未有合作,四方股份：公司与宁德时代、比亚迪等公司暂未有合作
2021-11-22,比亚迪再砸百亿：将抓住新能源汽车行业爆发机遇 加速替代燃油车,比亚迪再砸百亿：将抓住新能源汽车行业爆发机遇 加速替代燃油车
2021-11-22,10月城市终端销量榜：宋PLUS DM-i开始攻陷各大城市,10月城市终端销量榜：宋PLUS DM-i开始攻陷各大城市
2021-11-22,港股异动 | 比亚迪股份午后涨超5% 大和看好其新能源汽车及外部电池出货量 上调目标价13.9%,港股异动 | 比亚迪股份午后涨超5% 大和看好其新能源汽车及外部电池出货量 上调目标价13.9%
2021-11-22,港股异动 | 郑煤机(00564)拉涨近15% 打入小鹏、比亚迪等供应链，新能源业务已实现创收,港股异动 | 郑煤机(00564)拉涨近15% 打入小鹏、比亚迪等供应链，新能源业务已实现创收
2021-11-22,比亚迪涨近5%，成交额超80亿元,比亚迪涨近5%，成交额超80亿元
2021-11-22,A股资金流向：赛道股爆发重回主线，风格切换苗头显露,A股资金流向：赛道股爆发重回主线，风格切换苗头显露
2021-11-22,北向资金今日净买入14.35亿元，宁德时代再获大幅净买入近17亿,北向资金今日净买入14.35亿元，宁德时代再获大幅净买入近17亿
2021-11-22,广州车展|比亚迪两款“王朝”车型上新 元PLUS能否挑起元系列大梁？,广州车展|比亚迪两款“王朝”车型上新 元PLUS能否挑起元系列大梁？
2021-11-22,东风“告别”悦达起亚，合资汽车为什么跑不动了？,东风“告别”悦达起亚，合资汽车为什么跑不动了？
2021-11-22,眺望“锂电隔膜”|扩产浪潮催化，谁将续写新章,眺望“锂电隔膜”|扩产浪潮催化，谁将续写新章
2021-11-22,比亚迪再砸百亿！实现向智能汽车的飞跃,比亚迪再砸百亿！实现向智能汽车的飞跃
2021-11-22,TOP20股票成交额超1220亿元：比亚迪主力流入净额超16亿,TOP20股票成交额超1220亿元：比亚迪主力流入净额超16亿
2021-11-22,金融街下午茶2021年11月22日星期一,金融街下午茶2021年11月22日星期一
2021-11-22,OFweek新能源汽车网,OFweek新能源汽车网
2021-11-22,辅助生殖站上风口，底部放量的低估值股来了,辅助生殖站上风口，底部放量的低估值股来了
2021-11-22,港股热股追踪｜第三次锂价涨价已启动？比亚迪、赣锋锂业涨超5%,港股热股追踪｜第三次锂价涨价已启动？比亚迪、赣锋锂业涨超5%
2021-11-22,天风汽车【日报】美国《重建美好未来法案》获众议院通过；广汽埃安全球首发车云一体化集中计算电子电气架构；比亚迪海洋网正式发布,天风汽车【日报】美国《重建美好未来法案》获众议院通过；广汽埃安全球首发车云一体化集中计算电子电气架构；比亚迪海洋网正式发布
2021-11-22,晚间重要公告2021年11月22日星期一,晚间重要公告2021年11月22日星期一
2021-11-22,e平台3.0首款A级潮跑SUV，比亚迪元PLUS 2022年元旦开启预售！,e平台3.0首款A级潮跑SUV，比亚迪元PLUS 2022年元旦开启预售！
2021-11-22,北上资金今日净买入宁德时代16.85亿元、赣锋锂业5.31亿元，净卖出亿纬锂能4.03亿元、比亚迪3.40亿元。,北上资金今日净买入宁德时代16.85亿元、赣锋锂业5.31亿元，净卖出亿纬锂能4.03亿元、比亚迪3.40亿元。
2021-11-22,全球车企市值排名重新洗牌，比亚迪超越大众位列第三,全球车企市值排名重新洗牌，比亚迪超越大众位列第三
2021-11-22,智通每日大行研报丨长城汽车(02333)获中金看高至45港元 野村维持京东(09618)“买入”评级,智通每日大行研报丨长城汽车(02333)获中金看高至45港元 野村维持京东(09618)“买入”评级
2021-11-22,比亚迪AH股均逆势走强 拟对子公司汽车工业增资17亿美元,比亚迪AH股均逆势走强 拟对子公司汽车工业增资17亿美元
2021-11-22,行业景气度提升，机构关注盐湖提锂概念股,行业景气度提升，机构关注盐湖提锂概念股
2021-11-22,锂矿争夺战正酣，第三次锂涨价已启动！锂资源概念名单出炉，机构称业绩增长确定性高，5股上涨空间逾50%（附股）,锂矿争夺战正酣，第三次锂涨价已启动！锂资源概念名单出炉，机构称业绩增长确定性高，5股上涨空间逾50%（附股）
2021-11-22,第三次锂涨价已启动！5股上涨空间逾50%,第三次锂涨价已启动！5股上涨空间逾50%
2021-11-22,港股盘前必读：恒大汽车宣布进行新一轮9亿股股票配售集资总额约27亿港元,港股盘前必读：恒大汽车宣布进行新一轮9亿股股票配售集资总额约27亿港元
2021-11-22,每日财报|齐翔腾达董事长拟大手笔增持 比亚迪17亿美元增资子公司,每日财报|齐翔腾达董事长拟大手笔增持 比亚迪17亿美元增资子公司
2021-11-22,【汽车】比亚迪签署零排放协议，2040年前停售燃油车——新能源汽车行业周报——看好,【汽车】比亚迪签署零排放协议，2040年前停售燃油车——新能源汽车行业周报——看好
2021-11-22,A股融资融券日报：两融余额减少11.76亿元（11月19日）,A股融资融券日报：两融余额减少11.76亿元（11月19日）
2021-11-22,比亚迪“三大新车”亮相：DM-i价格继续下探，还有全新的电动SUV,比亚迪“三大新车”亮相：DM-i价格继续下探，还有全新的电动SUV
2021-11-22,即将问世的比亚迪元PLUS，在车内装了一个“健身房”？,即将问世的比亚迪元PLUS，在车内装了一个“健身房”？
2021-11-22,比亚迪拟对全资子公司增资17亿美元，业务发展再上一台阶！,比亚迪拟对全资子公司增资17亿美元，业务发展再上一台阶！
2021-11-22,中信建投汽车2022年投资策略报告：供需错配待修复，属性变迁迎变局,中信建投汽车2022年投资策略报告：供需错配待修复，属性变迁迎变局
2021-11-22,两家车企被罚 市场监管总局发布公告,两家车企被罚 市场监管总局发布公告
2021-11-22,比亚迪于贵阳成立新公司，经营范围含保险经纪业务等,比亚迪于贵阳成立新公司，经营范围含保险经纪业务等
2021-11-22,长城汽车涨近9%比亚迪涨超3% 电动智能化大趋势持续加速,长城汽车涨近9%比亚迪涨超3% 电动智能化大趋势持续加速
2021-11-22,中信：汽车智能电动趋势持续加速，把握3条主线,中信：汽车智能电动趋势持续加速，把握3条主线
2021-11-22,燃油车真要被淘汰了？西安将实现全面电动化,燃油车真要被淘汰了？西安将实现全面电动化
2021-11-22,万亿“宁王”广交造车新势力,万亿“宁王”广交造车新势力
2021-11-22,汽车行业周报：广州车展：电动智能加速 自主品牌向上,汽车行业周报：广州车展：电动智能加速 自主品牌向上
2021-11-22,重庆10月乘用车销量达3.25万辆，自主品牌占“半壁江山”,重庆10月乘用车销量达3.25万辆，自主品牌占“半壁江山”
2021-11-22,特斯拉、宁德时代与Rivian，如何让赌性变成勇气？,特斯拉、宁德时代与Rivian，如何让赌性变成勇气？
2021-11-22,安信国际晨报：广州车展受关注，头部车企持续热捧,安信国际晨报：广州车展受关注，头部车企持续热捧
2021-11-22,大和：重申比亚迪股份(01211)“买入”评级 目标价升13.9%至435港元,大和：重申比亚迪股份(01211)“买入”评级 目标价升13.9%至435港元
2021-11-22,大和：上调比亚迪(1211.HK)明后两年每股盈利预期 目标价升至435港元,大和：上调比亚迪(1211.HK)明后两年每股盈利预期 目标价升至435港元
2021-11-22,汽车行业周报：重视自主零部件崛起的机会,汽车行业周报：重视自主零部件崛起的机会
2021-11-22,这 SUV 除了名字哪哪都变了！加长 / 溜背 内饰直接变健身房！,这 SUV 除了名字哪哪都变了！加长 / 溜背 内饰直接变健身房！
2021-11-22,大和：重申比亚迪“买入”评级，目标价升至435港元,大和：重申比亚迪“买入”评级，目标价升至435港元
2021-11-23,10 月新能源汽车配套驱动电机装机量增长 117.9%，比亚迪遥遥领先,10 月新能源汽车配套驱动电机装机量增长 117.9%，比亚迪遥遥领先
2021-11-23,比亚迪秦Pro在地下车库爆炸 官方回应：内部正在调查 安全事故,比亚迪秦Pro在地下车库爆炸 官方回应：内部正在调查 安全事故
2021-11-23,电动车2021年三季报总结：行业景气度持续 电池盈利超市场预期 涨价环节弹性较大,电动车2021年三季报总结：行业景气度持续 电池盈利超市场预期 涨价环节弹性较大
2021-11-23,星源材质(300568)深度：剑指湿法市场 干法龙头再出发,星源材质(300568)深度：剑指湿法市场 干法龙头再出发
2021-11-23,比亚迪秦Pro EV地下车库突发起火 官方：事故原因调查中 安全事故,比亚迪秦Pro EV地下车库突发起火 官方：事故原因调查中 安全事故
2021-11-23,【港股通】比亚迪(01211)关联公司投资成立新公司 经营范围含集成电路设计等,【港股通】比亚迪(01211)关联公司投资成立新公司 经营范围含集成电路设计等
2021-11-23,里程虚标，欧拉技术被质疑，长城汽车新能源能否迎来春暖花开？,里程虚标，欧拉技术被质疑，长城汽车新能源能否迎来春暖花开？
2021-11-23,三电技术助力，比亚迪电动大巴市场占有率欧洲第一,三电技术助力，比亚迪电动大巴市场占有率欧洲第一
2021-11-23,乘联会：整车上市公司前三季度营收净利各有千秋,乘联会：整车上市公司前三季度营收净利各有千秋
2021-11-23,10月电机榜：宁波双林跻身前三 小康动力首上榜,10月电机榜：宁波双林跻身前三 小康动力首上榜
2021-11-23,比亚迪回应车辆地库爆炸：火情及时扑灭，未发生爆炸，无人员伤亡 安全事故,比亚迪回应车辆地库爆炸：火情及时扑灭，未发生爆炸，无人员伤亡 安全事故
2021-11-23,他是「中国最隐形富豪」、「中国的巴菲特」，靠投资赚得千亿身家，却鲜有人知,他是「中国最隐形富豪」、「中国的巴菲特」，靠投资赚得千亿身家，却鲜有人知
2021-11-23,乘联会：17家重点车企前三季度利润增长1.8%，3家亏损,乘联会：17家重点车企前三季度利润增长1.8%，3家亏损
2021-11-23,三丰智能：与比亚迪签订日常经营合同,三丰智能：与比亚迪签订日常经营合同
2021-11-23,三元前驱体，千亿赛道有谁知道？,三元前驱体，千亿赛道有谁知道？
2021-11-23,三丰智能(300276.SZ)与比亚迪签订1.77亿元“新能源车总装线”相关合同,三丰智能(300276.SZ)与比亚迪签订1.77亿元“新能源车总装线”相关合同
2021-11-23,比亚迪未来或将推出独立的新品牌，该品牌会推出高端越野车型,比亚迪未来或将推出独立的新品牌，该品牌会推出高端越野车型
2021-11-23,北向资金连续3日加仓累计扫货近150亿，宁德时代11月累计净买入超百亿,北向资金连续3日加仓累计扫货近150亿，宁德时代11月累计净买入超百亿
2021-11-23,三丰智能：与比亚迪签署1.77亿新能源车总装线项目合同,三丰智能：与比亚迪签署1.77亿新能源车总装线项目合同
2021-11-23,四川路桥：公司具有清晰合理的经营计划、投资方向,四川路桥：公司具有清晰合理的经营计划、投资方向
2021-11-23,深度！2021年中国新能源汽车行业竞争格局及市场份额分析 比亚迪发展成为行业龙头,深度！2021年中国新能源汽车行业竞争格局及市场份额分析 比亚迪发展成为行业龙头
2021-11-23,这家公司被宁德时代、比亚迪突击入股 信息披露遮遮掩掩 关联交易价格低于市价,这家公司被宁德时代、比亚迪突击入股 信息披露遮遮掩掩 关联交易价格低于市价
2021-11-23,三丰智能：与比亚迪签订新能源车总装线项目合同,三丰智能：与比亚迪签订新能源车总装线项目合同
2021-11-23,数据解放生产力——琰究汽车数据系列（2021年10月）【华西汽车 崔琰团队】,数据解放生产力——琰究汽车数据系列（2021年10月）【华西汽车 崔琰团队】
2021-11-23,为什么新能源车冬季充电慢、充电电量不准？比亚迪科普,为什么新能源车冬季充电慢、充电电量不准？比亚迪科普
2021-11-23,晚间重要公告2021年11月23日星期二,晚间重要公告2021年11月23日星期二
2021-11-23,秦pro EV地库爆炸，比亚迪回应：正在调查中 安全事故,秦pro EV地库爆炸，比亚迪回应：正在调查中 安全事故
2021-11-23,吉利汽车的阵痛,吉利汽车的阵痛
2021-11-23,比亚迪(002594)：三款新车发布 DMI再添猛将,比亚迪(002594)：三款新车发布 DMI再添猛将
2021-11-23,三丰智能：与比亚迪签订1.77亿元经营合同,三丰智能：与比亚迪签订1.77亿元经营合同
2021-11-23,盐湖股份：盐湖比亚迪3万吨电池级碳酸锂项目相关工艺技术正在进行中试,盐湖股份：盐湖比亚迪3万吨电池级碳酸锂项目相关工艺技术正在进行中试
2021-11-23,十家车企上半年财报：上汽集团净利润最高，比亚迪研发投入超44亿元！,十家车企上半年财报：上汽集团净利润最高，比亚迪研发投入超44亿元！
2021-11-23,比亚迪关联公司投资成立新公司，经营范围含集成电路设计等,比亚迪关联公司投资成立新公司，经营范围含集成电路设计等
2021-11-23,这些代表未来趋势，2021 广州车展十佳 BEV,这些代表未来趋势，2021 广州车展十佳 BEV
2021-11-23,和讯SGI公司|杭可科技SGI指数最新评分78分，新能源汽车发展助力公司腾飞，存货比例高成隐患,和讯SGI公司|杭可科技SGI指数最新评分78分，新能源汽车发展助力公司腾飞，存货比例高成隐患
2021-11-23,多氟多一周签订40亿销售长单 受益产品涨价前三季净利增53倍,多氟多一周签订40亿销售长单 受益产品涨价前三季净利增53倍
2021-11-23,你舍不得的燃油车，最终出路在这里,你舍不得的燃油车，最终出路在这里
2021-11-23,6万亿赛道突然狂飙！英美又出新能源刺激政策,6万亿赛道突然狂飙！英美又出新能源刺激政策
2021-11-23,恩捷股份(002812)：拟定增128亿扩建锂电隔膜及铝塑膜 巩固锂电隔膜龙头地位,恩捷股份(002812)：拟定增128亿扩建锂电隔膜及铝塑膜 巩固锂电隔膜龙头地位
2021-11-23,每日理财观察：央行按兵不动！LPR连续19个月维持不变,每日理财观察：央行按兵不动！LPR连续19个月维持不变
2021-11-23,A股早报2021年11月23日星期二,A股早报2021年11月23日星期二
2021-11-23,北向资金动向盘点：同时净买电新、食品饮料,北向资金动向盘点：同时净买电新、食品饮料
2021-11-23,汽车：11月前两周累计批发环比+15% 看好自主崛起,汽车：11月前两周累计批发环比+15% 看好自主崛起
2021-11-23,A股融资融券日报：两融余额增加111.29亿元（11月22日）,A股融资融券日报：两融余额增加111.29亿元（11月22日）
2021-11-23,北向资金减持钢铁、银行板块，买入电子元件！新能源汽车产业链发力，这些个股受青睐（名单） 减持股份,北向资金减持钢铁、银行板块，买入电子元件！新能源汽车产业链发力，这些个股受青睐（名单） 减持股份
2021-11-23,德国最大公共交通运营商迎全新比亚迪纯电动巴士车队,德国最大公共交通运营商迎全新比亚迪纯电动巴士车队
2021-11-23,24股遭北向资金减持超亿元 减持股份,24股遭北向资金减持超亿元 减持股份
2021-11-23,比亚迪首款高端品牌车型要来了，全面硬刚特斯拉！,比亚迪首款高端品牌车型要来了，全面硬刚特斯拉！
2021-11-23,电动车噩梦来了？锂今年已涨 230%，年底还会涨 50%！全球正疯狂抢货,电动车噩梦来了？锂今年已涨 230%，年底还会涨 50%！全球正疯狂抢货
2021-11-23,企查查显示比亚迪工业注册资本增加至37.58亿美元,企查查显示比亚迪工业注册资本增加至37.58亿美元
2021-11-23,长城、长安和比亚迪，三大国产“高端品牌”谁最懂国人？,长城、长安和比亚迪，三大国产“高端品牌”谁最懂国人？
2021-11-23,首款轿车定名驱逐舰05！一图看懂比亚迪海洋网,首款轿车定名驱逐舰05！一图看懂比亚迪海洋网
2021-11-23,融资客单日加仓超百亿，买了什么？,融资客单日加仓超百亿，买了什么？
2021-11-23,格力双休上热搜，制造企业比互联网大厂更 996？,格力双休上热搜，制造企业比互联网大厂更 996？
2021-11-23,化工行业周报：农药价格部分回归理性 多氟多与比亚迪签订战略协议,化工行业周报：农药价格部分回归理性 多氟多与比亚迪签订战略协议
2021-11-23,比亚迪汽车工业注册资本增至37.58亿美元 加大新能源汽车业务布局,比亚迪汽车工业注册资本增至37.58亿美元 加大新能源汽车业务布局
2021-11-23,盾安环境：国内新能源汽车具备广阔的市场前景,盾安环境：国内新能源汽车具备广阔的市场前景
2021-11-23,吉利、比亚迪违反反垄断法 双双被顶格罚款50万元,吉利、比亚迪违反反垄断法 双双被顶格罚款50万元
2021-11-23,汽车行业投资策略：从稀缺性角度把握本轮汽车向上三大周期,汽车行业投资策略：从稀缺性角度把握本轮汽车向上三大周期
2021-11-23,恩捷股份(002812)：龙头再扩产隔膜+铝塑膜 树立产能壁垒,恩捷股份(002812)：龙头再扩产隔膜+铝塑膜 树立产能壁垒
2021-11-23,汽车行业周报：本土汽车连接器企业与中国电动智能车产业共成长,汽车行业周报：本土汽车连接器企业与中国电动智能车产业共成长
2021-11-23,深度*行业*机械设备行业周报：“十四五”风电装机预期显著上提 风电零部件及主机龙头持续受益,深度*行业*机械设备行业周报：“十四五”风电装机预期显著上提 风电零部件及主机龙头持续受益
2021-11-23,心水比亚迪 德国最大巴士运营商首次采购5台纯电大巴,心水比亚迪 德国最大巴士运营商首次采购5台纯电大巴
2021-11-23,比亚迪：“18亚迪绿色债01”票面利率调整及投资者回售选择权行使,比亚迪：“18亚迪绿色债01”票面利率调整及投资者回售选择权行使
2021-11-24,A股资金流向：白酒承接新能源溢出资金，题材股炒作再升温,A股资金流向：白酒承接新能源溢出资金，题材股炒作再升温
2021-11-24,新能源e周报丨广州车展电动车数量增七成 个股却现分化趋势 机构预判：今年我国电动车市仍呈“哑铃”形,新能源e周报丨广州车展电动车数量增七成 个股却现分化趋势 机构预判：今年我国电动车市仍呈“哑铃”形
2021-11-24,在全球“缺芯”下，中国企业能否“补位”，成为芯片领域的“华为”或“宁德时代”？,在全球“缺芯”下，中国企业能否“补位”，成为芯片领域的“华为”或“宁德时代”？
2021-11-24,网传比亚迪秦Pro车库起火，官方回应：将配合相关部门进一步调查 安全事故,网传比亚迪秦Pro车库起火，官方回应：将配合相关部门进一步调查 安全事故
2021-11-24,诺德股份：公司具备批量生产锂电铜箔的能力,诺德股份：公司具备批量生产锂电铜箔的能力
2021-11-24,比亚迪海豚潜力大，高合 HiPhi X 已站稳？10 月新能源车销量分析,比亚迪海豚潜力大，高合 HiPhi X 已站稳？10 月新能源车销量分析
2021-11-24,金九银十，比亚迪领跑新能源车市大盘，撑起民族品牌一片天！,金九银十，比亚迪领跑新能源车市大盘，撑起民族品牌一片天！
2021-11-24,六大车企承诺2040年前停售燃油车 业务变化,六大车企承诺2040年前停售燃油车 业务变化
2021-11-24,采用全新前脸设计 比亚迪新款唐 EV 实车曝光,采用全新前脸设计 比亚迪新款唐 EV 实车曝光
2021-11-24,搜狐汽车全球快讯 | 比亚迪回应秦Pro EV地库起火：没有人员伤亡 将进一步调查 安全事故,搜狐汽车全球快讯 | 比亚迪回应秦Pro EV地库起火：没有人员伤亡 将进一步调查 安全事故
2021-11-24,电动车自燃事发当时，车主发现异常及时逃离,电动车自燃事发当时，车主发现异常及时逃离
2021-11-24,比亚迪陷“爆炸门”，高瓴、冲刺A股的充电桩公司也卷入其中 安全事故,比亚迪陷“爆炸门”，高瓴、冲刺A股的充电桩公司也卷入其中 安全事故
2021-11-24,比亚迪完善电动化布局，王朝车系再添“新丁”「聚焦广州车展」,比亚迪完善电动化布局，王朝车系再添“新丁”「聚焦广州车展」
2021-11-24,星源材质：公司是比亚迪“刀片”电池隔膜的主要供应商,星源材质：公司是比亚迪“刀片”电池隔膜的主要供应商
2021-11-24,北向资金连续4日净买入累计加仓超170亿，批量扫货白酒股,北向资金连续4日净买入累计加仓超170亿，批量扫货白酒股
2021-11-24,创益通：公司目前与宁德时代没有业务往来；与比亚迪有一定的业务往来，交易金额较小,创益通：公司目前与宁德时代没有业务往来；与比亚迪有一定的业务往来，交易金额较小
2021-11-24,福达股份：基础工业的黄金配套企业,福达股份：基础工业的黄金配套企业
2021-11-24,全面电动化趋势下，“集成化”才是未来！,全面电动化趋势下，“集成化”才是未来！
2021-11-24,结构化行情松动？底部小票开始迎接“20CM盛宴”,结构化行情松动？底部小票开始迎接“20CM盛宴”
2021-11-24,比亚迪电动汽车地库起火引关注 星星充电回应：车辆旁的充电桩并非起火点 安全事故,比亚迪电动汽车地库起火引关注 星星充电回应：车辆旁的充电桩并非起火点 安全事故
2021-11-24,豪美新材(002988)：铝材龙头转型升级 聚焦系统门窗和汽车轻量化,豪美新材(002988)：铝材龙头转型升级 聚焦系统门窗和汽车轻量化
2021-11-24,比亚迪车“地库爆炸事件”：新能源车还安全吗？ 安全事故,比亚迪车“地库爆炸事件”：新能源车还安全吗？ 安全事故
2021-11-24,谢治宇、乔迁、王崇翻红，还有几位越亏越多,谢治宇、乔迁、王崇翻红，还有几位越亏越多
2021-11-24,【华创汽车·专题】800V架构渐近，引领电动产业链革新,【华创汽车·专题】800V架构渐近，引领电动产业链革新
2021-11-24,对赌屡次爽约，比亚迪供应商百康光学，变身汽车行业“气氛组”？ 承诺失信,对赌屡次爽约，比亚迪供应商百康光学，变身汽车行业“气氛组”？ 承诺失信
2021-11-24,银邦股份：公司是宁德时代及长城汽车、特斯拉、大众、比亚迪等汽配商的供应商,银邦股份：公司是宁德时代及长城汽车、特斯拉、大众、比亚迪等汽配商的供应商
2021-11-24,比亚迪汽车回应车辆地库“爆炸”：具体原因正在调查 安全事故,比亚迪汽车回应车辆地库“爆炸”：具体原因正在调查 安全事故
2021-11-24,北京突传比亚迪“爆炸”，比亚迪回应：正在调查 安全事故,北京突传比亚迪“爆炸”，比亚迪回应：正在调查 安全事故
2021-11-24,"突发！北京突传比亚迪""爆炸""，车主抱娃逃生，公司最新回应！一场电话会万人参加，大火赛道太拥挤？","突发！北京突传比亚迪""爆炸""，车主抱娃逃生，公司最新回应！一场电话会万人参加，大火赛道太拥挤？"
2021-11-24,太吓人！北京一辆比亚迪突然起火，发生了什么？紧急回应 安全事故,太吓人！北京一辆比亚迪突然起火，发生了什么？紧急回应 安全事故
2021-11-24,赛轮轮胎：公司已与奇瑞、北汽、合众等新能源车企的部分车型进行合作,赛轮轮胎：公司已与奇瑞、北汽、合众等新能源车企的部分车型进行合作
2021-11-24,深圳大厂福利鄙视链：腾讯最高 22 薪，华为 20 万股票起步,深圳大厂福利鄙视链：腾讯最高 22 薪，华为 20 万股票起步
2021-11-24,密集调研精挑细选，基金“备货”有的放矢,密集调研精挑细选，基金“备货”有的放矢
2021-11-24,比亚迪深度研究 | 中信建投汽车,比亚迪深度研究 | 中信建投汽车
2021-11-24,广州车展哪些新车值得看值得买？（3）,广州车展哪些新车值得看值得买？（3）
2021-11-24,2度延期回复问询函 四川路桥借比亚迪等巨头跨行锂电是否靠谱？ 问询,2度延期回复问询函 四川路桥借比亚迪等巨头跨行锂电是否靠谱？ 问询
2021-11-24,复制刘格菘、赵诣传奇？今年两只“翻倍基”被他包揽,复制刘格菘、赵诣传奇？今年两只“翻倍基”被他包揽
2021-11-24,国星光电：公司白光器件产品及Chip器件产品可应用于汽车照明领域,国星光电：公司白光器件产品及Chip器件产品可应用于汽车照明领域
2021-11-24,90万！比亚迪高端品牌真来了,90万！比亚迪高端品牌真来了
2021-11-24,比亚迪宋 Pro DM-i 最新消息 11 月 30 日开启预售,比亚迪宋 Pro DM-i 最新消息 11 月 30 日开启预售
2021-11-24,国产轿车都这么强了，为什么还跪着？,国产轿车都这么强了，为什么还跪着？
2021-11-24,李书福的电动车能跑起来么？,李书福的电动车能跑起来么？
2021-11-24,“海洋生物+军舰” 比亚迪“海洋网”全面升级而来,“海洋生物+军舰” 比亚迪“海洋网”全面升级而来
2021-11-24,震惊！北京一辆比亚迪突然“爆炸”？车主抱孩子逃生，公司紧急回应,震惊！北京一辆比亚迪突然“爆炸”？车主抱孩子逃生，公司紧急回应
2021-11-24,比亚迪回应新能源车地库“起火”：将配合相关部门进一步调查 安全事故,比亚迪回应新能源车地库“起火”：将配合相关部门进一步调查 安全事故
2021-11-24,A股异动 | 三丰智能(300276.SZ)涨超6% 与比亚迪签订1.77亿元合同,A股异动 | 三丰智能(300276.SZ)涨超6% 与比亚迪签订1.77亿元合同
2021-11-24,比亚迪将推出高端品牌 内部代号“R”,比亚迪将推出高端品牌 内部代号“R”
2021-11-24,北京一辆比亚迪突然起火公司紧急回应，企查查显示比亚迪有多项电池专利 安全事故,北京一辆比亚迪突然起火公司紧急回应，企查查显示比亚迪有多项电池专利 安全事故
2021-11-24,北京突传比亚迪“爆炸”，公司最新回应 安全事故,北京突传比亚迪“爆炸”，公司最新回应 安全事故
2021-11-24,700公里续航史上最长！比亚迪“王朝”旗舰SUV大变样,700公里续航史上最长！比亚迪“王朝”旗舰SUV大变样
2021-11-24,北京一辆比亚迪秦Pro地下车库起火，官方紧急回应 安全事故,北京一辆比亚迪秦Pro地下车库起火，官方紧急回应 安全事故
2021-11-24,网传比亚迪车中关村地库“爆炸”，已不是比亚迪电动车第一次发生起火事故，比亚迪最新回应 安全事故,网传比亚迪车中关村地库“爆炸”，已不是比亚迪电动车第一次发生起火事故，比亚迪最新回应 安全事故
2021-11-24,创益通：公司在惠州建设生产基地的主要目的是扩大公司生产经营规模，解决公司的产能瓶颈,创益通：公司在惠州建设生产基地的主要目的是扩大公司生产经营规模，解决公司的产能瓶颈
2021-11-24,正强股份：十四五对外贸易规划对公司有促进作用,正强股份：十四五对外贸易规划对公司有促进作用
2021-11-25,比亚迪智能手表下月发布：完美替代原车钥匙,比亚迪智能手表下月发布：完美替代原车钥匙
2021-11-25,新能源汽车市场已成燎原之势，新势力和中国品牌在“涨”声中优势尽显！,新能源汽车市场已成燎原之势，新势力和中国品牌在“涨”声中优势尽显！
2021-11-25,比亚迪智能手表曝光：支持智能点火、遥控启动等功能,比亚迪智能手表曝光：支持智能点火、遥控启动等功能
2021-11-25,三花智控公开唱衰格力切入新能源车赛道 车企客户覆盖全球毛利率27%远超盾安环境,三花智控公开唱衰格力切入新能源车赛道 车企客户覆盖全球毛利率27%远超盾安环境
2021-11-25,2021年10月国内动力电池产量点评：产装继续维持高景气 三元装机有所回暖,2021年10月国内动力电池产量点评：产装继续维持高景气 三元装机有所回暖
2021-11-25,A股资金流向：题材股退潮，资金再度开启高切低模式,A股资金流向：题材股退潮，资金再度开启高切低模式
2021-11-25,比亚迪1211｜与北欧最大公交运营商签订电动巴士订单 | 头条金融网,比亚迪1211｜与北欧最大公交运营商签订电动巴士订单 | 头条金融网
2021-11-25,秋田微：交付至比亚迪的车载显示屏主要应用于比亚迪元、唐、宋MAX及秦等车型,秋田微：交付至比亚迪的车载显示屏主要应用于比亚迪元、唐、宋MAX及秦等车型
2021-11-25,插混十年前画下的饼，终于兑现了,插混十年前画下的饼，终于兑现了
2021-11-25,募资超7000亿！A股迎定增大年，热门赛道引隐忧？,募资超7000亿！A股迎定增大年，热门赛道引隐忧？
2021-11-25,金融街下午茶2021年11月25日星期四,金融街下午茶2021年11月25日星期四
2021-11-25,2021年动力电池回收行业研究报告,2021年动力电池回收行业研究报告
2021-11-25,磷酸铁锂大转向，电池厂商的下半场,磷酸铁锂大转向，电池厂商的下半场
2021-11-25,和比亚迪合作的产品主要是哪一块？合力泰：主要是汽车电子产品,和比亚迪合作的产品主要是哪一块？合力泰：主要是汽车电子产品
2021-11-25,产品供货哪个新能源车厂家？合力泰：比亚迪等厂商,产品供货哪个新能源车厂家？合力泰：比亚迪等厂商
2021-11-25,东吴策略·行业风火轮：行业抄北上 个股抄QFII,东吴策略·行业风火轮：行业抄北上 个股抄QFII
2021-11-25,比亚迪签下芬兰70台纯电动巴士订单,比亚迪签下芬兰70台纯电动巴士订单
2021-11-25,比亚迪：股东吕向阳质押20万股公司A股股份,比亚迪：股东吕向阳质押20万股公司A股股份
2021-11-25,比亚迪(002594)：从纯电平台变迁看比亚迪竞争力,比亚迪(002594)：从纯电平台变迁看比亚迪竞争力
2021-11-25,新能源汽车行业：小鹏首登新势力销冠 铁锂装机连续四月超三元,新能源汽车行业：小鹏首登新势力销冠 铁锂装机连续四月超三元
2021-11-25,安利股份(300218)深度报告：产品升级正当时 高端材料迎来收获期,安利股份(300218)深度报告：产品升级正当时 高端材料迎来收获期
2021-11-25,锂电池上游有多火爆，这两家上市公司签约规模明年将扩大10倍,锂电池上游有多火爆，这两家上市公司签约规模明年将扩大10倍
2021-11-25,广东区域股市周报：板块总市值涨318亿 金银河涨53.38%涨幅第一,广东区域股市周报：板块总市值涨318亿 金银河涨53.38%涨幅第一
2021-11-25,锂电材料龙头募资55亿扩产！,锂电材料龙头募资55亿扩产！
2021-11-25,快讯 | 星星充电回应北京比亚迪起火事件：初步判断车辆自燃在充电结束后 安全事故,快讯 | 星星充电回应北京比亚迪起火事件：初步判断车辆自燃在充电结束后 安全事故
2021-11-25,比亚迪迎来回头客 北欧最大公交公司今年再签70台纯电大巴订单,比亚迪迎来回头客 北欧最大公交公司今年再签70台纯电大巴订单
2021-11-25,从宝马的精密机械转向比亚迪的高档电子的变革中，汽车电子再现涨停！,从宝马的精密机械转向比亚迪的高档电子的变革中，汽车电子再现涨停！
2021-11-25,比亚迪回应起火车辆系2019年销售 业内称续航飙升激化安全与里程矛盾 安全事故,比亚迪回应起火车辆系2019年销售 业内称续航飙升激化安全与里程矛盾 安全事故
2021-11-25,结构化行情松动？国际投行喊话2022年超配A股,结构化行情松动？国际投行喊话2022年超配A股
2021-11-25,比亚迪回应秦Pro地库起火：原因还在调查 未有人员伤亡 安全事故,比亚迪回应秦Pro地库起火：原因还在调查 未有人员伤亡 安全事故
2021-11-25,中信证券：下调比亚迪2021年归母净利润预测为45亿元,中信证券：下调比亚迪2021年归母净利润预测为45亿元
2021-11-25,续航超400公里，全新比亚迪纯电动巴士技术如何？,续航超400公里，全新比亚迪纯电动巴士技术如何？
2021-11-25,含网约车/保险等 比亚迪贵阳成立新公司,含网约车/保险等 比亚迪贵阳成立新公司
2021-11-25,重大突破 能投和比亚迪拟提名董事参与四川路桥公司治理,重大突破 能投和比亚迪拟提名董事参与四川路桥公司治理
2021-11-25,又一锂电企业砸60亿豪赌动力电池！,又一锂电企业砸60亿豪赌动力电池！
2021-11-25,深圳资助逾4亿元支持关键技术研发，奥比中光、比亚迪等公司芯片项目入选,深圳资助逾4亿元支持关键技术研发，奥比中光、比亚迪等公司芯片项目入选
2021-11-25,汽车股集体下挫，江淮汽车领跌,汽车股集体下挫，江淮汽车领跌
2021-11-25,量话车市│乘用车市场销量10月走势分析,量话车市│乘用车市场销量10月走势分析
2021-11-25,比亚迪：与北欧最大公共交通运营商Nobina签订70台大巴订单,比亚迪：与北欧最大公共交通运营商Nobina签订70台大巴订单
2021-11-25,10月装机电量点评：装机量环比下降 三元份额有所回升,10月装机电量点评：装机量环比下降 三元份额有所回升
2021-11-25,比亚迪签下芬兰首都第二笔纯电动巴士大单,比亚迪签下芬兰首都第二笔纯电动巴士大单
2021-11-25,秦PLUS DM-i荣获“年度最佳新能源车型”和“年度十佳车型”,秦PLUS DM-i荣获“年度最佳新能源车型”和“年度十佳车型”
2021-11-25,【券商聚焦】招证维持汽车汽配行业“推荐”评级 指电动化加速渗透 智能化竞争升级,【券商聚焦】招证维持汽车汽配行业“推荐”评级 指电动化加速渗透 智能化竞争升级
2021-11-25,A股资讯晨报,A股资讯晨报
2021-11-25,汽车股早间下跌，龙头股遭机构下调净利预期,汽车股早间下跌，龙头股遭机构下调净利预期
2021-11-25,电气设备行业2021年10月国内新能源车销量点评：产销持续创记录 全年销量340万辆可期,电气设备行业2021年10月国内新能源车销量点评：产销持续创记录 全年销量340万辆可期
2021-11-25,金固股份(002488)：自主研发阿凡达车轮技术 打开蓝海市场,金固股份(002488)：自主研发阿凡达车轮技术 打开蓝海市场
2021-11-25,四川路桥首板，储能概念股,四川路桥首板，储能概念股
2021-11-25,签订多个六氟磷酸锂长单后 多氟多拟定增募资不超55亿扩产,签订多个六氟磷酸锂长单后 多氟多拟定增募资不超55亿扩产
2021-11-25,王传福刚夸完，比亚迪的车就起火了！什么车型，两年烧3次？ 安全事故,王传福刚夸完，比亚迪的车就起火了！什么车型，两年烧3次？ 安全事故
2021-11-26,比亚迪再扩军，军舰系列正式发布「聚焦广州车展」,比亚迪再扩军，军舰系列正式发布「聚焦广州车展」
2021-11-26,比亚迪定制小米MIX 4联名手机发布：5799元、限量500台,比亚迪定制小米MIX 4联名手机发布：5799元、限量500台
2021-11-26,比亚迪或推高端MPV！更多细节将放出,比亚迪或推高端MPV！更多细节将放出
2021-11-26,小米 MIX4 比亚迪联名版上架：价值 5799 元，限量五百台,小米 MIX4 比亚迪联名版上架：价值 5799 元，限量五百台
2021-11-26,易车研究院发布PHEV车市洞察报告(2021版)：PHEV这把利刃即将插入主流车市,易车研究院发布PHEV车市洞察报告(2021版)：PHEV这把利刃即将插入主流车市
2021-11-26,比亚迪宋Pro DM-i配置曝光：满油满电续航达1090公里,比亚迪宋Pro DM-i配置曝光：满油满电续航达1090公里
2021-11-26,比亚迪高端品牌首款越野车能卖到90万？是否物有所值？,比亚迪高端品牌首款越野车能卖到90万？是否物有所值？
2021-11-26,比亚迪将为巴塞罗那，提供25台全新一代12米纯电动巴士,比亚迪将为巴塞罗那，提供25台全新一代12米纯电动巴士
2021-11-26,“反击战”全面打响，传统车企加大新能源车投入,“反击战”全面打响，传统车企加大新能源车投入
2021-11-26,15万级又一爆款 比亚迪宋Pro DM-i配置公布：11月30日开启预售,15万级又一爆款 比亚迪宋Pro DM-i配置公布：11月30日开启预售
2021-11-26,ATFX港股：市场缺乏强势板块支撑，恒生指数持续走弱,ATFX港股：市场缺乏强势板块支撑，恒生指数持续走弱
2021-11-26,销量飙升拦不住！比亚迪秦PLUS DM-i谁不说句“真香”？,销量飙升拦不住！比亚迪秦PLUS DM-i谁不说句“真香”？
2021-11-26,广州车展背后：谁在狂欢，谁在暗自反扑,广州车展背后：谁在狂欢，谁在暗自反扑
2021-11-26,【焦点】一字板涨停！提前锁定8亿元大单，丰元股份加速成长？,【焦点】一字板涨停！提前锁定8亿元大单，丰元股份加速成长？
2021-11-26,正强股份：公司产品目前尚未用于华为汽车和小米汽车,正强股份：公司产品目前尚未用于华为汽车和小米汽车
2021-11-26,锂价频创新高！相关资源又起飞，大行情还在后面？,锂价频创新高！相关资源又起飞，大行情还在后面？
2021-11-26,正强股份：公司产品目前与宁德时代无业务往来,正强股份：公司产品目前与宁德时代无业务往来
2021-11-26,“海洋生物+军舰” 比亚迪“海洋网”全面升级而来,“海洋生物+军舰” 比亚迪“海洋网”全面升级而来
2021-11-26,奇瑞汽车出海20周年 全球车主突破980万：比亚迪、蔚来送上祝福,奇瑞汽车出海20周年 全球车主突破980万：比亚迪、蔚来送上祝福
2021-11-26,正强股份：公司产品已在小鹏、威马、比亚迪、上汽荣威、上汽通用五菱等品牌的新能源乘用车上使用,正强股份：公司产品已在小鹏、威马、比亚迪、上汽荣威、上汽通用五菱等品牌的新能源乘用车上使用
2021-11-26,新能源汽车领域订单持续增长,新能源汽车领域订单持续增长
2021-11-26,4680，谁的砒霜，谁的蜜糖？,4680，谁的砒霜，谁的蜜糖？
2021-11-26,每日理财观察：国务院部署在六城市开展营商环境创新试点,每日理财观察：国务院部署在六城市开展营商环境创新试点
2021-11-26,150亿锂矿项目出事，11万人签字反对！锂价又创新高,150亿锂矿项目出事，11万人签字反对！锂价又创新高
2021-11-26,比亚迪签下芬兰70台纯电动巴士订单，2022年投入运营,比亚迪签下芬兰70台纯电动巴士订单，2022年投入运营
2021-11-26,A股融资融券日报：两融余额增加16.32亿元（11月25日）,A股融资融券日报：两融余额增加16.32亿元（11月25日）
2021-11-26,蓝黛科技：目前公司部分新能源零部件进入批量或小批量生产阶段，部分已完成样件交付等,蓝黛科技：目前公司部分新能源零部件进入批量或小批量生产阶段，部分已完成样件交付等
2021-11-26,热点快速轮动，资金分歧明显,热点快速轮动，资金分歧明显
2021-11-26,大公司早报 | 新东方回应到美国教中文 百度Apollo获国内首个自动驾驶收费订单,大公司早报 | 新东方回应到美国教中文 百度Apollo获国内首个自动驾驶收费订单
2021-11-26,聚光灯下的暗流涌动，值得关注的汽车行业 4 大信号（下）,聚光灯下的暗流涌动，值得关注的汽车行业 4 大信号（下）
2021-11-26,盘点车展纯电紧凑 SUV 新品 传统车企包场,盘点车展纯电紧凑 SUV 新品 传统车企包场
2021-11-26,“宁王”新焦虑：技术、成本难题接踵而至，电池龙头还能当多久？,“宁王”新焦虑：技术、成本难题接踵而至，电池龙头还能当多久？
2021-11-26,首创航天级星雨光刻工艺！比亚迪：OPPO Reno7填补手机行业空白,首创航天级星雨光刻工艺！比亚迪：OPPO Reno7填补手机行业空白
2021-11-26,惊险！比亚迪秦 Pro 新能源在车库爆燃,惊险！比亚迪秦 Pro 新能源在车库爆燃
2021-11-26,消费调查：广东还是日系车的大本营吗？,消费调查：广东还是日系车的大本营吗？
2021-11-26,比亚迪智能手表宣传海报曝光 配备NFC车钥匙功能,比亚迪智能手表宣传海报曝光 配备NFC车钥匙功能
2021-11-26,蓝黛科技：目前部分新能源零部件进入批量或小批量生产阶段，部分已完成样件交付等,蓝黛科技：目前部分新能源零部件进入批量或小批量生产阶段，部分已完成样件交付等
2021-11-27,日媒：中企借电动汽车逆袭海外市场,日媒：中企借电动汽车逆袭海外市场
2021-11-27,豪美新材：公司间接向比亚迪、广汽集团的多个车型提供汽车轻量化材料及部,豪美新材：公司间接向比亚迪、广汽集团的多个车型提供汽车轻量化材料及部
2021-11-27,豪美新材：公司间接向比亚迪、广汽集团的多个车型提供汽车轻量化材料及部件,豪美新材：公司间接向比亚迪、广汽集团的多个车型提供汽车轻量化材料及部件
2021-11-27,比亚迪纯电动巴士首次驶入巴塞罗那，计划2022年交付,比亚迪纯电动巴士首次驶入巴塞罗那，计划2022年交付
2021-11-27,自主格局在追赶中重构：吉利、长安均有望冲击前三强，比亚迪的后劲不可阻挡,自主格局在追赶中重构：吉利、长安均有望冲击前三强，比亚迪的后劲不可阻挡
2021-11-27,全球新能源龙头车企市值猛增，围绕三主线掘金,全球新能源龙头车企市值猛增，围绕三主线掘金
2021-11-27,比亚迪商城上架小米手机？价格不便宜还限量500台,比亚迪商城上架小米手机？价格不便宜还限量500台
2021-11-27,E周新势力 | 特斯拉一周二次涨价/上海工厂扩建；蔚来与壳牌达成合作；苹果汽车芯片研发完成,E周新势力 | 特斯拉一周二次涨价/上海工厂扩建；蔚来与壳牌达成合作；苹果汽车芯片研发完成
2021-11-27,比亚迪、顺丰旗下科技公司引入战略投资者,比亚迪、顺丰旗下科技公司引入战略投资者
2021-11-27,道奇地狱猫系列即将停产；2025 年保时捷将推出 718 电动车 经营问题,道奇地狱猫系列即将停产；2025 年保时捷将推出 718 电动车 经营问题
2021-11-27,四川路桥欲借比亚迪“催熟”锂电业务？,四川路桥欲借比亚迪“催熟”锂电业务？
2021-11-28,【东吴电新】海外动力电池21Q3财报点评：业绩环比持平微增，盈利水平基本稳定,【东吴电新】海外动力电池21Q3财报点评：业绩环比持平微增，盈利水平基本稳定
2021-11-28,建筑装饰行业周报：锂电闭环产业链规划清晰，继续推荐四川路桥,建筑装饰行业周报：锂电闭环产业链规划清晰，继续推荐四川路桥
2021-11-28,周末的信息，来重点说下新病毒奥密克戎的影响及应对！,周末的信息，来重点说下新病毒奥密克戎的影响及应对！
2021-11-28,奇瑞 / 长城 / 比亚迪，今年谁的“压箱底”更强？,奇瑞 / 长城 / 比亚迪，今年谁的“压箱底”更强？
2021-11-28,【国金电新&汽车】光伏供需博弈坚冰渐消融，汽车智能化进入快速上升通道，2022年电池涨价预期强烈,【国金电新&汽车】光伏供需博弈坚冰渐消融，汽车智能化进入快速上升通道，2022年电池涨价预期强烈
2021-11-28,比亚迪“哨兵模式”曝光：熄火后全车摄像头监控录像,比亚迪“哨兵模式”曝光：熄火后全车摄像头监控录像
2021-11-28,比亚迪或推高端 MPV，售价 50-80 万元,比亚迪或推高端 MPV，售价 50-80 万元
2021-11-28,星星充电陷起火风波背后：行业需求大，曾有特斯拉充电时断电 安全事故,星星充电陷起火风波背后：行业需求大，曾有特斯拉充电时断电 安全事故
2021-11-28,比亚迪再获芬兰纯电动巴士大单！与Nobina签订70台大巴订单,比亚迪再获芬兰纯电动巴士大单！与Nobina签订70台大巴订单
2021-11-28,比亚迪智能手表宣传海报曝光！网友：华里华气的,比亚迪智能手表宣传海报曝光！网友：华里华气的
2021-11-28,从中国统计年鉴2021年，聊聊我国的低收入群体,从中国统计年鉴2021年，聊聊我国的低收入群体
2021-11-28,比亚迪Logo开机动画 小米比亚迪联名MIX 4手机将开售,比亚迪Logo开机动画 小米比亚迪联名MIX 4手机将开售
2021-11-28,限量500台！小米MIX 4比亚迪联名版明日开售：5799元,限量500台！小米MIX 4比亚迪联名版明日开售：5799元
2021-11-28,怀疑生产线被“克隆”，郭台铭状告比亚迪，王传福回应：故意捣乱 诉讼纠纷,怀疑生产线被“克隆”，郭台铭状告比亚迪，王传福回应：故意捣乱 诉讼纠纷
2021-11-29,公募基金年内新发行近2.7万亿，新能源、环保主题受热捧！,公募基金年内新发行近2.7万亿，新能源、环保主题受热捧！
2021-11-29,比亚迪关联公司经营范围新增物联网技术研发等,比亚迪关联公司经营范围新增物联网技术研发等
2021-11-29,A股资金面日报：重要股东增持排行榜！,A股资金面日报：重要股东增持排行榜！
2021-11-29,深度*行业*机械设备行业周报：持续推荐高景气的半导体、海上风电、光伏HJT赛道,深度*行业*机械设备行业周报：持续推荐高景气的半导体、海上风电、光伏HJT赛道
2021-11-29,主题报告：从国内代表性公司财报出发 再看连接器行业的投资机会,主题报告：从国内代表性公司财报出发 再看连接器行业的投资机会
2021-11-29,搭载全新动力系统 比亚迪汉 DM-i 申报图曝光,搭载全新动力系统 比亚迪汉 DM-i 申报图曝光
2021-11-29,精达股份：扁线趋势明确 明年产能上量,精达股份：扁线趋势明确 明年产能上量
2021-11-29,比亚迪MPV进展：定位宜家宜商宜政,比亚迪MPV进展：定位宜家宜商宜政
2021-11-29,比亚迪与西班牙公司签纯电大巴采购协议,比亚迪与西班牙公司签纯电大巴采购协议
2021-11-29,急剧变化的汽车业撞上缺芯,急剧变化的汽车业撞上缺芯
2021-11-29,互联网反 996，制造业的“双休福报”何时得偿所愿？,互联网反 996，制造业的“双休福报”何时得偿所愿？
2021-11-29,连续3日净买入 比亚迪获深股通净买入5.55亿元,连续3日净买入 比亚迪获深股通净买入5.55亿元
2021-11-29,美的离心机单年产能首次突破1000台 交付方为比亚迪,美的离心机单年产能首次突破1000台 交付方为比亚迪
2021-11-29,北上资金净买入32.84亿元 宁德时代净买入居首,北上资金净买入32.84亿元 宁德时代净买入居首
2021-11-29,要和比亚迪合作？云天化：有过接触，正与意向方谈判,要和比亚迪合作？云天化：有过接触，正与意向方谈判
2021-11-29,浙商证券汽车行业周报：特斯拉扩产 产业链受益,浙商证券汽车行业周报：特斯拉扩产 产业链受益
2021-11-29,“双积分”政策下传统车企出路在哪，混动车型是否迎来春天？,“双积分”政策下传统车企出路在哪，混动车型是否迎来春天？
2021-11-29,【一语道破】股价创历史新高！“被遗忘的锂电概念股”鹏辉能源“觉醒”了？,【一语道破】股价创历史新高！“被遗忘的锂电概念股”鹏辉能源“觉醒”了？
2021-11-29,超越大众 比亚迪成全球市值第三高车企！仅次于特斯拉、丰田,超越大众 比亚迪成全球市值第三高车企！仅次于特斯拉、丰田
2021-11-29,财政部提前下达2022年新能源车补贴预算，特斯拉、上汽、广汽等将获超10亿元补贴,财政部提前下达2022年新能源车补贴预算，特斯拉、上汽、广汽等将获超10亿元补贴
2021-11-29,今天的一些分享！,今天的一些分享！
2021-11-29,比特斯拉实用！比亚迪宋Pro DMi配置公布：续航超一千公里,比特斯拉实用！比亚迪宋Pro DMi配置公布：续航超一千公里
2021-11-29,重庆财经丨385亿元！财政部提前下达2022年新能源车补贴预算,重庆财经丨385亿元！财政部提前下达2022年新能源车补贴预算
2021-11-29,A股资金流向：赛道股再度大涨“吸金”,A股资金流向：赛道股再度大涨“吸金”
2021-11-29,长城汽车的战略隐忧：赢下战役，输掉战争,长城汽车的战略隐忧：赢下战役，输掉战争
2021-11-29,比亚迪再获芬兰纯电动巴士大单,比亚迪再获芬兰纯电动巴士大单
2021-11-29,一“拆”抵万金，传统车企竞相分拆新业务上市,一“拆”抵万金，传统车企竞相分拆新业务上市
2021-11-29,“A拆A”大戏不断，创业板科创板成上市地首选,“A拆A”大戏不断，创业板科创板成上市地首选
2021-11-29,本周股市三大猜想及应对策略,本周股市三大猜想及应对策略
2021-11-29,汽车行业周报：特斯拉上海工厂再度扩建 小米汽车落户北京,汽车行业周报：特斯拉上海工厂再度扩建 小米汽车落户北京
2021-11-29,比亚迪：风险隐藏在光鲜里,比亚迪：风险隐藏在光鲜里
2021-11-29,续航达1090公里！比亚迪宋Pro DM-i明日开启预售：或定档15万,续航达1090公里！比亚迪宋Pro DM-i明日开启预售：或定档15万
2021-11-29,协和电子：常州比亚迪目前非公司的直接客户,协和电子：常州比亚迪目前非公司的直接客户
2021-11-29,比亚迪纯电大巴海外大受欢迎！首次驶入巴塞罗那,比亚迪纯电大巴海外大受欢迎！首次驶入巴塞罗那
2021-11-29,重庆财经丨重庆10月新能源车市：半数车企销量环比下降，比亚迪一家“独大” 盈利能力下降,重庆财经丨重庆10月新能源车市：半数车企销量环比下降，比亚迪一家“独大” 盈利能力下降
2021-11-29,丰元股份：锂电池正极材料新基地开建 头部客户大单抢产能,丰元股份：锂电池正极材料新基地开建 头部客户大单抢产能
2021-11-29,特斯拉期权交易碾压全球公司，损失惨重后还有人在做空？ 股票卖空,特斯拉期权交易碾压全球公司，损失惨重后还有人在做空？ 股票卖空
2021-11-29,比亚迪与Momenta成立智能驾驶合资公司,比亚迪与Momenta成立智能驾驶合资公司
2021-11-29,如何应对气候变化挑战？比亚迪支持20年后停产内燃机汽车,如何应对气候变化挑战？比亚迪支持20年后停产内燃机汽车
2021-11-29,汽车行业周报：关注电动智能化受益标的,汽车行业周报：关注电动智能化受益标的
2021-11-29,385亿！财政部下达2022年新能源汽车补贴资金 比亚迪狂揽40亿,385亿！财政部下达2022年新能源汽车补贴资金 比亚迪狂揽40亿
2021-11-29,技术落后、市场下滑 大众中国CEO即将离职 董监高成员变化,技术落后、市场下滑 大众中国CEO即将离职 董监高成员变化
2021-11-29,自燃、爆炸？ 800亿锂电大牛股遭质疑，看最新回应,自燃、爆炸？ 800亿锂电大牛股遭质疑，看最新回应
2021-11-29,汽车行业周报：广州车展大量新车亮相 新车销售有所回暖,汽车行业周报：广州车展大量新车亮相 新车销售有所回暖
2021-11-29,汽车行业周报：小鹏Q3业绩创新高 22年入局ROBOTAXI,汽车行业周报：小鹏Q3业绩创新高 22年入局ROBOTAXI
2021-11-29,比亚迪“带大梁”测试车曝光 网友：车尾小车斗太魔性,比亚迪“带大梁”测试车曝光 网友：车尾小车斗太魔性
2021-11-29,胜蓝股份：我司新能源汽车客户主要有比亚迪、长城汽车、上汽五菱等公司,胜蓝股份：我司新能源汽车客户主要有比亚迪、长城汽车、上汽五菱等公司
2021-11-29,秦PLUS杀进轿车前三甲，比亚迪拉开超越合资序幕！,秦PLUS杀进轿车前三甲，比亚迪拉开超越合资序幕！
2021-11-29,汽车行业周报：11月前三周累计批发环比+15% 看好自主崛起,汽车行业周报：11月前三周累计批发环比+15% 看好自主崛起
2021-11-29,汽车行业月度数据分析及12月展望：汽车消费回暖 新能源高速增长,汽车行业月度数据分析及12月展望：汽车消费回暖 新能源高速增长
2021-11-30,读懂新能源车保修手册：新能源车电池质保背后有玄机,读懂新能源车保修手册：新能源车电池质保背后有玄机
2021-11-30,互联网巨头造车,互联网巨头造车
2021-11-30,紫光国微：公司与比亚迪目前尚未开展合作,紫光国微：公司与比亚迪目前尚未开展合作
2021-11-30,拿下以色列最大纯电巴士订单，比亚迪再度攻城掠地，完胜特斯拉！,拿下以色列最大纯电巴士订单，比亚迪再度攻城掠地，完胜特斯拉！
2021-11-30,深圳世界500强企业即将迎来新成员，明年有望新增3家,深圳世界500强企业即将迎来新成员，明年有望新增3家
2021-11-30,有一辆自主品牌轿车杀进了销量榜前三，你猜是谁？,有一辆自主品牌轿车杀进了销量榜前三，你猜是谁？
2021-11-30,比亚迪交付元Pro EV，助力哥斯达黎加打造最大纯电动车队,比亚迪交付元Pro EV，助力哥斯达黎加打造最大纯电动车队
2021-11-30,突发！沃尔沃混动车充电爆炸，保时捷玻璃被震碎，发生了什么？上周比亚迪刚出事，超级赛道是否会熄火？,突发！沃尔沃混动车充电爆炸，保时捷玻璃被震碎，发生了什么？上周比亚迪刚出事，超级赛道是否会熄火？
2021-11-30,港股异动 | 华众车载(06830)拉升25% 大力布局氢能源产业，拿下比亚迪、理想等新能源客户,港股异动 | 华众车载(06830)拉升25% 大力布局氢能源产业，拿下比亚迪、理想等新能源客户
2021-11-30,ATFX港股：港股的新能源板块为何熄火了？,ATFX港股：港股的新能源板块为何熄火了？
2021-11-30,新能源补贴都肥了谁？,新能源补贴都肥了谁？
2021-11-30,比亚迪：“18亚迪G1”回售金额为人民币10.498亿元,比亚迪：“18亚迪G1”回售金额为人民币10.498亿元
2021-11-30,科博达(603786)：车载控制器龙头 多元化产品矩阵打开成长空间,科博达(603786)：车载控制器龙头 多元化产品矩阵打开成长空间
2021-11-30,天赐材料：比亚迪是公司的客户之一,天赐材料：比亚迪是公司的客户之一
2021-11-30,满油满电续航1090KM 一公里3毛钱！比亚迪宋Pro DM-i开售：13.58万起,满油满电续航1090KM 一公里3毛钱！比亚迪宋Pro DM-i开售：13.58万起
2021-11-30,13.58 ~ 16.28 万元，2022 款比亚迪宋 Pro DM-i 开启预售,13.58 ~ 16.28 万元，2022 款比亚迪宋 Pro DM-i 开启预售
2021-11-30,北向资金今日净卖出超34亿元11月累计加仓185亿，贵州茅台连续3日遭抛售,北向资金今日净卖出超34亿元11月累计加仓185亿，贵州茅台连续3日遭抛售
2021-11-30,东亚机械：公司产品有供应给光伏、汽车制造的新能源企业,东亚机械：公司产品有供应给光伏、汽车制造的新能源企业
2021-11-30,国产轮胎企业的原配路,国产轮胎企业的原配路
2021-11-30,比亚迪：中标以色列100台纯电动大巴订单,比亚迪：中标以色列100台纯电动大巴订单
2021-11-30,哥斯达黎加最大新能源车队：比亚迪海外交付沃尔玛29辆元Pro,哥斯达黎加最大新能源车队：比亚迪海外交付沃尔玛29辆元Pro
2021-11-30,丰田亚洲龙为何要修半年？10月投诉报告,丰田亚洲龙为何要修半年？10月投诉报告
2021-11-30,EV 冬季使用注意事项 爱它就等于爱自己,EV 冬季使用注意事项 爱它就等于爱自己
2021-11-30,锂电池继续活跃，北向资金加仓电池行业8.88亿元，大幅减持这只白酒股（名单） 减持股份,锂电池继续活跃，北向资金加仓电池行业8.88亿元，大幅减持这只白酒股（名单） 减持股份
2021-11-30,开了运动模式 = 另一台车？ 魏牌拿铁 1.5T DHT 混动,开了运动模式 = 另一台车？ 魏牌拿铁 1.5T DHT 混动
2021-11-30,1090公里超长续航！比亚迪宋Pro DM-i今日开启预售,1090公里超长续航！比亚迪宋Pro DM-i今日开启预售
2021-11-30,PK欧拉好猫 比亚迪海洋系已到达战场，首款车型海豚卖到了哪里？,PK欧拉好猫 比亚迪海洋系已到达战场，首款车型海豚卖到了哪里？
2021-11-30,每日理财观察：证券期货行政执法当事人承诺制度实施办法公布,每日理财观察：证券期货行政执法当事人承诺制度实施办法公布
2021-11-30,新势力品牌财报出炉，小鹏汽车卖得最多亏得最惨！ 亏损,新势力品牌财报出炉，小鹏汽车卖得最多亏得最惨！ 亏损
2021-11-30,北向资金动向盘点：再次转向电力设备新能源,北向资金动向盘点：再次转向电力设备新能源
2021-11-30,中国车规级芯片企业版图,中国车规级芯片企业版图
2021-11-30,比亚迪中标以色列最大纯电动大巴订单，续航里程超 400 公里,比亚迪中标以色列最大纯电动大巴订单，续航里程超 400 公里
2021-11-30,全国上下一盘棋 新能源政策推动储能板块持续上涨,全国上下一盘棋 新能源政策推动储能板块持续上涨
2021-11-30,掘金新三板之邦力达：为富士康、比亚迪供应印制电路板离型膜,掘金新三板之邦力达：为富士康、比亚迪供应印制电路板离型膜
2021-11-30,全球车企巨头发布停产燃油车时间表，电商巨头决战新能源车赛道！ 经营问题,全球车企巨头发布停产燃油车时间表，电商巨头决战新能源车赛道！ 经营问题
2021-11-30,比亚迪海豚热销 10月份订单近万台：顶配车型最受欢迎,比亚迪海豚热销 10月份订单近万台：顶配车型最受欢迎
2021-11-30,A股融资融券日报：两融余额增加18.95亿元（11月29日）,A股融资融券日报：两融余额增加18.95亿元（11月29日）
2021-12-01,深交所：比亚迪半导体股份有限公司审核状态变更为已问询 问询,深交所：比亚迪半导体股份有限公司审核状态变更为已问询 问询
2021-12-01,产业链上游涨价“猛如虎” 保利润、还是要销量，主机厂进退维谷,产业链上游涨价“猛如虎” 保利润、还是要销量，主机厂进退维谷
2021-12-01,中国品牌吹响新号角，集结出发，比亚迪、长城、长安等国产车企加速出海！,中国品牌吹响新号角，集结出发，比亚迪、长城、长安等国产车企加速出海！
2021-12-01,比亚迪关联公司成立新公司，经营范围含矿山机械制造等,比亚迪关联公司成立新公司，经营范围含矿山机械制造等
2021-12-01,北交所拟IPO之中冀联合：为华为与比亚迪提供通讯测试设备的专精特新企业,北交所拟IPO之中冀联合：为华为与比亚迪提供通讯测试设备的专精特新企业
2021-12-01,比亚迪：吕向阳质押279万股公司A股股份，并解除质押596万股公司A股股份,比亚迪：吕向阳质押279万股公司A股股份，并解除质押596万股公司A股股份
2021-12-01,跌跌不休的港股，有个版块却创纪录新高,跌跌不休的港股，有个版块却创纪录新高
2021-12-01,比亚迪：吕向阳累计质押股数约为6168万股,比亚迪：吕向阳累计质押股数约为6168万股
2021-12-01,又一万亿市场爆发！大订单频现！,又一万亿市场爆发！大订单频现！
2021-12-01,动力电池“老三”陷入自燃罗生门，一片“虚假繁荣”，大众押错了注吗？,动力电池“老三”陷入自燃罗生门，一片“虚假繁荣”，大众押错了注吗？
2021-12-01,比亚迪增资汽车金融子公司 注册资本由15亿元增至40亿元,比亚迪增资汽车金融子公司 注册资本由15亿元增至40亿元
2021-12-01,“沟通传递价值，交流创造良好生态”——2021深圳辖区上市公司投资者网上集体接待日活动成功举办,“沟通传递价值，交流创造良好生态”——2021深圳辖区上市公司投资者网上集体接待日活动成功举办
2021-12-01,新能源补贴排名：比亚迪位列第一，获得31亿，特斯拉第2，拿走15亿,新能源补贴排名：比亚迪位列第一，获得31亿，特斯拉第2，拿走15亿
2021-12-01,实力赢得回头客，比亚迪签下芬兰首都第二笔纯电动巴士大单,实力赢得回头客，比亚迪签下芬兰首都第二笔纯电动巴士大单
2021-12-01,国家队出手！锂电龙头46亿定增落定，多家巨头参与,国家队出手！锂电龙头46亿定增落定，多家巨头参与
2021-12-01,电子烟监管靴子落地 巨头思摩尔抢滩，比亚迪能否“后来居上”？,电子烟监管靴子落地 巨头思摩尔抢滩，比亚迪能否“后来居上”？
2021-12-01,供应链之马太效应，上下游的“贫富差距”,供应链之马太效应，上下游的“贫富差距”
2021-12-01,比亚迪王传福：看好磷酸铁锂路线，电动车打破原有芯片体系平衡,比亚迪王传福：看好磷酸铁锂路线，电动车打破原有芯片体系平衡
2021-12-01,丰元股份：布局正极材料产能15万吨 获得多家机构密集调研,丰元股份：布局正极材料产能15万吨 获得多家机构密集调研
2021-12-01,加速布局中南美市场 比亚迪在哥斯达黎加向沃尔玛交付29辆元Pro,加速布局中南美市场 比亚迪在哥斯达黎加向沃尔玛交付29辆元Pro
2021-12-01,海外交付29台元Pro EV 比亚迪扩展南美市场,海外交付29台元Pro EV 比亚迪扩展南美市场
2021-12-01,【汽车】汽车行业2022年投资策略—景气回升，持续看好智能电动汽车赛道,【汽车】汽车行业2022年投资策略—景气回升，持续看好智能电动汽车赛道
2021-12-01,A股融资融券日报：两融余额增加15.02亿元（11月30日）,A股融资融券日报：两融余额增加15.02亿元（11月30日）
2021-12-01,中科电气（300035）：兼具技术底蕴与成本优势，需求爆发驱动成长,中科电气（300035）：兼具技术底蕴与成本优势，需求爆发驱动成长
2021-12-01,新车发布效果未及市场预期 长安汽车中高端自主品牌何时破冰？,新车发布效果未及市场预期 长安汽车中高端自主品牌何时破冰？
2021-12-01,新物种的高阶暴击 试比亚迪海豚骑士版,新物种的高阶暴击 试比亚迪海豚骑士版
2021-12-01,得动力电池者得天下！宁德时代、亿纬锂能、比亚迪等企业掀起产能扩建“军备赛”,得动力电池者得天下！宁德时代、亿纬锂能、比亚迪等企业掀起产能扩建“军备赛”
2021-12-02,11月新能源重卡销量爆了，挖掘机出口也是“红红火火”,11月新能源重卡销量爆了，挖掘机出口也是“红红火火”
2021-12-02,埃安是不是广汽的救星,埃安是不是广汽的救星
2021-12-02,比亚迪冲高梦：前路未知，变数依旧,比亚迪冲高梦：前路未知，变数依旧
2021-12-02,北向资金今日净买入30.21亿元，宁德时代连续6日净买入累计加仓超24亿,北向资金今日净买入30.21亿元，宁德时代连续6日净买入累计加仓超24亿
2021-12-02,太燃了！11月新势力销量4家破万、7家创新高，比亚迪还能一打十？,太燃了！11月新势力销量4家破万、7家创新高，比亚迪还能一打十？
2021-12-02,汽车板块持续火爆，3张图比一比汽车零部件和整车公司谁更佳？,汽车板块持续火爆，3张图比一比汽车零部件和整车公司谁更佳？
2021-12-02,比亚迪供应商百康光学闯关IPO：收入向汽车照明领域集中 核心产品毛利率下降 盈利能力下降,比亚迪供应商百康光学闯关IPO：收入向汽车照明领域集中 核心产品毛利率下降 盈利能力下降
2021-12-02,北向资金净买入逾30亿元，宁德时代获加仓超8亿元,北向资金净买入逾30亿元，宁德时代获加仓超8亿元
2021-12-02,比亚迪、红杉基金等投资成立粤港澳大湾区科技创新产业投资基金,比亚迪、红杉基金等投资成立粤港澳大湾区科技创新产业投资基金
2021-12-02,比亚迪(002594.SZ)主要股东吕向阳解除质押295万股,比亚迪(002594.SZ)主要股东吕向阳解除质押295万股
2021-12-02,比亚迪股东吕向阳解质0.1%股份,比亚迪股东吕向阳解质0.1%股份
2021-12-02,比亚迪于哈尔滨成立新公司，经营范围含贸易经纪等,比亚迪于哈尔滨成立新公司，经营范围含贸易经纪等
2021-12-02,比亚迪于哈尔滨成立新公司，经营范围含二手车交易市场经营等,比亚迪于哈尔滨成立新公司，经营范围含二手车交易市场经营等
2021-12-02,赛福天：新聚力尚处于前期项目开发准备阶段，目前未有和宁德时代、比亚迪签订合作协议,赛福天：新聚力尚处于前期项目开发准备阶段，目前未有和宁德时代、比亚迪签订合作协议
2021-12-02,王传福看好磷酸铁锂路线，比亚迪的技术怎么样？,王传福看好磷酸铁锂路线，比亚迪的技术怎么样？
2021-12-02,冠盛股份：公司暂未与特斯拉、比亚迪合作,冠盛股份：公司暂未与特斯拉、比亚迪合作
2021-12-02,星源材质：与宁德时代、LG化学、比亚迪等建立长期稳定合作关系,星源材质：与宁德时代、LG化学、比亚迪等建立长期稳定合作关系
2021-12-02,售价 50 万起，比肩路虎卫士，比亚迪全新硬派越野车谍照曝光,售价 50 万起，比肩路虎卫士，比亚迪全新硬派越野车谍照曝光
2021-12-02,电池行业准备进入赛跑阶段 高盛最推荐这些股票（附股）,电池行业准备进入赛跑阶段 高盛最推荐这些股票（附股）
2021-12-02,新能源汽车市场持续爆发，造车新势力11月销量大增,新能源汽车市场持续爆发，造车新势力11月销量大增
2021-12-02,造车新势力交付量，新能源汽车YYDS？,造车新势力交付量，新能源汽车YYDS？
2021-12-02,价格要破千 比亚迪手表本月上市：命名曝光,价格要破千 比亚迪手表本月上市：命名曝光
2021-12-02,造车新势力新变化：廉价电动车异军突起！,造车新势力新变化：廉价电动车异军突起！
2021-12-02,中国公司全球化周报｜中国连续12年保持非洲最大贸易伙伴国地位；巴西数字银行Nubank缩减IPO规模,中国公司全球化周报｜中国连续12年保持非洲最大贸易伙伴国地位；巴西数字银行Nubank缩减IPO规模
2021-12-02,蔚来/小鹏/理想/哪吒11月齐破万，比亚迪、五菱、特斯拉更有惊喜！,蔚来/小鹏/理想/哪吒11月齐破万，比亚迪、五菱、特斯拉更有惊喜！
2021-12-02,比亚迪成十月新能源车上险量最大赢家,比亚迪成十月新能源车上险量最大赢家
2021-12-02,11月汽车公司市值榜 | 沃尔沃、福特增幅超10%，大众下挫12%，半数中国车企市值下滑，动力电池成大赢家,11月汽车公司市值榜 | 沃尔沃、福特增幅超10%，大众下挫12%，半数中国车企市值下滑，动力电池成大赢家
2021-12-02,2021年比亚迪新能源汽车行业市场现状及发展趋势分析 比亚迪市场份额有望继续提升,2021年比亚迪新能源汽车行业市场现状及发展趋势分析 比亚迪市场份额有望继续提升
2021-12-02,明冠新材：“年产1.2亿平米POE胶膜项目”现已有6条POE胶膜生产线处于正常生产状态,明冠新材：“年产1.2亿平米POE胶膜项目”现已有6条POE胶膜生产线处于正常生产状态
2021-12-03,比亚迪11月新能源汽车销量91219辆 同比增长超240%,比亚迪11月新能源汽车销量91219辆 同比增长超240%
2021-12-03,比亚迪乘用车11月销量97242，新能源超9万同比暴涨252.7%,比亚迪乘用车11月销量97242，新能源超9万同比暴涨252.7%
2021-12-03,比亚迪上汽广汽传统车企扎堆分拆新业务上市，一“拆”能否抵万金,比亚迪上汽广汽传统车企扎堆分拆新业务上市，一“拆”能否抵万金
2021-12-03,比亚迪：11月新能源汽车产量91829辆 本年新能源汽车产量累计515089辆,比亚迪：11月新能源汽车产量91829辆 本年新能源汽车产量累计515089辆
2021-12-03,比亚迪11月新能源汽车销量91219辆 同比增长241.77%,比亚迪11月新能源汽车销量91219辆 同比增长241.77%
2021-12-03,比亚迪：1-11月累计新能源汽车销量509838辆，同比增长216.97%,比亚迪：1-11月累计新能源汽车销量509838辆，同比增长216.97%
2021-12-03,比亚迪：与丰田合作项目仍处于研发保密阶段,比亚迪：与丰田合作项目仍处于研发保密阶段
2021-12-03,丰田汽车即将使用比亚迪刀片电池！,丰田汽车即将使用比亚迪刀片电池！
2021-12-03,造车新势力：喊着超越特斯拉，却打不过比亚迪,造车新势力：喊着超越特斯拉，却打不过比亚迪
2021-12-03,荣耀2021最美手机如何打造？比亚迪自研工艺立功,荣耀2021最美手机如何打造？比亚迪自研工艺立功
2021-12-03,角逐「新能源之都」，城市在内卷,角逐「新能源之都」，城市在内卷
2021-12-03,比亚迪11月新能源汽车销量91219辆 同比增242%,比亚迪11月新能源汽车销量91219辆 同比增242%
2021-12-03,北向资金今日净买入超92亿元本周累计加仓超150亿，大幅抢筹芯片股,北向资金今日净买入超92亿元本周累计加仓超150亿，大幅抢筹芯片股
2021-12-03,比亚迪股份：11月新能源汽车销量同比增长超241.77%,比亚迪股份：11月新能源汽车销量同比增长超241.77%
2021-12-03,比亚迪：11月新能源汽车销量同比大增241.77%,比亚迪：11月新能源汽车销量同比大增241.77%
2021-12-03,11月新能源汽车排行榜出炉：比亚迪以一敌十 “蔚小理”变“小理蔚”,11月新能源汽车排行榜出炉：比亚迪以一敌十 “蔚小理”变“小理蔚”
2021-12-03,比亚迪11月新能源汽车销量为9.12万辆,比亚迪11月新能源汽车销量为9.12万辆
2021-12-03,比亚迪前11月新能源汽车销量同比增长216.97%,比亚迪前11月新能源汽车销量同比增长216.97%
2021-12-03,中国新能源车企第一！比亚迪11月新能源汽车销量91219辆,中国新能源车企第一！比亚迪11月新能源汽车销量91219辆
2021-12-03,比亚迪前11月销量增长72.94%至64.1万辆,比亚迪前11月销量增长72.94%至64.1万辆
2021-12-03,比亚迪(002594.SZ)前11个月新能源汽车销量同比增长216.97%至50.98万辆,比亚迪(002594.SZ)前11个月新能源汽车销量同比增长216.97%至50.98万辆
2021-12-03,12年近1500亿元 新能源汽车补贴的“国家账本”,12年近1500亿元 新能源汽车补贴的“国家账本”
2021-12-03,【快讯|比亚迪11月卖爆了，单月累计97242辆！】从比亚迪最新公布的11月销量来看，比亚迪全月累计销售97242辆，再创新高，同比增长了84.1%。...3小时前5040 0,【快讯|比亚迪11月卖爆了，单月累计97242辆！】从比亚迪最新公布的11月销量来看，比亚迪全月累计销售97242辆，再创新高，同比增长了84.1%。...3小时前5040 0
2021-12-03,比亚迪、丰田合作项目首款车型或采用比亚迪e3.0平台技术？比亚迪：尚处于研发保密阶段,比亚迪、丰田合作项目首款车型或采用比亚迪e3.0平台技术？比亚迪：尚处于研发保密阶段
2021-12-03,上市公司重要公告集锦：比亚迪11月份新能源汽车销量同比增241.77%,上市公司重要公告集锦：比亚迪11月份新能源汽车销量同比增241.77%
2021-12-03,12月4日上市公司重要公告集锦：比亚迪11月份新能源汽车销量同比增241.77%,12月4日上市公司重要公告集锦：比亚迪11月份新能源汽车销量同比增241.77%
2021-12-03,晚间要闻2021年12月3日星期五,晚间要闻2021年12月3日星期五
2021-12-03,固态电池成电动车下阶段竞争核心 欧阳明高：中国至少要追赶五年,固态电池成电动车下阶段竞争核心 欧阳明高：中国至少要追赶五年
2021-12-03,比亚迪汽车金融增资至40亿，尚无相关银保监局批复公开，上半年净利6890万同比降36% 盈利能力下降,比亚迪汽车金融增资至40亿，尚无相关银保监局批复公开，上半年净利6890万同比降36% 盈利能力下降
2021-12-03,比亚迪混动新车首日订单破1.8万，比特斯拉还要猛！,比亚迪混动新车首日订单破1.8万，比特斯拉还要猛！
2021-12-03,比亚迪(002594.SZ)：11月新能源汽车销量9.12万辆 同比增长241.77%,比亚迪(002594.SZ)：11月新能源汽车销量9.12万辆 同比增长241.77%
2021-12-03,A股资金流向：权重发力助推沪指，短线情绪退潮,A股资金流向：权重发力助推沪指，短线情绪退潮
2021-12-03,10 月全球动力电池装机量排行：宁德时代第一，比亚迪第四,10 月全球动力电池装机量排行：宁德时代第一，比亚迪第四
2021-12-03,比亚迪：于11月30日调研我司,比亚迪：于11月30日调研我司
2021-12-03,飞龙股份：比亚迪一直是公司的客户，目前供货量相对稍少,飞龙股份：比亚迪一直是公司的客户，目前供货量相对稍少
2021-12-03,每日理财观察：支付宝与中国银联互联互通新进展,每日理财观察：支付宝与中国银联互联互通新进展
2021-12-03,A股融资融券日报：两融余额减少72.45亿元（12月2日）,A股融资融券日报：两融余额减少72.45亿元（12月2日）
2021-12-03,传丰田明年在华推电动汽车，或低于20万元，与比亚迪合作,传丰田明年在华推电动汽车，或低于20万元，与比亚迪合作
2021-12-03,汽车行业周报：11月多地发布氢能产业政策 关注北京冬奥会示范应用筹备进展,汽车行业周报：11月多地发布氢能产业政策 关注北京冬奥会示范应用筹备进展
2021-12-03,亮马组合半月报：关注中游制造的配置价值,亮马组合半月报：关注中游制造的配置价值
2021-12-03,传丰田(TM.US)将于明年在中国推出一款全电动小轿车,传丰田(TM.US)将于明年在中国推出一款全电动小轿车
2021-12-03,小K播早报|我国正在快速推进奥密克戎株疫苗研发 丰田拟推出采用比亚迪技术的汽车,小K播早报|我国正在快速推进奥密克戎株疫苗研发 丰田拟推出采用比亚迪技术的汽车
2021-12-03,汽车板块资金流入位列第一　明年会否持续走强 一文解读!,汽车板块资金流入位列第一　明年会否持续走强 一文解读!
2021-12-03,沃尔核材：于11月30日调研我司,沃尔核材：于11月30日调研我司
2021-12-03,隆基机械：公司一直与比亚迪汽车保持良好合作,隆基机械：公司一直与比亚迪汽车保持良好合作
2021-12-03,美力科技：招商证券、浦银安盛基金等28家机构于12月1日调研我司,美力科技：招商证券、浦银安盛基金等28家机构于12月1日调研我司
2021-12-03,比亚迪股份有限公司 2021年11月产销快报,比亚迪股份有限公司 2021年11月产销快报
2021-12-03,造车新势力销售大联欢 “蔚小理哪”齐破万辆,造车新势力销售大联欢 “蔚小理哪”齐破万辆
2021-12-03,丰田拟在华推出采用比亚迪技术的电动汽车 或明年4月亮相,丰田拟在华推出采用比亚迪技术的电动汽车 或明年4月亮相
2021-12-03,新能源汽车龙头纷纷扩产，雪龙集团发展进入红利期,新能源汽车龙头纷纷扩产，雪龙集团发展进入红利期
2021-12-03,曝丰田将在中国推全新电动车 采用比亚迪关键技术,曝丰田将在中国推全新电动车 采用比亚迪关键技术
2021-12-03,高景气行业依然为结构性行情首选 机构密集调研这三行业,高景气行业依然为结构性行情首选 机构密集调研这三行业
2021-12-03,全球动力电池排行榜：宁德时代“封神” 中国厂商无敌,全球动力电池排行榜：宁德时代“封神” 中国厂商无敌
2021-12-03,天迈科技：公司开发有车辆主动安全管理平台；合作的车企主要为宇通、中通、比亚迪等客车厂商。,天迈科技：公司开发有车辆主动安全管理平台；合作的车企主要为宇通、中通、比亚迪等客车厂商。
2021-12-03,明年退补30％，11月造车新势力销量大涨，特斯拉率先涨价,明年退补30％，11月造车新势力销量大涨，特斯拉率先涨价
2021-12-03,新能源成车企发力方向,新能源成车企发力方向
2021-12-03,丰田将与比亚迪合作生产电动汽车 将使用刀片电池,丰田将与比亚迪合作生产电动汽车 将使用刀片电池
2021-12-03,华西证券：特斯拉再扩产 产业链将受益,华西证券：特斯拉再扩产 产业链将受益
2021-12-03,新势力销量新高 智能电动变革加速 | 新能源汽车行业系列点评十九【华西汽车 崔琰团队】,新势力销量新高 智能电动变革加速 | 新能源汽车行业系列点评十九【华西汽车 崔琰团队】
2021-12-03,汽车事件点评：新势力引领自主崛起,汽车事件点评：新势力引领自主崛起
2021-12-03,丰田将推出全新纯电动汽车，或采用比亚迪关键技术,丰田将推出全新纯电动汽车，或采用比亚迪关键技术
2021-12-03,满油满电1090KM 一公里3毛钱！比亚迪新车真卖爆了,满油满电1090KM 一公里3毛钱！比亚迪新车真卖爆了
2021-12-03,比亚迪1211｜11月汽车销量增82.3% | 头条金融网,比亚迪1211｜11月汽车销量增82.3% | 头条金融网
2021-12-03,星源材质：公司已与宁德时代、韩国LG化学、三星SDI、比亚迪等国内外知名锂离子电池厂商建立长期稳定的合作关系,星源材质：公司已与宁德时代、韩国LG化学、三星SDI、比亚迪等国内外知名锂离子电池厂商建立长期稳定的合作关系
2021-12-03,丰田将推出一款搭载比亚迪电池的纯电小型车,丰田将推出一款搭载比亚迪电池的纯电小型车
2021-12-03,北向资金净买入逾30亿元，增持银行、医疗服务板块，最青睐这只锂电龙头股（名单）,北向资金净买入逾30亿元，增持银行、医疗服务板块，最青睐这只锂电龙头股（名单）
2021-12-03,需求井喷+磷酸价格回落 磷酸铁锂企业盈利水平有望进一步提升,需求井喷+磷酸价格回落 磷酸铁锂企业盈利水平有望进一步提升
2021-12-04,10月全球电动车品牌销量排行：比亚迪碾压特斯拉,10月全球电动车品牌销量排行：比亚迪碾压特斯拉
2021-12-04,碾压特斯拉！比亚迪重返全球第一,碾压特斯拉！比亚迪重返全球第一
2021-12-04,【华西计算机】1204 | 微软研究出新的分子控制器，使 DNA 存储写入速度提高 1000 倍,【华西计算机】1204 | 微软研究出新的分子控制器，使 DNA 存储写入速度提高 1000 倍
2021-12-04,比亚迪：海豚车型 11 月销量为 8809 辆,比亚迪：海豚车型 11 月销量为 8809 辆
2021-12-04,3 毛多一公里，内饰不输 30 万豪车，比亚迪 DM-i 真正的劲敌，超 7 成人想买！,3 毛多一公里，内饰不输 30 万豪车，比亚迪 DM-i 真正的劲敌，超 7 成人想买！
2021-12-04,刀片电池明年上丰田量产车？比亚迪回应,刀片电池明年上丰田量产车？比亚迪回应
2021-12-04,正强股份：产品已经在小鹏、威马、比亚迪等品牌的新能源乘用车上使用,正强股份：产品已经在小鹏、威马、比亚迪等品牌的新能源乘用车上使用
2021-12-04,搭载刀片电池，售价 19 万，丰田或将推全新电动轿车,搭载刀片电池，售价 19 万，丰田或将推全新电动轿车
2021-12-04,财联社汽车早报【12月4日】,财联社汽车早报【12月4日】
2021-12-04,9点1氪丨传阿里或全面试行灵活办公；蓝色起源等拿下NASA近27亿元合同；31个省份平均工资公布,9点1氪丨传阿里或全面试行灵活办公；蓝色起源等拿下NASA近27亿元合同；31个省份平均工资公布
2021-12-04,销量突破9万 比亚迪11月依旧成功“一打十”,销量突破9万 比亚迪11月依旧成功“一打十”
2021-12-04,华尔街见闻早餐FM-Radio｜2021年12月4日,华尔街见闻早餐FM-Radio｜2021年12月4日
2021-12-04,10月全球Top 20电动车品牌榜：比亚迪以压倒性优势夺冠，朋克首上榜,10月全球Top 20电动车品牌榜：比亚迪以压倒性优势夺冠，朋克首上榜
2021-12-04,新能源市场硝烟弥漫，合资电动车来势汹汹，中国品牌越战越勇,新能源市场硝烟弥漫，合资电动车来势汹汹，中国品牌越战越勇
2021-12-04,传丰田将在国内推全新电动车，20 万元采用比亚迪刀片电池,传丰田将在国内推全新电动车，20 万元采用比亚迪刀片电池
2021-12-04,DM-i卖疯了 比亚迪又创销量纪录！新能源暴涨252.7% 多车型创历史新高,DM-i卖疯了 比亚迪又创销量纪录！新能源暴涨252.7% 多车型创历史新高
2021-12-05,汽车行业周报：11月前三周累计批发环比+15% 看好自主崛起,汽车行业周报：11月前三周累计批发环比+15% 看好自主崛起
2021-12-05,国海证券维持比亚迪买入评级，事件点评：新能源车月销破9万辆再创新高,国海证券维持比亚迪买入评级，事件点评：新能源车月销破9万辆再创新高
2021-12-05,国海证券：给予比亚迪买入评级,国海证券：给予比亚迪买入评级
2021-12-05,电气设备行业周报：硅片加速尺寸变革推动降本 11月国内外电车销量持续向上,电气设备行业周报：硅片加速尺寸变革推动降本 11月国内外电车销量持续向上
2021-12-05,【国金电新&汽车】硅片降价促产业链新平衡，动力电池安全性要求提升带来新机会，氢能板块聚焦广东机会,【国金电新&汽车】硅片降价促产业链新平衡，动力电池安全性要求提升带来新机会，氢能板块聚焦广东机会
2021-12-05,比亚迪(002594)：新能源乘用车创新高 新车型表现亮眼,比亚迪(002594)：新能源乘用车创新高 新车型表现亮眼
2021-12-05,特斯拉供应商拓普集团生产缺陷导致召回，已完成生产线整改 产品问题,特斯拉供应商拓普集团生产缺陷导致召回，已完成生产线整改 产品问题
2021-12-05,周末影响A股十大事件来了！,周末影响A股十大事件来了！
2021-12-05,【安信汽车】比亚迪：11月销量表现优异，新车定价策略微变,【安信汽车】比亚迪：11月销量表现优异，新车定价策略微变
2021-12-05,新能源车今年销量有望达330万辆，多家车企11月销量翻倍,新能源车今年销量有望达330万辆，多家车企11月销量翻倍
2021-12-05,华西证券维持比亚迪增持评级：产销环比高增长新产能释放在即,华西证券维持比亚迪增持评级：产销环比高增长新产能释放在即
2021-12-05,600亿牛股摊上事？特斯拉大规模召回指向拓普集团 产品问题,600亿牛股摊上事？特斯拉大规模召回指向拓普集团 产品问题
2021-12-05,电连技术(300679)：汽车电动智能化开启第二成长主线,电连技术(300679)：汽车电动智能化开启第二成长主线
2021-12-05,比亚迪(002594)：混动瓶颈逐渐缓解 纯电继续放量 销量再创新高,比亚迪(002594)：混动瓶颈逐渐缓解 纯电继续放量 销量再创新高
2021-12-05,比亚迪 | 11月: 产销环比高增长 新产能释放在即【华西汽车 崔琰团队】,比亚迪 | 11月: 产销环比高增长 新产能释放在即【华西汽车 崔琰团队】
2021-12-05,中大型新能源轿车NO.1 比亚迪汉11月热销1.2万台：EV车型首破万,中大型新能源轿车NO.1 比亚迪汉11月热销1.2万台：EV车型首破万
2021-12-05,环比增长超46% 比亚迪e平台3.0首款车型海豚热销：11月卖出8809台,环比增长超46% 比亚迪e平台3.0首款车型海豚热销：11月卖出8809台
2021-12-05,盖世周报 | 丰田比亚迪合作生产电动汽车；广汽埃安启动内部资产重组,盖世周报 | 丰田比亚迪合作生产电动汽车；广汽埃安启动内部资产重组
2021-12-05,干货！2021年中国新能源汽车行业市场竞争格局——比亚迪：战略规划集中在四个方面,干货！2021年中国新能源汽车行业市场竞争格局——比亚迪：战略规划集中在四个方面
2021-12-05,12481辆，比亚迪汉单月销量再次突破历史记录,12481辆，比亚迪汉单月销量再次突破历史记录
2021-12-05,比亚迪在左，小鹏在右，广汽在哪？,比亚迪在左，小鹏在右，广汽在哪？
2021-12-05,比亚迪汽车：汉车型销量增长27.08%，再创历史新高,比亚迪汽车：汉车型销量增长27.08%，再创历史新高
2021-12-05,比亚迪汽车11月份销量公布 乘用车超9.7万辆,比亚迪汽车11月份销量公布 乘用车超9.7万辆
2021-12-06,电子行业周报：关注中概股政策风险,电子行业周报：关注中概股政策风险
2021-12-06,10月全球动力电池装机量TOP 10：宁德独占鳌头，比亚迪超松下，中韩差距拉大,10月全球动力电池装机量TOP 10：宁德独占鳌头，比亚迪超松下，中韩差距拉大
2021-12-06,【民生计算机】冬奥会的科技名片：自动驾驶与数字人民币,【民生计算机】冬奥会的科技名片：自动驾驶与数字人民币
2021-12-06,秋田微：公司交付至比亚迪的车载触控显示产品主要应用于比亚迪元、唐、宋MAX及秦等车型，包括搭载DM-i超级混动系统的部分车型,秋田微：公司交付至比亚迪的车载触控显示产品主要应用于比亚迪元、唐、宋MAX及秦等车型，包括搭载DM-i超级混动系统的部分车型
2021-12-06,比亚迪11月销量超9万辆 超额完成新能源年销目标,比亚迪11月销量超9万辆 超额完成新能源年销目标
2021-12-06,比亚迪们如何造就新能源渗透率的激增？,比亚迪们如何造就新能源渗透率的激增？
2021-12-06,鑫铂股份：下游客户主要为轨道交通和汽车轻量化企业,鑫铂股份：下游客户主要为轨道交通和汽车轻量化企业
2021-12-06,花旗：比亚迪11月新能源汽车销量胜预期，重申“买入”,花旗：比亚迪11月新能源汽车销量胜预期，重申“买入”
2021-12-06,松芝股份：公司与比亚迪有多年的合作关系,松芝股份：公司与比亚迪有多年的合作关系
2021-12-06,汽车行业周报：比亚迪11月新能源销量创新高 埃安引入战投,汽车行业周报：比亚迪11月新能源销量创新高 埃安引入战投
2021-12-06,被证监会立案调查，这只三倍牛股跌停！前期曾被大手笔减持,被证监会立案调查，这只三倍牛股跌停！前期曾被大手笔减持
2021-12-06,手握新能源汽车核心技术 比亚迪强者愈强,手握新能源汽车核心技术 比亚迪强者愈强
2021-12-06,大行评级 | 瑞信：比亚迪(1211.HK)11月汽车销量创新高 升目标价至380港元,大行评级 | 瑞信：比亚迪(1211.HK)11月汽车销量创新高 升目标价至380港元
2021-12-06,洪观 | 对于比亚迪，巴菲特看得比我准多了,洪观 | 对于比亚迪，巴菲特看得比我准多了
2021-12-06,2021年基金，买了个“寂寞”,2021年基金，买了个“寂寞”
2021-12-06,浙商证券：汽车行业步入电动智能化时代，看好头部自主车企,浙商证券：汽车行业步入电动智能化时代，看好头部自主车企
2021-12-06,总投资150亿元 比亚迪新能源汽车零部件产业园项目落地西安高新区,总投资150亿元 比亚迪新能源汽车零部件产业园项目落地西安高新区
2021-12-06,蓝黛科技：公司向比亚迪配套新能源减速器齿轴等产品,蓝黛科技：公司向比亚迪配套新能源减速器齿轴等产品
2021-12-06,中国银河维持电子行业推荐评级：《电子烟管理办法（征求意见稿）》出台，行业有望良性发展,中国银河维持电子行业推荐评级：《电子烟管理办法（征求意见稿）》出台，行业有望良性发展
2021-12-06,宁德时代市值站在1.5万亿关口后还有多大潜力？,宁德时代市值站在1.5万亿关口后还有多大潜力？
2021-12-06,比亚迪(002594)点评：11月新能源销量突破9万 行业市占率超25%,比亚迪(002594)点评：11月新能源销量突破9万 行业市占率超25%
2021-12-06,2022年国内新能源汽车销量展望,2022年国内新能源汽车销量展望
2021-12-06,华龙投顾周刊2021年第46期：市场逐步企稳,华龙投顾周刊2021年第46期：市场逐步企稳
2021-12-06,比亚迪找到了销量密码？,比亚迪找到了销量密码？
2021-12-06,汽车周报：新能源头部车企销量再超预期 持续看好产业链机遇,汽车周报：新能源头部车企销量再超预期 持续看好产业链机遇
2021-12-06,莱宝高科：公司通过汽车总成一级厂商间接向比亚迪部分车型供应车载触摸屏或盖板玻璃,莱宝高科：公司通过汽车总成一级厂商间接向比亚迪部分车型供应车载触摸屏或盖板玻璃
2021-12-06,机械行业：11月制造业PMI重回荣枯线上 关注制造升级投资机会,机械行业：11月制造业PMI重回荣枯线上 关注制造升级投资机会
2021-12-06,首席周观点：周期股会来第二春吗？,首席周观点：周期股会来第二春吗？
2021-12-06,新能源汽车行业：动力电池产业链深度梳理：头部企业优势明显 动力电池即将迈入TWH时代,新能源汽车行业：动力电池产业链深度梳理：头部企业优势明显 动力电池即将迈入TWH时代
2021-12-06,新能源车企陷入技术内卷，千公里续航是噱头还是必备武器？,新能源车企陷入技术内卷，千公里续航是噱头还是必备武器？
2021-12-06,比亚迪投资150亿元，在西安建设新能源汽车零部件项目,比亚迪投资150亿元，在西安建设新能源汽车零部件项目
2021-12-06,智慧芽报告：国内上市车企申请专利总量16.43万件 比亚迪具有领先优势,智慧芽报告：国内上市车企申请专利总量16.43万件 比亚迪具有领先优势
2021-12-06,21股今日获机构买入评级,21股今日获机构买入评级
2021-12-06,比亚迪年产值700亿新能源项目落户西安，2024年建成投产,比亚迪年产值700亿新能源项目落户西安，2024年建成投产
2021-12-06,电气设备行业周报：供给端持续突破 光伏终端进入上升周期,电气设备行业周报：供给端持续突破 光伏终端进入上升周期
2021-12-06,福特计划在两年内成为全球第二大电动汽车制造商，五家电池合作商包括宁德时代和比亚迪,福特计划在两年内成为全球第二大电动汽车制造商，五家电池合作商包括宁德时代和比亚迪
2021-12-06,无论冯思瀚离职与否，大众在中国的发展策略需要改变,无论冯思瀚离职与否，大众在中国的发展策略需要改变
2021-12-06,比亚迪、丰田合作项目首款车型明年亮相，或采用比亚迪e3.0平台技术,比亚迪、丰田合作项目首款车型明年亮相，或采用比亚迪e3.0平台技术
2021-12-06,通信行业：EDR：政策出台商用前景广阔 关注上游零部件机遇,通信行业：EDR：政策出台商用前景广阔 关注上游零部件机遇
2021-12-06,汽车行业周报：自主品牌销量加速向上,汽车行业周报：自主品牌销量加速向上
2021-12-06,比亚迪11月新能源汽车销量超9万辆，超额完成40万辆年销目标,比亚迪11月新能源汽车销量超9万辆，超额完成40万辆年销目标
2021-12-06,比亚迪新能源汽车零部件项目签约及产业园开工仪式在西安举行 刘国中赵一德会见王传福并出席签约及开工仪式,比亚迪新能源汽车零部件项目签约及产业园开工仪式在西安举行 刘国中赵一德会见王传福并出席签约及开工仪式
2021-12-06,10月全球动力电池装机量公布：宁德时代遥遥领先,10月全球动力电池装机量公布：宁德时代遥遥领先
2021-12-06,比亚迪11月乘用车销量近10万，新能源车型占比超9成,比亚迪11月乘用车销量近10万，新能源车型占比超9成
2021-12-06,港股公告精选：比亚迪11月新能源汽车销量同比增长超241.77%,港股公告精选：比亚迪11月新能源汽车销量同比增长超241.77%
2021-12-06,【今日主题前瞻】明年一季度再度提价 这类半导体供应紧张或至少持续到明年上半年,【今日主题前瞻】明年一季度再度提价 这类半导体供应紧张或至少持续到明年上半年
2021-12-06,钛媒体科股早知道：第二批智能网联汽车试点城市出炉；园区开展工业绿色低碳微电网建设,钛媒体科股早知道：第二批智能网联汽车试点城市出炉；园区开展工业绿色低碳微电网建设
2021-12-06,新能源车销售 创历史新高,新能源车销售 创历史新高
2021-12-06,北上资金青睐建筑装饰行业,北上资金青睐建筑装饰行业
2021-12-06,锂电池概念持续火爆，机构扎堆调研延安必康,锂电池概念持续火爆，机构扎堆调研延安必康
2021-12-06,兆丰股份(300695)公司深度：专精特新“小巨人” 轮毂轴承单元隐形冠军,兆丰股份(300695)公司深度：专精特新“小巨人” 轮毂轴承单元隐形冠军
2021-12-06,小K播早报|第二批智能网联汽车试点城市出炉 比亚迪11月新能源车销量同增240%,小K播早报|第二批智能网联汽车试点城市出炉 比亚迪11月新能源车销量同增240%
2021-12-06,比亚迪新能源汽车零部件项目落户西安市高新区,比亚迪新能源汽车零部件项目落户西安市高新区
2021-12-06,比亚迪汽车11月份销量公布 乘用车超9.7万辆,比亚迪汽车11月份销量公布 乘用车超9.7万辆
2021-12-06,安信证券：维持比亚迪(002594.SZ)“买入-A”评级 目标价360元,安信证券：维持比亚迪(002594.SZ)“买入-A”评级 目标价360元
2021-12-06,A股融资融券日报：两融余额减少18.05亿元（12月3日）,A股融资融券日报：两融余额减少18.05亿元（12月3日）
2021-12-06,特斯拉、比亚迪都用了，得碳化硅者得天下？,特斯拉、比亚迪都用了，得碳化硅者得天下？
2021-12-06,11月新能源汽车产销增速超预期 比亚迪称加快DM-i生产节奏,11月新能源汽车产销增速超预期 比亚迪称加快DM-i生产节奏
2021-12-06,比亚迪：DM-i车型上市后订单需求持续增加,比亚迪：DM-i车型上市后订单需求持续增加
2021-12-06,比亚迪：刀片电池的体积利用率提升了50%，达到高能量密度三元锂电池同等水平,比亚迪：刀片电池的体积利用率提升了50%，达到高能量密度三元锂电池同等水平
2021-12-06,【券商聚焦】瑞信升比亚迪股份(01211)目标价8.6%至380港元 维持“跑赢大市”评级,【券商聚焦】瑞信升比亚迪股份(01211)目标价8.6%至380港元 维持“跑赢大市”评级
2021-12-06,超越特斯拉！比亚迪汉EV月销破万,超越特斯拉！比亚迪汉EV月销破万
2021-12-06,11月新能源销量中国第一！比亚迪：DM-i供不应求 正全力提产,11月新能源销量中国第一！比亚迪：DM-i供不应求 正全力提产
2021-12-06,汽车行业第49周周报：新势力11月销量高增长 新能源车延续高景气度,汽车行业第49周周报：新势力11月销量高增长 新能源车延续高景气度
2021-12-06,卡仕威重工 比亚迪关联公司成立新公司,卡仕威重工 比亚迪关联公司成立新公司
2021-12-06,比亚迪：公司DM,比亚迪：公司DM
2021-12-06,长城插混车型魏派“咖啡”，能跟比亚迪“王朝”平起平坐？,长城插混车型魏派“咖啡”，能跟比亚迪“王朝”平起平坐？
2021-12-06,比亚迪：公司DM-i各车型上市订单需求强劲 正积极加速生产节奏以满足用户需求,比亚迪：公司DM-i各车型上市订单需求强劲 正积极加速生产节奏以满足用户需求
2021-12-06,单月大卖近10万台，同比猛增82.3%，比亚迪是如何得到到销量密码的？,单月大卖近10万台，同比猛增82.3%，比亚迪是如何得到到销量密码的？
2021-12-06,港股烟草板块早盘持续下探，中国波顿跌超10%，思摩尔国际跌超4%，比亚迪电,港股烟草板块早盘持续下探，中国波顿跌超10%，思摩尔国际跌超4%，比亚迪电
2021-12-06,DM-i超级混动成了！比亚迪11月卖爆 核心目标提前达成,DM-i超级混动成了！比亚迪11月卖爆 核心目标提前达成
2021-12-07,北向资金今日净买入79.49亿元，继续抄底大金融板块,北向资金今日净买入79.49亿元，继续抄底大金融板块
2021-12-07,壹石通：公司的勃姆石产品已通过比亚迪刀片电池测试 开始小批量供应,壹石通：公司的勃姆石产品已通过比亚迪刀片电池测试 开始小批量供应
2021-12-07,比亚迪爆红故事：强大的中国车是怎么炼成的？,比亚迪爆红故事：强大的中国车是怎么炼成的？
2021-12-07,福特确认宁德时代为电池供应商 后者将与比亚迪等助福特实现电动转型,福特确认宁德时代为电池供应商 后者将与比亚迪等助福特实现电动转型
2021-12-07,新能源汽车产业链行业周报：11月新势力销量高增 北欧电动车渗透率领跑全球,新能源汽车产业链行业周报：11月新势力销量高增 北欧电动车渗透率领跑全球
2021-12-07,电气设备行业周报：光伏硅片下调报价 产业博弈出现拐点,电气设备行业周报：光伏硅片下调报价 产业博弈出现拐点
2021-12-07,外资月报第26期：外围扰动加剧 配置盘稳步流入,外资月报第26期：外围扰动加剧 配置盘稳步流入
2021-12-07,北向资金今日净流入79亿元 中国平安获加仓5亿元,北向资金今日净流入79亿元 中国平安获加仓5亿元
2021-12-07,A股资金流向：赛道股再度下杀，资金进驻价值蓝筹,A股资金流向：赛道股再度下杀，资金进驻价值蓝筹
2021-12-07,比亚迪公布车辆虚拟钥匙共享专利 通过密文验证可获得操控权限,比亚迪公布车辆虚拟钥匙共享专利 通过密文验证可获得操控权限
2021-12-07,金融街下午茶2021年12月7日星期二,金融街下午茶2021年12月7日星期二
2021-12-07,新能源车熄火了？宁德时代两连跌，遭北向资金出逃逾10亿元,新能源车熄火了？宁德时代两连跌，遭北向资金出逃逾10亿元
2021-12-07,投资150亿！比亚迪新能源汽车零部件项目落户西安！,投资150亿！比亚迪新能源汽车零部件项目落户西安！
2021-12-07,左拥宁德时代右抱比亚迪，丰田明年或推20万以下新电动车,左拥宁德时代右抱比亚迪，丰田明年或推20万以下新电动车
2021-12-07,万丰奥威：公司已与蔚来，小鹏，比亚迪主机厂进行了合作，并进入其供应链，部分产品已实现批量供货,万丰奥威：公司已与蔚来，小鹏，比亚迪主机厂进行了合作，并进入其供应链，部分产品已实现批量供货
2021-12-07,新能源汽车销量延续高增长态势 造车新势力齐头并进,新能源汽车销量延续高增长态势 造车新势力齐头并进
2021-12-07,海外基金赚数倍离场，锂电失宠？“别怕，技术性调整”,海外基金赚数倍离场，锂电失宠？“别怕，技术性调整”
2021-12-07,【招商策略】日本拟提高电动车补贴，OLED板块普涨——全球产业趋势跟踪周报（1207）,【招商策略】日本拟提高电动车补贴，OLED板块普涨——全球产业趋势跟踪周报（1207）
2021-12-07,中国科创突围战：龙头顶天，中小企盖地,中国科创突围战：龙头顶天，中小企盖地
2021-12-07,通达电气：公司与比亚迪、宇通客车、中国重汽、中国中车等多家国内商用车生产厂商建立了长期稳定的合作关系,通达电气：公司与比亚迪、宇通客车、中国重汽、中国中车等多家国内商用车生产厂商建立了长期稳定的合作关系
2021-12-07,光洋股份：公司为比亚迪【汉&宋&秦平台】车型开发后轮毂轴承单元总成产品,光洋股份：公司为比亚迪【汉&宋&秦平台】车型开发后轮毂轴承单元总成产品
2021-12-07,比亚迪技术支持丰田在华推纯电车,比亚迪技术支持丰田在华推纯电车
2021-12-07,左手宁德时代、右手比亚迪 福特汽车猛攻纯电化：年产量两年内突破60万,左手宁德时代、右手比亚迪 福特汽车猛攻纯电化：年产量两年内突破60万
2021-12-07,丰田合作比亚迪推出纯电车型 预计2022年底上市,丰田合作比亚迪推出纯电车型 预计2022年底上市
2021-12-07,中概股暴跌“连累”比亚迪？,中概股暴跌“连累”比亚迪？
2021-12-07,换充还是充电？哪个才是电动车的未来！,换充还是充电？哪个才是电动车的未来！
2021-12-07,【华创汽车】比亚迪：2022年新品平衡投放,【华创汽车】比亚迪：2022年新品平衡投放
2021-12-07,年产值700亿 比亚迪新能源项目落户西安,年产值700亿 比亚迪新能源项目落户西安
2021-12-07,煮酒论车丨合创Z03显示了怎样的Z逻辑？,煮酒论车丨合创Z03显示了怎样的Z逻辑？
2021-12-07,EV晨报 | 理想汽车发布OTA 3.0；特斯拉发布全自动驾驶FSD Beta 10.6；理想X01路试谍照曝光,EV晨报 | 理想汽车发布OTA 3.0；特斯拉发布全自动驾驶FSD Beta 10.6；理想X01路试谍照曝光
2021-12-07,安信研究|晨会在线 20211207,安信研究|晨会在线 20211207
2021-12-07,港股盘前必读：央行降准0.5个百分点，美国三大股指集体收涨,港股盘前必读：央行降准0.5个百分点，美国三大股指集体收涨
2021-12-07,A股融资融券日报：两融余额减少24.72亿元（12月6日）,A股融资融券日报：两融余额减少24.72亿元（12月6日）
2021-12-07,比亚迪新能源汽车零部件产业园项目落地西安,比亚迪新能源汽车零部件产业园项目落地西安
2021-12-07,7个品牌公布11月销量：东风日产、吉利累计超百万，比亚迪创新高,7个品牌公布11月销量：东风日产、吉利累计超百万，比亚迪创新高
2021-12-07,DM-i超级混动供不应求！比亚迪新能源汽车零部件产业园开工,DM-i超级混动供不应求！比亚迪新能源汽车零部件产业园开工
2021-12-07,比亚迪(002594)：11月销量超预期 结构优化验证产品力,比亚迪(002594)：11月销量超预期 结构优化验证产品力
2021-12-07,固态电池大战将至,固态电池大战将至
2021-12-07,10年布局23款新车不难，最让日产头疼的竟是中国市场,10年布局23款新车不难，最让日产头疼的竟是中国市场
2021-12-07,南山铝业：公司正在配合比亚迪进行多项压延材产品测试,南山铝业：公司正在配合比亚迪进行多项压延材产品测试
2021-12-07,比亚迪：目前海洋网下海洋生物系列已推出“海豚”，未来还会推出“海鸥”等车型,比亚迪：目前海洋网下海洋生物系列已推出“海豚”，未来还会推出“海鸥”等车型
2021-12-07,10月全球销量榜：比亚迪再次超越特斯拉登顶冠军 朋克汽车首上榜,10月全球销量榜：比亚迪再次超越特斯拉登顶冠军 朋克汽车首上榜
2021-12-07,和特斯拉一样热销！比亚迪回应DM-i车型缺货,和特斯拉一样热销！比亚迪回应DM-i车型缺货
2021-12-07,锐明技术：公司与比亚迪在公交、出租等方面已开展业务合作,锐明技术：公司与比亚迪在公交、出租等方面已开展业务合作
2021-12-07,特斯拉们被挑战！丰田联合比亚迪推全新电动汽车,特斯拉们被挑战！丰田联合比亚迪推全新电动汽车
2021-12-07,1000公里续驶：真需要还是“秀肌肉”,1000公里续驶：真需要还是“秀肌肉”
2021-12-07,11月车企投诉指数排行：芯片荒带动投诉突涨,11月车企投诉指数排行：芯片荒带动投诉突涨
2021-12-07,比亚迪：混动车型产销量逐月攀升，正统筹规划相关产能及零部件供应,比亚迪：混动车型产销量逐月攀升，正统筹规划相关产能及零部件供应
2021-12-07,比亚迪年产值700亿新能源项目落户西安,比亚迪年产值700亿新能源项目落户西安
2021-12-08,锂电池原料暴涨，宁德时代、蔚来们如何寻求突破？,锂电池原料暴涨，宁德时代、蔚来们如何寻求突破？
2021-12-08,北向资金再度加仓近百亿，贵州茅台获大幅净买入超16亿元,北向资金再度加仓近百亿，贵州茅台获大幅净买入超16亿元
2021-12-08,传统车企掀起分拆热潮，新能源赛道yyds？,传统车企掀起分拆热潮，新能源赛道yyds？
2021-12-08,新能源销量最新排名出炉：比亚迪一骑绝尘 DM-i供不应求,新能源销量最新排名出炉：比亚迪一骑绝尘 DM-i供不应求
2021-12-08,山东威达：公司换电站业务由控股孙公司“昆山斯沃普”承接，目前主要为蔚来汽车提供二代换电站,山东威达：公司换电站业务由控股孙公司“昆山斯沃普”承接，目前主要为蔚来汽车提供二代换电站
2021-12-08,乘联会：11月新能源乘用车市场零售达到37.8万辆,乘联会：11月新能源乘用车市场零售达到37.8万辆
2021-12-08,实探年末车市：“双十二”优惠诚意不足，“缺芯”现象有所缓解，仍有品牌提车要等半年,实探年末车市：“双十二”优惠诚意不足，“缺芯”现象有所缓解，仍有品牌提车要等半年
2021-12-08,未来三年，动力电池将掀起融资大战，宁德时代、比亚迪等将涌入这股浪潮中,未来三年，动力电池将掀起融资大战，宁德时代、比亚迪等将涌入这股浪潮中
2021-12-08,比亚迪1211｜全资入股建筑工程公司 | 头条金融网,比亚迪1211｜全资入股建筑工程公司 | 头条金融网
2021-12-08,乘联会：11月新能源乘用车零售销量环比增长19.8%,乘联会：11月新能源乘用车零售销量环比增长19.8%
2021-12-08,不断扩张国内朋友圈，Momenta能否成为下一个宁德时代？,不断扩张国内朋友圈，Momenta能否成为下一个宁德时代？
2021-12-08,7.9 秒破百，随便开油耗才 4.1L，能加 92 号油，这台国产 SUV 稳了！,7.9 秒破百，随便开油耗才 4.1L，能加 92 号油，这台国产 SUV 稳了！
2021-12-08,乘联会最新报告：11月自主品牌份额超46%，新能源超40万辆,乘联会最新报告：11月自主品牌份额超46%，新能源超40万辆
2021-12-08,固态电池来了！锂电巨头称随时可量产装车！,固态电池来了！锂电巨头称随时可量产装车！
2021-12-08,工信部发布关于《享受车船税减免优惠的节约能源 使用新能源汽车车型目录》（第三十四批）拟发布内容的公示，理想ONE、比亚迪秦PLUS等车型在列,工信部发布关于《享受车船税减免优惠的节约能源 使用新能源汽车车型目录》（第三十四批）拟发布内容的公示，理想ONE、比亚迪秦PLUS等车型在列
2021-12-08,比亚迪1211｜明年上半年推高端品牌　定价50至100万人币 | 头条金融网,比亚迪1211｜明年上半年推高端品牌　定价50至100万人币 | 头条金融网
2021-12-08,蜂巢能源挑战2025年600GWh产能目标 动力电池行业加速内卷,蜂巢能源挑战2025年600GWh产能目标 动力电池行业加速内卷
2021-12-08,比亚迪(002594.SZ)股东吕向阳等质押235万股,比亚迪(002594.SZ)股东吕向阳等质押235万股
2021-12-08,吕向阳、融捷投资控股质押比亚迪0.08%股份,吕向阳、融捷投资控股质押比亚迪0.08%股份
2021-12-08,汽车行业简评报告：11月比亚迪、造车新势力销量齐创新高 经销商补库进行时,汽车行业简评报告：11月比亚迪、造车新势力销量齐创新高 经销商补库进行时
2021-12-08,泊寓跨界李宁，打造国潮运动主题租赁社区，开业当天即满租,泊寓跨界李宁，打造国潮运动主题租赁社区，开业当天即满租
2021-12-08,中国新能源汽车销量不断增长！比亚迪最受欢迎 特斯拉销量月度下滑 盈利能力下降,中国新能源汽车销量不断增长！比亚迪最受欢迎 特斯拉销量月度下滑 盈利能力下降
2021-12-08,工信部发布新一批免征车辆购置税新能源汽车车型目录 比亚迪唐在列,工信部发布新一批免征车辆购置税新能源汽车车型目录 比亚迪唐在列
2021-12-08,比亚迪唐、丰田首款氢燃料电车在内：2021年最新一批免征购置税车型公示,比亚迪唐、丰田首款氢燃料电车在内：2021年最新一批免征购置税车型公示
2021-12-08,北向资金12月净流入超300亿，赛道切换剑指何处？,北向资金12月净流入超300亿，赛道切换剑指何处？
2021-12-08,嵘泰股份(605133)：新能源业务有望快速放量 规模效应有望提升盈利弹性,嵘泰股份(605133)：新能源业务有望快速放量 规模效应有望提升盈利弹性
2021-12-08,“纯电亚洲狮”还是“换壳秦 PLUS ”？关于丰田与比亚迪合作造车的三个猜想,“纯电亚洲狮”还是“换壳秦 PLUS ”？关于丰田与比亚迪合作造车的三个猜想
2021-12-08,新能源汽车持续走热！明年销量或破500万辆,新能源汽车持续走热！明年销量或破500万辆
2021-12-08,2021证券之星财经风云榜年度评选圆满收官,2021证券之星财经风云榜年度评选圆满收官
2021-12-08,10 月全球新能源 : 比亚迪两个特斯拉,10 月全球新能源 : 比亚迪两个特斯拉
2021-12-08,比亚迪：Jefferies于12月6日调研我司,比亚迪：Jefferies于12月6日调研我司
2021-12-08,机构扎堆调研科技创新上市公司,机构扎堆调研科技创新上市公司
2021-12-08,2022年度投资策略丨电新之新能源篇：产业链进化的关键一年，重视后周期和新技术,2022年度投资策略丨电新之新能源篇：产业链进化的关键一年，重视后周期和新技术
2021-12-08,每日理财观察：前11个月我国进出口规模超去年全年,每日理财观察：前11个月我国进出口规模超去年全年
2021-12-08,中国车规IGBT企业的野心、行动、图谋与布局,中国车规IGBT企业的野心、行动、图谋与布局
2021-12-08,隔膜行业：短期涨价催化 长期成长无忧,隔膜行业：短期涨价催化 长期成长无忧
2021-12-08,北向资金动向盘点：狂买金融股，风格已变,北向资金动向盘点：狂买金融股，风格已变
2021-12-08,A股融资融券日报：两融余额减少43.44亿元（12月7日）,A股融资融券日报：两融余额减少43.44亿元（12月7日）
2021-12-08,【干货】电池管理系统行业产业链全景梳理及区域热力地图,【干货】电池管理系统行业产业链全景梳理及区域热力地图
2021-12-08,中汽协：比亚迪11月汽车销量98340辆，同比增长82.3%,中汽协：比亚迪11月汽车销量98340辆，同比增长82.3%
2021-12-08,北向资金扫货A股近80亿元！大幅增持银行券商，减持有色金属（附股） 减持股份,北向资金扫货A股近80亿元！大幅增持银行券商，减持有色金属（附股） 减持股份
2021-12-08,中汽协：主要汽车企业11月份销量多数同比下滑，比亚迪(01211)逆势增加82.3% 盈利能力下降,中汽协：主要汽车企业11月份销量多数同比下滑，比亚迪(01211)逆势增加82.3% 盈利能力下降
2021-12-08,锂电池供应缺口依然存在，明年价格涨幅将加大,锂电池供应缺口依然存在，明年价格涨幅将加大
2021-12-08,中汽协：比亚迪11月销量98340辆 同比增加82.3%,中汽协：比亚迪11月销量98340辆 同比增加82.3%
2021-12-08,纯电续航超200KM同级最强！国民第一SUV挑战比亚迪DM,纯电续航超200KM同级最强！国民第一SUV挑战比亚迪DM
2021-12-08,比亚迪拿下十月全球销量冠军，新能源品牌销量再创新高,比亚迪拿下十月全球销量冠军，新能源品牌销量再创新高
2021-12-08,开源证券：给予欣锐科技增持评级,开源证券：给予欣锐科技增持评级
2021-12-08,汽车轻量化新突破丨弯道超车，汽车轻量化方兴未艾,汽车轻量化新突破丨弯道超车，汽车轻量化方兴未艾
2021-12-08,磷酸铁锂市场高速扩张，原材料降价有利于产业链企业提升盈利质量,磷酸铁锂市场高速扩张，原材料降价有利于产业链企业提升盈利质量
2021-12-08,投资150亿 比亚迪新能源汽车项目落户西安,投资150亿 比亚迪新能源汽车项目落户西安
2021-12-08,估值500亿美元的全球自动驾驶最大IPO，英特尔最好的套现机会,估值500亿美元的全球自动驾驶最大IPO，英特尔最好的套现机会
2021-12-08,Mysteel：11月新能源车销量超预期，比亚迪蝉联第一,Mysteel：11月新能源车销量超预期，比亚迪蝉联第一
2021-12-08,比亚迪纯电动卡车首次驶入荷兰，将为宜家提供配送服务,比亚迪纯电动卡车首次驶入荷兰，将为宜家提供配送服务
2021-12-09,对合资车唯唯诺诺，对国产车重拳出击，国人维权真的双标吗？,对合资车唯唯诺诺，对国产车重拳出击，国人维权真的双标吗？
2021-12-09,A股资金流向：金融、消费持续回暖，外资助推风格切换,A股资金流向：金融、消费持续回暖，外资助推风格切换
2021-12-09,安利股份：公司与比亚迪合作处于前期项目开发准备阶段,安利股份：公司与比亚迪合作处于前期项目开发准备阶段
2021-12-09,98亿公里！11月新能源汽车行驶里程榜出炉：比亚迪稳坐第一,98亿公里！11月新能源汽车行驶里程榜出炉：比亚迪稳坐第一
2021-12-09,传士兰微获比亚迪亿元车规级IGBT订单,传士兰微获比亚迪亿元车规级IGBT订单
2021-12-09,和讯SGI公司| 奥普特 SGI指数最新评分86分，股价大涨278%，绑定宁德时代比亚迪，蹭上新能源热潮的风口,和讯SGI公司| 奥普特 SGI指数最新评分86分，股价大涨278%，绑定宁德时代比亚迪，蹭上新能源热潮的风口
2021-12-09,2025年600GWh的产能目标，蜂巢能源能否与宁德时代、比亚迪正面竞争？,2025年600GWh的产能目标，蜂巢能源能否与宁德时代、比亚迪正面竞争？
2021-12-09,比亚迪：把好脉，踩对点，成为单车均价最高的自主品牌,比亚迪：把好脉，踩对点，成为单车均价最高的自主品牌
2021-12-09,银轮股份：公司目前已为比亚迪配套电子风扇等,银轮股份：公司目前已为比亚迪配套电子风扇等
2021-12-09,比亚迪e平台3.0带给汽车界的启示,比亚迪e平台3.0带给汽车界的启示
2021-12-09,韩国交易所将发布3项韩中合作指数,韩国交易所将发布3项韩中合作指数
2021-12-09,减持宁德时代 北向资金投向哪里？ 减持股份,减持宁德时代 北向资金投向哪里？ 减持股份
2021-12-09,517马力、零百加速4秒多：新款比亚迪唐EV四驱高性能版申报,517马力、零百加速4秒多：新款比亚迪唐EV四驱高性能版申报
2021-12-09,汽车行业点评报告：11月批发环比+9% 新能源批发表现靓丽,汽车行业点评报告：11月批发环比+9% 新能源批发表现靓丽
2021-12-09,乘联会：11月国内狭义乘用车市场销量达181.6万辆，同比下降12.7%,乘联会：11月国内狭义乘用车市场销量达181.6万辆，同比下降12.7%
2021-12-09,科创板晚报|工信部下架豆瓣等106款APP 澜起科技披露2022年关联交易预计额度,科创板晚报|工信部下架豆瓣等106款APP 澜起科技披露2022年关联交易预计额度
2021-12-09,北向资金狂买A股超200亿净买入额创历史次高，继续大幅抢筹白酒股,北向资金狂买A股超200亿净买入额创历史次高，继续大幅抢筹白酒股
2021-12-09,中国新能源销量榜：比亚迪暴走 销量近乎是特斯拉三倍,中国新能源销量榜：比亚迪暴走 销量近乎是特斯拉三倍
2021-12-09,ATFX港股：新能源车11月销量37.8万辆，处于全年最高水平,ATFX港股：新能源车11月销量37.8万辆，处于全年最高水平
2021-12-09,“十四五”农村规划吹风会两大要点：消费更新+粮食安全，五大板块异动！,“十四五”农村规划吹风会两大要点：消费更新+粮食安全，五大板块异动！
2021-12-09,丰田新车将搭比亚迪磷酸铁锂刀片电池，到底是谁占了谁的便宜？,丰田新车将搭比亚迪磷酸铁锂刀片电池，到底是谁占了谁的便宜？
2021-12-09,再创历史新高！比亚迪汉11月热销12841辆，汉EV首度破万,再创历史新高！比亚迪汉11月热销12841辆，汉EV首度破万
2021-12-09,11月车企销量排名公布：上汽大众跌至第三，比亚迪冲到第五 盈利能力下降,11月车企销量排名公布：上汽大众跌至第三，比亚迪冲到第五 盈利能力下降
2021-12-09,11月中国汽车厂商排行榜：吉利干掉上汽大众拿下亚军 比亚迪封神,11月中国汽车厂商排行榜：吉利干掉上汽大众拿下亚军 比亚迪封神
2021-12-09,11月新能源汽车零售翻倍增长，主流合资车企拖后腿,11月新能源汽车零售翻倍增长，主流合资车企拖后腿
2021-12-09,超越宁德时代？蜂巢能源激进上调2025年电池产能目标,超越宁德时代？蜂巢能源激进上调2025年电池产能目标
2021-12-09,比亚迪、华为侧目！采用特斯拉技术的维多利亚储能电站启用,比亚迪、华为侧目！采用特斯拉技术的维多利亚储能电站启用
2021-12-09,中国汽车行业上市企业专利数榜单发布，比亚迪有效发明专利超行业均值60倍,中国汽车行业上市企业专利数榜单发布，比亚迪有效发明专利超行业均值60倍
2021-12-09,四川路桥(600039)：基建龙头再迎新机 新能源转型蓄势待发,四川路桥(600039)：基建龙头再迎新机 新能源转型蓄势待发
2021-12-09,爱回收、豆瓣、唱吧等106款App被工信部下架; 宗馥莉出任娃哈哈副董事长兼总经理丨大公司动态 产品问题,爱回收、豆瓣、唱吧等106款App被工信部下架; 宗馥莉出任娃哈哈副董事长兼总经理丨大公司动态 产品问题
2021-12-09,新能源车渗透率超20%！车企：动力电池不够用,新能源车渗透率超20%！车企：动力电池不够用
2021-12-09,德赛西威：公司智能座舱产品获比亚迪、长城汽车等主流车企新订单,德赛西威：公司智能座舱产品获比亚迪、长城汽车等主流车企新订单
2021-12-09,港股异动 | 时代电气(03898)急升近5% 报道称比亚迪向士兰微、时代电气等下达车规级IGBT订单,港股异动 | 时代电气(03898)急升近5% 报道称比亚迪向士兰微、时代电气等下达车规级IGBT订单
2021-12-09,比亚迪品牌之路：高端化与年轻化并举,比亚迪品牌之路：高端化与年轻化并举
2021-12-09,比亚迪纯电动汽车将登陆巴西，首款车唐 EV 计划于 2022 年上市,比亚迪纯电动汽车将登陆巴西，首款车唐 EV 计划于 2022 年上市
2021-12-09,张天瑜：一位“不认为自己成功”的企业家,张天瑜：一位“不认为自己成功”的企业家
2021-12-09,动力电池现军备竞赛，蜂巢能源挑战宁德时代,动力电池现军备竞赛，蜂巢能源挑战宁德时代
2021-12-09,A股突然启动上涨，茅台收复2000元，人民币连创新高！,A股突然启动上涨，茅台收复2000元，人民币连创新高！
2021-12-09,又多两家造车新势力：一个是华为前太子，一个要打滴滴,又多两家造车新势力：一个是华为前太子，一个要打滴滴
2021-12-09,11月新能源车零售渗透率达20.8%,11月新能源车零售渗透率达20.8%
2021-12-09,湖南裕能：2020年两大客户入股成关联方 客户集中度较高,湖南裕能：2020年两大客户入股成关联方 客户集中度较高
2021-12-09,新能源车市期末考：今年超预期 明年拼耐力,新能源车市期末考：今年超预期 明年拼耐力
2021-12-09,智通港股早知道 | (12月9日)腾盛博药-B(02137)两项新冠单抗注射液获批 比亚迪(01211)固态电池可随时量产装车,智通港股早知道 | (12月9日)腾盛博药-B(02137)两项新冠单抗注射液获批 比亚迪(01211)固态电池可随时量产装车
2021-12-09,科博达深度报告（二） - 守正出奇，把握汽车ECU未来发展大趋势【太平洋汽车白宇团队】,科博达深度报告（二） - 守正出奇，把握汽车ECU未来发展大趋势【太平洋汽车白宇团队】
2021-12-09,外资爆买A股！一天狂加仓近百亿！抄底宁德时代，重仓茅台、招行,外资爆买A股！一天狂加仓近百亿！抄底宁德时代，重仓茅台、招行
2021-12-09,市场有多追捧锂电？一个项目，一字涨停！,市场有多追捧锂电？一个项目，一字涨停！
2021-12-09,竞争比亚迪汉和小鹏 P7，体验极狐 阿尔法 S,竞争比亚迪汉和小鹏 P7，体验极狐 阿尔法 S
2021-12-09,北向资金继续加仓A股97亿元，酿酒行业获大幅增持，抢筹这些白酒股（名单）,北向资金继续加仓A股97亿元，酿酒行业获大幅增持，抢筹这些白酒股（名单）
2021-12-09,新能源巨头：锂电池供给极度紧张！官方数据释放重磅信号,新能源巨头：锂电池供给极度紧张！官方数据释放重磅信号
2021-12-09,助力800V高压平台上车，自主SiC加速抢风口,助力800V高压平台上车，自主SiC加速抢风口
2021-12-09,比亚迪向士兰微、华润微、斯达半导、时代电气等下达车规级IGBT订单,比亚迪向士兰微、华润微、斯达半导、时代电气等下达车规级IGBT订单
2021-12-09,独家|比亚迪向士兰微、华润微、斯达半导、时代电气等下达车规级IGBT订单,独家|比亚迪向士兰微、华润微、斯达半导、时代电气等下达车规级IGBT订单
2021-12-09,巴西首款纯电动7座SUV亮相：搭载刀片电池、比亚迪造,巴西首款纯电动7座SUV亮相：搭载刀片电池、比亚迪造
2021-12-09,11月新能源汽车渗透率达到20.8％，特斯拉批发5.29万辆出口2.11万辆,11月新能源汽车渗透率达到20.8％，特斯拉批发5.29万辆出口2.11万辆
2021-12-09,比亚迪驱逐舰05挺进“红海”，A级轿车市场将迎来降维打击,比亚迪驱逐舰05挺进“红海”，A级轿车市场将迎来降维打击
2021-12-09,由于芯片产能紧张 比亚迪向士兰微、华润微、斯达半导等下达车规级IGBT订单,由于芯片产能紧张 比亚迪向士兰微、华润微、斯达半导等下达车规级IGBT订单
2021-12-09,沃尔沃、比亚迪实现环比上涨，在芯片短缺潮下，车企如何各显神通？,沃尔沃、比亚迪实现环比上涨，在芯片短缺潮下，车企如何各显神通？
2021-12-09,新能源车销量持续增长，比亚迪迈向全球市场,新能源车销量持续增长，比亚迪迈向全球市场
2021-12-09,续航1200公里，可用15年，铝电池要颠覆行业格局？求证来了,续航1200公里，可用15年，铝电池要颠覆行业格局？求证来了
2021-12-09,东亚机械：公司的终端客户包括有比亚迪、东风汽车、上汽集团等,东亚机械：公司的终端客户包括有比亚迪、东风汽车、上汽集团等
2021-12-09,【安信汽车】11月乘用车销量持续向好，新能源车渗透率超20%,【安信汽车】11月乘用车销量持续向好，新能源车渗透率超20%
2021-12-09,比亚迪(002594)：销量趋势延续 12月月销有望突破十万辆,比亚迪(002594)：销量趋势延续 12月月销有望突破十万辆
2021-12-09,汽车和汽车零配件行业11月乘联会数据跟踪报告：新能源车渗透率再次近20% 年底或将进一步抬升,汽车和汽车零配件行业11月乘联会数据跟踪报告：新能源车渗透率再次近20% 年底或将进一步抬升
2021-12-09,北向资金动向盘点：同时重手加仓白酒、新能源,北向资金动向盘点：同时重手加仓白酒、新能源
2021-12-09,士兰微车规级IGBT获比亚迪亿元级订单，看中IDM模式及产能，斯达半导、时代电气、华润微等也获订单,士兰微车规级IGBT获比亚迪亿元级订单，看中IDM模式及产能，斯达半导、时代电气、华润微等也获订单
2021-12-09,汽车行业年底冲关：新旧能源两极分化，智能化带动“零部件”价值发现,汽车行业年底冲关：新旧能源两极分化，智能化带动“零部件”价值发现
2021-12-10,崔东树：11月新能源乘用车批发销量同比增长133%至43万辆 渗透率达20%,崔东树：11月新能源乘用车批发销量同比增长133%至43万辆 渗透率达20%
2021-12-10,中国有可能诞生自己的丰田现代吗？,中国有可能诞生自己的丰田现代吗？
2021-12-10,东亚机械：公司目前产品没有新能源汽车零部件产品,东亚机械：公司目前产品没有新能源汽车零部件产品
2021-12-10,电池材料分析—2021年4季度报告,电池材料分析—2021年4季度报告
2021-12-10,比亚迪、新势力连破纪录！中科院院士预测新能源销量将爆涨,比亚迪、新势力连破纪录！中科院院士预测新能源销量将爆涨
2021-12-10,松芝股份：公司向比亚迪不同事业部配套包括大中型客车空调、大中型客车电池热管理系统、乘用车散热器以及乘用车空调相关产品,松芝股份：公司向比亚迪不同事业部配套包括大中型客车空调、大中型客车电池热管理系统、乘用车散热器以及乘用车空调相关产品
2021-12-10,比亚迪回归智能网联汽车销量第一！,比亚迪回归智能网联汽车销量第一！
2021-12-10,比亚迪乘用车11月销量97242，新能源超9万同比暴涨252.7%,比亚迪乘用车11月销量97242，新能源超9万同比暴涨252.7%
2021-12-10,11月SUV销量：哈弗H6、长安CS75大跌，比亚迪宋位列第二 盈利能力下降,11月SUV销量：哈弗H6、长安CS75大跌，比亚迪宋位列第二 盈利能力下降
2021-12-10,艰难转折中的吉利,艰难转折中的吉利
2021-12-10,北向资金本周净买入额创历史新高，连续6日抢筹贵州茅台累计加仓超47亿,北向资金本周净买入额创历史新高，连续6日抢筹贵州茅台累计加仓超47亿
2021-12-10,比今年翻倍！比亚迪计划2022年售出120万台新能源汽车,比今年翻倍！比亚迪计划2022年售出120万台新能源汽车
2021-12-10,美锦能源：公司控股子公司飞驰科技暂无与比亚迪合作,美锦能源：公司控股子公司飞驰科技暂无与比亚迪合作
2021-12-10,比亚迪(002594.SZ)荣获2021年度格隆汇·大中华区“最具投资价值公司”,比亚迪(002594.SZ)荣获2021年度格隆汇·大中华区“最具投资价值公司”
2021-12-10,11月中国动力电池装机量排行榜：宁德时代以一打十,11月中国动力电池装机量排行榜：宁德时代以一打十
2021-12-10,零代码界的春晚：伙伴云×企业微信联合发布会成功举办,零代码界的春晚：伙伴云×企业微信联合发布会成功举办
2021-12-10,携手助力企业数字化！伙伴云×企业微信联合发布会在京举办,携手助力企业数字化！伙伴云×企业微信联合发布会在京举办
2021-12-10,2021 夏季光电测试排行榜 AION S PLUS 问鼎,2021 夏季光电测试排行榜 AION S PLUS 问鼎
2021-12-10,易车研究院洞察报告：大PHEV再掀中国品牌高端化浪潮,易车研究院洞察报告：大PHEV再掀中国品牌高端化浪潮
2021-12-10,新能源汽车增势不减 蓝黛科技乘势而上,新能源汽车增势不减 蓝黛科技乘势而上
2021-12-10,国君固收：转债高估值下的择券思路,国君固收：转债高估值下的择券思路
2021-12-10,11 月 SUV 投诉排行 TOP 10，宝马登顶，途观 L 问题还未解决,11 月 SUV 投诉排行 TOP 10，宝马登顶，途观 L 问题还未解决
2021-12-10,11月造车新势力销售数据出炉：哪吒异军突起，小鹏勇夺第一,11月造车新势力销售数据出炉：哪吒异军突起，小鹏勇夺第一
2021-12-10,股市分析：资金集中低位加配核心资产，跨年行情进行时,股市分析：资金集中低位加配核心资产，跨年行情进行时
2021-12-10,比亚迪：下一代汽车的的领军者？,比亚迪：下一代汽车的的领军者？
2021-12-10,新增产能释放需要时间，磷酸铁锂行情持续紧俏,新增产能释放需要时间，磷酸铁锂行情持续紧俏
2021-12-10,传多家公司获比亚迪亿元车规级IGBT订单,传多家公司获比亚迪亿元车规级IGBT订单
2021-12-10,管清友：新能源汽车行业2022年度展望（中）,管清友：新能源汽车行业2022年度展望（中）
2021-12-10,11月新能源乘用车企业/车型销量一览：比亚迪销量突破九万辆,11月新能源乘用车企业/车型销量一览：比亚迪销量突破九万辆
2021-12-10,乘联会发布11月销量：上汽大众、长安排名下跌，比亚迪名次上升 盈利能力下降,乘联会发布11月销量：上汽大众、长安排名下跌，比亚迪名次上升 盈利能力下降
2021-12-10,比亚迪宋抢眼 乘联会发布11月SUV销量榜,比亚迪宋抢眼 乘联会发布11月SUV销量榜
2021-12-10,入世二十年，我国成WTO“模范生”,入世二十年，我国成WTO“模范生”
2021-12-10,11月SUV销量榜单出炉！比亚迪宋异军突起 哈弗H6压力大了,11月SUV销量榜单出炉！比亚迪宋异军突起 哈弗H6压力大了
2021-12-10,比亚迪的板凳有多深？,比亚迪的板凳有多深？
2021-12-10,11月轿车销量榜：比亚迪秦超越丰田卡罗拉 同比暴增近500%,11月轿车销量榜：比亚迪秦超越丰田卡罗拉 同比暴增近500%
2021-12-10,“内卷”的动力电池,“内卷”的动力电池
2021-12-10,硬核的国产汽车供应商：长城的蜂巢、长安的青山工业、比亚迪的弗迪,硬核的国产汽车供应商：长城的蜂巢、长安的青山工业、比亚迪的弗迪
2021-12-10,比亚迪登顶 乘联会11月新能源车销量榜,比亚迪登顶 乘联会11月新能源车销量榜
2021-12-10,11 月新能源榜单公布，比亚迪是特斯拉近三倍,11 月新能源榜单公布，比亚迪是特斯拉近三倍
2021-12-10,探店比亚迪（01211），BBA也就这样服务水平,探店比亚迪（01211），BBA也就这样服务水平
2021-12-10,解读：比亚迪的估值模式及2022年估值,解读：比亚迪的估值模式及2022年估值
2021-12-10,比亚迪纯电进军巴西市场 唐EV车型将于明年上市,比亚迪纯电进军巴西市场 唐EV车型将于明年上市
2021-12-11,Model Y被埋没 无视芯片短缺 中国品牌销量太能打,Model Y被埋没 无视芯片短缺 中国品牌销量太能打
2021-12-11,股比政策全面放开倒计时，汽车市场将迎来大洗牌,股比政策全面放开倒计时，汽车市场将迎来大洗牌
2021-12-11,天风汽车【点评】驱逐舰05亮相，东风搭载赣锋锂电混合固液锂电池 ——工信部发布第351批新能源汽车《公告》,天风汽车【点评】驱逐舰05亮相，东风搭载赣锋锂电混合固液锂电池 ——工信部发布第351批新能源汽车《公告》
2021-12-11,11月热销轿车排行：比亚迪秦、天籁等领涨，宝来、速腾大跌,11月热销轿车排行：比亚迪秦、天籁等领涨，宝来、速腾大跌
2021-12-11,吉利再度甩开长城，比亚迪步步紧逼,吉利再度甩开长城，比亚迪步步紧逼
2021-12-11,吉利、长城、广汽纷纷布局混动车型，HEV 才是未来发展主旋律？,吉利、长城、广汽纷纷布局混动车型，HEV 才是未来发展主旋律？
2021-12-11,2022，特斯拉非“降”不可,2022，特斯拉非“降”不可
2021-12-11,动力电池行业要迎来“大航海时代”,动力电池行业要迎来“大航海时代”
2021-12-11,11月动力电池数据：磷酸铁锂完成对三元电池的全方面超越,11月动力电池数据：磷酸铁锂完成对三元电池的全方面超越
2021-12-12,【浙商汽车||王敬】点评报告:自主崛起演绎，新能源超预期,【浙商汽车||王敬】点评报告:自主崛起演绎，新能源超预期
2021-12-12,11 月销量榜出炉：比亚迪秦暴涨 489%，红旗 HS5 进入前十！,11 月销量榜出炉：比亚迪秦暴涨 489%，红旗 HS5 进入前十！
2021-12-12,再次冲刺IPO，比亚迪半导体如何吹起数百亿估值？,再次冲刺IPO，比亚迪半导体如何吹起数百亿估值？
2021-12-12,11 月汽销榜，自主品牌强势崛起，比亚迪成最大赢家,11 月汽销榜，自主品牌强势崛起，比亚迪成最大赢家
2021-12-12,大变动！国产品牌反超上汽大众排名第二,大变动！国产品牌反超上汽大众排名第二
2021-12-12,多数海外中国地区基金收益为负，重仓茅台的回撤20%,多数海外中国地区基金收益为负，重仓茅台的回撤20%
2021-12-12,马斯克：不认为比亚迪有好的产品！王传福霸气发声,马斯克：不认为比亚迪有好的产品！王传福霸气发声
2021-12-12,一周热点 | 特斯拉Cybertruck与新款Model S测试车曝光；蔚来 吉利 集度牵头制定 “线控转向”相关国标；元戎启行1万美元推新L4自动驾驶方案,一周热点 | 特斯拉Cybertruck与新款Model S测试车曝光；蔚来 吉利 集度牵头制定 “线控转向”相关国标；元戎启行1万美元推新L4自动驾驶方案
2021-12-12,比亚迪汉EV俘获美人心 著名歌唱家谭晶成为车主：粉丝纷纷催试驾,比亚迪汉EV俘获美人心 著名歌唱家谭晶成为车主：粉丝纷纷催试驾
2021-12-12,注意！机构四季度大概率在继续加仓新能源，并重新增配大消费！,注意！机构四季度大概率在继续加仓新能源，并重新增配大消费！
2021-12-13,创益通：公司向比亚迪供应的产品主要是消费电子互连产品 交易金额较小,创益通：公司向比亚迪供应的产品主要是消费电子互连产品 交易金额较小
2021-12-13,比亚迪位居10月全球电动汽车销量榜首，特斯拉并不是称霸全球的大赢家！,比亚迪位居10月全球电动汽车销量榜首，特斯拉并不是称霸全球的大赢家！
2021-12-13,正强股份：公司暂未与特斯拉开展业务合作,正强股份：公司暂未与特斯拉开展业务合作
2021-12-13,汽车行业2022年投资策略：自主崛起，电动智能【国信汽车】,汽车行业2022年投资策略：自主崛起，电动智能【国信汽车】
2021-12-13,创芯慧联获数亿元C轮融资，聚焦5G基带芯片,创芯慧联获数亿元C轮融资，聚焦5G基带芯片
2021-12-13,汇丰研究：上调比亚迪股份目标价至464港元，评级买入,汇丰研究：上调比亚迪股份目标价至464港元，评级买入
2021-12-13,1-11月销量出炉，智能电动车格局全年跌宕起伏，比亚迪异军突起,1-11月销量出炉，智能电动车格局全年跌宕起伏，比亚迪异军突起
2021-12-13,改写市场格局，比亚迪汉连续4个月稳居中大型轿车市场TOP3,改写市场格局，比亚迪汉连续4个月稳居中大型轿车市场TOP3
2021-12-13,A股主力资金流向：电力股获资金抢筹，新能源持续回暖,A股主力资金流向：电力股获资金抢筹，新能源持续回暖
2021-12-13,港股收评 | 互联网医疗、电力、光伏板块全天强势，平安好医生涨超7%,港股收评 | 互联网医疗、电力、光伏板块全天强势，平安好医生涨超7%
2021-12-13,2021年电池级碳酸锂价格大幅上涨 涨幅高达249%,2021年电池级碳酸锂价格大幅上涨 涨幅高达249%
2021-12-13,磷酸铁锂成车企新宠，涨价、扩产潮来临,磷酸铁锂成车企新宠，涨价、扩产潮来临
2021-12-13,比亚迪海豚实现销量三连涨的背后逻辑,比亚迪海豚实现销量三连涨的背后逻辑
2021-12-13,比亚迪明年新能源汽车销量目标120万辆：明年再推8款新车,比亚迪明年新能源汽车销量目标120万辆：明年再推8款新车
2021-12-13,投资A股新工具: 易方达A50（股份代号：3111）,投资A股新工具: 易方达A50（股份代号：3111）
2021-12-13,11月新能源销量持续上涨，带火过气车型，自主品牌表现强势！,11月新能源销量持续上涨，带火过气车型，自主品牌表现强势！
2021-12-13,比亚迪明年新能源汽车销量目标120万辆：明年再推8款新车，低至6万起,比亚迪明年新能源汽车销量目标120万辆：明年再推8款新车，低至6万起
2021-12-13,11月动力电池装机量TOP10：榜首继续“垄断”国内市场！,11月动力电池装机量TOP10：榜首继续“垄断”国内市场！
2021-12-13,汽车行业周报：看多汽车产业链 秩序重塑下的新机,汽车行业周报：看多汽车产业链 秩序重塑下的新机
2021-12-13,自研软件后车企深度捆绑芯片供应商 产业链格局或由此生变,自研软件后车企深度捆绑芯片供应商 产业链格局或由此生变
2021-12-13,活下来的光伏巨头们，2022 年将在 A 股重聚！前中国首富也要回来了,活下来的光伏巨头们，2022 年将在 A 股重聚！前中国首富也要回来了
2021-12-13,长桥收评｜小米双线造车，雷军接连退出关联公司；商汤延期上市，最快年底前完成 IPO,长桥收评｜小米双线造车，雷军接连退出关联公司；商汤延期上市，最快年底前完成 IPO
2021-12-13,告别三连跌！新能源依旧是“冬天里的一把火”，比亚迪、上汽表现突出,告别三连跌！新能源依旧是“冬天里的一把火”，比亚迪、上汽表现突出
2021-12-13,30家车企11月销量一览：八成以上环比上涨,30家车企11月销量一览：八成以上环比上涨
2021-12-13,浙商证券：给予比亚迪买入评级,浙商证券：给予比亚迪买入评级
2021-12-13,【渤海证券 汽车】销量环比持续改善，新能源汽车冲量创新高——汽车行业月报——中性,【渤海证券 汽车】销量环比持续改善，新能源汽车冲量创新高——汽车行业月报——中性
2021-12-13,“大跃进”下的比亚迪，海豚靠什么月销突破 8 千辆？,“大跃进”下的比亚迪，海豚靠什么月销突破 8 千辆？
2021-12-13,11月车企销量TOP 10:吉利进前三甲，奇瑞再入围,11月车企销量TOP 10:吉利进前三甲，奇瑞再入围
2021-12-13,新势力年销量欲破10万关卡，扭亏为盈可期？,新势力年销量欲破10万关卡，扭亏为盈可期？
2021-12-13,最新榜单！11 月卖得最好的车型榜来了,最新榜单！11 月卖得最好的车型榜来了
2021-12-13,11月乘用车动力电池装机量TOP10：中创新航单月突破1GWh，小鹏渗透率快速爬升,11月乘用车动力电池装机量TOP10：中创新航单月突破1GWh，小鹏渗透率快速爬升
2021-12-13,11月SUV头部争夺波谲云诡 特斯拉Model Y喜忧参半,11月SUV头部争夺波谲云诡 特斯拉Model Y喜忧参半
2021-12-13,为什么东方电热因涉嫌夸大新能源汽车业务收关注函后反而连涨？ 关注函,为什么东方电热因涉嫌夸大新能源汽车业务收关注函后反而连涨？ 关注函
2021-12-13,比亚迪11月新能源汽车销量遥遥领先！为2-4名总和，BBA仅一家上榜,比亚迪11月新能源汽车销量遥遥领先！为2-4名总和，BBA仅一家上榜
2021-12-13,11月汽车销量排名出炉：吉利和比亚迪成最大黑马，为国产汽车品牌长脸,11月汽车销量排名出炉：吉利和比亚迪成最大黑马，为国产汽车品牌长脸
2021-12-13,国产“七巨头”销量公布：比亚迪杀疯了！吉利将会威胁到长安的地位？,国产“七巨头”销量公布：比亚迪杀疯了！吉利将会威胁到长安的地位？
2021-12-13,新能源车渗透率迈过20% 比亚迪等车企加快生产节奏,新能源车渗透率迈过20% 比亚迪等车企加快生产节奏
2021-12-13,合力泰：公司与比亚迪的合作主要是汽车电子产品,合力泰：公司与比亚迪的合作主要是汽车电子产品
2021-12-13,800V 电压平台成潮流，但 SiC 功率芯片在哪里？,800V 电压平台成潮流，但 SiC 功率芯片在哪里？
2021-12-13,国产爆款SUV 10L油续航大挑战：比亚迪唐DM-i毫无争议夺冠,国产爆款SUV 10L油续航大挑战：比亚迪唐DM-i毫无争议夺冠
2021-12-13,汇丰研究给予比亚迪“买入”评级，目标价上调至464港元,汇丰研究给予比亚迪“买入”评级，目标价上调至464港元
2021-12-13,磷酸铁锂价格涨至9.4万元/吨 2025年全球需求可达200万吨,磷酸铁锂价格涨至9.4万元/吨 2025年全球需求可达200万吨
2021-12-13,锐科激光：公司产品早已进入新能源领域,锐科激光：公司产品早已进入新能源领域
2021-12-13,11月上险12679台 比亚迪宋PLUS DM-i获当月全国PHEV车型上险冠军,11月上险12679台 比亚迪宋PLUS DM-i获当月全国PHEV车型上险冠军
2021-12-13,11月新能源轿车销量排名出炉：打破合资崇拜，比亚迪秦成最大的黑马,11月新能源轿车销量排名出炉：打破合资崇拜，比亚迪秦成最大的黑马
2021-12-13,11月SUV销量排名：比亚迪宋崛起，德系掉队，理想ONE创纪录,11月SUV销量排名：比亚迪宋崛起，德系掉队，理想ONE创纪录
2021-12-13,德尔股份：直接客户已覆盖奔驰、宝马、斯特兰蒂斯等国际客户,德尔股份：直接客户已覆盖奔驰、宝马、斯特兰蒂斯等国际客户
2021-12-13,哈弗H6再夺SUV销量冠军，比亚迪宋紧随其后，自主品牌霸占榜单一半！,哈弗H6再夺SUV销量冠军，比亚迪宋紧随其后，自主品牌霸占榜单一半！
2021-12-14,比亚迪纯电动大巴助力瑞典“南部粮仓”公交电动化变革,比亚迪纯电动大巴助力瑞典“南部粮仓”公交电动化变革
2021-12-14,11月新能源批发销量Top30：吉利连续俩月无缘前30 比亚迪4款车型霸榜前10,11月新能源批发销量Top30：吉利连续俩月无缘前30 比亚迪4款车型霸榜前10
2021-12-14,数说丨11月自主品牌市占率再提升 三家自主车企累计销量突破百万辆,数说丨11月自主品牌市占率再提升 三家自主车企累计销量突破百万辆
2021-12-14,新能源混动汽车“元年”开启 福达股份等产业链企业受益,新能源混动汽车“元年”开启 福达股份等产业链企业受益
2021-12-14,雷克萨斯将转为纯电品牌！丰田为发力电动车使出大手笔,雷克萨斯将转为纯电品牌！丰田为发力电动车使出大手笔
2021-12-14,A股主力资金流向：净流出额创一个半月新高，新能源、周期股集体遭抛售,A股主力资金流向：净流出额创一个半月新高，新能源、周期股集体遭抛售
2021-12-14,11月乘用车厂商批发销量Top30：奔驰/宝马排名与同比同降 特斯拉/比亚迪高增长 盈利能力下降,11月乘用车厂商批发销量Top30：奔驰/宝马排名与同比同降 特斯拉/比亚迪高增长 盈利能力下降
2021-12-14,快讯|比亚迪明年上半年将发布高端品牌,快讯|比亚迪明年上半年将发布高端品牌
2021-12-14,特斯拉推无钴电池 比亚迪、国轩高科谁将成为第二个宁德时代？,特斯拉推无钴电池 比亚迪、国轩高科谁将成为第二个宁德时代？
2021-12-14,北上资金今日净买入东方财富8.42亿元、五粮液5.18亿元，净卖出平安银行8.52亿元、比亚迪2.72亿元。,北上资金今日净买入东方财富8.42亿元、五粮液5.18亿元，净卖出平安银行8.52亿元、比亚迪2.72亿元。
2021-12-14,北向资金再度扫货超60亿，连续7日抢筹东方财富累计加仓超近61亿元,北向资金再度扫货超60亿，连续7日抢筹东方财富累计加仓超近61亿元
2021-12-14,11月新能源SUV销量出炉：特斯拉强势霸榜，国产领先合资,11月新能源SUV销量出炉：特斯拉强势霸榜，国产领先合资
2021-12-14,资本动态 | 上半年动力电池毛利率不足7%，欣旺达欲豪掷200亿元再扩30GWh产能？,资本动态 | 上半年动力电池毛利率不足7%，欣旺达欲豪掷200亿元再扩30GWh产能？
2021-12-14,比亚迪全新高端品牌将发布：首车为硬派越野车 顶配100万元,比亚迪全新高端品牌将发布：首车为硬派越野车 顶配100万元
2021-12-14,A股共发生240宗大宗交易成交77.89亿元（12月14日）,A股共发生240宗大宗交易成交77.89亿元（12月14日）
2021-12-14,超长续航！比亚迪纯电动大巴服务瑞典“南部粮仓”长途公交运营,超长续航！比亚迪纯电动大巴服务瑞典“南部粮仓”长途公交运营
2021-12-14,"比亚迪新能源11月销量90,121台 同比增长252.7%","比亚迪新能源11月销量90,121台 同比增长252.7%"
2021-12-14,A股收盘综述：元宇宙再现涨停潮，白酒、电力、数字货币逆市上扬,A股收盘综述：元宇宙再现涨停潮，白酒、电力、数字货币逆市上扬
2021-12-14,比亚迪向瑞典公交运营商交付45台纯电动巴士,比亚迪向瑞典公交运营商交付45台纯电动巴士
2021-12-14,比亚迪纯电动卡车首次驶入荷兰，助力宜家打造家居物流零排放配送,比亚迪纯电动卡车首次驶入荷兰，助力宜家打造家居物流零排放配送
2021-12-14,400公里续航！比亚迪45台纯电动大巴交付瑞典首家巴士公司,400公里续航！比亚迪45台纯电动大巴交付瑞典首家巴士公司
2021-12-14,比亚迪宋PLUS DM-i为什么卖的这么好？,比亚迪宋PLUS DM-i为什么卖的这么好？
2021-12-14,上市公司加码固态电池研发，商业化进程料早于预期,上市公司加码固态电池研发，商业化进程料早于预期
2021-12-14,元宇宙满屏涨停，北上资金爆买金融白酒,元宇宙满屏涨停，北上资金爆买金融白酒
2021-12-14,磷酸铁锂量价齐飞上市公司忙扩产 未来市场格局如何演进？,磷酸铁锂量价齐飞上市公司忙扩产 未来市场格局如何演进？
2021-12-14,取名开挂之后 长城“动物园”销量起底,取名开挂之后 长城“动物园”销量起底
2021-12-14,【中原锂电池】锂电池行业月报：销量再创新高，短期偏谨慎,【中原锂电池】锂电池行业月报：销量再创新高，短期偏谨慎
2021-12-14,欧拉“芯片门”的背后,欧拉“芯片门”的背后
2021-12-14,港股盘前必读：商汤集团延迟上市，中国移动发行不超过8.457亿股A股,港股盘前必读：商汤集团延迟上市，中国移动发行不超过8.457亿股A股
2021-12-14,新能源景气度高企，宁德时代加码产业链布局,新能源景气度高企，宁德时代加码产业链布局
2021-12-14,11月汽车销量TOP15：比亚迪秦暴涨近5倍，特斯拉Model Y销量过山车,11月汽车销量TOP15：比亚迪秦暴涨近5倍，特斯拉Model Y销量过山车
2021-12-14,北向资金增持市值超亿元股票（附名单）,北向资金增持市值超亿元股票（附名单）
2021-12-14,11月吉利稳坐自主冠军宝座 长安紧随其后,11月吉利稳坐自主冠军宝座 长安紧随其后
2021-12-14,第三代半导体开辟碳中和新赛道,第三代半导体开辟碳中和新赛道
2021-12-14,比亚迪2022年新能源年销目标120万 8款新车以上,比亚迪2022年新能源年销目标120万 8款新车以上
2021-12-14,如何看待新能源汽车销量不断超预期？,如何看待新能源汽车销量不断超预期？
2021-12-14,数说|市场仍在萎缩玩家却增多 MPV是场耐力的比拼？,数说|市场仍在萎缩玩家却增多 MPV是场耐力的比拼？
2021-12-14,港股午评 | 恒生科技指数跌近2%，B站跌超7%，快手跌超4%,港股午评 | 恒生科技指数跌近2%，B站跌超7%，快手跌超4%
2021-12-14,A股融资融券日报：两融余额增加51.19亿元（12月13日）,A股融资融券日报：两融余额增加51.19亿元（12月13日）
2021-12-15,“蔚小理哪”11月销量齐破万，比亚迪爆卖9万辆,“蔚小理哪”11月销量齐破万，比亚迪爆卖9万辆
2021-12-15,搭刀片电池！比亚迪、丰田合作打造的首款车型曝光,搭刀片电池！比亚迪、丰田合作打造的首款车型曝光
2021-12-15,中国11月跟踪：需求持续强劲 销量环比+18% 预计全年350万辆,中国11月跟踪：需求持续强劲 销量环比+18% 预计全年350万辆
2021-12-15,强瑞技术：公司是苹果手机产业链的供应商,强瑞技术：公司是苹果手机产业链的供应商
2021-12-15,比亚迪，你有什么可豪横的,比亚迪，你有什么可豪横的
2021-12-15,汽车行业跟踪点评：11月汽车产销环比延续增长势头,汽车行业跟踪点评：11月汽车产销环比延续增长势头
2021-12-15,比亚迪(002594.SZ)股东融捷投资控股解除质押168.28万股,比亚迪(002594.SZ)股东融捷投资控股解除质押168.28万股
2021-12-15,王传福：决战智能化下半场,王传福：决战智能化下半场
2021-12-15,新能源车销量狂奔，两大瓶颈凸显,新能源车销量狂奔，两大瓶颈凸显
2021-12-15,比亚迪纯电动巴士加速苏格兰实现净零排放目标,比亚迪纯电动巴士加速苏格兰实现净零排放目标
2021-12-15,【热点零距离】大手笔扩产！欣旺达(300207.SZ)豪掷200亿元加码动力电池,【热点零距离】大手笔扩产！欣旺达(300207.SZ)豪掷200亿元加码动力电池
2021-12-15,比亚迪汉EV 11月销量破万 蝉联20万元+纯电轿车销量冠军,比亚迪汉EV 11月销量破万 蝉联20万元+纯电轿车销量冠军
2021-12-15,11月自主品牌市占率再提升 3家车企累计销量破百万辆,11月自主品牌市占率再提升 3家车企累计销量破百万辆
2021-12-15,比亚迪纯电动大巴将服务瑞典南部城际公交,比亚迪纯电动大巴将服务瑞典南部城际公交
2021-12-15,蓝黛科技：车载产品合作客户主要有法雷奥西门子、日电产、金康动力、吉利、比亚迪等,蓝黛科技：车载产品合作客户主要有法雷奥西门子、日电产、金康动力、吉利、比亚迪等
2021-12-15,丰田坐不住了！豪掷350亿发力电动车：雷克萨斯将成为纯电动品牌,丰田坐不住了！豪掷350亿发力电动车：雷克萨斯将成为纯电动品牌
2021-12-15,电动车与 0 ℃气温的对抗 比亚迪海豚冬季续航实测,电动车与 0 ℃气温的对抗 比亚迪海豚冬季续航实测
2021-12-15,2022车市猜想 | 自主“战”混动，合资“谋”股权，超大联屏都要争着干,2022车市猜想 | 自主“战”混动，合资“谋”股权，超大联屏都要争着干
2021-12-15,北向资金抢筹逾60亿元，扫货股一览（名单）,北向资金抢筹逾60亿元，扫货股一览（名单）
2021-12-15,提供底盘、电池等技术，比亚迪联合ADL向苏格兰交付纯电动巴士,提供底盘、电池等技术，比亚迪联合ADL向苏格兰交付纯电动巴士
2021-12-15,北向资金动向盘点：两条主线清晰明了，但已无新能源,北向资金动向盘点：两条主线清晰明了，但已无新能源
2021-12-15,寻找中国新能源汽车产业高地⑩｜杭州：当互联网之城也开始发挥“钞能力”,寻找中国新能源汽车产业高地⑩｜杭州：当互联网之城也开始发挥“钞能力”
2021-12-15,11月乘用车市同比七连跌，新能源却表现强劲，比亚迪实现销量丰收！,11月乘用车市同比七连跌，新能源却表现强劲，比亚迪实现销量丰收！
2021-12-15,比亚迪最强芯片量产了！12月实现大批量供货,比亚迪最强芯片量产了！12月实现大批量供货
2021-12-15,"A股仅一家,拥有亚洲最大锂矿资源,Q3利润涨4倍,股价却遭拦腰斩断 盈利能力下降","A股仅一家,拥有亚洲最大锂矿资源,Q3利润涨4倍,股价却遭拦腰斩断 盈利能力下降"
2021-12-15,首批共11台 比亚迪交付菲律宾最大纯电动车队：含T3、e2两款车型,首批共11台 比亚迪交付菲律宾最大纯电动车队：含T3、e2两款车型
2021-12-15,预售13.58万元起！比亚迪宋Pro DM-i即将上市：续航1090公里,预售13.58万元起！比亚迪宋Pro DM-i即将上市：续航1090公里
2021-12-15,比亚迪将发布高端品牌 首款车型定价近百万,比亚迪将发布高端品牌 首款车型定价近百万
2021-12-15,比亚迪明年将发布高端品牌！首款汽车定价或达百万,比亚迪明年将发布高端品牌！首款汽车定价或达百万
2021-12-15,2.0T 超大 7 座，高配低价质量靠谱的大 SUV，带你看比亚迪唐,2.0T 超大 7 座，高配低价质量靠谱的大 SUV，带你看比亚迪唐
2021-12-15,比亚迪交付菲律宾最大纯电动车队，包括 T3 与 e2 两款车型,比亚迪交付菲律宾最大纯电动车队，包括 T3 与 e2 两款车型
2021-12-15,月亏5000万的新能源补贴退坡，除了特斯拉，还有谁扛得住？ 政策恶化,月亏5000万的新能源补贴退坡，除了特斯拉，还有谁扛得住？ 政策恶化
2021-12-15,丰田拼了！投入350亿美元，10年内全面纯电，中国路线击败日本,丰田拼了！投入350亿美元，10年内全面纯电，中国路线击败日本
2021-12-15,比亚迪五大生产基地落地 合增产能超75GWh！,比亚迪五大生产基地落地 合增产能超75GWh！
2021-12-16,A股资金流向：短线资金继续加码热门题材股,A股资金流向：短线资金继续加码热门题材股
2021-12-16,丰田比亚迪合作打造的首款纯电动车曝光 搭载刀片电池,丰田比亚迪合作打造的首款纯电动车曝光 搭载刀片电池
2021-12-16,【解读】引入战略投资者，国轩高科开启“乘风破浪”之旅？,【解读】引入战略投资者，国轩高科开启“乘风破浪”之旅？
2021-12-16,广汽集团成为中国最会赚钱的车企，而比亚迪则稳居上市车企市值榜首,广汽集团成为中国最会赚钱的车企，而比亚迪则稳居上市车企市值榜首
2021-12-16,11月终端销量榜：理想ONE超越秦PLUS DM-i跻身前三,11月终端销量榜：理想ONE超越秦PLUS DM-i跻身前三
2021-12-16,北向资金追平年内最长净买入纪录，山西汾酒净卖出额创历史新高,北向资金追平年内最长净买入纪录，山西汾酒净卖出额创历史新高
2021-12-16,警惕“灰犀牛” 动力电池扩产潮冷思考,警惕“灰犀牛” 动力电池扩产潮冷思考
2021-12-16,前十占七！国产新能源车连续霸榜夏季和冬季续航测试 弯道超车来了？,前十占七！国产新能源车连续霸榜夏季和冬季续航测试 弯道超车来了？
2021-12-16,光莆股份：公司的消费类电子业务与比亚迪有合作,光莆股份：公司的消费类电子业务与比亚迪有合作
2021-12-16,看到特斯拉和比亚迪的成长，丰田再也坐不住了，亮出15款新能源汽车,看到特斯拉和比亚迪的成长，丰田再也坐不住了，亮出15款新能源汽车
2021-12-16,2021年，他们在海外围猎“锂”｜盘点,2021年，他们在海外围猎“锂”｜盘点
2021-12-16,比亚迪：董事夏佐全完成减持计划 拟减持股份,比亚迪：董事夏佐全完成减持计划 拟减持股份
2021-12-16,夏佐全减持比亚迪0.41%股份，减持计划实施完成 拟减持股份,夏佐全减持比亚迪0.41%股份，减持计划实施完成 拟减持股份
2021-12-16,比亚迪交付拉美最大纯电动物流卡车队,比亚迪交付拉美最大纯电动物流卡车队
2021-12-16,华峰超纤：公司与比亚迪、特斯拉等国内大部分车企已开展项目合作,华峰超纤：公司与比亚迪、特斯拉等国内大部分车企已开展项目合作
2021-12-16,大洋电机：公司子公司杰诺瑞为比亚迪提供汽车起动机和发电机产品,大洋电机：公司子公司杰诺瑞为比亚迪提供汽车起动机和发电机产品
2021-12-16,11月全国动力电池市场：宁德时代“以一敌九”，LG新能源“虎口夺食”！,11月全国动力电池市场：宁德时代“以一敌九”，LG新能源“虎口夺食”！
2021-12-16,对标奔驰大 G！比亚迪高端品牌首车曝光,对标奔驰大 G！比亚迪高端品牌首车曝光
2021-12-16,华峰超纤：与比亚迪、特斯拉等国内大部分车企已开展项目合作,华峰超纤：与比亚迪、特斯拉等国内大部分车企已开展项目合作
2021-12-16,11 月新能源厂商销量榜出炉，比亚迪大销量胜出，五菱 MINI 再夺第一,11 月新能源厂商销量榜出炉，比亚迪大销量胜出，五菱 MINI 再夺第一
2021-12-16,新能源车冬季续航难题亟待破解,新能源车冬季续航难题亟待破解
2021-12-16,风险资产的小阳春 | 晨会掘金,风险资产的小阳春 | 晨会掘金
2021-12-16,比亚迪 2022款宋MAX DM-i明年初上市：6/7座可选，新增升舱顶车型,比亚迪 2022款宋MAX DM-i明年初上市：6/7座可选，新增升舱顶车型
2021-12-16,DM-i家族再添一员 比亚迪宋Max将发布：亏电油耗4.4L,DM-i家族再添一员 比亚迪宋Max将发布：亏电油耗4.4L
2021-12-16,磷酸铁锂电池装车量占比过半，新能源车冬季续航难题亟待破解,磷酸铁锂电池装车量占比过半，新能源车冬季续航难题亟待破解
2021-12-16,全球电池榜：10席我国占6席，订单加速向头部企业集中,全球电池榜：10席我国占6席，订单加速向头部企业集中
2021-12-16,比亚迪交付拉美最大纯电动物流卡车队：搭载自研磷酸铁锂电池,比亚迪交付拉美最大纯电动物流卡车队：搭载自研磷酸铁锂电池
2021-12-16,A股午盘综述：煤炭股火了，兖矿能源中煤能源等涨停！山西汾酒遭遇定向爆破,A股午盘综述：煤炭股火了，兖矿能源中煤能源等涨停！山西汾酒遭遇定向爆破
2021-12-16,国货之光！比亚迪秦再次入围中国市场A级轿车销量榜前三,国货之光！比亚迪秦再次入围中国市场A级轿车销量榜前三
2021-12-16,月销19682辆，比亚迪宋PLUS车系强势问鼎11月A级SUV上险冠军,月销19682辆，比亚迪宋PLUS车系强势问鼎11月A级SUV上险冠军
2021-12-16,锂电池逃不过电池衰减，买电动汽车能保值吗？,锂电池逃不过电池衰减，买电动汽车能保值吗？
2021-12-16,比亚迪自主研发1200V功率器件驱动芯片本月量产,比亚迪自主研发1200V功率器件驱动芯片本月量产
2021-12-17,隆基机械：公司一直与比亚迪、广汽新能源汽车保持良好合作,隆基机械：公司一直与比亚迪、广汽新能源汽车保持良好合作
2021-12-17,浦银国际新能车行业2022年展望：中国车企品牌推动中国新能车渗透率曲线加速上扬,浦银国际新能车行业2022年展望：中国车企品牌推动中国新能车渗透率曲线加速上扬
2021-12-17,智能电动时代下“丛林法则”有多残酷？看看这些消失的传统汽车品牌,智能电动时代下“丛林法则”有多残酷？看看这些消失的传统汽车品牌
2021-12-17,新能源汽车：加速驶入“快车道”,新能源汽车：加速驶入“快车道”
2021-12-17,十强车企八成销量下滑，11月国内乘用车零售销量同比下跌12.7%,十强车企八成销量下滑，11月国内乘用车零售销量同比下跌12.7%
2021-12-17,比亚迪12月17日大宗交易成交515.20万元,比亚迪12月17日大宗交易成交515.20万元
2021-12-17,北向资金结束连续12日净买入，药明康德遭大幅抛售超10亿元,北向资金结束连续12日净买入，药明康德遭大幅抛售超10亿元
2021-12-17,比亚迪车型规划曝光：“明”车型确认,比亚迪车型规划曝光：“明”车型确认
2021-12-17,比亚迪明年销量目标定到120万辆 将推多款新车型,比亚迪明年销量目标定到120万辆 将推多款新车型
2021-12-17,900 万辆目标不变！丰田公布明年 1 月产量,900 万辆目标不变！丰田公布明年 1 月产量
2021-12-17,一年融资200亿，这家无钴电池鼻祖想要做老大,一年融资200亿，这家无钴电池鼻祖想要做老大
2021-12-17,比亚迪：“18亚迪G1”回售总金额为10.498亿元，债券摘牌日12月21日,比亚迪：“18亚迪G1”回售总金额为10.498亿元，债券摘牌日12月21日
2021-12-17,比亚迪秦改写A级轿车市场格局，连续入围A级轿车榜前三,比亚迪秦改写A级轿车市场格局，连续入围A级轿车榜前三
2021-12-17,汽车行业专题报告：驱动技术升级是拉动中国品牌向上的核心变量,汽车行业专题报告：驱动技术升级是拉动中国品牌向上的核心变量
2021-12-17,新西兰本地工厂制造 满电续航300公里：比亚迪超长款大巴完成组装,新西兰本地工厂制造 满电续航300公里：比亚迪超长款大巴完成组装
2021-12-17,比亚迪：吕向阳累计质押股数约为6018万股,比亚迪：吕向阳累计质押股数约为6018万股
2021-12-17,比亚迪(002594.SZ)股东融捷投资控股解除质押300万股,比亚迪(002594.SZ)股东融捷投资控股解除质押300万股
2021-12-17,新“合资”时代 | 2022:比汽车股比放开更大的震荡早已发生,新“合资”时代 | 2022:比汽车股比放开更大的震荡早已发生
2021-12-17,比亚迪现1笔大宗交易 共成交515.20万元,比亚迪现1笔大宗交易 共成交515.20万元
2021-12-17,比亚迪宋PLUS车系销量再创新高，荣膺2021年11月全国A级SUV市场上险冠军,比亚迪宋PLUS车系销量再创新高，荣膺2021年11月全国A级SUV市场上险冠军
2021-12-17,比亚迪今日大宗交易成交2万股，成交价257.6元折价7.66%,比亚迪今日大宗交易成交2万股，成交价257.6元折价7.66%
2021-12-17,年终冲刺倒计时 自主车企谁能过线？,年终冲刺倒计时 自主车企谁能过线？
2021-12-17,1121亿！全球第一大汽车集团追加电池投资！,1121亿！全球第一大汽车集团追加电池投资！
2021-12-17,川能动力|2022年李家沟成唯一投产绿地项目，大股东谋篇布局下的唯一受益方【华西环保低碳-晏溶团队】,川能动力|2022年李家沟成唯一投产绿地项目，大股东谋篇布局下的唯一受益方【华西环保低碳-晏溶团队】
2021-12-17,中国汽车从“走出去”到“走上去”,中国汽车从“走出去”到“走上去”
2021-12-17,缺芯致2021中国车市减量130余万辆,缺芯致2021中国车市减量130余万辆
2021-12-17,比亚迪拆分比亚迪半导体寻求上市，能否在市场上胜出？,比亚迪拆分比亚迪半导体寻求上市，能否在市场上胜出？
2021-12-17,A股融资融券日报：两融余额增加5.56亿元（12月16日）,A股融资融券日报：两融余额增加5.56亿元（12月16日）
2021-12-17,我国今年车市增长回正 “缺芯”致市场减量约130万辆,我国今年车市增长回正 “缺芯”致市场减量约130万辆
2021-12-17,11月比亚迪汉EV销量创新高 同比大涨247.8%,11月比亚迪汉EV销量创新高 同比大涨247.8%
2021-12-17,丰田搞了个新车发布会！许家印看了直呼内行,丰田搞了个新车发布会！许家印看了直呼内行
2021-12-17,短视频的利空，并不是长视频的利好,短视频的利空，并不是长视频的利好
2021-12-17,每日理财观察：商务部将着力从三方面稳外贸稳产业链,每日理财观察：商务部将着力从三方面稳外贸稳产业链
2021-12-17,新能源汽车板块回调，比亚迪等龙头遭主力抛售,新能源汽车板块回调，比亚迪等龙头遭主力抛售
2021-12-17,新西兰本地制造，比亚迪超长款纯电大巴完成组装：满电续航300km,新西兰本地制造，比亚迪超长款纯电大巴完成组装：满电续航300km
2021-12-17,A股资金流向：成长、权重双双熄火，低价股抱团逻辑仍在演绎,A股资金流向：成长、权重双双熄火，低价股抱团逻辑仍在演绎
2021-12-17,销冠比亚迪，初现“飞轮效应”,销冠比亚迪，初现“飞轮效应”
2021-12-17,丰田发力电动化，终于选择两条腿走路？,丰田发力电动化，终于选择两条腿走路？
2021-12-17,财信证券汽车行业2021年12月月报：乘用车产销持续恢复，新能源汽车再创历史新高,财信证券汽车行业2021年12月月报：乘用车产销持续恢复，新能源汽车再创历史新高
2021-12-17,比亚迪新款宋MAX DM-i官图发布，百公里综合油耗不到1L,比亚迪新款宋MAX DM-i官图发布，百公里综合油耗不到1L
2021-12-17,120万辆！比亚迪新车规划曝光：海豹/巡洋舰/驱逐舰全来了,120万辆！比亚迪新车规划曝光：海豹/巡洋舰/驱逐舰全来了
2021-12-17,比亚迪屠榜 国产品牌PHEV车型1年保值率榜单公布：汉DM登顶,比亚迪屠榜 国产品牌PHEV车型1年保值率榜单公布：汉DM登顶
2021-12-17,这台国产车卖 30 多万，比 BBA 销量还高？,这台国产车卖 30 多万，比 BBA 销量还高？
2021-12-18,新能源车市上演反转剧情：中美欧三大市场销量走高，汽车股却经历“黑色11月”,新能源车市上演反转剧情：中美欧三大市场销量走高，汽车股却经历“黑色11月”
2021-12-18,11 月，卖得最好的新能源车，是它们！,11 月，卖得最好的新能源车，是它们！
2021-12-18,比亚迪宋PLUS EV将搭载华为DriveONE多合一电驱动系统,比亚迪宋PLUS EV将搭载华为DriveONE多合一电驱动系统
2021-12-18,数据解放生产力——琰究汽车数据系列（2021年11月）【华西汽车 崔琰团队】,数据解放生产力——琰究汽车数据系列（2021年11月）【华西汽车 崔琰团队】
2021-12-18,蓝筹股向左，赛道股向右？,蓝筹股向左，赛道股向右？
2021-12-19,70亿产能在路上，绑定宁德时代、比亚迪却“得陇望蜀”,70亿产能在路上，绑定宁德时代、比亚迪却“得陇望蜀”
2021-12-19,招商策略：内资陆股通交易监管影响如何？,招商策略：内资陆股通交易监管影响如何？
2021-12-19,EV观察系列11月国内新能车销量：11月新能车销量环比大增，LFP装车量继续领跑【民生电新】,EV观察系列11月国内新能车销量：11月新能车销量环比大增，LFP装车量继续领跑【民生电新】
2021-12-19,新“合资”时代|“整零关系”改写：供应商从造车幕后走到台前,新“合资”时代|“整零关系”改写：供应商从造车幕后走到台前
2021-12-19,完美替代车钥匙 比亚迪手表真来了：免费申请 提前体验,完美替代车钥匙 比亚迪手表真来了：免费申请 提前体验
2021-12-19,比亚迪与江西抚州签署动力电池项目合作协议,比亚迪与江西抚州签署动力电池项目合作协议
2021-12-19,13-15.5万元 比亚迪元PLUS经销商预扣提车价曝光：元旦开售,13-15.5万元 比亚迪元PLUS经销商预扣提车价曝光：元旦开售
2021-12-19,新款比亚迪宋MAX DM-i官图发布，6/7座可选，还增加了升舱顶,新款比亚迪宋MAX DM-i官图发布，6/7座可选，还增加了升舱顶
2021-12-19,1090公里超长续航！比亚迪宋Pro DM-i下周上市：13.58万起,1090公里超长续航！比亚迪宋Pro DM-i下周上市：13.58万起
2021-12-19,干货！2021年中美新能源汽车行业龙头企业市场竞争格局分析 特斯拉VS比亚迪,干货！2021年中美新能源汽车行业龙头企业市场竞争格局分析 特斯拉VS比亚迪
2021-12-19,天风证券：乘用车短期销量回升 坚定看好吉利汽车（00175）等自主崛起车企龙头,天风证券：乘用车短期销量回升 坚定看好吉利汽车（00175）等自主崛起车企龙头
2021-12-19,比亚迪赵长江：收到很多高端MPV智能化建议 明年远超大家预期,比亚迪赵长江：收到很多高端MPV智能化建议 明年远超大家预期
2021-12-19,盛世危言，对话王传福,盛世危言，对话王传福
2021-12-20,歌尔股份接近跌停，苹果板块承压,歌尔股份接近跌停，苹果板块承压
2021-12-20,政策信号不断！一批氢能源领域的“比亚迪”们或将诞生,政策信号不断！一批氢能源领域的“比亚迪”们或将诞生
2021-12-20,比亚迪海豚冬季续航测试：8合1电驱集成高，热泵空调提升续航有奇效,比亚迪海豚冬季续航测试：8合1电驱集成高，热泵空调提升续航有奇效
2021-12-20,面对汽车行业电气化大趋势，丰田章男低头了？,面对汽车行业电气化大趋势，丰田章男低头了？
2021-12-20,天汽模：现在没有为比亚迪配套模具产品,天汽模：现在没有为比亚迪配套模具产品
2021-12-20,天汽模：公司现在没有为比亚迪配套模具产品,天汽模：公司现在没有为比亚迪配套模具产品
2021-12-20,天汽模：公司现在未有为比亚迪配套汽车模具,天汽模：公司现在未有为比亚迪配套汽车模具
2021-12-20,比亚迪智能手表将发布：完美代替车钥匙 还支持睡眠监测,比亚迪智能手表将发布：完美代替车钥匙 还支持睡眠监测
2021-12-20,北向资金今日再度净卖出9.71亿元，药明康德连续4日遭抛售累计出货超30亿,北向资金今日再度净卖出9.71亿元，药明康德连续4日遭抛售累计出货超30亿
2021-12-20,投资80亿！比亚迪再建动力电池项目,投资80亿！比亚迪再建动力电池项目
2021-12-20,打起性价比攻防战，蔚来ET5破圈有望，却难掀起蝴蝶效应,打起性价比攻防战，蔚来ET5破圈有望，却难掀起蝴蝶效应
2021-12-20,王传福接连退出多家比亚迪关联公司,王传福接连退出多家比亚迪关联公司
2021-12-20,同样是做锂电池，为什么欣旺达与宁德时代、比亚迪之间的市值差异却那么大,同样是做锂电池，为什么欣旺达与宁德时代、比亚迪之间的市值差异却那么大
2021-12-20,在缺芯潮下，合资车企“甘尽苦来”,在缺芯潮下，合资车企“甘尽苦来”
2021-12-20,比亚迪投80亿在抚州建15GWh动力电池产业园,比亚迪投80亿在抚州建15GWh动力电池产业园
2021-12-20,比亚迪：e 平台 3.0 首款 A 级潮跑 SUV 元 PLUS 即将登陆新加坡,比亚迪：e 平台 3.0 首款 A 级潮跑 SUV 元 PLUS 即将登陆新加坡
2021-12-20,北向资金今日净流出9.71亿元 大幅净买入比亚迪、亿纬锂能和立讯精密,北向资金今日净流出9.71亿元 大幅净买入比亚迪、亿纬锂能和立讯精密
2021-12-20,恒指科技股下跌，沪指军工股大跌；薇娅偷逃税被罚13.41亿元 税收处罚,恒指科技股下跌，沪指军工股大跌；薇娅偷逃税被罚13.41亿元 税收处罚
2021-12-20,比亚迪获2021中国互联网经济年度品牌奖,比亚迪获2021中国互联网经济年度品牌奖
2021-12-20,11月城市终端销量榜：特斯拉Model Y成为新一线城市最受欢迎车型,11月城市终端销量榜：特斯拉Model Y成为新一线城市最受欢迎车型
2021-12-20,蔚来ET5正式发布，比特斯拉更贵，是“自信”还是“实力”？,蔚来ET5正式发布，比特斯拉更贵，是“自信”还是“实力”？
2021-12-20,对比“蔚小理”和比亚迪，销量并不差的广汽埃安为何没有火起来？,对比“蔚小理”和比亚迪，销量并不差的广汽埃安为何没有火起来？
2021-12-20,新能源汽车超预期渗透，市场主线向智能化迁移,新能源汽车超预期渗透，市场主线向智能化迁移
2021-12-20,川环科技：华泰证券、赋格投资等8家机构于12月16日调研我司,川环科技：华泰证券、赋格投资等8家机构于12月16日调研我司
2021-12-20,深度|丰田、大众智能汽车不敌特斯拉和自主？未来到元宇宙决战,深度|丰田、大众智能汽车不敌特斯拉和自主？未来到元宇宙决战
2021-12-20,湖南裕能IPO前宁德时代比亚迪突击入股 关联交易频繁资金拆借转贷累计超6亿,湖南裕能IPO前宁德时代比亚迪突击入股 关联交易频繁资金拆借转贷累计超6亿
2021-12-20,A股融资融券日报：两融余额减少80.19亿元（12月17日）,A股融资融券日报：两融余额减少80.19亿元（12月17日）
2021-12-20,每日理财观察：理财产品流动性风险管理办法出台,每日理财观察：理财产品流动性风险管理办法出台
2021-12-20,北向资金增持市值超亿元股票（附名单）,北向资金增持市值超亿元股票（附名单）
2021-12-20,宁德时代、比亚迪等22股获北向资金增持额超亿元,宁德时代、比亚迪等22股获北向资金增持额超亿元
2021-12-20,bZ SDN新车型将搭载磷酸铁锂刀片电池，为什么丰田选中了比亚迪？,bZ SDN新车型将搭载磷酸铁锂刀片电池，为什么丰田选中了比亚迪？
2021-12-20,EV、DM双轮驱动 比亚迪11月再夺中国新能源乘用车市场销冠,EV、DM双轮驱动 比亚迪11月再夺中国新能源乘用车市场销冠
2021-12-20,电池产业扩产狂潮来袭，创新仍是第一要义,电池产业扩产狂潮来袭，创新仍是第一要义
2021-12-20,比亚迪元Plus预提价曝光：13~15.5 万元，e平台3.0首款纯电SUV,比亚迪元Plus预提价曝光：13~15.5 万元，e平台3.0首款纯电SUV
2021-12-20,销量杀疯！五菱宏光MINI EV、比亚迪秦PLUS冲进前五，国产轿车真的崛起了？,销量杀疯！五菱宏光MINI EV、比亚迪秦PLUS冲进前五，国产轿车真的崛起了？
2021-12-20,比亚迪：公司车型广受市场关注及认可，订单火爆，公司正积极提升产能以满足需求,比亚迪：公司车型广受市场关注及认可，订单火爆，公司正积极提升产能以满足需求
2021-12-20,比亚迪：近几批新能源汽车目录申报中显示，公司多车型配备EDR,比亚迪：近几批新能源汽车目录申报中显示，公司多车型配备EDR
2021-12-20,投资80亿元！比亚迪在江西抚州建15GWh动力电池产业园,投资80亿元！比亚迪在江西抚州建15GWh动力电池产业园
2021-12-20,请问比亚迪有使用哈工智能提供的工业机器人吗？比亚迪：相关供应商信息请以官方公布为准,请问比亚迪有使用哈工智能提供的工业机器人吗？比亚迪：相关供应商信息请以官方公布为准
2021-12-20,销量破9万，比亚迪奏出新能源汽车时代“最强音”！,销量破9万，比亚迪奏出新能源汽车时代“最强音”！
2021-12-20,低温影响续航 e平台3.0首款车型比亚迪海豚冬季实测,低温影响续航 e平台3.0首款车型比亚迪海豚冬季实测
2021-12-20,比亚迪：公司将基于市场需求及自身规划进行产品矩阵的布局,比亚迪：公司将基于市场需求及自身规划进行产品矩阵的布局
2021-12-21,比亚迪DiLink携手华为云，蹚出了一条产业数字化升级新路径,比亚迪DiLink携手华为云，蹚出了一条产业数字化升级新路径
2021-12-21,比亚迪受邀参展2021世界道路运输与公交车辆大会,比亚迪受邀参展2021世界道路运输与公交车辆大会
2021-12-21,重塑防城港公交新形象，比亚迪纯电动公交车驶入“边陲明珠”,重塑防城港公交新形象，比亚迪纯电动公交车驶入“边陲明珠”
2021-12-21,蓝海华腾：公司的电机控制器产品目前暂未配套比亚迪搭载DM-i的混动车型,蓝海华腾：公司的电机控制器产品目前暂未配套比亚迪搭载DM-i的混动车型
2021-12-21,A股资金流向：低价逻辑继续升温,A股资金流向：低价逻辑继续升温
2021-12-21,北向资金交投意愿转淡连续3日净卖出，白酒、新能源均遭出货,北向资金交投意愿转淡连续3日净卖出，白酒、新能源均遭出货
2021-12-21,比亚迪(002594.SZ)股东吕向阳质押155.63万股及解除质押375万股,比亚迪(002594.SZ)股东吕向阳质押155.63万股及解除质押375万股
2021-12-21,比亚迪唐EV在挪威完成交付1000辆,比亚迪唐EV在挪威完成交付1000辆
2021-12-21,陆股通连续净买入股名单,陆股通连续净买入股名单
2021-12-21,助力快递进村 畅通城乡循环 比亚迪T5D投运山东首条镇村物流专线 · 中国道路运输网（专业道路运输门户）,助力快递进村 畅通城乡循环 比亚迪T5D投运山东首条镇村物流专线 · 中国道路运输网（专业道路运输门户）
2021-12-21,起售价比国内贵13万！比亚迪唐EV挪威已交付1000辆,起售价比国内贵13万！比亚迪唐EV挪威已交付1000辆
2021-12-21,真的停不下来！11月比亚迪新能源全系销量大涨 或达成年销60万辆壮举,真的停不下来！11月比亚迪新能源全系销量大涨 或达成年销60万辆壮举
2021-12-21,一箱油跑1090km！比亚迪宋Pro DM-i明日上市：预售13.58万起,一箱油跑1090km！比亚迪宋Pro DM-i明日上市：预售13.58万起
2021-12-21,比亚迪股东吕向阳质押0.05%股份及解质0.13%股份,比亚迪股东吕向阳质押0.05%股份及解质0.13%股份
2021-12-21,重庆财经丨重庆11月新能源汽车销量占比超20%，合资品牌首进前十,重庆财经丨重庆11月新能源汽车销量占比超20%，合资品牌首进前十
2021-12-21,比亚迪纯电动大巴助力瑞典“南部粮仓”公交电动化变革,比亚迪纯电动大巴助力瑞典“南部粮仓”公交电动化变革
2021-12-21,北向资金动向盘点：不仅没砸盘，反而逢低净买电子、传媒,北向资金动向盘点：不仅没砸盘，反而逢低净买电子、传媒
2021-12-21,11月新能源乘用车区域市场分析：县乡市场新能源逐步启动,11月新能源乘用车区域市场分析：县乡市场新能源逐步启动
2021-12-21,大众也扶不起国轩高科？,大众也扶不起国轩高科？
2021-12-21,从严监管消“噪音”，凸显“真外资”属性,从严监管消“噪音”，凸显“真外资”属性
2021-12-21,南北大众双双遇冷 11月车市消费洞察,南北大众双双遇冷 11月车市消费洞察
2021-12-21,A股融资融券日报：两融余额减少40.23亿元（12月20日）,A股融资融券日报：两融余额减少40.23亿元（12月20日）
2021-12-21,新能源汽车｜电动智能助推中国车扬帆出海,新能源汽车｜电动智能助推中国车扬帆出海
2021-12-21,e平台3.0首款SUV 比亚迪元PLUS将登陆新加坡：明年二季度当地开售,e平台3.0首款SUV 比亚迪元PLUS将登陆新加坡：明年二季度当地开售
2021-12-21,比亚迪、立讯精密等28股获北向资金增持额超亿元,比亚迪、立讯精密等28股获北向资金增持额超亿元
2021-12-21,严打“假外资”影响几何？北向资金连续2日净卖出，出逃这些股（名单）,严打“假外资”影响几何？北向资金连续2日净卖出，出逃这些股（名单）
2021-12-21,万丰奥威：目前主要配套供应铝合金车轮,万丰奥威：目前主要配套供应铝合金车轮
2021-12-21,万丰奥威：和比亚迪合作主要为供应铝合金轮毂,万丰奥威：和比亚迪合作主要为供应铝合金轮毂
2021-12-21,【快讯|比亚迪将推智能手表 开始招募智能手表钥匙体验官】据悉，汉EV/DM、唐DM-i、2021款唐燃油/EV/DM、宋PLUS燃油/EV/DM,【快讯|比亚迪将推智能手表 开始招募智能手表钥匙体验官】据悉，汉EV/DM、唐DM-i、2021款唐燃油/EV/DM、宋PLUS燃油/EV/DM
2021-12-21,11月交强险数据深度分析：非限购城市新能源渗透率创历史新高【安信汽车】,11月交强险数据深度分析：非限购城市新能源渗透率创历史新高【安信汽车】
2021-12-21,投资80亿元，比亚迪又一动力电池项目落户江西抚州,投资80亿元，比亚迪又一动力电池项目落户江西抚州
2021-12-21,万丰奥威：和比亚迪合作主要为供应铝合金轮毂 目前配套比例40%以上,万丰奥威：和比亚迪合作主要为供应铝合金轮毂 目前配套比例40%以上
2021-12-21,QuestMobile 2021新能源车主及客群探究报告：车主规模达650万、潜在用户1100万，三大阵营疯抢谁将笑到最后？,QuestMobile 2021新能源车主及客群探究报告：车主规模达650万、潜在用户1100万，三大阵营疯抢谁将笑到最后？
2021-12-22,韩国双龙汽车与比亚迪签约，将共同研发动力电池,韩国双龙汽车与比亚迪签约，将共同研发动力电池
2021-12-22,新纶新材：动力类铝塑膜产品的认证周期一般为6~12个月不等,新纶新材：动力类铝塑膜产品的认证周期一般为6~12个月不等
2021-12-22,新纶新材：公司铝塑膜产品客户主要有国轩高科、蜂巢等,新纶新材：公司铝塑膜产品客户主要有国轩高科、蜂巢等
2021-12-22,定点现代后，与双龙汽车联合开发电池 比亚迪韩国市场再下一城,定点现代后，与双龙汽车联合开发电池 比亚迪韩国市场再下一城
2021-12-22,11月车市：自主品牌暗流涌动，一线梯队会员骤增,11月车市：自主品牌暗流涌动，一线梯队会员骤增
2021-12-22,花旗：本土乘用车品牌11月市占率续上升 长汽及比亚迪等销售增加,花旗：本土乘用车品牌11月市占率续上升 长汽及比亚迪等销售增加
2021-12-22,比亚迪汉EV敞篷车现身一汽丰田工厂 外观相当拉风,比亚迪汉EV敞篷车现身一汽丰田工厂 外观相当拉风
2021-12-22,比亚迪汉 EV 敞篷版谍照曝光，造型拉风,比亚迪汉 EV 敞篷版谍照曝光，造型拉风
2021-12-22,恒指收涨0.57%成交不足千亿，体育用品、汽车、科技股涨幅居前,恒指收涨0.57%成交不足千亿，体育用品、汽车、科技股涨幅居前
2021-12-22,比亚迪汉 EV 要有敞篷版了？新车谍照曝光,比亚迪汉 EV 要有敞篷版了？新车谍照曝光
2021-12-22,亏电油耗4.4L！比亚迪宋Pro DM-i动力公布：满油满电续航1090公里,亏电油耗4.4L！比亚迪宋Pro DM-i动力公布：满油满电续航1090公里
2021-12-22,标题：辣评11月新能源车企 | 新能源整体大涨 比亚迪持续领跑 MODEL Y下滑,标题：辣评11月新能源车企 | 新能源整体大涨 比亚迪持续领跑 MODEL Y下滑
2021-12-22,盐湖股份：中试技术为吸附技术,盐湖股份：中试技术为吸附技术
2021-12-22,双龙汽车携手比亚迪，共同开发电动车电池,双龙汽车携手比亚迪，共同开发电动车电池
2021-12-22,2021汽车关键词（六）：万亿宁王,2021汽车关键词（六）：万亿宁王
2021-12-22,谁是车企缺芯的原罪,谁是车企缺芯的原罪
2021-12-22,2021年汽车板块：新能源汽车政策搅动，“行业棋局”风云变幻,2021年汽车板块：新能源汽车政策搅动，“行业棋局”风云变幻
2021-12-22,一公里仅需3毛钱！比亚迪宋Pro DM-i上市,一公里仅需3毛钱！比亚迪宋Pro DM-i上市
2021-12-22,13.48~15.98 万元，2022 款比亚迪宋 Pro DM-i 正式上市,13.48~15.98 万元，2022 款比亚迪宋 Pro DM-i 正式上市
2021-12-22,宋Pro DM-i正式上市：满油满电对外放电188度 可供普通家庭使用2周,宋Pro DM-i正式上市：满油满电对外放电188度 可供普通家庭使用2周
2021-12-22,2022款比亚迪宋Pro DM-i上市，13.48万起售,2022款比亚迪宋Pro DM-i上市，13.48万起售
2021-12-22,盐湖股份：目前，盐湖比亚迪3万吨电池级碳酸锂项目相关工艺技术正在进行中试,盐湖股份：目前，盐湖比亚迪3万吨电池级碳酸锂项目相关工艺技术正在进行中试
2021-12-22,手机性能排行榜,手机性能排行榜
2021-12-22,汽车股盘初拉升，亚星客车、比亚迪、小康股份、长城汽车涨幅靠前,汽车股盘初拉升，亚星客车、比亚迪、小康股份、长城汽车涨幅靠前
2021-12-22,珠海冠宇：公司仅有少量产品系直接出口到国外,珠海冠宇：公司仅有少量产品系直接出口到国外
2021-12-22,任泽平2022年宏观展望,任泽平2022年宏观展望
2021-12-22,深交所：奋力建设优质创新资本中心和世界一流交易所,深交所：奋力建设优质创新资本中心和世界一流交易所
2021-12-22,安信研究|晨会在线20211222,安信研究|晨会在线20211222
2021-12-22,南粤热土上，书写出资本市场“春天的故事”,南粤热土上，书写出资本市场“春天的故事”
2021-12-22,自主新能源乘用车渗透率持续提升，品牌内部现分化趋势,自主新能源乘用车渗透率持续提升，品牌内部现分化趋势
2021-12-22,比亚迪连续4日获北向资金净买入,比亚迪连续4日获北向资金净买入
2021-12-22,周二主力资金抢筹名单出炉，尾盘资金加仓元宇宙龙头,周二主力资金抢筹名单出炉，尾盘资金加仓元宇宙龙头
2021-12-22,A股早报2021年12月22日星期三,A股早报2021年12月22日星期三
2021-12-22,比亚迪在挪威顺利交付第1000台唐EV,比亚迪在挪威顺利交付第1000台唐EV
2021-12-22,比亚迪纯电动物流车T5D投运山东首条镇村物流专线,比亚迪纯电动物流车T5D投运山东首条镇村物流专线
2021-12-22,中国锂电逆袭的最后一役,中国锂电逆袭的最后一役
2021-12-22,挑战百万高端品牌车型，比亚迪能让消费者接受吗？,挑战百万高端品牌车型，比亚迪能让消费者接受吗？
2021-12-22,龙颜大增！比亚迪元PLUS配置曝光：刀片电池续航510公里,龙颜大增！比亚迪元PLUS配置曝光：刀片电池续航510公里
2021-12-22,韩国双龙汽车签约比亚迪携手研发动力电池,韩国双龙汽车签约比亚迪携手研发动力电池
2021-12-22,比亚迪新能源销量屡创新高，中国A级家轿市场刮起赫赫秦风,比亚迪新能源销量屡创新高，中国A级家轿市场刮起赫赫秦风
2021-12-22,电商上线“续航王”电瓶车：搭比亚迪刀片电池 最高520公里跑赢特斯拉,电商上线“续航王”电瓶车：搭比亚迪刀片电池 最高520公里跑赢特斯拉
2021-12-22,比亚迪、蔚来将推电动MPV 新能源汽车市场“新蓝海”已至？,比亚迪、蔚来将推电动MPV 新能源汽车市场“新蓝海”已至？
2021-12-22,月销破9万辆！打造新能源汽车国潮标杆，核心技术夯实比亚迪领导者地位,月销破9万辆！打造新能源汽车国潮标杆，核心技术夯实比亚迪领导者地位
2021-12-22,【一语道破】动力电池11月装机量出炉，哪些数据正“悄悄改写”？,【一语道破】动力电池11月装机量出炉，哪些数据正“悄悄改写”？
2021-12-22,比亚迪半场领先,比亚迪半场领先
2021-12-22,【汽车】汽车行业月报—11月产销环比持续回暖，新能源产销再创新高,【汽车】汽车行业月报—11月产销环比持续回暖，新能源产销再创新高
2021-12-22,申万宏源：政策护航叠加技术突破，混动车型国企崛起可期,申万宏源：政策护航叠加技术突破，混动车型国企崛起可期
2021-12-23,有爱吗？比亚迪汉旅行版首曝！或搭DM-i混动,有爱吗？比亚迪汉旅行版首曝！或搭DM-i混动
2021-12-23,济南比亚迪8英寸高功率芯片生产项目完成设备调试,济南比亚迪8英寸高功率芯片生产项目完成设备调试
2021-12-23,汽车板块走势强劲，卡倍亿、拓普集团等逾10股涨停，英博尔等大涨,汽车板块走势强劲，卡倍亿、拓普集团等逾10股涨停，英博尔等大涨
2021-12-23,西安疫情对比亚迪生产造成影响 或致DM-i车型交付进一步紧张,西安疫情对比亚迪生产造成影响 或致DM-i车型交付进一步紧张
2021-12-23,尾灯变了！比亚迪汉DM-i最新路试谍照曝光 油耗仅0.8L,尾灯变了！比亚迪汉DM-i最新路试谍照曝光 油耗仅0.8L
2021-12-23,比亚迪(002594)：11月销量继续提升 混动产品竞争力强 建议“区间操作”,比亚迪(002594)：11月销量继续提升 混动产品竞争力强 建议“区间操作”
2021-12-23,比亚迪汉第15万辆新车下线 创下中国最快速度！,比亚迪汉第15万辆新车下线 创下中国最快速度！
2021-12-23,比亚迪高功率汽车芯片生产已通线，有助于缓解缺芯造成的问题,比亚迪高功率汽车芯片生产已通线，有助于缓解缺芯造成的问题
2021-12-23,比亚迪：后续还将有更多基于DM-i超级混动技术的车型上市,比亚迪：后续还将有更多基于DM-i超级混动技术的车型上市
2021-12-23,比亚迪：汉第 15 万辆新车下线，中国品牌中大型轿车最快下线速度,比亚迪：汉第 15 万辆新车下线，中国品牌中大型轿车最快下线速度
2021-12-23,超达装备：公司积极探索新能源汽车产业领域的机会,超达装备：公司积极探索新能源汽车产业领域的机会
2021-12-23,比亚迪西安基地受疫情影响，正在协调应对,比亚迪西安基地受疫情影响，正在协调应对
2021-12-23,细分行业 | 中美上市“汽车制造商”一览（动态更新）,细分行业 | 中美上市“汽车制造商”一览（动态更新）
2021-12-23,王传福的半个“豪言”,王传福的半个“豪言”
2021-12-23,比亚迪汉第15万辆新车下线,比亚迪汉第15万辆新车下线
2021-12-23,起售价13.48万元 比亚迪宋Pro DM-i正式上市,起售价13.48万元 比亚迪宋Pro DM-i正式上市
2021-12-23,超达装备：产品已直接或间接应用于特斯拉、蔚来、比亚迪、吉利等新能源整车厂商,超达装备：产品已直接或间接应用于特斯拉、蔚来、比亚迪、吉利等新能源整车厂商
2021-12-23,滴滴挖了个坑，这些公司都往里跳,滴滴挖了个坑，这些公司都往里跳
2021-12-23,采用软顶敞篷设计 比亚迪汉敞篷版谍照曝光,采用软顶敞篷设计 比亚迪汉敞篷版谍照曝光
2021-12-23,双龙汽车签约比亚迪共同研发动力电池,双龙汽车签约比亚迪共同研发动力电池
2021-12-23,比亚迪：本次疫情对西安园区生产将产生部分影响,比亚迪：本次疫情对西安园区生产将产生部分影响
2021-12-23,售价13.48万元起 比亚迪2022款宋Pro DM-i上市,售价13.48万元起 比亚迪2022款宋Pro DM-i上市
2021-12-23,13.48万元起！比亚迪宋Pro DM-i详细配置出炉：看完知道买哪款,13.48万元起！比亚迪宋Pro DM-i详细配置出炉：看完知道买哪款
2021-12-23,蒙牛、小米、比亚迪，明星企业为何扎堆换LOGO？,蒙牛、小米、比亚迪，明星企业为何扎堆换LOGO？
2021-12-23,新能源火爆，电机却只赚吆喝难赚钱？,新能源火爆，电机却只赚吆喝难赚钱？
2021-12-23,港股盘前必读：海底捞迎来第二波闭店潮,港股盘前必读：海底捞迎来第二波闭店潮
2021-12-23,融资客青睐4股，航亚科技买入占比高达45.01%,融资客青睐4股，航亚科技买入占比高达45.01%
2021-12-23,2022 必火的 5 款重磅 A 级家轿！,2022 必火的 5 款重磅 A 级家轿！
2021-12-23,重点推荐尊贵型，比亚迪宋 PLUS EV 购车手册,重点推荐尊贵型，比亚迪宋 PLUS EV 购车手册
2021-12-23,几度破产的双龙汽车，与比亚迪签订动力电池开发合同,几度破产的双龙汽车，与比亚迪签订动力电池开发合同
2021-12-23,【特约大V】邓声兴：外围造好 恒指有望小幅反弹,【特约大V】邓声兴：外围造好 恒指有望小幅反弹
2021-12-23,双龙汽车牵手比亚迪开发动力电池 首款电动汽车U100 2023年量产,双龙汽车牵手比亚迪开发动力电池 首款电动汽车U100 2023年量产
2021-12-23,比亚迪已于挪威交付 1000 辆唐 EV 车型,比亚迪已于挪威交付 1000 辆唐 EV 车型
2021-12-23,2021最火的5款SUV，凭实力还是靠噱头?,2021最火的5款SUV，凭实力还是靠噱头?
2021-12-23,重庆财经丨“重庆造”SUV单城月销近1000辆 纯电城市“通勤车”也成主流消费,重庆财经丨“重庆造”SUV单城月销近1000辆 纯电城市“通勤车”也成主流消费
2021-12-23,零下7℃的沈阳街头走一走 比亚迪海豚冬季低温续航实测,零下7℃的沈阳街头走一走 比亚迪海豚冬季低温续航实测
2021-12-23,将开发电动车平台 双龙与比亚迪合作,将开发电动车平台 双龙与比亚迪合作
2021-12-23,道通科技：公司已覆盖的新能源车型逾千款 包括特斯拉、比亚迪等品牌,道通科技：公司已覆盖的新能源车型逾千款 包括特斯拉、比亚迪等品牌
2021-12-24,12月资金动向追踪：中小市值受青睐，两大产业链流出严重！,12月资金动向追踪：中小市值受青睐，两大产业链流出严重！
2021-12-24,比亚迪(002594.SZ)股东吕向阳质押25万股,比亚迪(002594.SZ)股东吕向阳质押25万股
2021-12-24,核心客户集体“出逃”？宁德时代市值一日暴跌超千亿元,核心客户集体“出逃”？宁德时代市值一日暴跌超千亿元
2021-12-24,比亚迪(002594.SZ)拟对参股公司增资10亿元,比亚迪(002594.SZ)拟对参股公司增资10亿元
2021-12-24,不止敞篷版、旅行版，比亚迪汉双门硬顶版谍照曝光,不止敞篷版、旅行版，比亚迪汉双门硬顶版谍照曝光
2021-12-24,比亚迪：子公司与戴姆勒拟分别对腾势新能源增资10亿元,比亚迪：子公司与戴姆勒拟分别对腾势新能源增资10亿元
2021-12-24,新意互动金投赏案例周分享 用AI优化体系提升营销效果,新意互动金投赏案例周分享 用AI优化体系提升营销效果
2021-12-24,市场“高低位”切换，如何寻找稳健板块,市场“高低位”切换，如何寻找稳健板块
2021-12-24,沪指周跌0.39% 机构称均衡把握机构抱团板块的配置机会 | 思维市场关注,沪指周跌0.39% 机构称均衡把握机构抱团板块的配置机会 | 思维市场关注
2021-12-24,A股资金流向：“弃宁投茅”显露调仓痕迹,A股资金流向：“弃宁投茅”显露调仓痕迹
2021-12-24,产销逆势上涨，比亚迪汉第15万辆新车下线,产销逆势上涨，比亚迪汉第15万辆新车下线
2021-12-24,双积分大考要来了，合资车企成负积分黑洞？,双积分大考要来了，合资车企成负积分黑洞？
2021-12-24,比亚迪与速腾聚创达成战略合作 加速汽车智能化布局,比亚迪与速腾聚创达成战略合作 加速汽车智能化布局
2021-12-24,宁德时代跌超9%，成交金额已超120亿元,宁德时代跌超9%，成交金额已超120亿元
2021-12-24,比亚迪拟对参股公司增资10亿元，加大新能源业务布局,比亚迪拟对参股公司增资10亿元，加大新能源业务布局
2021-12-24,晚间重要公告2021年12月24日星期五,晚间重要公告2021年12月24日星期五
2021-12-24,比亚迪和戴姆勒就腾势合资公司未来架构达成一致,比亚迪和戴姆勒就腾势合资公司未来架构达成一致
2021-12-24,每经14点|银保监会：1~10月交强险承保亏损已超20亿；比亚迪：西安疫情对生产有影响；雷军：小米汽车预计2024年上半年量产,每经14点|银保监会：1~10月交强险承保亏损已超20亿；比亚迪：西安疫情对生产有影响；雷军：小米汽车预计2024年上半年量产
2021-12-24,速腾聚创获比亚迪战略投资：前汽车之家CFO邹钧加盟 助力IPO,速腾聚创获比亚迪战略投资：前汽车之家CFO邹钧加盟 助力IPO
2021-12-24,上市公司收购锂电设备企业,上市公司收购锂电设备企业
2021-12-24,腾势苦撑十年后终“归”比亚迪 戴姆勒仅保留10%股权,腾势苦撑十年后终“归”比亚迪 戴姆勒仅保留10%股权
2021-12-24,戴姆勒、比亚迪签署腾势股权转让协议 戴姆勒将持有腾势10%股份,戴姆勒、比亚迪签署腾势股权转让协议 戴姆勒将持有腾势10%股份
2021-12-24,10年增资逾70亿后腾势“回归”比亚迪：“整肃”渠道、未来二年将推三款新车,10年增资逾70亿后腾势“回归”比亚迪：“整肃”渠道、未来二年将推三款新车
2021-12-24,比亚迪/戴姆勒就腾势进行增资/股权转让,比亚迪/戴姆勒就腾势进行增资/股权转让
2021-12-24,四度增资后，戴姆勒向比亚迪转让腾势40%股权,四度增资后，戴姆勒向比亚迪转让腾势40%股权
2021-12-24,腾势股权生变，比亚迪和戴姆勒将分别持股90%和10%,腾势股权生变，比亚迪和戴姆勒将分别持股90%和10%
2021-12-24,比亚迪、戴姆勒集团亲儿子！腾势获最新20亿增资,比亚迪、戴姆勒集团亲儿子！腾势获最新20亿增资
2021-12-24,先各增资10亿元！戴姆勒拟转让腾势股权，比亚迪持股90%,先各增资10亿元！戴姆勒拟转让腾势股权，比亚迪持股90%
2021-12-24,比亚迪与戴姆勒各增资10亿元 腾势股比将调整至90：10,比亚迪与戴姆勒各增资10亿元 腾势股比将调整至90：10
2021-12-24,腾势股权生变：比亚迪持股将增至90%,腾势股权生变：比亚迪持股将增至90%
2021-12-24,比亚迪、戴姆勒签署腾势股权转让协议 前者持股90%,比亚迪、戴姆勒签署腾势股权转让协议 前者持股90%
2021-12-24,比亚迪、戴姆勒分别向腾势汽车增资10亿元,比亚迪、戴姆勒分别向腾势汽车增资10亿元
2021-12-24,腾势股权变动：戴姆勒出让40%股权 比亚迪增持至90%,腾势股权变动：戴姆勒出让40%股权 比亚迪增持至90%
2021-12-24,上汽乘用车11月新能源销量 中国单一品牌海外销量冠军,上汽乘用车11月新能源销量 中国单一品牌海外销量冠军
2021-12-24,比亚迪汉 DM-i 路试谍照曝光 或将主打 18-22 万区间,比亚迪汉 DM-i 路试谍照曝光 或将主打 18-22 万区间
2021-12-24,“新能源一哥”比亚迪年销60万辆，将与蔚小理争夺高端市场,“新能源一哥”比亚迪年销60万辆，将与蔚小理争夺高端市场
2021-12-24,汽车板块单边下滑，比亚迪、长城汽车跌超3%,汽车板块单边下滑，比亚迪、长城汽车跌超3%
2021-12-24,2021年新能源汽车销量将同比增长1.5倍 2022销量有望达到500万辆,2021年新能源汽车销量将同比增长1.5倍 2022销量有望达到500万辆
2021-12-24,济南高新区管委会与比亚迪举行动力电池二期项目签约活动,济南高新区管委会与比亚迪举行动力电池二期项目签约活动
2021-12-24,最新！应对西安疫情，这些券商启动应急预案，暂停部分网点服务，轮岗上班！上市公司也有回应,最新！应对西安疫情，这些券商启动应急预案，暂停部分网点服务，轮岗上班！上市公司也有回应
2021-12-24,天风研究：新能源汽车电池产业链转债标的盘点,天风研究：新能源汽车电池产业链转债标的盘点
2021-12-24,比亚迪DM-i系列上市一年 杀伤力几何？,比亚迪DM-i系列上市一年 杀伤力几何？
2021-12-24,特斯拉大涨，马斯克高抛低吸套现近千亿，史上最高？,特斯拉大涨，马斯克高抛低吸套现近千亿，史上最高？
2021-12-24,里程碑时刻 比亚迪第15万辆汉正式下线,里程碑时刻 比亚迪第15万辆汉正式下线
2021-12-24,比亚迪推出插电式混动新车,比亚迪推出插电式混动新车
2021-12-24,中金2022年展望 | 汽车：电动方兴未艾，智能华丽开篇,中金2022年展望 | 汽车：电动方兴未艾，智能华丽开篇
2021-12-24,产量/销量同步上涨 第15万台比亚迪汉正式下线,产量/销量同步上涨 第15万台比亚迪汉正式下线
2021-12-24,新能源车市高歌猛进，中国车企迎全方位超越良机,新能源车市高歌猛进，中国车企迎全方位超越良机
2021-12-24,携手私募基金+操盘CVC，上市公司谋求新增长点,携手私募基金+操盘CVC，上市公司谋求新增长点
2021-12-24,融资客青睐14股，三旺通信买入占比高达56.58%,融资客青睐14股，三旺通信买入占比高达56.58%
2021-12-24,电动车销量爆发 抢锂大战前所未有,电动车销量爆发 抢锂大战前所未有
2021-12-24,比亚迪动力电池二期项目在济南签约,比亚迪动力电池二期项目在济南签约
2021-12-24,比亚迪汉敞篷版、瓦罐版接连曝光，打入细分市场，提升品牌形象,比亚迪汉敞篷版、瓦罐版接连曝光，打入细分市场，提升品牌形象
2021-12-24,比亚迪：西安疫情对生产有影响，正在积极协调应对,比亚迪：西安疫情对生产有影响，正在积极协调应对
2021-12-24,百公里加速仅7.3秒 比亚迪元PLUS部分配置曝光,百公里加速仅7.3秒 比亚迪元PLUS部分配置曝光
2021-12-24,汽车“国潮”崛起，凝聚向上力量,汽车“国潮”崛起，凝聚向上力量
2021-12-24,探索科技TechSugar,探索科技TechSugar
2021-12-24,西安疫情致比亚迪DM-i车型交付进一步紧张？,西安疫情致比亚迪DM-i车型交付进一步紧张？
2021-12-24,比亚迪汽车携手 SAP Concur，筑梦数智化费用管理,比亚迪汽车携手 SAP Concur，筑梦数智化费用管理
2021-12-24,A股午盘综述：宁王跌7%、茅台涨3%，机构重仓股一通混战！五千亿电力龙头创新高,A股午盘综述：宁王跌7%、茅台涨3%，机构重仓股一通混战！五千亿电力龙头创新高
2021-12-24,比亚迪汉 DM-i 最新路试谍照曝光：接近量产状态，预计明年到来,比亚迪汉 DM-i 最新路试谍照曝光：接近量产状态，预计明年到来
2021-12-24,又一款新车！比亚迪宋 Pro DM-i 售价公布,又一款新车！比亚迪宋 Pro DM-i 售价公布
2021-12-24,2021，那些汽车掌门人撂过的狠话,2021，那些汽车掌门人撂过的狠话
2021-12-24,港A汽车股集体下跌：比亚迪、长城跌超3%,港A汽车股集体下跌：比亚迪、长城跌超3%
2021-12-24,比亚迪驱逐舰 05 实车正式亮相，外观很霸气，纯电续航可达 120km,比亚迪驱逐舰 05 实车正式亮相，外观很霸气，纯电续航可达 120km
2021-12-24,比亚迪1211｜承认西安封城影响产能 | 头条金融网,比亚迪1211｜承认西安封城影响产能 | 头条金融网
2021-12-24,想买车的再等等，2022 一季度超多新车上市，丰田威飒领衔,想买车的再等等，2022 一季度超多新车上市，丰田威飒领衔
2021-12-24,大公司创新情报（12月24日）：A股近十年最大IPO中国移动中签号出炉：超43万个,大公司创新情报（12月24日）：A股近十年最大IPO中国移动中签号出炉：超43万个
2021-12-24,快讯：比亚迪盘中跌超5% 成交额超38亿,快讯：比亚迪盘中跌超5% 成交额超38亿
2021-12-25,Model 3 最有话题性，比亚迪秦最像“黑马”,Model 3 最有话题性，比亚迪秦最像“黑马”
2021-12-25,北向资金五个交易日出逃近78亿元，甩卖酿酒股近46亿元，扫货这些龙头股（名单）,北向资金五个交易日出逃近78亿元，甩卖酿酒股近46亿元，扫货这些龙头股（名单）
2021-12-25,电动汽车冬季续航难题凸显，看比亚迪e平台如何破解,电动汽车冬季续航难题凸显，看比亚迪e平台如何破解
2021-12-25,合资十年终“分家”！比亚迪和戴姆勒均签署股权转让协议,合资十年终“分家”！比亚迪和戴姆勒均签署股权转让协议
2021-12-25,磷酸铁锂翻身了，最大赢家是宁德时代？,磷酸铁锂翻身了，最大赢家是宁德时代？
2021-12-25,两大国产拒绝与苹果合作，谁给的勇气？原来央视早有警告！,两大国产拒绝与苹果合作，谁给的勇气？原来央视早有警告！
2021-12-25,北向资金丨本周扫货重点曝光，比亚迪获净买入逾4亿元,北向资金丨本周扫货重点曝光，比亚迪获净买入逾4亿元
2021-12-25,燃油SUV颠覆者比亚迪宋Pro DM-i，登顶冠军指日可待！,燃油SUV颠覆者比亚迪宋Pro DM-i，登顶冠军指日可待！
2021-12-25,宁德时代为何暴跌千亿？｜钛媒体科股,宁德时代为何暴跌千亿？｜钛媒体科股
2021-12-25,比亚迪/速腾聚创达成战略合作 促进智能汽车产业生态发展,比亚迪/速腾聚创达成战略合作 促进智能汽车产业生态发展
2021-12-25,比亚迪与Momenta官宣成立智能驾驶合资公司 “迪派智行”,比亚迪与Momenta官宣成立智能驾驶合资公司 “迪派智行”
2021-12-25,大公司创新情报（12月25日）：曝iPhone 14将搭载京东方6.1寸OLED：国产屏连续供应三代苹果手机,大公司创新情报（12月25日）：曝iPhone 14将搭载京东方6.1寸OLED：国产屏连续供应三代苹果手机
2021-12-25,加速智能化布局 比亚迪牵手速腾聚创,加速智能化布局 比亚迪牵手速腾聚创
2021-12-25,华尔街见闻早餐FM-Radio｜2021年12月25日,华尔街见闻早餐FM-Radio｜2021年12月25日
2021-12-25,主力资金“弃宁投茅”，机构看好跨年行情,主力资金“弃宁投茅”，机构看好跨年行情
2021-12-25,磷酸铁锂重回C位，未来动力电池竞争格局如何演变？,磷酸铁锂重回C位，未来动力电池竞争格局如何演变？
2021-12-25,是什么车，排队 3 个月都要买？,是什么车，排队 3 个月都要买？
2021-12-25,两巨头拟各投10亿 腾势新能源再获增资,两巨头拟各投10亿 腾势新能源再获增资
2021-12-25,宁德时代进贵安 再造一个千亿级？,宁德时代进贵安 再造一个千亿级？
2021-12-25,补贴退坡在即，2022年新能源车市能否继续火爆？,补贴退坡在即，2022年新能源车市能否继续火爆？
2021-12-26,比亚迪驱逐舰 05 车型全新内饰公布,比亚迪驱逐舰 05 车型全新内饰公布
2021-12-26,北上资金重点扫货股曝光，白酒龙头遭大幅减仓,北上资金重点扫货股曝光，白酒龙头遭大幅减仓
2021-12-26,8 分钟卖超 2000 台！540N · m 国产 SUV，油耗百公里 4 个多！,8 分钟卖超 2000 台！540N · m 国产 SUV，油耗百公里 4 个多！
2021-12-26,合资十年股权生变，比亚迪戴姆勒“分家”了,合资十年股权生变，比亚迪戴姆勒“分家”了
2021-12-26,千亿大牛股，两天大跌超170亿！华为概念也不香了？,千亿大牛股，两天大跌超170亿！华为概念也不香了？
2021-12-26,11月电机榜：特斯拉夺得亚军 博格华纳跻身前十,11月电机榜：特斯拉夺得亚军 博格华纳跻身前十
2021-12-26,股东双方打破持股平衡，比亚迪将增持至90%，不争气的腾势将奔向哪,股东双方打破持股平衡，比亚迪将增持至90%，不争气的腾势将奔向哪
2021-12-27,比亚迪：产业不只有汽车，业务不只在中国,比亚迪：产业不只有汽车，业务不只在中国
2021-12-27,比亚迪汉DM-i最新谍照曝光：不仅换装全新尾灯造型，尾部或有改动？,比亚迪汉DM-i最新谍照曝光：不仅换装全新尾灯造型，尾部或有改动？
2021-12-27,BYD inside，丰田失去了灵魂？,BYD inside，丰田失去了灵魂？
2021-12-27,自主新能源乘用车渗透率持续提升，品牌内部现分化趋势,自主新能源乘用车渗透率持续提升，品牌内部现分化趋势
2021-12-27,自动驾驶独角兽都搞了合资公司，小马智行运货，Momenta载人,自动驾驶独角兽都搞了合资公司，小马智行运货，Momenta载人
2021-12-27,比亚迪秦11月销量居A级轿车销量榜前三，与合资燃油车一决高下,比亚迪秦11月销量居A级轿车销量榜前三，与合资燃油车一决高下
2021-12-27,使用比亚迪电池 对标特斯拉Model Y：福特Mach-E国内正式交付,使用比亚迪电池 对标特斯拉Model Y：福特Mach-E国内正式交付
2021-12-27,靠股东输血挺过十一年，比亚迪拟“回收”腾势奋起一搏,靠股东输血挺过十一年，比亚迪拟“回收”腾势奋起一搏
2021-12-27,英洛华：公司生产的钕铁硼磁性材料有供应给比亚迪,英洛华：公司生产的钕铁硼磁性材料有供应给比亚迪
2021-12-27,业绩驱动！第三轮锂涨价，2022年或迎最紧缺时刻,业绩驱动！第三轮锂涨价，2022年或迎最紧缺时刻
2021-12-27,1.2L三缸油耗比肩比亚迪DM-i！首批日产轩逸e-Power本月交付,1.2L三缸油耗比肩比亚迪DM-i！首批日产轩逸e-Power本月交付
2021-12-27,2022款宋Pro DM-i正式上市，比亚迪超级混动家族又添一员,2022款宋Pro DM-i正式上市，比亚迪超级混动家族又添一员
2021-12-27,它终于出手了，并且还是“王炸”,它终于出手了，并且还是“王炸”
2021-12-27,单月销量不到 500 辆，腾势终成戴姆勒弃子！,单月销量不到 500 辆，腾势终成戴姆勒弃子！
2021-12-27,中国车企“腾势一跃”，比亚迪（01211）拟持股腾势汽车90%股权,中国车企“腾势一跃”，比亚迪（01211）拟持股腾势汽车90%股权
2021-12-27,行业深度！一文带你了解2021年中国储能电池行业市场规模、竞争格局及发展趋势,行业深度！一文带你了解2021年中国储能电池行业市场规模、竞争格局及发展趋势
2021-12-27,激光雷达价格下探，大规模量产元年真的到了吗？,激光雷达价格下探，大规模量产元年真的到了吗？
2021-12-27,收藏！2021年全球动力锂电池技术发展现状及竞争格局分析 中国专利申请量超9成,收藏！2021年全球动力锂电池技术发展现状及竞争格局分析 中国专利申请量超9成
2021-12-27,12月两融余额缩水超200亿，3股逆势获净买入超10亿！,12月两融余额缩水超200亿，3股逆势获净买入超10亿！
2021-12-27,【华西计算机】1227｜集度首款汽车机器人2023年量产交付,【华西计算机】1227｜集度首款汽车机器人2023年量产交付
2021-12-27,合资公司会成为新潮流吗？Momenta、小马智行分别与比亚迪、中国外运成立合资公司,合资公司会成为新潮流吗？Momenta、小马智行分别与比亚迪、中国外运成立合资公司
2021-12-27,名家汇(300506.SZ)定增结果出炉：兴证全球、UBS AG及比亚迪等参投,名家汇(300506.SZ)定增结果出炉：兴证全球、UBS AG及比亚迪等参投
2021-12-27,博敏电子：公司在传统汽车电子领域持续加深已合作客户的粘性，扩大市场份额,博敏电子：公司在传统汽车电子领域持续加深已合作客户的粘性，扩大市场份额
2021-12-27,蚁象之争？“宁王”大跌背后，是锂电的“一超多强”之局,蚁象之争？“宁王”大跌背后，是锂电的“一超多强”之局
2021-12-27,中汽协：1-11月汽车销量排名前十位企业共销售2019.8万辆,中汽协：1-11月汽车销量排名前十位企业共销售2019.8万辆
2021-12-27,磷酸铁锂电池冬季续航受考验 比亚迪海豚何以破解难题,磷酸铁锂电池冬季续航受考验 比亚迪海豚何以破解难题
2021-12-27,比亚迪还是妥协了？出口挪威卖 44 万，但汉字元素变成全英文,比亚迪还是妥协了？出口挪威卖 44 万，但汉字元素变成全英文
2021-12-27,【华西电新|行业观察】国内电动车上险量稳步上升，第一批大型风光基地建设项目清单发布,【华西电新|行业观察】国内电动车上险量稳步上升，第一批大型风光基地建设项目清单发布
2021-12-27,奔驰“卖家”，蔚来闯“美”,奔驰“卖家”，蔚来闯“美”
2021-12-27,动力电池“引爆”特斯拉 为何更换电池费用如此高昂？,动力电池“引爆”特斯拉 为何更换电池费用如此高昂？
2021-12-27,高盛预测中概股回归将持续活跃,高盛预测中概股回归将持续活跃
2021-12-27,中国汽车走出漂亮上升线 新能源车强势增长,中国汽车走出漂亮上升线 新能源车强势增长
2021-12-27,比亚迪“接手”腾势，意欲何为？,比亚迪“接手”腾势，意欲何为？
2021-12-27,亏电油耗3.8L！比亚迪首款驱逐舰官图出炉：感觉如何,亏电油耗3.8L！比亚迪首款驱逐舰官图出炉：感觉如何
2021-12-27,每日理财观察：养老保险机构迎强监管,每日理财观察：养老保险机构迎强监管
2021-12-27,A股融资融券日报：两融余额减少95.83亿元（12月24日）,A股融资融券日报：两融余额减少95.83亿元（12月24日）
2021-12-27,2022年我国新能源汽车市场展望,2022年我国新能源汽车市场展望
2021-12-27,谱尼测试获比亚迪等多家新能源汽车主机厂资质认可汽车检测将创全新营收增长点,谱尼测试获比亚迪等多家新能源汽车主机厂资质认可汽车检测将创全新营收增长点
2021-12-27,比亚迪的混动能碾压本田？,比亚迪的混动能碾压本田？
2021-12-27,常铝股份：公司的电池箔产品有定向客户,常铝股份：公司的电池箔产品有定向客户
2021-12-27,开过山海关，比亚迪海豚在沈阳挑战冬季用车场景,开过山海关，比亚迪海豚在沈阳挑战冬季用车场景
2021-12-27,丰田一口气推16款纯电新车，为何开心的却是比亚迪？,丰田一口气推16款纯电新车，为何开心的却是比亚迪？
2021-12-27,国产PK合资 2021年最受关注汽车品牌是谁？,国产PK合资 2021年最受关注汽车品牌是谁？
2021-12-27,比亚迪又一动力电池项目落户江西抚州,比亚迪又一动力电池项目落户江西抚州
2021-12-27,新能源e周报丨新能源题材走势继续下挫 业内人士：资本市场动力电池概念或将降温,新能源e周报丨新能源题材走势继续下挫 业内人士：资本市场动力电池概念或将降温
2021-12-27,比亚迪联手速腾聚创 共同探索智能化前沿技术,比亚迪联手速腾聚创 共同探索智能化前沿技术
2021-12-27,比亚迪与Momenta成立智能驾驶合资公司“迪派智行”,比亚迪与Momenta成立智能驾驶合资公司“迪派智行”
2021-12-27,比亚迪补齐最后一块短板 联手独角兽企业共同发力,比亚迪补齐最后一块短板 联手独角兽企业共同发力
2021-12-27,缺芯/原材料涨价 2021车企在烦恼中前行,缺芯/原材料涨价 2021车企在烦恼中前行
2021-12-27,【电气设备】动力电池系列报告之一—动力电池行业龙头确立，二线企业有望崛起,【电气设备】动力电池系列报告之一—动力电池行业龙头确立，二线企业有望崛起
2021-12-27,马斯克还是王传福？到底谁拯救了磷酸铁锂,马斯克还是王传福？到底谁拯救了磷酸铁锂
2021-12-27,比亚迪宋MAX DM-i内饰官图发布！亏电油耗仅4.4L,比亚迪宋MAX DM-i内饰官图发布！亏电油耗仅4.4L
2021-12-28,财华盘点|牛股辈出！锂电池板块“高景气度”下是否蕴藏新机遇？,财华盘点|牛股辈出！锂电池板块“高景气度”下是否蕴藏新机遇？
2021-12-28,比亚迪动力电池配套福特新车！,比亚迪动力电池配套福特新车！
2021-12-28,比亚迪今日大宗交易成交1.64万股，成交价240.35元折价11.26%,比亚迪今日大宗交易成交1.64万股，成交价240.35元折价11.26%
2021-12-28,中信建投：市场化力量推动，分布式光伏迎接增速拐点,中信建投：市场化力量推动，分布式光伏迎接增速拐点
2021-12-28,蔚来凭什么能上中国品牌价值百强榜？中国何时将产生世界级汽车品牌？,蔚来凭什么能上中国品牌价值百强榜？中国何时将产生世界级汽车品牌？
2021-12-28,比亚迪现1笔大宗交易 共成交394.17万元,比亚迪现1笔大宗交易 共成交394.17万元
2021-12-28,比亚迪与智能激光雷达系统公司速腾聚创达成合作,比亚迪与智能激光雷达系统公司速腾聚创达成合作
2021-12-28,北向资金假期后首日加仓近13亿，兴业银行、宁德时代净买入均超5亿元,北向资金假期后首日加仓近13亿，兴业银行、宁德时代净买入均超5亿元
2021-12-28,腾势“起死回生”？比亚迪戴姆勒分别增资10 亿,腾势“起死回生”？比亚迪戴姆勒分别增资10 亿
2021-12-28,售价高达100万？比亚迪要玩高端越野 这事儿靠谱吗,售价高达100万？比亚迪要玩高端越野 这事儿靠谱吗
2021-12-28,8张图看懂纯电市场变化：特斯拉顶4个新造车，比亚迪紧追不舍,8张图看懂纯电市场变化：特斯拉顶4个新造车，比亚迪紧追不舍
2021-12-28,融捷投资控股质押比亚迪0.06%股份,融捷投资控股质押比亚迪0.06%股份
2021-12-28,2021国产造车势力“豹变”,2021国产造车势力“豹变”
2021-12-28,今天的宁王比亚迪，就是从前的贵州茅台,今天的宁王比亚迪，就是从前的贵州茅台
2021-12-28,电动车冬季续航打 6 折？官方权威测试来了！,电动车冬季续航打 6 折？官方权威测试来了！
2021-12-28,同益中：下游终端用户不包括华为，vivo，小米，比亚迪等厂家,同益中：下游终端用户不包括华为，vivo，小米，比亚迪等厂家
2021-12-28,比亚迪入股激光雷达系统商速腾聚创,比亚迪入股激光雷达系统商速腾聚创
2021-12-28,比亚迪：汉系列第15万辆新车下线 月销量已连续数月破万,比亚迪：汉系列第15万辆新车下线 月销量已连续数月破万
2021-12-28,“宁王”上天，铜箔也卷起来了,“宁王”上天，铜箔也卷起来了
2021-12-28,比亚迪接过腾势主导权 产品进入强周期,比亚迪接过腾势主导权 产品进入强周期
2021-12-28,小米造车第一年，嘴上不急心里急,小米造车第一年，嘴上不急心里急
2021-12-28,风起储能！投资692亿、单厂规模最大项目落地,风起储能！投资692亿、单厂规模最大项目落地
2021-12-28,银邦股份：公司是宁德时代、比亚迪、长城汽车、特斯拉、大众等知名汽配商的供应商,银邦股份：公司是宁德时代、比亚迪、长城汽车、特斯拉、大众等知名汽配商的供应商
2021-12-28,比亚迪 DM-i 又一新车曝光，车顶加高，买它全家都夸你有眼光！,比亚迪 DM-i 又一新车曝光，车顶加高，买它全家都夸你有眼光！
2021-12-28,接近 100 万辆！特斯拉 2021 交付量大杀四方：比亚迪成挑战者,接近 100 万辆！特斯拉 2021 交付量大杀四方：比亚迪成挑战者
2021-12-28,券商营业部排名大洗牌，量化交易催生硬件竞赛,券商营业部排名大洗牌，量化交易催生硬件竞赛
2021-12-28,图观车市| 11月车市上险销量全榜点评,图观车市| 11月车市上险销量全榜点评
2021-12-28,长城汽车前途光明、道路模糊,长城汽车前途光明、道路模糊
2021-12-28,比亚迪征集网络黑公关线索最高奖励100万,比亚迪征集网络黑公关线索最高奖励100万
2021-12-28,EV晨报 | 恒驰5首台调试车下线；李彦宏：未来交通不限购、不限行、无拥堵；明年家庭新能源指标预计提高至3.7万个,EV晨报 | 恒驰5首台调试车下线；李彦宏：未来交通不限购、不限行、无拥堵；明年家庭新能源指标预计提高至3.7万个
2021-12-28,新鲜早科技丨百度首次在“元宇宙”希壤开会；美团将在快手上线小程序；苏宁力争半年内偿还员工借款本金,新鲜早科技丨百度首次在“元宇宙”希壤开会；美团将在快手上线小程序；苏宁力争半年内偿还员工借款本金
2021-12-28,深圳龙岗区“IT+BT+低碳”创新成果亮相第二十三届高交会,深圳龙岗区“IT+BT+低碳”创新成果亮相第二十三届高交会
2021-12-28,苹果公布全球200大供应商，有哪些新变化？,苹果公布全球200大供应商，有哪些新变化？
2021-12-28,未来几年新能源车的格局,未来几年新能源车的格局
2021-12-28,比亚迪公开征集黑公关线索 将依据价值奖励5万至100万元,比亚迪公开征集黑公关线索 将依据价值奖励5万至100万元
2021-12-28,比亚迪与Momenta官宣成立“深圳市迪派智行科技有限公司”,比亚迪与Momenta官宣成立“深圳市迪派智行科技有限公司”
2021-12-28,苹果供应链TOP200有喜有忧，“果链造富神话”要靠造车续写？,苹果供应链TOP200有喜有忧，“果链造富神话”要靠造车续写？
2021-12-28,比亚迪：对提供网络黑公关线索及证据奖励5万至100万人民币,比亚迪：对提供网络黑公关线索及证据奖励5万至100万人民币
2021-12-28,BBA重围之下，比亚迪如何引领自主品牌真正“向上”？,BBA重围之下，比亚迪如何引领自主品牌真正“向上”？
2021-12-28,A股收盘综述：盐湖提锂、锂矿板块爆发，资金大举买入盐湖股份、天齐锂业,A股收盘综述：盐湖提锂、锂矿板块爆发，资金大举买入盐湖股份、天齐锂业
2021-12-28,盾安环境：公司已向比亚迪进行大批量供货,盾安环境：公司已向比亚迪进行大批量供货
2021-12-28,最高可奖励100万！比亚迪自掏腰包打击黑公关,最高可奖励100万！比亚迪自掏腰包打击黑公关
2021-12-28,2021，车市拐点之年：芯片荒、交付难、投诉多,2021，车市拐点之年：芯片荒、交付难、投诉多
2021-12-28,实探大乘汽车现状：抚州基地被比亚迪接手，金坛基地被牛创租用，破产重组已进入倒计时？ 减资破产,实探大乘汽车现状：抚州基地被比亚迪接手，金坛基地被牛创租用，破产重组已进入倒计时？ 减资破产
2021-12-28,小鹏汽车辟谣和和宁德时代争吵，“脱钩”之意却日趋明显,小鹏汽车辟谣和和宁德时代争吵，“脱钩”之意却日趋明显
2021-12-28,【港股通】比亚迪(01211)和Momenta成立迪派智行合资企业,【港股通】比亚迪(01211)和Momenta成立迪派智行合资企业
2021-12-28,戴姆勒突然撒手、比亚迪入主，这个11岁的“高端品牌”怎么了？,戴姆勒突然撒手、比亚迪入主，这个11岁的“高端品牌”怎么了？
2021-12-28,特斯拉赚疯了！Model3成欧洲销冠,特斯拉赚疯了！Model3成欧洲销冠
2021-12-29,盘点2021年十大顶流车型：五菱神车打败特斯拉 48万机甲龙硬刚BBA,盘点2021年十大顶流车型：五菱神车打败特斯拉 48万机甲龙硬刚BBA
2021-12-29,比亚迪：目前公司有向一汽等车企供应动力电池,比亚迪：目前公司有向一汽等车企供应动力电池
2021-12-29,比亚迪：公司“汉EV四驱高性能版”旗舰型车型搭载“碳化硅MOSFET”,比亚迪：公司“汉EV四驱高性能版”旗舰型车型搭载“碳化硅MOSFET”
2021-12-29,戴姆勒抽身而退，腾势仅靠比亚迪一己之力能否“咸鱼翻身”？,戴姆勒抽身而退，腾势仅靠比亚迪一己之力能否“咸鱼翻身”？
2021-12-29,DM-i技术与燃油车竞争，比亚迪e平台3.0释放电动车的潜能,DM-i技术与燃油车竞争，比亚迪e平台3.0释放电动车的潜能
2021-12-29,深圳466家上市公司扫描：多指标领先京沪,深圳466家上市公司扫描：多指标领先京沪
2021-12-29,对标iPhone 13！比亚迪：小米12采用自研AG蚀刻工艺打造,对标iPhone 13！比亚迪：小米12采用自研AG蚀刻工艺打造
2021-12-29,上声电子：公司目前向比亚迪供的是传统车载扬声器产品（含低音炮）,上声电子：公司目前向比亚迪供的是传统车载扬声器产品（含低音炮）
2021-12-29,汽车：2022年有望迎快充元年 高功率快充引领车桩变革,汽车：2022年有望迎快充元年 高功率快充引领车桩变革
2021-12-29,1-11月全球动力电池装机量TOP10出炉！,1-11月全球动力电池装机量TOP10出炉！
2021-12-29,机构统计：宁德时代2021动力电池装机量全球称王！增幅高达180%,机构统计：宁德时代2021动力电池装机量全球称王！增幅高达180%
2021-12-29,“新车险”上线后特斯拉保费翻番？省油不省钱或“劝退”部分消费者,“新车险”上线后特斯拉保费翻番？省油不省钱或“劝退”部分消费者
2021-12-29,突发！三星西安工厂停运！“缺芯”加剧2022年第一波涨价潮,突发！三星西安工厂停运！“缺芯”加剧2022年第一波涨价潮
2021-12-29,比亚迪：加速打造具有比亚迪特色的智能驾驶系统,比亚迪：加速打造具有比亚迪特色的智能驾驶系统
2021-12-29,新能源汽车销量暴增 与车企芯片分配策略强相关,新能源汽车销量暴增 与车企芯片分配策略强相关
2021-12-29,大粉色！比亚迪汉EV敞篷版实车来了,大粉色！比亚迪汉EV敞篷版实车来了
2021-12-29,1-11月动力电池装机量出炉，宁德时代以31.8%市占率稳居第一,1-11月动力电池装机量出炉，宁德时代以31.8%市占率稳居第一
2021-12-29,SNE Research发布1-11月动力电池装机量 宁德时代第一、比亚迪第四,SNE Research发布1-11月动力电池装机量 宁德时代第一、比亚迪第四
2021-12-29,新能源汽车混战2021：新势力“筑墙”、老玩家加速、大厂争做“跨界之王”,新能源汽车混战2021：新势力“筑墙”、老玩家加速、大厂争做“跨界之王”
2021-12-29,比亚迪：目前公司未有量产氢燃料电池产品,比亚迪：目前公司未有量产氢燃料电池产品
2021-12-29,解码工业百强区：深圳龙岗区多年蝉联第一，专精特新成新方向,解码工业百强区：深圳龙岗区多年蝉联第一，专精特新成新方向
2021-12-29,京沪深竞逐大数据交易所，政府主导型数交平台谋变,京沪深竞逐大数据交易所，政府主导型数交平台谋变
2021-12-29,推动创新动能加速跃升,推动创新动能加速跃升
2021-12-29,特斯拉车主蒙了！一夜之间，保费增80%！发生了什么,特斯拉车主蒙了！一夜之间，保费增80%！发生了什么
2021-12-29,电力系统新规出台利好国内大储能规模扩张；“猪周期”全面配置时点已至,电力系统新规出台利好国内大储能规模扩张；“猪周期”全面配置时点已至
2021-12-29,比亚迪：将有更多基于DM-i超级混动技术的车型上市,比亚迪：将有更多基于DM-i超级混动技术的车型上市
2021-12-29,试驾比亚迪秦 PLUS EV,试驾比亚迪秦 PLUS EV
2021-12-29,新能源汽车销量暴增，与车企芯片分配策略强相关,新能源汽车销量暴增，与车企芯片分配策略强相关
2021-12-29,恒大汽车喘过气了么？,恒大汽车喘过气了么？
2021-12-29,中汽研发布6款电动车冬季续航成绩：比亚迪汉成最大赢家,中汽研发布6款电动车冬季续航成绩：比亚迪汉成最大赢家
2021-12-29,A股午盘综述：白酒板块熄火，贵州茅台、五粮液、泸州老窖大步回撤,A股午盘综述：白酒板块熄火，贵州茅台、五粮液、泸州老窖大步回撤
2021-12-29,比亚迪汉EV交付老挝总理府,比亚迪汉EV交付老挝总理府
2021-12-29,2022款宋Pro DM-i正式上市，用油车的价就能买插混,2022款宋Pro DM-i正式上市，用油车的价就能买插混
2021-12-29,比亚迪：向老挝总理府交付首台汉 EV，在该国纯电动车市占率第一,比亚迪：向老挝总理府交付首台汉 EV，在该国纯电动车市占率第一
2021-12-29,比亚迪海洋网大肆扩军 “生物系列”、“军舰系列”明年将推多款新车,比亚迪海洋网大肆扩军 “生物系列”、“军舰系列”明年将推多款新车
2021-12-29,辣评11月20-30万中型SUV销量 | 坦克300创销量新高 昂科威同比腰斩 盈利能力下降,辣评11月20-30万中型SUV销量 | 坦克300创销量新高 昂科威同比腰斩 盈利能力下降
2021-12-30,纯电185公里、力压比亚迪宋Pro DM-i：长城新车曝光,纯电185公里、力压比亚迪宋Pro DM-i：长城新车曝光
2021-12-30,11月全球动力电池榜：比亚迪超越松下跻身第三 欣旺达首上榜,11月全球动力电池榜：比亚迪超越松下跻身第三 欣旺达首上榜
2021-12-30,盾安环境：公司已跟比亚迪建立全面深入的合作，获得多个车型项目,盾安环境：公司已跟比亚迪建立全面深入的合作，获得多个车型项目
2021-12-30,中汽协：前11月销量前十MPV生产企业共销售84.9万辆，东风、比亚迪和上汽通用销量下降 盈利能力下降,中汽协：前11月销量前十MPV生产企业共销售84.9万辆，东风、比亚迪和上汽通用销量下降 盈利能力下降
2021-12-30,比亚迪1211｜12月汽车销量逾9.9万辆 按年增逾七成三 | 头条金融网,比亚迪1211｜12月汽车销量逾9.9万辆 按年增逾七成三 | 头条金融网
2021-12-30,比亚迪李云飞：一路向前，创享未来,比亚迪李云飞：一路向前，创享未来
2021-12-30,第五十批免征购置税车型目录公布：特斯拉/比亚迪/小鹏在列，蔚来被剔除,第五十批免征购置税车型目录公布：特斯拉/比亚迪/小鹏在列，蔚来被剔除
2021-12-30,年度汽车投资报告：满城尽韭菜，你以为你例外,年度汽车投资报告：满城尽韭菜，你以为你例外
2021-12-30,最全！2021年广东及浙江地区锂电池行业上市公司市场竞争格局分析 三大方面进行全方位对比,最全！2021年广东及浙江地区锂电池行业上市公司市场竞争格局分析 三大方面进行全方位对比
2021-12-30,比亚迪海豚试驾：e平台3.0，让它有亿点不同 | 钛极客,比亚迪海豚试驾：e平台3.0，让它有亿点不同 | 钛极客
2021-12-30,比亚迪：1-11月份电池出货量同比大增192% 市场占有率或将超松下,比亚迪：1-11月份电池出货量同比大增192% 市场占有率或将超松下
2021-12-30,用插电混动打破主流 SUV 市场格局，宋 PLUS DM-i 靠什么？,用插电混动打破主流 SUV 市场格局，宋 PLUS DM-i 靠什么？
2021-12-30,疯涨/紧缺/争抢！2021年锂电行业十大关键词盘点（上）,疯涨/紧缺/争抢！2021年锂电行业十大关键词盘点（上）
2021-12-30,“顽固”的茅台，“崛起”的宁德，速览2021年A股前十大公司市值变迁,“顽固”的茅台，“崛起”的宁德，速览2021年A股前十大公司市值变迁
2021-12-30,重磅！比亚迪投资半导体IP公司锐成芯微！,重磅！比亚迪投资半导体IP公司锐成芯微！
2021-12-30,前11月全球动力电池装机量超250GWh 5家中国企业翻倍增长,前11月全球动力电池装机量超250GWh 5家中国企业翻倍增长
2021-12-30,汽车板块午后回落，比亚迪、中国重汽、一汽解放翻绿,汽车板块午后回落，比亚迪、中国重汽、一汽解放翻绿
2021-12-30,星源材质： 公司已陆续为宁德时代、比亚迪、国轩高科、中航锂电、LG 化学、三星 SDI、日本村田等国内外领先的锂离子电池厂商提供了具有综合领先优势的隔膜产品,星源材质： 公司已陆续为宁德时代、比亚迪、国轩高科、中航锂电、LG 化学、三星 SDI、日本村田等国内外领先的锂离子电池厂商提供了具有综合领先优势的隔膜产品
2021-12-30,比亚迪购车“超级”补贴 广东佛山车主一次领4.2万,比亚迪购车“超级”补贴 广东佛山车主一次领4.2万
2021-12-30,【国君电新】厦钨新能（688778）：钴酸锂正极龙头，三元材料领域孕育新机,【国君电新】厦钨新能（688778）：钴酸锂正极龙头，三元材料领域孕育新机
2021-12-30,比亚迪：长江证券于12月28日调研我司,比亚迪：长江证券于12月28日调研我司
2021-12-30,市监部门回应张庭公司被查：具备传销特征，涉案额大，已进审计阶段 其他违规处罚,市监部门回应张庭公司被查：具备传销特征，涉案额大，已进审计阶段 其他违规处罚
2021-12-30,市界早知道｜李佳琦向消保委提交整改报告；高洁丝回应卫生巾虫卵,市界早知道｜李佳琦向消保委提交整改报告；高洁丝回应卫生巾虫卵
2021-12-30,比亚迪在老挝首都万象向老挝总理府交付首台汉EV,比亚迪在老挝首都万象向老挝总理府交付首台汉EV
2021-12-30,或亮相改装嘉年华 汉 EV 硬顶敞篷版实车曝光,或亮相改装嘉年华 汉 EV 硬顶敞篷版实车曝光
2021-12-30,比亚迪将持股 90%，腾势或迎来“腾飞”,比亚迪将持股 90%，腾势或迎来“腾飞”
2021-12-30,“有矿”一族再添一员 四川路桥联手川能动力、比亚迪掘金磷酸铁锂,“有矿”一族再添一员 四川路桥联手川能动力、比亚迪掘金磷酸铁锂
2021-12-30,A股融资融券日报：两融余额减少8.94亿元（12月29日）,A股融资融券日报：两融余额减少8.94亿元（12月29日）
2021-12-30,工信部公布新一批免购置税新能源车型：华为智选问界M5在列,工信部公布新一批免购置税新能源车型：华为智选问界M5在列
2021-12-30,自动驾驶激光雷达环境感知解决方案提供商速腾聚创获比亚迪战略投资，曾交付首批车规级量产激光雷达,自动驾驶激光雷达环境感知解决方案提供商速腾聚创获比亚迪战略投资，曾交付首批车规级量产激光雷达
2021-12-30,两电动车争抢充电桩！比亚迪车主趁机“渔翁得利”,两电动车争抢充电桩！比亚迪车主趁机“渔翁得利”
2021-12-30,绑定国内外动力电池龙头宁德时代与LG化学，恩捷股份未来的核心看点和风险点,绑定国内外动力电池龙头宁德时代与LG化学，恩捷股份未来的核心看点和风险点
2021-12-30,比亚迪/极氪前装定点合作！速腾聚创全新智能固态激光雷达参展CES,比亚迪/极氪前装定点合作！速腾聚创全新智能固态激光雷达参展CES
2021-12-30,“缺芯”之下，中国车企忙自研、外资公司忙赚钱「回望2021——芯片困局」,“缺芯”之下，中国车企忙自研、外资公司忙赚钱「回望2021——芯片困局」
2021-12-30,汽车行业周报：华为推出首款鸿蒙汽车 展现强大技术实力,汽车行业周报：华为推出首款鸿蒙汽车 展现强大技术实力
2021-12-30,油耗、加速比肩比亚迪秦PLUS DM-i 新款日产最火家轿交付,油耗、加速比肩比亚迪秦PLUS DM-i 新款日产最火家轿交付
2021-12-30,合资股比放开前夜：进退之间的那些小算盘,合资股比放开前夜：进退之间的那些小算盘
2021-12-31,比亚迪(002594.SZ)股东吕向阳质押142.5万股,比亚迪(002594.SZ)股东吕向阳质押142.5万股
2021-12-31,融捷健康：公司未持有比亚迪的股份,融捷健康：公司未持有比亚迪的股份
2021-12-31,盐湖提锂板块发动“元旦攻势”！机构再度呐喊高景气度带来业绩和估值双击,盐湖提锂板块发动“元旦攻势”！机构再度呐喊高景气度带来业绩和估值双击
2021-12-31,量话车市│乘用车市场销量11月走势分析,量话车市│乘用车市场销量11月走势分析
2021-12-31,比亚迪关联公司注册资本增至1076万,比亚迪关联公司注册资本增至1076万
2021-12-31,行业观察|“宁王”再扩产！锂电行业产能过剩与供应链紧张两头难 谁会成为“灰犀牛”？,行业观察|“宁王”再扩产！锂电行业产能过剩与供应链紧张两头难 谁会成为“灰犀牛”？
2021-12-31,比亚迪吕向阳质押0.05%股份,比亚迪吕向阳质押0.05%股份
2021-12-31,王传福和比亚迪“造富神话”,王传福和比亚迪“造富神话”
2021-12-31,回顾2021年锂电池行业十大事件：上游涨价忙，宁德时代推“天价定增”,回顾2021年锂电池行业十大事件：上游涨价忙，宁德时代推“天价定增”
2021-12-31,动力电池扩产竞赛升级，锂矿资源供不应求，专家：会更加火爆,动力电池扩产竞赛升级，锂矿资源供不应求，专家：会更加火爆
2021-12-31,电子行业研报：车规半导体空间足，国产替代提速【华西电子团队】,电子行业研报：车规半导体空间足，国产替代提速【华西电子团队】
2021-12-31,2021年新能源客车市场复盘，比亚迪已成中小型客车的龙头,2021年新能源客车市场复盘，比亚迪已成中小型客车的龙头
2021-12-31,21深度丨宁德时代、比亚迪大厂力捧供应商 磷酸铁锂新秀湖南裕能能否持续“狂飙猛进”,21深度丨宁德时代、比亚迪大厂力捧供应商 磷酸铁锂新秀湖南裕能能否持续“狂飙猛进”
2021-12-31,"年终盘点|2021年十大""争议""白马股","年终盘点|2021年十大""争议""白马股"
2021-12-31,比亚迪电子：与比亚迪订立资产采购协议,比亚迪电子：与比亚迪订立资产采购协议
2021-12-31,手上有矿才不慌！比亚迪、宁德时代相继“挖矿”,手上有矿才不慌！比亚迪、宁德时代相继“挖矿”
2021-12-31,【东吴电新】11月装机电量点评：装机量同环比高增，铁锂份额相对稳定,【东吴电新】11月装机电量点评：装机量同环比高增，铁锂份额相对稳定
2021-12-31,量话车市│轿车市场2021年11月销量解读,量话车市│轿车市场2021年11月销量解读
2021-12-31,A股年度“涨停王”出炉，四成交易日均封板,A股年度“涨停王”出炉，四成交易日均封板
2021-12-31,大咖说 | 哪吒张勇：三年内坐不上牌桌就没机会了,大咖说 | 哪吒张勇：三年内坐不上牌桌就没机会了
2021-12-31,比亚迪正在实现吉利的梦想，极氪能否为吉利新能源杀出一条血路？,比亚迪正在实现吉利的梦想，极氪能否为吉利新能源杀出一条血路？
2021-12-31,比亚迪等5亿成立矿产公司,比亚迪等5亿成立矿产公司
2021-12-31,试驾宋PLUS DM-i 混动加持的比亚迪性价比表现如何？,试驾宋PLUS DM-i 混动加持的比亚迪性价比表现如何？
2021-12-31,想买电车看过来！中汽研发布电动车续航测试成绩,想买电车看过来！中汽研发布电动车续航测试成绩
2021-12-31,中国品牌集体向上：智能电动化下半场如何胜出？,中国品牌集体向上：智能电动化下半场如何胜出？
2021-12-31,川环科技：长城证券、中欧基金等2家机构于12月30日调研我司,川环科技：长城证券、中欧基金等2家机构于12月30日调研我司
2021-12-31,中汽研发布特斯拉Model 3、蔚来EC6、比亚迪汉EV、小鹏P7等冬季续航测试结果,中汽研发布特斯拉Model 3、蔚来EC6、比亚迪汉EV、小鹏P7等冬季续航测试结果
2021-12-31,汽车行业31家公司研发费超600亿 传统及新能源齐发力多项动力技术实现突破,汽车行业31家公司研发费超600亿 传统及新能源齐发力多项动力技术实现突破
2021-12-31,三大车企拟5年投4000亿研发 新能源汽车出口有望翻倍增长,三大车企拟5年投4000亿研发 新能源汽车出口有望翻倍增长
2021-12-31,“欲戴王冠，必承其重” 合资品牌失速魔咒如何破解？「回望2021——合资危局」,“欲戴王冠，必承其重” 合资品牌失速魔咒如何破解？「回望2021——合资危局」
2021-12-31,西藏矿业触及涨停，盐湖提锂板块冲高,西藏矿业触及涨停，盐湖提锂板块冲高
2021-12-31,连续四年蝉联中国品牌乘用车销冠，吉利全靠“营销”，没有“技术”？,连续四年蝉联中国品牌乘用车销冠，吉利全靠“营销”，没有“技术”？
2021-12-31,长城汽车需背水一战,长城汽车需背水一战
2021-12-31,保费一夜之间上涨 80%，保险公司也来割特斯拉“韭菜”？,保费一夜之间上涨 80%，保险公司也来割特斯拉“韭菜”？
2021-12-31,2021年中国汽车十大新闻：比亚迪结束十年彷徨，一飞冲天,2021年中国汽车十大新闻：比亚迪结束十年彷徨，一飞冲天
2021-12-31,11月新能源汽车销量，L2智能驾驶渗透率超41%，比亚迪/特斯拉/理想位列前三,11月新能源汽车销量，L2智能驾驶渗透率超41%，比亚迪/特斯拉/理想位列前三
2021-12-31,新能源汽车积分从白菜价到硬通货，盘点4年双积分交易，预测2022积分价格,新能源汽车积分从白菜价到硬通货，盘点4年双积分交易，预测2022积分价格
2021-12-31,【数据说话】比亚迪，长城，吉利2021终极大比拼，孰更技高一筹？,【数据说话】比亚迪，长城，吉利2021终极大比拼，孰更技高一筹？
2021-12-31,“宁王”入局换电，是蔚来的好搭档，还是最强对手？,“宁王”入局换电，是蔚来的好搭档，还是最强对手？
2021-12-31,A股午盘综述：中药股再现批量涨停，光伏发动强劲攻势,A股午盘综述：中药股再现批量涨停，光伏发动强劲攻势
2021-12-31,广东省境内外上市公司数量突破1100家,广东省境内外上市公司数量突破1100家
2021-12-31,中国联通与宏电股份共同打造的5G工业物联网联合创新实验室正式启动,中国联通与宏电股份共同打造的5G工业物联网联合创新实验室正式启动
2021-12-31,华友钴业：公司已进入到宁德时代、比亚迪等全球头部动力电池的核心产业链,华友钴业：公司已进入到宁德时代、比亚迪等全球头部动力电池的核心产业链
2021-12-31,线缆供应商鑫宏业闯关创业板 比亚迪为第一大客户,线缆供应商鑫宏业闯关创业板 比亚迪为第一大客户
